146.75803008643024
145.22311818838895
142.1112599528982
137.9243952333995
134.4462285658147
132.4235250002028
131.96758808233287
132.76829629005084
134.23772443711007
135.98381385288002
137.89024553332987
139.95991444915012
142.20173457958452
144.59421749612267
147.09740755267282
149.6518045902578
152.22971475350283
154.80062464543244
157.35955397177767
159.97544328200266
162.67542693107333
165.27163681025792
167.2687106994524
168.20493190445086
168.3347307068064
168.11384065458608
167.69941567199413
167.1913497353197
166.681513949368
166.26777766380226
166.0461338175055
166.08200823292867
166.34384007465076
166.7296887417343
167.20067313277866
167.8021585872071
168.55636141367532
169.38590729631065
170.14358293178933
170.72407240331012
171.08779036531368
171.25933602673692
171.25478023800886
171.09002568242977
170.82605489412379
170.5314414485567
170.20386473116628
169.74704371118943
169.20162496647208
168.77221257255
168.34234319790448
167.77833221536875
167.133793129035
166.55488232020846
166.1800916489126
166.08929725795116
166.28298144780885
166.6572112150107
167.1285657453239
167.61945240253436
168.01465449920602
168.25035952952967
168.28401075326596
168.1817660092556
168.04922675927708
167.9458785014291
167.89974996850532
167.91146992096824
167.95280680099435
167.99088677106886
167.9927804009665
167.9647401729512
167.9235022727814
167.87837139617153
167.8506551576733
167.88717918749265
168.0186237469873
168.19397987184033
168.30898326556854
168.32568913960802
168.3172852212063
168.32335270053733
168.3094937278303
168.22156713155087
167.98518991368923
167.57475450917576
167.08938226668755
166.68326898669102
166.45769472904067
166.40310834583963
166.50793321968342
166.78780537985293
167.1727657438907
167.55357141604998
167.86670554778578
168.0694313352206
168.1459127851419
168.1353361606222
168.10957247610898
168.15038007651475
168.34908017970957
168.72787873381012
169.2102914666728
169.70269327578893
170.15411495542185
170.53197157721613
170.8069499401977
170.95148150129432
171.0185919928465
171.08999699111035
171.20522170771585
171.41649633189067
171.7671064795343
172.24686815609678
172.81131073790874
173.3666002240278
173.7913845253399
174.00040483865843
173.97802638492993
173.79062378782234
173.5111339639322
173.17743098002708
172.81144334615843
172.45518349545637
172.13098684096525
171.86524342989506
171.78165149617033
172.0144944453126
172.57438105799008
173.33553580212953
174.10915066075603
174.75477817719909
175.1939905619764
175.36629531565262
175.27414675810027
174.9867594994435
174.62118500896017
174.31583707194568
174.15188704750847
174.14010627473726
174.24217770051234
174.40490985581474
174.65973755209288
175.09043677137402
175.72986630246484
176.5065592882365
177.30362590760922
178.0098067189327
178.54625907335293
178.91808457411076
179.15796750899085
179.29600881676015
179.35342196238653
179.36706608586985
179.36529044760454
179.35606863884226
179.33089867870655
179.26921674881075
179.16088008364693
179.04517300795146
178.98575124751972
179.03861418092416
179.28821568826152
179.8604514216878
180.8131723736174
182.00993915070148
183.28759767658573
184.61114833542206
185.95513639182747
187.28919909862316
188.64309448704287
190.04112048947144
191.28957833786632
192.0412285020562
192.19333853756677
192.13146134795363
192.44650224058836
193.61202316170898
195.7377896993837
198.74614545590197
202.72748771187057
207.34662340925485
211.84934967914288
216.2600417758316
221.105280794316
226.64512882868476
233.07362156822836
240.5521056207839
248.6429254951523
256.7317282222896
264.6957164359201
272.48789390838334
279.9763941395524
287.3641042144123
294.8670181202354
302.3890398752797
309.68824293430725
316.51426531726196
322.56522613108046
327.50695269168216
331.2068039623907
333.9778940467296
336.57519916631446
339.7700833301325
343.5193202627767
347.0031854991858
349.3550053560789
350.24684282795766
349.9404307185951
348.96057682405643
347.84730114945967
346.9969245837631
346.6138304579688
346.77948411959323
347.39445540822936
348.2773439360342
349.13973554292664
349.66893821489964
349.6064437924165
348.8220450599952
347.53095481756105
346.1457714057819
345.04420259961114
344.476545255117
344.43635533698466
344.6566718561829
344.95943185667267
345.31543093773786
345.70349405865215
345.9858316121706
346.0711437560305
346.00507523674355
345.91585514521705
345.95789265739546
346.1682768995056
346.5324209671103
347.07464945064936
347.8615949866621
348.89083587699827
350.09461175533386
351.31144820790587
352.29619104974864
352.87709978872044
352.9658599215429
352.5912158269007
351.96635852723637
351.36051159282
351.0143168249089
351.0787921001148
351.4934067186142
352.0825800064053
352.59846255279683
352.9563407567452
353.15684760539597
353.11943759941187
352.7178522562862
351.80647696034646
350.4249241449031
348.843499352342
347.4289687453519
346.4461892827522
345.98221459744883
345.91851945152723
346.10169279234185
346.4037679959434
346.6728569694859
346.78554272708277
346.5830538026561
346.06753191257127
345.5431709893596
345.4646513850653
346.13714977005094
347.4150333810364
348.85692641704486
349.99919665418685
350.61014006783984
350.6436342029242
350.1449726952169
349.2800174677719
348.3362979484981
347.51758757641005
346.77906606598697
346.07948060359587
345.5843295588546
345.5681944051639
346.10129709034607
346.8480709684561
347.34232732718414
347.277044678728
346.66057197215935
345.61279573008403
344.32075449696134
342.9563215140767
341.66720885415265
340.6351642443326
339.93825421347776
339.59463537673423
339.6531159824423
340.1883622399663
341.3136555043015
342.92559761728313
344.7634905441265
346.42857382013443
347.55189598752406
348.0558972970358
348.1291367844325
348.04753544901223
348.0192931779304
348.21839755922053
348.6194093915564
349.13505005806223
349.8861672566722
350.9431491234855
352.146643510987
353.12709281566293
353.65213133848033
353.73381337366936
353.51740913709926
353.10193153684105
352.52264603093744
351.7436228015044
350.7806779670952
349.79053284610677
348.9786747118981
348.4460876820826
348.0650585395581
347.6645216022268
347.08991776298035
346.3122174558171
345.5317592579402
344.9269115552042
344.64454446428033
344.6443131611395
344.69426863846337
344.6001074951347
344.28310629505967
343.85662079745566
343.5048641109545
343.31223625650796
343.3734250954657
343.75833827195004
344.36602212889164
344.9892729817446
345.4479848648017
345.6725907921033
345.80290075418213
346.0228002724297
346.50924490785746
347.2734811013411
348.19675471013005
349.2213626906577
350.2953761575464
351.37020297668414
352.3758892144365
353.26357377127636
353.9242110165354
354.24238378022267
354.17243281784414
353.7777632111501
353.22508442669607
352.8326892364195
352.76850569613026
353.00355733557865
353.3761446492347
353.67579808373495
353.7676419012425
353.3985018782877
352.28433620446907
350.3791081386007
347.99563412026083
345.53081720090836
343.04026170787546
340.3044985155295
337.1424123898486
333.6698211896972
330.240637951126
327.2555263539724
324.85147801171917
322.8082415611376
321.09648802674343
319.53116051567963
317.82192823486207
315.7577494889539
313.24801334588756
310.50146190381605
307.7648021837541
305.18501797296824
302.79919337283457
300.6776198358432
298.97789174476094
297.7810384052484
296.95131605143064
296.0447097042108
295.1774370523679
294.87363877085613
294.8446901998823
293.9431941790078
290.6739582251386
283.8289125124355
274.1407179891363
264.8506443061667