0.0
0.0
0.0
136.26544087499238
150.25335177495492
158.35123257234255
161.44565320514835
160.73155249151125
158.21563878520692
155.99376544651662
154.79181074198343
154.88626958399954
156.09955320915748
157.95817806598015
160.0597881151793
162.22367216499558
164.39835144925877
166.56152710290945
168.7097544930489
170.82311599948906
172.8420944397273
174.65332865139396
176.19199379660682
177.5010976985189
178.62966689482155
179.51676898312743
180.1134248928803
180.45800977075106
180.55734268517404
180.399470560023
180.0858607442844
179.6164907244948
179.0071350663507
178.43111874625663
178.05764775860658
177.96202320805372
178.1413011126285
178.59432558646955
179.29236768668184
180.1693813986148
181.12917264587418
182.04604677855056
182.7372669191252
183.01774214849092
182.79094500105123
182.1387285019274
181.25831456369332
180.32075689425724
179.4179351859778
178.4733511310689
177.40103551194298
176.23537874159211
175.1440224186071
174.25742632038276
173.6029339478799
173.1597073405734
172.85524413467013
172.57491455985456
172.21801487764108
171.72689821347225
171.09197190046658
170.38482589434378
169.73488319024156
169.15317669074923
168.60198100092578
168.16650463595516
167.87844711024704
167.70393176811297
167.617043112553
167.60221549412753
167.6328918970844
167.70709406457982
167.83246818532527
168.09127077754633
168.48486387949978
168.92760844730074
169.42042451583688
169.9280568027756
170.4954690873584
171.0705388489135
171.60633984958793
172.13670791397325
172.68418605319172
173.28294676029515
173.82833918384884
174.26619635910941
174.56955390354375
174.67216853454698
174.51508529264981
174.09690748241428
173.46528735554224
172.7301998250678
172.02916663374995
171.45427760878985
171.0330509104887
170.79768734313808
170.77507889629803
170.86964008850998
170.98042716654578
171.0183192490303
170.94551669733244
170.782856701148
170.58243835833454
170.33948843381097
170.0305964320155
169.65662844070454
169.27393433807347
168.98418125793782
168.85626745375205
168.853933258123
168.92653830105465
169.04178296860897
169.19628019988366
169.40861383804483
169.65643464543143
169.89521470264032
170.1120374150031
170.3487731268036
170.62658336844993
170.8830015450729
171.0447986283324
171.08446385002964
171.00394382684036
170.82386051387678
170.58780718967114
170.36004087691387
170.20413935281078
170.08003579798876
169.93679906357045
169.74953201387834
169.5194864449679
169.24946993226797
168.8949089218107
168.50120099745132
168.1689490302582
167.98488090572042
167.99213970563164
168.19744626999508
168.5699409723874
169.0601664296907
169.6079984604783
170.10958737182608
170.49053645307248
170.75112114625108
170.89346644292715
170.90022749898924
170.78543585144052
170.6495496592512
170.62023817838235
170.76376112510752
171.05680250125266
171.38988237378447
171.63840788080108
171.71099979511803
171.56877024043501
171.31382403425826
171.06756248801346
170.84451686444427
170.69020254867786
170.73340150205934
171.0134293991494
171.4340152616241
171.88702882129792
172.3464355469149
172.88435379262677
173.55506544521663
174.34333849187797
175.20143849651572
176.0416474772347
176.8043347653778
177.4831847143459
178.1295099677061
178.79495335108646
179.47163525559205
180.1636195227291
180.8868886665203
181.6613396926244
182.48313535886268
183.24042352676844
183.88969953458704
184.56218303832654
185.37351525086518
186.39079951627554
187.5899349533233
188.9532331156214
190.57999722394374
192.652395123715
195.1958575721643
198.1240269062625
201.38347442307818
204.92536397973393
208.66186180797584
212.49717798072086
216.31657090898312
220.06223138226616
223.6512524852614
227.00572603166034
230.0121612512558
232.55278801537818
234.5934404659269
236.18016276154447
237.38884806708458
238.31219898459773
239.08250367780494
239.85558127431366
240.74064375401815
241.74000631262024
242.7557982828677
243.745266297304
244.7113292895791
245.5497093516159
246.16016687464307
246.45097064577126
246.34045369872956
245.86535060802416
245.24019515966842
244.74735617870738
244.52614725892553
244.54367839166557
244.66304000780838
244.6708645231375
244.3966383945253
243.79308064338218
242.92015687721218
241.91188757818358
240.92729020800752
240.14294787431288
239.71067492622456
239.69668787547198
240.1256220729048
240.95173096475725
242.15987921796722
243.79076971169707
245.76282044900233
247.86985468343934
249.9766353783143
252.02170372846598
253.98534469240622
255.96161103305803
258.11199547565093
260.54871186213074
263.22566831113227
265.9562299257907
268.4999339249886
270.7538058636779
272.82410522361226
274.8333797882719
276.91610516963306
279.15100581760663
281.29651872323683
282.9033793373624
283.69350280304343
283.61634828900435
282.7376225238264
281.2464272696886
279.4274099464677
277.6618592386794
276.3922469436542
275.81659453252973
275.81238563387876
276.0443395119747
276.147990455881
275.83637626847866
274.9697069425134
273.5877328729762
271.9037394909704
270.20455156923333
268.8520804055016
268.1170218467961
268.09683961904364
268.65336587562376
269.5429967188985
270.50928349563804
271.26542495528304
271.6576173807233
271.7180500606544
271.5781635138226
271.2980558857798
270.9517238463836
270.5275488305415
270.1326393302172
269.9858259752783
270.1083531564721
270.49387666776875
271.0518995840986
271.6346514534514
272.27669290217653
272.91493262147605
273.40889741378254
273.48834058179966
272.9483817736854
271.8249324983735
270.3369635906291
268.7323350439178
267.13011106552835
265.64619073075096
264.4539378186589
263.5901984959979
262.8907275141312
262.1339828312465
261.246283988734
260.35263428952305
259.6709498103708
259.3148750758195
259.2726668467305
259.46680530453983
259.6399682775886
259.53528676995063
259.1539594742679
258.5136127876968
257.758031073419
257.1205122950578
256.7923913441771
256.74089942694184
256.8587821916632
257.0342843041856
257.25981796475605
257.6031060737079
258.1339740084682
258.9537011415322
260.019101453938
261.1175193753647
261.972401475429
262.4052466392256
262.46698161958756
262.41033544687787
262.47220217934097
262.8163603967756
263.50791900927834
264.5075274651332
265.61949983347426
266.58909652265174
267.1955848160143
267.34925940846256
267.09325817348656
266.5116233557776
265.6038624846615
264.43370686535695
263.1402938332623
261.7698837675207
260.2724145688251
258.8180166861317
257.6447579684666
256.7977723272198
256.2966482400697
256.1175551573258
256.18819477371505
256.46782446378506
256.757149188229
256.7860359981046
256.5110383237512
256.08677436713515
255.59645945446613
255.07821522698197
254.66112900111298
254.5307621163731
254.73218250551378
255.15923193033134
255.64236025687237
255.92432420168
255.9376952720414
255.88626895424645
256.02655904424466
256.49906126365477
257.3253104339846
258.4594889790505
259.78398167032606
261.143803535763
262.3549831980223
263.1912224171032
263.57654547503967
263.5107423953431
263.0482726430348
262.3334332132588
261.5039592276962
260.78234176430277
260.4834163166802
260.62498705612643
261.08209771937135
261.67796908964914
262.1360698930598
262.32818717809937
262.2129842771095
261.69673112484327
260.6088705241188
258.8830693919525
256.7906080718973
254.84173250750632
253.24783396344623
251.85211869440178
250.52320570869912
249.37533910345104
248.5165986859312
247.79592521522204
246.82486229516914
245.2426701959332
242.90799085112883
239.88105336342105
236.55959530325828
233.35865958211775
230.82268924803037