0.0
0.0
0.0
0.0
0.0
164.29511319934537
154.00993802653463
149.1341753125855
149.4562742492995
151.2374867733174
151.68955102065394
150.70559276963462
149.93766660207172
150.202582549592
151.33236167054065
152.8447611375273
154.36150951903537
155.73507028787225
156.9439777992795
157.97915736627607
158.78834973022998
159.3844577080136
159.85348830624446
160.2581762832179
160.6263278030447
160.98008996949005
161.3764904924977
161.83228975414852
162.29110343895036
162.72571720713535
163.0868559079217
163.32850540313777
163.54351787153766
163.89435097353075
164.53030027558628
165.61426174450506
167.08591513602752
168.7584191154929
170.46998028214074
172.1129055241256
173.61395644043654
174.887663074253
175.95084832143448
176.94607053126924
178.0191970003348
179.22741431886018
180.4975779394577
181.6864002394179
182.65154847261428
183.3119193918866
183.67631534021052
183.7765370236438
183.63438965501885
183.2629582356651
182.69744623228155
182.03522421173702
181.40645857325705
180.8809818546879
180.44671783736203
180.09628211171415
179.87141084435655
179.76273053896165
179.76440135288632
179.77850579865728
179.64904925244593
179.32498002651596
178.83683252832765
178.3058886287729
177.8449181581263
177.45371071653364
177.0833440481623
176.65555518532622
176.10727614598312
175.42940792760893
174.71022044938056
174.07697642601065
173.56014975217624
173.085374508332
172.57914538009965
171.99623443234114
171.35509084133565
170.67603009872423
169.97949075871338
169.2923056117594
168.62286184322917
168.0102418902246
167.44472567920283
166.9136089246208
166.4253410739062
165.99435606269893
165.63407352520292
165.38922526182915
165.32128842293378
165.48759688113262
165.89663445942145
166.4678282358832
167.104121249647
167.7734605927435
168.4259120632165
168.99988624425433
169.43649676676392
169.73216404906503
169.94639518117685
170.18135985544092
170.4894655451431
170.86781393120418
171.24831588543552
171.52129358800022
171.63680834421632
171.620118878714
171.5156716692315
171.40237043411997
171.3018163142778
171.1804892623555
171.06826233652203
171.072585951216
171.24178081095855
171.48351979877418
171.73182600545766
171.9835503074559
172.22918107926944
172.4329983374738
172.51885258378056
172.42283558815456
172.16715071657774
171.7960013444612
171.32709087599682
170.8056398091578
170.3293521213943
170.0146531309545
169.91727409927813
169.9631743265486
170.10884704138525
170.28716571357126
170.41456611969318
170.43786534449092
170.30132673361305
169.95171884349838
169.383939128698
168.66811420542362
167.9394408418792
167.34445208773357
166.98450926274896
166.93048728786292
167.21198615763066
167.71207211353104
168.25662726667247
168.7183371431134
169.04060180367435
169.20825322958112
169.2198127912086
169.08500417495748
168.84971181629555
168.64969517828092
168.61692831204653
168.80588596395802
169.23492722569978
169.82909004885659
170.5360817316242
171.29668185091055
171.9851118153274
172.487500501962
172.75044929831142
172.75904750616658
172.55896999297704
172.2369518685806
171.88913976888142
171.5261850403903
171.10501001783618
170.70158607000764
170.48134606055814
170.52056735713828
170.7807081264109
171.20196275317716
171.75890916220433
172.3691865042677
172.82742227918413
173.0494527845183
173.13083211792357
173.09676016289148
172.90434343326606
172.51294764514063
171.92133703837652
171.217369068957
170.58802430706834
170.20310017338386
170.09135453534236
170.1580290321401
170.3361949208311
170.6718938270915
171.24350498440347
172.1586257480209
173.4242747854483
174.84930896988214
176.2014685445349
177.3950055334663
178.49588730052741
179.76817469924887
181.5156689482283
183.67848260687248
186.09277634950885
188.79965533862875
191.9156116577438
195.44412483043507
199.22151921446223
203.00725326647634
206.50379458640793
209.60330800217807
212.48350180255923
215.32028748039707
218.1806041867475
221.0224183155634
223.5736837057677
225.5398533000822
226.81697503448902
227.37759915033482
227.28525488828504
226.79233065001287
226.2256817511584
225.76252788011982
225.44387272668672
225.2655026910422
225.09720956150045
224.85703619330693
224.56865060772412
224.2401001507379
223.78154911512297
223.0394973567746
221.96650268254467
220.71153155669955
219.49332045948682
218.41997886850103
217.56395934244827
217.00671646574062
216.66682227077166
216.34130674885927
215.96988111915002
215.70060722908357
215.73967415454004
216.1320566993354
216.76988122284806
217.55564643641867
218.44501043563469
219.56371461848772
221.15424832566381
223.26899536935366
225.74605205112914
228.33083599404833
230.80156478691183
232.98795580660067
234.68394817507502
235.73130764548964
236.10766124367126
235.88741037476478
235.22749921253182
234.30940568182058
233.25976817550753
232.20759550036036
231.28957723786033
230.56403162959344
229.9447804278033
229.23497725996137
228.31075530714136
227.1425611210725
225.74508085404878
224.2398206045121
222.7941654046496
221.56040880044043
220.57596256058082
219.7921302423126
219.12401481155803
218.6016440552284
218.34398750824667
218.34116120640317
218.51043933369624
218.8788660642875
219.50258883159734
220.32539208372194
221.25497521980688
222.24152589292345
223.19654760346668
224.0689833837278
224.83292639025052
225.41060647551976
225.74471098599045
225.85149659872334
225.76988906348637
225.56702535581013
225.31591752853683
225.11147886919812
225.08219104806463
225.29491876010871
225.68896130732813
226.052759595127
226.25779616354788
226.32455698688432
226.40668777144757
226.62772101241234
226.90636883278148
227.08212031525278
227.0112345119936
226.52986082897866
225.53606771238447
224.0615917178308
222.36137919676628
220.752902341347
219.464706301299
218.65317358116525
218.4174412114104
218.74288733261008
219.4339243904791
220.22654402441736
220.88639940499235
221.20746880995702
221.18606670454477
220.7394930496573
219.8376940271943
218.58300523755847
217.27400385361727
216.17757075960458
215.4857081918217
215.2599018404932
215.4992288661187
216.21147796606874
217.41979016214654
219.02501529143723
220.75997205598316
222.38355395725748
223.7725006945384
224.8673265499182
225.66770868291744
226.1826120993298
226.44783945055542
226.49771539475523
226.35484773303563
226.0857173316401
225.77289816360155
225.48523049725173
225.23940327735613
225.03059632875045
224.8464761214696
224.68960844107403
224.60398617197217
224.70081439852967
225.0649226354388
225.6833992744087
226.43079652090535
227.16350055971412
227.59457562657
227.5169547214028
226.96955421970566
226.12614598299484
225.14664085498964
224.22503588208733
223.57077593666924
223.27170319788598
223.23544331495782
223.24626218671892
223.16128155173735
222.81701586896952
222.09665658229312
221.07657024908312
219.87458223784046
218.54781239419196
217.27993696157623
216.08641119960623
214.81222295646262
213.4355203459354
211.95883903172066
210.2542495604777
208.2998197407751
206.45155151306352
205.40289140376552
205.72544648864255
207.70519312743312
211.17245143403878
215.18149146696985
218.4387629862181
221.5862972590209
225.76951741770114
232.44184168489463
243.54414270608564
260.69208873339136
286.3837962609705
325.42376968410974
375.62119739972826
423.30466499981145
0.0
0.0
0.0
0.0
0.0
0.0
0.0
0.0
0.0
0.0
0.0
0.0
0.0
0.0