0.0
0.0
0.0
0.0
0.0
0.0
0.0
152.92911343274352
159.96672467006934
162.0470791832468
158.52179544092357
153.2879205876841
149.82933601072588
148.909578963861
149.8770478324714
151.715504350229
153.81141533437818
155.7961895522395
157.5313999342233
159.14597528316574
160.72910495714706
162.24107636308082
163.63063399816127
164.92617890268366
166.09774802634223
167.0085682455122
167.53431134659206
167.68215693033153
167.44639597479735
166.79815589162183
165.89650552050347
165.01852969478352
164.31065247531043
163.7632614614113
163.30534038781536
162.96189128105007
162.9016454665037
163.27074519722765
164.0644175910522
165.19602890370442
166.53843230615814
167.92971316056537
169.26217246040505
170.49882630190825
171.57068488926618
172.4506264263246
173.2278696329555
173.9483073537957
174.58588415430023
175.08209850042994
175.41604509815585
175.64280386502455
175.84706630867774
176.0813873867299
176.3769545621695
176.80189794132042
177.3653981608336
177.991310731569
178.61943729631236
179.2255714584853
179.75621335550562
180.22449748335396
180.62040084540098
180.89851229100177
181.06768592867328
181.1142436107498
181.0198015683145
180.80695453017893
180.56260946508428
180.33954305836517
180.11533976162758
179.90453400591127
179.6898712489297
179.4291533239021
179.15983970083533
178.93739541725404
178.77858014966327
178.72572377677196
178.72583063681046
178.6664823433398
178.4506995784167
178.03397337631694
177.46381605038638
176.9013318950938
176.46899764458234
176.1453758054294
175.8411007124287
175.5231360361929
175.15845675221075
174.72687283063163
174.23265948713026
173.76248941741264
173.380308009795
173.04458265253328
172.7782957951217
172.68289209700828
172.85367159088517
173.30037103444266
173.87336494252838
174.33960682553177
174.59860878301112
174.67547292594378
174.62817790921147
174.55977551036926
174.61699577699636
174.82578495238022
175.20483366247305
175.84083130502538
176.70761828498883
177.71322411010001
178.7088628228036
179.57137733787002
180.2457243295222
180.7692974094902
181.1827190979759
181.5338024194335
181.81726664474124
181.93421380442106
181.7742956544457
181.3558928464035
180.79493085976023
180.2091987670944
179.65146323101433
179.10688202505742
178.51321301901137
177.84936219119837
177.167684554614
176.53156078627902
176.0092036788953
175.6432266985164
175.353012641303
175.06284454816307
174.75541655262307
174.47142650793938
174.23477302588307
174.01498542923093
173.82063035986695
173.64738108145906
173.4686940932894
173.28389444400852
173.10518932472849
172.99860062424506
173.06028304826893
173.32342932652568
173.79005455680658
174.4321125273725
175.14873147190272
175.75292504299898
176.113994353085
176.27794590514776
176.3363133852958
176.31680798523655
176.2316418403442
176.1278297342089
176.05176153488756
176.02775885974296
176.09483658028273
176.27199477908647
176.51774964726494
176.79021854148587
177.0961585296546
177.44802261348633
177.86119496707056
178.3208818962705
178.82115802215193
179.40896081824388
180.1054578504211
180.8813703124321
181.7106438564275
182.54206245017633
183.31985135496012
184.0067300050309
184.59384677417947
185.1163753966315
185.6112190702187
186.04366118520048
186.29903625054126
186.28770996841357
186.03426505130403
185.69072879826996
185.5125419672224
185.66759082705204
186.05853483392622
186.81138974821607
188.1957925222716
190.44408527880057
193.40199954666284
196.63006629690364
199.6843175403244
202.38580971012175
204.87497628256068
207.42867315657674
210.24808885687875
213.40418446459051
216.99150993478696
221.02039756851278
225.20466917848677
229.14367526983284
232.59762590036502
235.5898385870687
238.07139714530945
239.95174600224698
241.3567185394911
242.71018322440548
244.52172918113627
247.04051966382184
250.156711796856
253.55930318742313
256.9693834984036
260.164245407315
262.8017242614453
264.57869387724213
265.36070058626683
265.14683165469626
264.0655611706985
262.45956492627965
260.85771432495704
259.56751012771235
258.6458911172618
258.0141975588043
257.57360393934005
257.28154257461875
257.20724939360593
257.46987019679415
258.1716689081276
259.1492769967152
260.1448689383743
261.04298309425843
261.86291235897534
262.6031424678835
263.11224873078197
263.2946990206923
263.2203798934853
263.07732299438874
262.9833246714914
262.97659041316444
263.1984044642772
263.78494669170925
264.70826157702834
265.8653046055727
267.16380545969594
268.49703560363434
269.7383459331418
270.8353494211019
271.84028950902683
272.9245617949586
274.0048693048884
274.7684086974733
275.01588103410586
274.8270205748189
274.41386340246345
273.9510285734217
273.43059784183083
272.68347816693085
271.6966740482892
270.5880360194707
269.4617478570631
268.5018592205147
267.8650036736976
267.67313540733716
267.9301071722614
268.5066123148267
269.1153164642476
269.48077548798483
269.46801882626426
269.14074253464696
268.5077770291306
267.5820064331425
266.5361877386704
265.59438594521157
264.8798601519605
264.3571993531191
263.93745711904813
263.5296129170814
263.100387127784
262.697710661488
262.35903912790155
262.0940624438699
261.8221922089465
261.46528472562136
261.03845305373363
260.65713684694697
260.38799920449713
260.2159076955533
260.05540799081996
259.9480469052229
260.0053889181735
260.1984009664747
260.3818782049051
260.46487426692516
260.49812038815253
260.56967481958526
260.75415425212265
261.1216306968922
261.6321948838973
262.19278604906333
262.72102893322693
263.15158945986866
263.49138108196684
263.78451997755474
264.0403442647138
264.2028482878386
264.29996237328356
264.329667057504
264.3802441054661
264.53659258463756
264.7262540381785
264.76716497734424
264.61371869188196
264.3025147871147
263.8463866917598
263.3141608739815
262.8480952184067
262.5619803416837
262.4033685516358
262.36306827422186
262.489506495516
262.78061548321017
263.10939877615226
263.3137341929149
263.3214045296904
263.2232020671246
263.1128549418721
263.0743867513624
263.10124009851694
263.24475995391765
263.5709868633778
264.09234218464655
264.7294915900799
265.4826334984747
266.4377445019473
267.6933118454963
269.1264318759381
270.47208136933517
271.49632126707627
272.01105742724894
271.97251720211966
271.5027439187165
270.76504206502545
269.9521027820814
269.20074845308966
268.5947204214536
268.1464993879004
267.7293630920833
267.15238544739236
266.29212568366665
265.2570377698906
264.44307277581026
264.1171099165095
264.18015217713764
264.18196843493286
263.79929070888363
262.9576607059359
261.8016433448053
260.3486860413326
258.5558216034432
256.41353760251906
253.92684454345988
251.00607322889363
247.69402512852122
244.3668240956877
241.56821433335156
239.65397272372033
238.5273111440147
237.7671001415936
237.2825142203809
237.28444075574822
237.91006454249833
238.76694584587614
239.04555208913837
238.02112865716745
235.45417729564457
231.52057515328514
226.55644763299446
221.18564097659308
216.38764118129038
212.6902252224892
209.62797612723875
207.51631793513235
208.40231911147995
212.1179886312781
215.26495537164368
214.73063937255142
214.19079876045168
215.76913044678054
214.21771996393306
206.85935746218075
199.58315432800515
202.073561858427
218.68734717871286
245.7006858162513
0.0
0.0
0.0
0.0
0.0
0.0
0.0
0.0
0.0
0.0