131.70057443204155
131.72299978331372
132.34324688125704
133.07529716940783
133.75145955591836
134.62552236482728
135.72841753339486
136.9656243313922
138.3340268570576
139.7925750698529
141.33413212890343
143.03733085198053
144.87266882756094
146.63499609153658
148.12287818645603
149.32888952988176
150.35638230016235
151.206262760913
151.82163709195572
152.23488173220133
152.60921944285485
153.18756324347083
154.1799149367921
155.63798756784882
157.39445380809167
159.18482007982604
160.81059318358643
162.118815398401
162.99166910750262
163.38973117255924
163.3690463974643
163.0029802521803
162.3552496555836
161.5124870251831
160.62278221311573
159.84081364199355
159.2586608448559
158.8731109961141
158.62288557054399
158.49877009554694
158.56404201405013
158.83997546301805
159.25799174552157
159.7329242099322
160.19151536583905
160.56097627056877
160.83368584729618
161.06596301792553
161.29607860548356
161.5061173344155
161.68049218283807
161.83629375196134
161.96761218919747
162.0586698924717
162.0886267881088
162.035488742071
161.93614825715062
161.82336966266922
161.72968700672365
161.73605120797572
161.92685245349364
162.33533276215496
162.8911619179298
163.4362766647169
163.83309778391668
164.02195089847822
163.96789324904822
163.67619169708883
163.2582234966152
162.84593680762723
162.46619188669868
162.08188098844278
161.69949592871225
161.35469946384762
161.0596716526733
160.78203350809088
160.50750013546892
160.2633286377765
160.09229413525372
160.0008017698546
159.94721666396887
159.90765242099258
159.86070044900165
159.7970345076278
159.74002295439985
159.72550343004693
159.78794851411973
159.94238778255408
160.15601108554256
160.3664159128868
160.5496751049151
160.69020237572784
160.73828001086312
160.6272559943489
160.31015592691142
159.78685236397126
159.09787065524404
158.35800816759095
157.71661537443174
157.26859321081065
157.03321066832956
157.02129813769915
157.26957144206358
157.74560153424656
158.34231254398716
158.96182496551646
159.5284265597172
160.02469262753212
160.4505096915331
160.7807266621877
161.01230754821498
161.1330703662244
161.08641875555819
160.8358925969732
160.43646461081798
160.0109831954714
159.65504651933372
159.4108523178443
159.27701899682552
159.2312789729276
159.2471139728551
159.31906682149037
159.46778073512908
159.69870923567646
159.96640536999678
160.25487952820964
160.59824721928265
161.0134007285676
161.48569334470915
161.96184211331465
162.393246632942
162.81462990706154
163.32755423191873
163.943538997037
164.54892205599916
165.07541823121477
165.56668755832493
166.0717572496908
166.63390946756104
167.30983001985746
168.11997816011774
168.98339549306954
169.7652211120672
170.34519618564173
170.64862187472292
170.72661388580696
170.67010280572734
170.54051023096966
170.38673837658337
170.19414815422442
169.9414710397935
169.63497965940942
169.26321105783177
168.8396540183356
168.40159553781234
167.97769530599663
167.6653846711004
167.5990549264894
167.8277333906198
168.27007253010302
168.7567012332102
169.13147659785466
169.32126072705165
169.31435877011842
169.12474556526436
168.76384233680636
168.20493051923495
167.4594770243007
166.63436470898074
165.86313232035508
165.22143905831973
164.71775031401313
164.38308886797964
164.26162800224432
164.31957423708755
164.46648748225877
164.61206380592833
164.691809518658
164.66922214747956
164.56234346552748
164.40132488338068
164.19783755873326
163.93377696642688
163.65151131872332
163.4469234672338
163.41817439184402
163.6476492044588
164.11328847325666
164.72656837230193
165.4550697645402
166.27253769946782
167.1080612547815
167.89670761034273
168.6112070796189
169.23833835016296
169.80684933512134
170.33562107350247
170.85778638827804
171.48630445516233
172.3073274158915
173.2539126267289
174.16819899179617
174.94327865318297
175.5054708999024
175.88131945872144
176.2192658148814
176.6657599506672
177.32742933843414
178.1915623726585
179.12903676454073
180.01560471933618
180.89761262521648
181.87033963993514
182.93858989119948
184.13811295228788
185.392577149333
186.56672869164672
187.68776324472955
188.89102832572902
190.2432757676762
191.7367102484455
193.28406238502646
194.79514465788796
196.20955814374236
197.5109350935292
198.66502402514817
199.6051874333748
200.3663611085751
201.00660634180838
201.63011018303948
202.25694363068703
202.8416933876883
203.3506703686112
203.81450052338985
204.27202450520645
204.76984541611563
205.35587562978552
206.09540450571683
207.05075717559174
208.28465992012343
209.78970997094427
211.4577215131531
213.08897060522722
214.4506002082317
215.40565667281453
215.91530245165598
216.01757416059735
215.78914788381522
215.31403234971293
214.68795522485658
214.01468281365464
213.37650909472896
212.8705355335032
212.62859745618442
212.82904560346742
213.55068733717317
214.7111624155755
216.1295680118135
217.58502330315994
218.8812576348562
219.83716203563782
220.31439669685216
220.25694140571565
219.73461374795914
218.90238053878895
217.99447707043237
217.23440905639484
216.74667056982588
216.47581988904784
216.2473641936836
216.0703369785797
216.02833421390125
216.19618471751647
216.62566733617595
217.3145541320755
218.21495182906472
219.32872975127876
220.60567058538942
221.9026180032664
223.0920926070803
224.02785581400303
224.73084295905036
225.3096538691313
225.799366611029
226.16885014726603
226.45082090897728
226.73010095036648
227.03193426851328
227.3100049928218
227.56885148786083
227.83020770125452
228.10611552929376
228.29425023447158
228.25664206752586
227.92056037266138
227.36429377441564
226.70195003004963
225.96047288800594
225.12815551303024
224.24505902762033
223.43115580660162
222.66261558272075
221.8311468223608
220.86425359373695
219.77294618412566
218.64527801846964
217.61860340142272
216.81151120534557
216.2814058120429
216.04387298470976
216.03761373014393
216.12081507263963
216.25303380380706
216.40531322056472
216.52803548235227
216.53147695361372
216.35278598762767
216.11395687667795
216.02183301394047
216.23351388083967
216.68113679509082
217.22856943912544
217.8337770337241
218.47372101287777
219.03294149216978
219.41708436052315
219.62515210672595
219.7850698264507
220.01739079430806
220.37044632831538
220.79828389821853
221.26196427448923
221.79748508514993
222.3024015647764
222.6793787022318
222.90772777261617
223.08333521480716
223.34565814551695
223.6971198470366
224.07745761477625
224.51364584751707
225.11092367714915
225.8378230730846
226.50715709944532
227.00322874864202
227.3421483255841
227.6465206751054
228.06886552854962
228.60219302809315
229.03663224701108
229.05818215730605
228.3838914995426
226.89237022803204
224.63172813994012
221.85590238167345
218.84865875806886
215.68818841753114
212.40857243721595
209.03504671332843
205.417615071804
201.40298853593686
197.16391972612163
192.62565131341555
187.83423498514233
183.24040662519377
179.29898855417795
175.96800553321907
172.7543150237272
169.50178430859958
166.87314921328448
165.77739685010425
166.66053806408524
169.10719418168532
171.91279259280955
172.81387646530345
171.11827273521735
168.42666491328782
163.62258461220654
153.1512664773561
136.37568505107768
117.71758761560895
102.0797075357584
91.78581225745836
86.64010693242146
86.6787579160147
90.03982693506882
93.78742490125688
97.8176836203725
102.53257919128257
0.0
0.0
0.0
0.0
0.0
0.0
0.0
0.0
0.0
0.0
0.0
0.0