168.5080412778071
165.26742790555517
162.73697804565896
161.5749072379927
161.340222721204
161.44044057856107
161.54459699459773
161.5529367285826
161.496263296091
161.42516818861955
161.39663083134607
161.56022332289
162.0567597284246
162.90745183468067
164.02234214527314
165.26457495439553
166.53233032762702
167.74471594943589
168.83209489336505
169.754317864652
170.53735518688632
171.24686140360205
171.9303973689879
172.57356318928333
173.11335278196688
173.53375449819004
173.9382839995875
174.4977774743053
175.36553477650463
176.65315246875093
178.38656581264925
180.45053576094978
182.6235448840489
184.66810524870667
186.30670959878807
187.2897114745864
187.5466721531907
187.21821016843884
186.51936283030918
185.514103933348
184.2803790708279
182.99629962492128
181.82214791954118
180.85296493383515
180.02969160745764
179.31999942904304
178.6544579692117
177.94096147146902
177.1116795478503
176.14149457586015
175.08073802995506
174.0516654632695
173.20273395065277
172.61909272452866
172.26789279965584
171.96618993282596
171.55513500697913
170.9975451889467
170.3573048202119
169.72005644526809
169.1044174835916
168.53977590683536
168.1538179720871
168.06564481762138
168.31709490729648
168.89307073105314
169.6947043914043
170.50922274088256
171.175880779214
171.6652412256942
172.0091385934103
172.23615116138927
172.34702821103474
172.34425661526063
172.28241225699452
172.25868181623972
172.35776172874264
172.57398461365563
172.82916856704205
173.02795857292926
173.10786465582436
173.0928822625027
173.04361320751678
172.98448112295992
172.89904416892844
172.8087643588972
172.7567632135232
172.73711782593972
172.74246121476614
172.79486668659118
172.9029024312565
173.03343163118927
173.13536559746547
173.1497489980003
173.03221892418065
172.79701704604133
172.47965546998086
172.13474087281244
171.8071299329694
171.4911287112126
171.169790136122
170.87071700729632
170.63787779237072
170.51361732410888
170.5466707552845
170.7435058018263
171.0565136850449
171.40244368094613
171.6976560003858
171.9165714631921
172.0797507386818
172.22546202408708
172.3551524620231
172.4240558842758
172.41192009525093
172.34435450037608
172.25569873536787
172.22188478660462
172.33871987219618
172.66457747689122
173.1567851061294
173.67942352644152
174.09907384083093
174.3133004316064
174.25101775788698
173.94001352004892
173.34544613689923
172.5323950419438
171.59956138175767
170.65445802354012
169.9178276323228
169.4914093430663
169.38075861282613
169.48211073198436
169.82029538299295
170.33095121199938
170.77749352501422
171.0387036802726
171.0158849476928
170.77122647633482
170.3746096873002
169.83804371440635
169.1293289170389
168.23219416131394
167.22759458552733
166.15887555319108
164.95763743476203
163.572928778702
162.01464653662038
160.27849351422503
158.3530719543294
156.34353472642997
154.4116977501822
152.77158292694
151.62315959073422
150.92558084109814
150.606233674475
150.7219252637841
151.3997954300663
152.7501247063921
155.01946469254491
158.4373121409667
162.6641886140751
167.6529619296349
173.7760259927906
181.33256635115538
190.66168783968027
200.6552000591054
208.8349888278978
214.5480191401828
219.05468075601584
223.33780108172445
227.7980123109166
232.48351354896482
237.37217367034282
242.37108428723812
247.3166919245738
252.15167171499954
257.079033410418
262.30363710509334
267.7199742440408
272.7116929511713
276.8797161216993
280.3903794316302
283.4820309116497
286.35765631116635
288.9552244166126
291.2669452866303
293.38500539381994
295.29415712173756
297.0261258135124
298.6081070457159
300.1042992160769
301.5117099460929
302.7873709189894
303.9113124612145
304.8497594661905
305.7010113692587
306.6473081233114
307.75726784185116
309.02270751169823
310.49438453747325
312.2954943265867
314.44819635875183
316.8921419225191
319.50670463902475
322.0755701435992
324.4082882119384
326.37849757789024
327.8850597473107
328.83505970609764
329.2908506142682
329.5040006954621
329.8084484110793
330.43240810544995
331.34029104521915
332.35316617318443
333.29614831953575
334.12560479457005
334.9093513008569
335.70557686095594
336.55082670167315
337.36197608027095
338.0026701373502
338.38551853679274
338.4994954149348
338.47145885728304
338.4476745248148
338.53787164264753
338.7531431837996
339.000287831874
339.24892323924263
339.44999819381553
339.5394115074422
339.468634527512
339.26795211862185
339.0456317400959
338.84899192806665
338.69733520683167
338.6428408499935
338.76873099840543
339.1649541769524
339.72886618045465
340.3465130960076
340.97257546279104
341.52568354045036
341.9324827960403
342.2213697073347
342.49103346550027
342.85934054952656
343.3179311103954
343.7492132327444
344.0867573392868
344.3102840376032
344.48955470386625
344.6623565009357
344.8442381341375
345.0402922240902
345.3146146907508
345.7777980774749
346.40549947809984
347.05643777122816
347.4599693468616
347.4369260015726
346.93371564328936
346.1207537192922
345.3782758798568
345.0083029190119
345.07874575116716
345.4781351375918
346.0009653346184
346.3913104436587
346.49402154938207
346.17642138929216
345.39040341671966
344.2997320096518
343.2437032935895
342.57180901609877
342.4778972492851
342.90489213731246
343.57339572802175
344.20299867223804
344.6763166681006
344.93862408976224
344.92443035538383
344.7750298911475
344.6314714774264
344.51738013346005
344.3931022040496
344.32944209449033
344.4311523287764
344.6818857932283
345.0743750577999
345.6617688713508
346.5314274746062
347.60375589328925
348.6134722605376
349.2721939702029
349.4347852429079
349.2313042622206
348.95383169078826
348.83973883095075
348.84153711996817
348.87468109894445
348.93652936440986
348.8447249805013
348.4447236050024
347.6750252603849
346.5131460564688
345.12549359109653
343.84664369170673
343.00782816819685
342.75882888448535
343.0898864511117
343.7479024456341
344.46177625293944
345.01764638896265
345.1371907701338
344.58250450163507
343.407794343258
341.93641274023224
340.59929871413664
339.7513685456612
339.4563036027036
339.6456290592854
340.2285518616144
341.0169786818967
341.7712255496327
342.28068212411034
342.4853627595455
342.41441667410277
342.19993870100404
342.00620035784283
341.91919896587547
341.99812087082694
342.3325940052191
343.0109675576209
344.0332998435975
345.2633914963204
346.4336043747325
347.1996386081208
347.3235415912058
346.7729332380006
345.65087424361514
344.2151759127183
342.7894048644655
341.6048753139231
340.6287512374854
339.56428733846764
337.98452913822507
335.694184684134
332.8747877447031
329.6904349202043
326.3346162433128
323.20153818242693
320.6045664738775
318.37887729799587
316.2125917229834
313.77350201136926
310.9875484755873
307.8285477701784
304.44011985156834
301.3792991319684
298.7763559866113
296.4047996122708
294.67390531447313
294.13300678766393
294.56077844373027
294.8799298266171
293.08754512486337
288.3784421796993
283.3980578319062
280.18292091544583
279.98814535998383
281.102250632794
278.1143179038616
270.12498331653387
0.0
0.0
0.0
0.0
0.0
0.0
0.0
0.0
0.0
0.0
0.0
0.0
0.0
0.0
0.0
0.0
0.0
0.0
0.0
0.0
0.0
0.0
0.0
0.0