180.5175700161399
180.2896205846236
180.20159748396196
180.4206298064612
180.7889364984731
181.1407975713142
181.34187315785425
181.3782569878457
181.28991259444052
181.12718964988377
180.9887375188015
180.958233408399
181.06324732316546
181.25009977067432
181.39858832376433
181.39492381009194
181.17521145806433
180.70778097880958
180.02091568110254
179.17962803036673
178.30152631340442
177.52145785550732
176.86604232091702
176.3031942348461
175.86000471443256
175.55050750970918
175.32208088378331
175.13656476137402
174.9969107139616
174.92623744483427
174.8848710200677
174.79463943171731
174.60275197945276
174.3610789910786
174.15609077636958
174.02173220523844
174.00352021243248
174.10869183894238
174.30087690183763
174.51443825844396
174.6500234831967
174.6377530658341
174.46383151402887
174.14436295183603
173.70420491099037
173.1889949279327
172.670256867781
172.19164454924544
171.7470450217749
171.36304238878617
171.119372298224
171.0503636761844
171.13438383902712
171.31658207008581
171.51151221093934
171.63996090402824
171.64193626957652
171.49081425348572
171.24120904542386
170.9926208095211
170.80254751138773
170.6689362953616
170.57470323317406
170.51912743009854
170.53518735767614
170.6141000251331
170.70109246254754
170.76584478955567
170.8285018088548
170.93921494230472
171.13919078568023
171.42514241510793
171.78424498866082
172.22925769769006
172.75663199086617
173.32491676719937
173.88692498725874
174.3460448218078
174.59020688567787
174.5430575475393
174.19703087019877
173.63369267452143
173.00091084818558
172.47256413019892
172.18221906686952
172.17998162435862
172.39596211635893
172.6755700778536
172.86724421340531
172.88205776634405
172.716472327794
172.46008358257907
172.2493234575495
172.15973360448254
172.18081702063336
172.25671905428288
172.39184312725882
172.55192068675257
172.64688639474335
172.74306600879999
172.87991174502525
173.02490417625597
173.15441683484727
173.31905436153502
173.4901626480817
173.50013120826554
173.36819270368937
173.26713829937117
173.23946760458517
173.29306487474096
173.50900578965405
173.93123391025708
174.4797589654901
174.99382580894863
175.3488732115767
175.48176542636736
175.3860360244011
175.1139800472005
174.75551801547238
174.36943504812726
173.99497638254917
173.66121562361297
173.39148695545066
173.21432452150069
173.17373203088744
173.23461447470805
173.32091052836824
173.41432449876103
173.49751668658496
173.54459020383663
173.54921009776407
173.49323275511557
173.38233932061897
173.28341867838415
173.2973924922021
173.49474637443006
173.8876057278623
174.41898621008318
175.0021301148708
175.52468273482663
175.93263092515593
176.24215735691587
176.44937847855772
176.56067909704046
176.5726897283973
176.51427156268528
176.48528814535194
176.56838784745608
176.77262923964338
177.08066899821407
177.43084083754007
177.77267844031252
178.04132736558287
178.19211824589232
178.24603415080233
178.19317819232566
178.0678751478211
177.96721518426972
177.9752856658246
178.1268695062013
178.3885332004723
178.68286108808599
178.97110485187437
179.33285690570494
179.86270291939428
180.51738208403435
181.34203375382333
182.56576897750955
184.2532572674812
186.3646923667429
188.91738138591109
191.89170159906377
195.2071233678649
198.76920467012388
202.50061766156676
206.19771827359205
209.76339162742852
213.34027697420714
216.9734638024166
220.4711485720369
223.77215068678382
226.98399079794672
230.15308450041363
233.3224207073323
236.323079488796
238.92301107215937
240.93441018673317
242.35396932691978
243.45084479210522
244.53070670069607
245.776546215932
247.28375339739074
248.97477288964603
250.64723907471003
252.05315929410636
253.0494537558271
253.69043397236635
254.0279333125267
254.03775155150623
253.72384679293333
253.15471775442185
252.46342479060323
251.83097102861132
251.34698984376726
251.11372817592925
251.22145628080048
251.66999397628095
252.38514906858475
253.2720333149274
254.18335038038333
254.9458544051347
255.4348109761615
255.63575615325965
255.58077961960973
255.32958494659073
255.05133916145328
254.93723023076714
255.04484029048047
255.34809817757355
255.81017818440554
256.32880027877974
256.72960852047316
256.8743510343952
256.83332150081014
256.79996974787207
256.9422280678938
257.37319938582505
258.05696200775867
258.84638084921494
259.6106565526867
260.3218115344274
260.9636040959748
261.34809399229454
261.2929561983627
260.7485295677212
259.8643585923336
258.8830234222272
258.05375616251035
257.5949451153805
257.5447751018684
257.7295924413125
257.8161626046852
257.5911677150247
257.05944914820435
256.3872206082794
255.82367482597567
255.41921910542084
254.9629904771723
254.3229630911342
253.59178370934217
253.02425788517644
252.92411814358906
253.33012630698414
253.98651621393444
254.60786373997718
254.94783255494357
254.80826229572799
254.08018450671966
252.60449479421624
250.24271417640077
246.8924121739488
242.38652806999903
236.48181463923117
229.10213615505717
220.85983785397826
212.75770024512371
205.68406733065723
200.09909175347084
195.82498430516134
192.80371828520975
190.70366201030527
188.74988532864754
186.2138280172685
182.88955138573237
179.03559512395236
174.9048786038585
170.62583759937226
166.57311111143844
163.43987415860744
161.81471025346875
161.6984792943782
162.34786154799752
162.80631364191328
162.64107297024796
162.11652586518758
161.75621430629343
161.79472432702474
162.09143876062072
162.43321469976587
162.72242347639957
163.0136046142943
163.35776908165772
163.69790045463674
164.0032831871137
164.32332230358358
164.82183135344786
165.61058841893333
166.65729725842442
167.9125286501362
169.3675891011216
170.97093200926892
172.5360256018293
173.79362611594487
174.5859341693322
175.01015151572767
175.29567826703408
175.57959894192075
175.9418794582436
176.48928745505103
177.32500827768467
178.5082391320077
180.00837728647767
181.67255212590888
183.340077685318
184.92449826103336
186.31562530701183
187.4077895824978
188.13764800552994
188.49811093717483
188.57258331253234
188.49454959790572
188.44343482021648
188.63046460178933
189.13705769244874
189.85029021311806
190.61980248703065
191.42825284650445
192.35335477609198
193.4400329643978
194.61485273898828
195.7480987690179
196.75135437125132
197.53011217619212
198.0982836655567
198.6238099507628
199.2290228907905
199.97391538585308
200.84403502182323
201.70060147174007
202.40816672312826
202.9614668097442
203.292531963636
203.176181791451
202.47716245597547
201.25987079580014
199.67479924443847
197.75671744463563
195.34679949036493
192.17344254602895
188.06523922568255
183.17534409666186
177.92748827322862
172.6316150012841
167.68517640958908
162.98741790320472
157.76227471678203
151.50218669907312
144.51926789029014
138.50052205539893
135.32036545595116
135.82630534736015
139.29618849124137
144.22912401494148
149.8459680079361
156.37020722943214
163.44549229806913
170.5841773606154
176.46309454882788
178.5811732194006
178.95819999244634
179.6460698565088
176.47441788837634
167.44752181043836
160.16748094421277
0.0
0.0
0.0
0.0
0.0
0.0
0.0
0.0
0.0
0.0
0.0
0.0
0.0
0.0
0.0
0.0
0.0
0.0
0.0
0.0
0.0
0.0
0.0
0.0
0.0
0.0
0.0