140.61368730627686
141.76565504954334
143.52323379941214
145.5952846015521
147.6547174406137
149.54709521554432
151.3237542927939
152.97221311894612
154.33558353484634
155.3665360149219
156.0828395074164
156.40005801573938
156.27906632556213
155.83930551339404
155.2900584569368
154.79465955260764
154.43413428441085
154.24590418027037
154.24730757740957
154.40104277133557
154.64382075684995
154.95245233855263
155.40743953454034
156.11512068202347
157.1204182272338
158.36365421224878
159.6956665875597
160.91985896992895
161.9165604430525
162.74781565951903
163.61706492070778
164.75708516233368
166.20281956499952
167.8089582079585
169.4207195154628
170.92286202109037
172.22663167923875
173.27805420069072
174.10391078251945
174.77325203996264
175.30802829497443
175.76811826905544
176.27154739803476
176.86730040411226
177.51476673216965
178.087105184746
178.46306918462682
178.6303653125875
178.67416948549013
178.69836208579133
178.76436933652423
178.86291255359146
178.96609378173926
179.07011780085168
179.1696855898233
179.23481312703782
179.20035163232956
179.08392096092604
178.95386736205558
178.803803018088
178.59310097800508
178.32015579647253
178.04422755584628
177.83004991299788
177.672118165252
177.52874074775855
177.36630432041835
177.1587930610403
176.89248306163378
176.60398284246992
176.2990700192951
175.8924263888174
175.36539665634155
174.8059091105586
174.30986184043863
173.96460667146323
173.77670911595607
173.6812183849881
173.61884275840703
173.5498182765524
173.45787838013183
173.35018802554063
173.30048384254832
173.4026983189125
173.6535343081479
173.9359790372797
174.10594821093616
174.0899286766852
173.90951468362186
173.6650809987205
173.46316746063823
173.33638180400914
173.25628987296622
173.17355699134197
173.09538658763776
173.0685628951045
173.08825913682375
173.11835384374876
173.11896219689368
173.08123399488574
173.02670254590402
172.98718786669946
173.03628003159352
173.25440452141785
173.64218070503873
174.10028262206578
174.52469043563275
174.87356637140275
175.16392030626716
175.4105364328652
175.56258603021536
175.56019838702292
175.4179321728584
175.13637528130027
174.7177251434841
174.24435557575995
173.8284231502564
173.51502325666138
173.2772643334726
173.1204421002459
173.0854704740147
173.23269243094785
173.65845721144683
174.3059656245913
174.94603174833895
175.41167486906372
175.68376162786154
175.8474893943183
176.0421516881995
176.36101642816845
176.81583065374429
177.3519637821116
177.8508379798997
178.21451694847798
178.4864444371795
178.74576224972708
179.0045302287764
179.22771602846444
179.42282672331697
179.58433099055736
179.66788146824342
179.66881607973846
179.6833805684009
179.82432983249186
180.07201190609248
180.37561379338626
180.68421714120402
180.90785888558088
181.00074348054142
180.92050878830636
180.6047156623226
180.07772054479258
179.4375325046782
178.78620944347261
178.19651752542654
177.6763110053855
177.1895842393594
176.67353414992462
176.10255914317554
175.57381901484567
175.1842289498096
175.0294987170417
175.36486014945942
176.28142342652183
177.5627413077877
178.9845688816901
180.54377758272426
182.52998973500394
185.28006115673452
188.8238540706945
192.909291257367
197.1664678687099
201.07735096282266
204.56799463932322
208.01287652435354
211.78143497093694
215.96685059220414
220.57663486465023
225.70790309007464
231.3446631967953
237.4553964998493
243.73883312625856
249.83704751960994
255.64757594651326
261.2118906459275
266.6232599354038
271.8597432646599
276.85116007657643
281.5420854528266
285.81189035714436
289.4243897295512
292.36851072870917
295.08143570307914
297.8861134676748
300.8773092974648
304.08802873369643
307.51491483921484
310.9545564397084
313.99888765808015
316.1587717475247
317.07943740056487
316.8167245018271
315.76175244029884
314.403522231554
313.2221967801523
312.5236222937036
312.39944281555177
312.75676309556707
313.3254795300896
313.7585984327358
313.8118456292615
313.6072367209088
313.41601650157054
313.4632898884415
313.8084931428015
314.4286003792281
315.26127913187344
316.125102927984
316.8139279020672
317.27358993653036
317.5658402162741
317.86373068091063
318.4442784057477
319.4937404865372
321.0406172281132
322.9147327497036
324.85436727917397
326.65419709047495
328.19666934062286
329.50227399864673
330.7589263184517
332.0567560670377
333.2673444848897
334.09459544951926
334.34351219816944
334.1822377724019
334.0661738058921
334.30742550003896
335.0382850832684
336.0761525390556
337.0695711196848
337.8254025037585
338.3121348365277
338.61681707119453
338.74140351711986
338.6721754426674
338.3713040446057
337.8089535126192
337.0242600475272
336.1786010590352
335.60331960815955
335.43853966387167
335.61913658144624
335.9953271851252
336.28999306475447
336.29309326817173
335.8920669912473
335.12414278676414
334.272997701068
333.5224261487916
333.00008953985036
332.86284889690097
333.29742221566244
334.2994822379593
335.5987707053202
336.7706805258332
337.460583633144
337.53168742854746
337.03748067106125
336.29283226710936
335.67070638386156
335.3360940909163
335.32117473954867
335.72773948421843
336.7746462592421
338.5387586173489
340.74228318799186
342.9762074319024
345.015078239315
346.72703550731063
348.1202038431596
349.17121466563435
349.72544372509844
349.89016303050755
349.95580215435837
350.14816520923205
350.6342429683254
351.41222220394394
352.17969071764594
352.6739814807705
352.70781299713576
352.1522414513498
351.08259837541686
349.8620214528836
348.7195975251895
347.93158266357625
347.6430060471647
347.840305517047
348.2984491494524
348.91996021826276
349.6431524900771
350.46543644128934
351.1997088636427
351.48910287032777
351.0890475684418
350.0657361615948
348.75506807637896
347.6766725915542
347.2256114162311
347.5161725975418
348.4409812305164
349.65752007575514
350.77911635991956
351.56834372534775
351.73611857607943
351.18049696688
350.0498022663842
348.66082020894385
347.29634311247327
346.10846896761166
345.08379199776016
344.083578750281
343.1660670071937
342.3345123460619
341.4214193452376
340.1924169478317
338.05353105772065
335.28235688299753
332.13510070394807
327.8850681971722
323.13562955857833
318.30628106450945
313.0432776576014
306.7514292480836
300.0736308457673
295.49465022545934
296.8949297769703
305.63413026760935
0.0
0.0
0.0
0.0
0.0
0.0
0.0
0.0
0.0
0.0
0.0
0.0
0.0
0.0
0.0
0.0
0.0
0.0
0.0
0.0
0.0
0.0
0.0
0.0
0.0
0.0
0.0
0.0
0.0
0.0
0.0
0.0
0.0
0.0
0.0
0.0
0.0
0.0
0.0
0.0
0.0
0.0
0.0
0.0
0.0
0.0
0.0
0.0
0.0
0.0
0.0
0.0
0.0
0.0
0.0
0.0
0.0
0.0
0.0
0.0
0.0
0.0
0.0