155.1530056817084
154.20160966908855
152.60403004455944
150.8818699713736
149.654557193793
148.9021568882691
148.3054555162285
147.73519440725622
147.26487570049403
146.72766888548531
146.1007880854229
145.75010866678025
145.90673497641333
146.56613059987504
147.55304069635477
148.59189605341217
149.43246199727707
149.87797206556723
149.848816958304
149.4052603637868
148.6518985534446
147.74925757377562
146.94978505584115
146.5454788045575
146.65739504817233
147.20064548790424
147.99020972684124
148.8793858008529
149.7964712988376
150.71989901594785
151.65480037288094
152.59469273211175
153.55415910419174
154.6178740676843
155.84982000124506
157.1550234328418
158.39752703933164
159.5299841877786
160.5704385852901
161.54802802819555
162.4683205298929
163.32746652604413
164.1371855691524
164.9310211656556
165.7192751804413
166.48588409220233
167.25527892348288
168.08219901386863
168.91102201476102
169.58884412105158
170.03383208741357
170.33963510134356
170.52667417692854
170.6159116346718
170.7005807472254
170.79816109687258
170.92092942490635
171.14143206883176
171.52394096453935
171.90826784846143
171.98993324065128
171.75385800278363
171.36452318677073
170.98619125423056
170.67536387906037
170.41876300207986
170.27074165715075
170.21139019246928
170.36855722033314
170.67876152529237
171.10433796792182
171.62932451604178
172.0903274900129
172.43393621981613
172.5181103307209
172.3529020264501
171.96500785831196
171.54453597356675
171.3690891183253
171.3985198675024
171.50760374719832
171.7168877885811
172.02166054236613
172.36817668699666
172.74016172702835
173.26323245215866
174.01995045284244
174.78928707957064
175.33681553190954
175.44566007386115
175.09639775164388
174.39281182009995
173.58282191924638
172.94039075979737
172.53192665585644
172.34489898678407
172.17982529184658
172.01241909362656
171.88955808432272
171.88700265467872
171.9754345491827
171.92831205464387
171.66625852837217
171.209470227253
170.69472911887974
170.18324463570963
169.6667654850799
169.12007969350685
168.54629008734412
168.0734423628868
167.76143213886314
167.65810918076667
167.6935643032202
167.6985620732168
167.55748960900132
167.2337419242451
166.75625332824268
166.14921574921925
165.52601373291046
165.04884888526897
164.84036361160526
164.91766954167315
165.17572847333872
165.55143300627097
166.06085624929153
166.65377011913324
167.19378739067912
167.61403225384026
167.9237289865278
168.14742353304584
168.34977255588393
168.5840636392633
168.850308717294
169.12138285102512
169.35165097875398
169.52649340375197
169.7467990762152
170.13399350826043
170.7091026624858
171.3685084612579
171.90860145432458
172.15722540574092
172.12701553316847
172.08947854074194
172.36997640005853
173.07318234534736
174.04597197666425
175.06470560538295
175.89694481817412
176.1931653912247
175.65921704918514
174.22513741864756
172.11510840628802
169.68316176360224
167.33952333475133
165.65682242832114
165.30646027298639
166.5725492860636
168.71384162880895
170.1244033582862
170.17049464823717
169.54876476404527
168.5930801682641
167.76630941313127
167.32287739043483
168.7468412079081
171.60771687710005
173.96175458247706
175.66098571669414
177.23561672326503
178.9091455746301
180.62329507963162
182.47004509708694
184.65305684342135
187.25959807891394
190.23265452689546
193.3966362931066
196.53866024630815
199.52696429573183
202.33168674422234
204.90225511771092
207.25864538756372
209.44254857054477
211.5427383380967
213.6794200713765
215.79404747645313
217.62783103947825
218.995573177766
219.95311156619448
220.62167911425848
220.9686219220015
220.8238983032202
220.0400919374967
218.6798460643304
217.0391714294017
215.297797071498
213.56862908274132
212.18924178418936
211.46602111372837
211.40705680226705
211.69014442802774
212.04858341469173
212.38166349792198
212.5249593438678
212.34782637122893
211.89785881635026
211.28513493309646
210.58348926695993
209.8989956540716
209.3429975975487
208.92258884885229
208.63459804954616
208.46018332108886
208.33232082553
208.18498285848483
208.04376223185068
207.98319241178004
208.04826167680966
208.24251672353458
208.51261351552705
208.79417609231433
209.0968476779077
209.514915978411
210.08579560326876
210.79540055119105
211.62276789658267
212.50084786280183
213.33468723058883
214.07570045114264
214.69589068220586
215.147312172294
215.40099306493136
215.52718669685203
215.70561383224117
216.12724780128224
216.77877048680242
217.58613397592137
218.58156774616174
219.7600606487272
220.95601549497925
221.8694283299983
222.245036468678
222.06134991350916
221.48560548726118
220.68938335413708
219.86463228114934
219.12048276345087
218.5484083400683
218.2389919045954
218.0948102471804
217.94874339323826
217.72822160484745
217.4523710139314
217.21914703766237
217.11028928168713
217.1211285597511
217.21053762904813
217.37127822101326
217.49686544188052
217.4047808811132
217.02323795822696
216.34359278282784
215.45749375594727
214.4726508136689
213.51239175783456
212.74546681809002
212.33558189076376
212.29436130081203
212.51668543911597
212.84940394646162
213.23632220916465
213.68304457004788
214.1333743915531
214.53507674485223
214.84310424276947
215.09626530257373
215.3858099944689
215.80744352766277
216.39665935392443
217.10029459239652
217.9745523295175
219.0529892696254
220.27091977868227
221.5721636465187
222.95805283051618
224.30393282835735
225.48301025940106
226.4837744418237
227.38728740637612
228.19347328520718
228.76129862576062
229.00041256247863
228.87183394756923
228.31385209849276
227.3267653102303
226.08327285077914
224.69644675617172
223.23586074281556
221.97415851906138
221.21140723654133
221.21401220477617
221.93626857194386
222.86057866879602
223.51086121551384
223.64198591505786
223.23105498166044
222.39503224488558
221.41683422769734
220.56503548397086
219.998152108275
219.88252182830306
220.1743462509358
220.71882676064757
221.32753425143682
221.79474388742548
222.17536421338116
222.59199883678392
223.0253313081106
223.55861463042677
224.44315635574043
225.72949532142033
227.2737223284949
228.94768556056596
230.4008003242232
231.3085485111075
231.62269899853712
231.34728733424527
230.44570383228876
228.89591156365614
226.97814374375702
225.11272014211983
223.4524486562098
221.90546759074988
220.44624454202153
219.05844154922315
217.394225985069
215.2038788544874
212.39207266730335
209.2575918687978
205.81288320396663
201.7063096824204
195.85795159331752
187.41911099952353
178.23400592555203
172.0992295281227
170.93245829361143
171.911327115636
171.824529025115
171.5416589957306
172.99135863005577
174.6509262740185
173.09066918337027
165.68587725017602
152.0436926659704
136.48274805110083
0.0
0.0
0.0
0.0
0.0
0.0
0.0
0.0
0.0
0.0
0.0
0.0
0.0
0.0
0.0
0.0
0.0
0.0
0.0
0.0
0.0
0.0
0.0
0.0
0.0
0.0
0.0
0.0
0.0
0.0
0.0
0.0
0.0
0.0
0.0
0.0
0.0
0.0
0.0
0.0
0.0
0.0
0.0
0.0
0.0
0.0