159.5292296897757
157.55802836649454
156.78242847397453
157.4151564594448
158.82162966626308
160.5831679383224
162.62250866143523
164.89776968264815
167.32300376543392
169.8163166062094
172.2611091505544
174.44364084570395
176.1311941262863
177.2085397261061
177.74861186676446
177.91612931207754
177.83827349557288
177.63997183694045
177.40899143902064
177.148521522769
176.79194493686805
176.34890838256229
175.89489068960322
175.38597284181455
174.7752140679313
174.10519330932053
173.62326278347828
173.44064177744445
173.42215822623666
173.4288283497502
173.41054795810155
173.37846068759757
173.35873081035484
173.37799116428718
173.497614402357
173.74870198792996
174.08298186595377
174.44665013764012
174.81450992046337
175.16103345039662
175.45525688720943
175.69260454538633
175.93364879660925
176.29321097311518
176.8712065595808
177.6901127865757
178.6800573859891
179.66018595694112
180.42741658608765
180.90004825056124
181.08227518571798
181.04168145040126
180.84425244756
180.55686037310977
180.27499321055356
180.0833043094902
179.97086958328563
179.83640086514325
179.60952923211605
179.34755291216715
179.1435861145984
179.05372407140257
179.0598943522464
179.0194444287257
178.8304987282018
178.55363874598527
178.25763205911846
178.00991268421387
177.84274485297516
177.73485509837258
177.62072562206464
177.42119635052055
177.09622832554302
176.70019353696588
176.27451734903303
175.83553273335687
175.47466478041565
175.18025302800288
174.90395067855962
174.62692056284536
174.37490719962756
174.17454648430885
174.04311328510772
173.99418812899302
174.0365981584473
174.19837182344423
174.4818738244793
174.8169689204346
175.15341093616746
175.45373946108
175.64873314249027
175.6766151077395
175.57640872272688
175.47834763289106
175.45454590403034
175.48598506423812
175.5267390139038
175.53323363711024
175.47707115617067
175.34175761581926
175.1318510217376
174.89191401509657
174.65323053009098
174.45661856064834
174.353179239793
174.36695102586526
174.44074107227368
174.51950496022684
174.63240092751582
174.8342486926346
175.138426111437
175.49596417543728
175.84807483817738
176.12885796196167
176.28561254436647
176.30457766604144
176.16535540167595
175.83313964925517
175.34871088871702
174.89398633486633
174.6137936615544
174.42659165872988
174.24012268831618
174.12416178128842
174.07901386317064
174.2033786748593
174.43465670752175
174.59275408019568
174.70559398804704
174.87078828848468
175.05504941560054
175.16863981451937
175.16719443105697
175.0468886409787
174.84280135610356
174.64245754873255
174.5357399315011
174.55510378882178
174.6608953814508
174.80713534937595
175.04666834493167
175.3910275614498
175.6469604981451
175.7027276359549
175.5624987853954
175.19695321601753
174.66267515270715
174.03796387716233
173.2420585256251
172.4057292065989
171.61162875137853
170.80258931287602
169.9411461217852
169.06402818656125
168.2820391961655
167.71160450786158
167.45616816889498
167.61448437065525
168.05296610960875
168.55676577374794
169.1877996580409
170.06231736022198
171.1901247591767
172.4878588759242
173.90121730516552
175.43979540910595
177.2025972042329
179.37044268999057
182.09125234972953
185.3795231556028
189.113444941315
193.04079263208752
196.87821728507092
200.49469820223436
203.81699372848155
206.86732781841374
209.77575174836963
212.69236073954167
215.75373223590398
219.04215055593164
222.45650095616313
225.91668664766846
229.28327315737448
232.30155373712782
234.82468617591377
236.84302783374343
238.40185684614866
239.59578850513938
240.47497781654755
241.12348950633447
241.74038198095417
242.46808843496902
243.31695675676502
244.2283442150731
245.11315933787463
245.83342503085967
246.25228803695467
246.2485608044791
245.85032712585516
245.41119926722024
245.2698523502448
245.67046941216364
246.6508626522642
247.94628985804337
249.28294848626467
250.4765661553014
251.43267749261025
252.09673398718945
252.3730972265667
252.21044641688064
251.61597228114593
250.8220573879647
250.27826753237247
250.42327646319296
251.4235683728346
253.00120701790124
254.66070987495533
255.98776370290165
256.5428183494788
256.13368326531304
254.92242083789813
253.24349476516235
251.39829392282854
249.65967013024235
248.333449136644
247.69445397076765
247.90471602581536
248.8613329162953
250.35507918749693
252.12269798288142
253.86407167447135
255.3491345665778
256.473890891507
257.2372375584743
257.7591228288275
258.10069184184294
258.4609002742822
259.14900782250066
260.2516020972779
261.4720395563649
262.4638724280518
263.0010662324612
262.97703948782686
262.45351795019013
261.7693880402294
261.18267055865465
260.9398368028435
261.1618378613011
261.72985160208844
262.4207923559048
262.9407639248769
263.17782689145946
263.09459704055064
262.58389229717363
261.63609314856853
260.3622148317709
258.8785531879749
257.2100686568439
255.43772716225052
253.69397970613988
252.0797027323028
250.62440841632719
249.34127442707063
248.29123692988526
247.4199320521552
246.75060821778547
246.40428720480077
246.3600938069737
246.52782283345215
246.8461239148773
247.3299732308797
247.9250051517913
248.5920301034444
249.35916905351442
250.11378431782543
250.71688819635256
251.13573969651472
251.37169630362524
251.51728815525988
251.63070473683487
251.66127410236248
251.57502290336163
251.4398837707321
251.3789744299801
251.5613935943812
252.0830532328747
252.7144240534288
253.11889688024888
253.28625720465152
253.27164222651132
253.07185710251966
252.73555652150083
252.4044781446869
252.1265571596776
251.85674528572807
251.5180579294643
250.94781740487352
250.15485778380855
249.25764352844075
248.3995638874304
247.75276379337748
247.33033889778142
246.9809339974503
246.59361843789566
246.1659052436311
245.62765571003027
244.95093410233565
244.14530522501732
243.22024907568667
242.30430517265913
241.52022164213366
240.8902061861549
240.30278936238258
239.5905687924163
238.81205770365213
238.125417330362
237.64826451486857
237.3274192003181
237.03520846273528
236.57959757261955
235.96189107875847
235.30067873694662
234.76301278025747
234.33980596091385
233.87174934998228
233.2370160430547
232.46926835949992
231.5895085425887
230.6538909005218
229.69671561421336
228.80794930424895
228.1097336224313
227.655985287333
227.38585235945254
227.1275974076403
226.74284023288982
226.20827176686623
225.5856491534538
224.94501919466575
224.31676502364385
223.7535656186211
223.3282643174958
223.05866488894318
222.9119353980091
222.80800935594266
222.64607262579545
222.35837036264525
221.94267759293888
221.44766408765128
220.9059500851905
220.34450230517876
219.80085224745395
219.37015871633756
219.140591296889
219.13097074799805
219.29741683033376
219.58757679147104
219.92115547515684
220.26042298350853
220.65651297293135
221.20280286811231
221.89559425033062
222.58065105967705
223.0881019067135
223.32030774882446
223.24336044761358
222.93272176969933
222.51086738301314
222.1290444752425
221.86536047566076
221.78941329278643
222.01845395137713
222.39814999805247
222.64048288608387
222.48058671278113
221.62331786559423
219.9440090915789
217.6043804965672
214.97196891807786
212.57094892767748
210.74511955469796
209.29346720481436
207.4404886301883
204.31480127460958
199.46618087373645
193.00997642258818
186.0139732990141
180.5941044399213
177.85429324666092
176.91201502244013
175.97313257904887
173.77702512828012
170.86788410584262
168.40365971168148
167.3735362935717
167.66158845760188
168.7237799714071
169.1034512993216
166.53032741459594
161.0319239747472
0.0