171.08615740968133
173.28003332912397
175.3586275040214
176.82690517713507
177.72814671256748
178.27335520217545
178.6057858195069
178.8271245779534
179.02921285913916
179.2457260734281
179.46881042796858
179.77443599551586
180.2494034076036
180.8381193047586
181.38568620294288
181.7601345063307
181.8710052088876
181.7269791652924
181.42496502825517
181.07089752550536
180.76259499806645
180.59386168285147
180.56741482093923
180.59477776882702
180.63954890488188
180.74778035179952
180.95849749106796
181.2389318051914
181.527956611151
181.7808402977219
181.9840304032929
182.16163193807446
182.29924196958905
182.36733807155514
182.38100364756468
182.3610773929287
182.26083684732967
182.06751857235508
181.77642395647726
181.3627357690942
180.90524645664243
180.54266697722824
180.3112725512396
180.0816892142164
179.78119187554074
179.42080531004743
179.00152206010145
178.51829328339556
177.98439402812733
177.39574734924824
176.82109231521648
176.37152975098655
176.08456290621905
175.99255544767334
176.0516949282598
176.15536804698831
176.22011573886093
176.18714560225217
176.00967973458657
175.67408086238058
175.2021493449813
174.69313850680794
174.28681076721162
174.09792322382572
174.115425769961
174.27569190044127
174.49980595100146
174.63879552398512
174.55938127550584
174.26283321380586
173.8781942694648
173.5789281994925
173.44711824410473
173.390322939509
173.2736865395752
173.09660477908886
172.9029923719424
172.66686455580427
172.41243564001255
172.23365133584446
172.13487536835396
172.12929030862836
172.28554706268972
172.51958008830243
172.6615112428933
172.61863968000097
172.39776389235976
172.15893073537094
172.02793275341554
171.97876650608848
172.00623586888318
172.19729103126613
172.62198912146474
173.11059301407403
173.55159645308194
174.00818333811225
174.423714411005
174.64798496498605
174.71083498158293
174.74207198306766
174.7849925015841
174.86991760878576
174.95440287701243
174.93483109239114
174.78493827575653
174.53775785512894
174.27323017556418
174.07637911622453
174.018615333551
174.1061432982284
174.24759821122313
174.32943958100603
174.26547554107012
174.05414934669864
173.84561633293953
173.80233526816443
173.9732999475269
174.30431384605362
174.66925392693707
174.96107060269514
175.0857431060352
174.98822176640036
174.83161833421673
174.78057373981605
174.72133132533278
174.53501622467016
174.2321893103988
173.83328358502774
173.3534167787654
172.77768119101415
172.00695856052113
171.01324804284175
169.98902730092308
169.27726750322336
168.9813649758083
168.9565731483689
169.13899648120855
169.52672487488985
170.0517976751116
170.58377111059653
171.0171325340836
171.3537713220085
171.6664142997253
171.96451305727854
172.22189675913285
172.45751543764194
172.8244472395573
173.48820259235728
174.41282829613615
175.32028816892642
175.92697390022784
176.2554836275287
176.521632680892
176.87338487602662
177.31225606855185
177.76384448361725
178.16520860801327
178.49758396999877
178.7583074548976
178.90248809936452
178.8576885799148
178.6417872950049
178.32182210455068
178.00727893457943
177.80400694390684
177.74484745411257
177.84455363755538
178.1124310664594
178.5228747325885
179.03510540445671
179.57007503453826
180.10573487932496
180.65093898287935
181.21442675656942
181.79594748879742
182.47863325266272
183.4675269760521
184.9449923975104
186.82980846857492
189.001233212889
191.41056551768534
194.01867116774474
196.80504472925026
199.761330995366
202.83387406895588
205.94687469867338
209.05317093967432
212.21414839514716
215.5323407001684
219.01234227712337
222.45621924702507
225.54862709724705
228.0966785846796
230.1561632895367
231.8468901233946
233.21778997017145
234.17937052032238
234.59483603108035
234.43259470977543
233.69385284445065
232.41322809217155
230.76295059256194
229.01007027674441
227.27919766270514
225.48446457484923
223.58123887920607
221.7206098019936
220.02861833981757
218.60314707615078
217.43780328702235
216.45092314927635
215.55880087596458
214.68182823463727
213.87459329520942
213.23921514508393
212.773899873222
212.475865724803
212.40419830514486
212.53202956347633
212.8173119670187
213.16800474146464
213.438609059848
213.59838964722678
213.75320768906653
214.01159659945657
214.36692174832558
214.8355231245784
215.48056855447473
216.32672989223585
217.26654821432186
218.2298115985014
219.17371486223382
220.16144555243724
221.28453225788473
222.54456007452967
223.79474322192925
225.02022800473654
226.21930168517133
227.295970887718
228.10725866184725
228.5186547219472
228.44152276792164
227.90467750679446
227.09752582273214
226.24208742953022
225.4208445257212
224.61468063624153
223.90910312979526
223.45536853984478
223.28238163526382
223.2618804951718
223.20860524220006
223.00249512207517
222.6722815472611
222.335330434288
222.0357008326232
221.76086881673868
221.50992932834754
221.31574426269844
221.2361766348096
221.21463216723117
221.12704889622148
220.92039776647522
220.58718640048852
220.21272595883408
219.9500564554073
219.88287999415422
219.99966153206728
220.29211650324584
220.75801600249127
221.28421671443857
221.7553654319173
222.13333575706582
222.41936276313814
222.56580195736535
222.48372938777362
222.18355649499722
221.75522012936423
221.3065387630616
220.92316875749964
220.62945335990315
220.4482980281638
220.39808106775197
220.43859514488128
220.52626254166935
220.67063930604405
220.93300005452582
221.39257955434667
222.12681234175898
223.07497015929812
224.11105897526386
225.07841059972435
225.81603141863462
226.17711482985362
226.09368734299363
225.641054620239
225.00892050807843
224.43788157696025
224.07727544640647
223.86556091193785
223.6662202671876
223.4282748476989
223.17424842382653
223.0192136806333
223.00275068838096
223.02445692185657
222.98908606626108
222.9091498204719
222.8308737313832
222.65572159695992
222.3623959750705
222.0944976208462
221.99857501108542
222.14223025923076
222.5114801528389
223.16126823794306
223.92719021643842
224.68810616801312
225.31786829136064
225.79955346169572
226.1350950140532
226.40157966504984
226.64885223134291
226.87999012105084
227.03511708335117
227.00722712113844
226.7166002625229
226.21770195431066
225.66186878772612
225.24549444636156
225.11691826578527
225.3269733674339
225.84673663918156
226.52452036736997
227.2226723306839
227.89670530851527
228.49617280398385
228.92833466353048
229.05894216301408
228.79858800929776
228.1452440727369
227.22646560603485
226.33726054370388
225.7028418014838
225.38431999180273
225.31039292071253
225.43770539983024
225.74388068162523
226.09472092452393
226.31142962592395
226.23226871417603
225.75657136037782
224.8165724483685
223.3242573690449
221.25905399635027
218.75514572773105
215.99974193243077
213.2955332695616
210.84095994429913
208.62949188914484
206.53306473878692
204.43416668276058
202.22090479342967
199.67416173322175
196.59749581982828
193.17291497864733
190.13924372048885
188.30423288349203
187.64981762213682
187.30237177028573
186.0913576033693
183.41515936583545
180.10554856583784
177.16353356747481
174.43015527608497
171.9449582416193
170.3826731927628
170.44256446825383
172.15585707705682
174.78118966359824
177.18950290190236
0.0
0.0
0.0
0.0
0.0
0.0
0.0
0.0
0.0
0.0
0.0
0.0
0.0
0.0
0.0
0.0
0.0
0.0
0.0
0.0