0.0
169.25795976008544
160.40744012663203
152.73302848629078
149.31144287629746
149.17907082851468
150.4932401962362
152.02172816729282
153.35533937761755
154.62409919982014
155.7489917739422
156.5189227940889
156.95021100846748
157.26212997273979
157.65707955653502
158.11333085404362
158.50519689467376
158.76708139952737
158.92019319602696
158.9931293552634
158.99134586639792
158.98558479480602
159.07167936720882
159.27800901550626
159.5912494874902
160.04542814205413
160.6991774254151
161.5674679031703
162.59719167407044
163.65305440015976
164.65656173645573
165.6222467415822
166.56910062031272
167.48174767630186
168.31177849935986
168.95688363048137
169.38482298311337
169.66393185524498
169.85996838593724
170.08499619499645
170.47188379047589
170.97889771855853
171.54562573053036
172.2492393887875
173.14950028420267
174.21051124863322
175.43029924641303
176.8924211531075
178.64420325064162
180.5381899770916
182.27563070461568
183.6580024756268
184.6264448263234
185.17777237565406
185.3844319138825
185.38585616304718
185.293207758893
185.17323026054197
185.0577726622662
184.9027274025246
184.65001804094783
184.25502233033393
183.72301018119194
183.0959881044326
182.42933335431127
181.76420013562148
181.1371066834226
180.58554315463192
180.15514093021702
179.8966539256256
179.8185341377487
179.8764150671097
180.0099514814048
180.1132675500885
180.08542841376266
179.91796599580317
179.63605416414592
179.27154710423355
178.83441941862284
178.22962199411774
177.42883103435943
176.50774120661873
175.58698272519342
174.83727970792665
174.37282177316658
174.2072562150313
174.26181346621576
174.4202690454428
174.62087881754934
174.83873524427804
175.07960017414774
175.37337235104027
175.72681338738317
176.12002752353402
176.43965161958985
176.54253613506444
176.46225413496387
176.28368287013822
176.1597362158325
176.20505074374825
176.4982192334832
176.99478521116305
177.48042427043808
177.78064348231567
177.799715299758
177.69406138925402
177.63217144757368
177.7634458910441
178.14029916740236
178.73582817841537
179.38782668725992
179.86596278296904
180.03584632551798
179.78385513582867
179.26460580574775
178.71080545355557
178.33387248278257
178.16286959943113
178.16941201576745
178.30752458283013
178.5232215935245
178.79974517555434
179.01256719415622
179.14184440208874
179.2368987668774
179.38255948217665
179.53958189104628
179.6320742601684
179.60739934171716
179.47006099730038
179.2521777935109
178.97393169285363
178.7081889042766
178.48576646941444
178.38596251417803
178.3471086913113
178.3142909298656
178.19611466319773
177.96835146040613
177.6946740525721
177.35044635489066
176.98641263517845
176.6085208200618
176.34785496284337
176.22117224841637
176.11090880849466
175.93876778683344
175.72395523892914
175.53492040160188
175.36795670677753
175.23831941729452
175.16611756667118
175.13094980065335
175.03648603933632
174.80686789338273
174.48777937225296
174.23660595310093
174.2472729113329
174.56689636330412
175.1911023824284
176.00567314286212
176.82055226914358
177.44024768180094
177.79693379862
177.98148793007792
178.06392760141858
178.20188145874133
178.49042268282773
179.04029533366955
180.05874612922744
181.7192101321637
184.031112174117
186.8523893090827
189.9567033727874
192.97676210220342
195.4766627053395
197.26705162046738
198.7402962595174
200.45862105360794
202.7221486360874
205.3523648033409
208.0947660068047
210.54947580201863
212.5595864846997
214.15595933430956
215.7916268393981
217.7223085985136
219.8648009856699
222.05808819856045
223.99242859105038
225.43619710699912
226.270059438629
226.5291969223754
226.34006555779445
225.8119010100111
225.0561869632138
224.20385465484782
223.38842956768747
222.6801968446584
222.0084254174265
221.29379852225398
220.60341893019208
219.99495709577675
219.4666210561069
218.97653148251493
218.49862512215225
218.1201255812899
218.02037084077907
218.28534425028195
218.80594182000902
219.43777327261702
220.07770479298495
220.67966356606286
221.21630287891173
221.69507658837568
222.1533775758783
222.61649074135593
223.1060751116308
223.62951009149765
224.18422888943905
224.71844240018564
225.17533068609214
225.49826739735525
225.6215524999542
225.60393907447937
225.55335191642712
225.60397410766828
225.82711337163585
226.16776650743282
226.52100658741668
226.82729100547334
227.10374421428736
227.40132772452526
227.71543244509792
227.93711510154844
227.93402245234608
227.63365204947644
227.02759386890673
226.22206677807208
225.3953413503579
224.69869196455528
224.21298276027034
224.03984727374282
224.1487660151037
224.3618416995427
224.48688290135482
224.423309015943
224.200928147716
223.88093082649647
223.55031579864334
223.27775042312226
223.02939147508908
222.77455869384545
222.52564895220996
222.26650417592577
221.96315306828873
221.6024210163888
221.2464499337535
220.98765676147707
220.88306909795597
220.96005574635893
221.240620114114
221.71448719166196
222.25642991200158
222.70558181795815
222.97025349799077
223.06271242501091
223.03251111906494
222.92135231253081
222.78592672938632
222.61614365549624
222.388951063606
222.15420823606618
221.98135999211036
221.87072760459708
221.73101232013252
221.5416435992624
221.37196911697842
221.26731115196492
221.23141774491006
221.2397307601645
221.24230835382716
221.17930971223294
220.93643701074802
220.46750100957144
219.83851671153266
219.14875382968563
218.51905795379093
218.01241453042647
217.68412888818898
217.62240960203144
217.89143859656286
218.4561427665452
219.1967264082144
219.9199563742772
220.41204593338682
220.54709907375056
220.33517480765923
219.92181774937634
219.48685459208951
219.18801863022702
219.04709810202613
219.03320575256933
219.10632130806002
219.19993608497163
219.2410556690473
219.21228068862317
219.12482934757753
218.98173986088267
218.7512004033395
218.36512232855597
217.8326492912704
217.26440466951803
216.8331976681274
216.68045502389285
216.82862743121242
217.2455688119557
217.88823838529862
218.7081693207002
219.62978475227206
220.5756740269092
221.4437569474123
222.1395638866127
222.68107462566786
223.20099586138107
223.80883544971186
224.50003644237887
225.1971561743038
225.8233112174533
226.3312026079309
226.69403222612175
226.79822881554176
226.60835061754446
226.16402205417126
225.46961120574286
224.6814434691474
224.0304060453841
223.3964183257161
222.6404317259499
221.64972594248297
220.35628872469007
218.6987038911677
216.60831176540475
213.87576740009087
210.47303435320066
206.6038682745832
202.4117613699896
197.9073228060954
193.1474113581153
188.33041284077035
183.53435111201551
178.56922791875687
173.46779988352543
168.8637246972503
165.84969219538266
164.92386964825423
165.21592779220921
165.4666535455763
165.5211804041378
166.01027815885507
167.05255700345356
167.28415502896254
165.57206329285583
162.93655924243822
162.4908676690601
166.22097688470467
171.9210113886848
174.76586692916948
172.810893868615
168.5941588865665
164.8639266484718
162.11301742277885
159.8780324886076
0.0
0.0
0.0
0.0
0.0
0.0
0.0
0.0
0.0
0.0
0.0
0.0
0.0
0.0
0.0
0.0
0.0
0.0
0.0
0.0
0.0
0.0
0.0
0.0
0.0
0.0
0.0
0.0