155.2550470410731
158.7072009530616
162.5401295493521
165.46167916585478
167.19373070722148
168.10854269998393
168.64684416519842
168.99218419468355
169.17766780119175
169.25974960754098
169.28116166644858
169.22245661676143
169.06758703988913
168.8121955237123
168.48266478653562
168.21191020592838
168.1570642843458
168.30150900527315
168.62355973523506
169.1426513951809
169.79216988592802
170.48050605753863
171.18127138591336
171.87426460445764
172.5609453002673
173.2074820091463
173.78630908142333
174.36691397546602
175.0785576317769
175.96293238010242
176.90716311978133
177.8012915187183
178.62395503515575
179.4988677993004
180.50151107790347
181.54146605459454
182.51678776430862
183.33766631685626
183.86544490257603
184.0273864077756
183.8777951813426
183.58228266238535
183.32757406337058
183.16514318923663
183.04434883922812
183.01908097934137
183.00833958915126
182.96244416443108
182.96889482495448
182.88807622483134
182.74868348116755
182.71050081061355
182.54102383185057
182.1047021156579
181.60584325128116
181.06822037118167
180.47100424015662
180.02156982985292
179.75728469964602
179.49472523367575
179.292635081858
179.17220480215457
178.87037555585366
178.42710658860983
178.08716604229838
177.75896720844747
177.35277033406564
177.0186420004753
176.89110622037862
176.83853971733123
176.6278595271976
176.35805865975016
176.02738004030857
175.74310689096004
175.49807160560997
175.33662874025543
175.3422523694341
175.47267131906386
175.62720827835824
175.6946153964627
175.66609256851578
175.5888207028303
175.51406375910182
175.4991322287944
175.67805670066682
176.14297509799562
176.75541751845748
177.31679248533908
177.75684007755845
178.00259683826545
178.12743055070453
178.12643035030035
177.98988598974532
177.91721599946814
178.0053879560046
178.13262336627406
178.2355766318635
178.32247495099244
178.36260962312792
178.35844556841414
178.40409349223802
178.58631500365078
178.9426160226104
179.4617798155336
180.0507813634154
180.57898141509844
180.93456928670946
181.04719758327496
180.9259927983004
180.70096869760533
180.47201463779814
180.2801783714051
180.1237060847128
179.95642996745272
179.76190206908763
179.5698328773637
179.4810663801738
179.5866411463304
179.84531012982006
180.20657440502063
180.61030446705803
181.00096747486472
181.34141286792516
181.6807772455272
182.14919686763366
182.78992766883042
183.49391297282864
184.07769222839508
184.4766450240385
184.78486304329346
185.1708238772298
185.71268747355796
186.35087265279063
186.95534320897076
187.50197941637788
188.06176626297167
188.7185631129241
189.55447529873862
190.55746161241905
191.6458311682301
192.69158889304245
193.5627467079335
194.15349969594638
194.39769182154652
194.35392309198676
194.09541371513146
193.62939465042479
192.9161874951207
191.80691754683653
190.07029510321095
187.37468135242156
183.3040470864604
177.7474145418777
171.3570155208521
165.49838093896904
162.1318135428362
162.563127480143
166.58469502238438
171.82017312502526
174.99897867860517
173.5114527954641
167.47428441597245
159.51279719754942
153.89296629720104
157.83094194506367
184.22162266376557
245.3733024134106
326.4128211444628
374.5606949129178
377.88950192909306
357.1642548290692
339.1462405876895
341.58529893697846
359.64140237460884
374.0337955521568
375.0457832184432
364.70030379926703
348.4839481317621
333.4086414178312
327.35169323491766
328.7383022833567
333.95828144349747
337.8645989145913
337.292771132411
340.6042027522319
354.0020863367639
377.26630250556474
403.7480066056629
423.93399409518986
434.0542495799635
436.92461747234347
436.34785049053664
434.46733716417475
432.55359017215625
431.57564664975047
431.8572209355506
432.9634882178502
434.08535257165033
433.91582429343106
430.6122887994736
422.1499554058976
406.90811390300473
385.26407333541067
361.10572347635787
340.80975970092135
328.55879674333755
323.2837595476221
321.71836434716624
321.3163358084889
320.82035644679746
319.9276235539806
318.80462380277356
317.7373624414707
316.9551644124912
316.51637043330106
316.2598899304147
315.931367104736
315.30494146001695
314.2925100844732
313.0584183574868
311.9980078612289
311.61316360337764
312.2075014468581
313.6244184743832
315.4759605550701
317.45944748207336
319.4132382174973
321.2560626154865
322.9275381656614
324.365481406261
325.51070076295514
326.36779130265745
327.0522350447292
327.7378077980875
328.5792194959125
329.67720880274254
331.04536563403843
332.54894645098716
333.9177251106964
334.87016581611636
335.23873258734676
335.0381474348218
334.4499061219434
333.75700583494483
333.2329510946988
333.0712170786873
333.369079839156
334.1155377903626
335.1517040538723
336.13236604860214
336.67185465227675
336.59357328956315
335.99947049135073
335.1391312570514
334.2097150889944
333.3484148377587
332.67965804590233
332.34153817738195
332.43952162812525
332.94011182787085
333.6848331125532
334.4795609645852
335.20539478948524
335.8923424191455
336.6859839112294
337.73073137774384
339.0061533509329
340.2640918936761
341.1778797795852
341.63821864313195
341.905100839728
342.3671807010585
343.1989257982855
344.2467385794225
345.1942707112912
345.82702511967165
346.211374519999
346.64725606913663
347.33135470588445
348.1391561332916
348.7721551754453
348.991341862216
348.7814376120084
348.28058239790624
347.6215216762694
346.99071732768215
346.6355562853488
346.7484077732762
347.2510480323286
347.7655660585841
347.9518741418797
347.7108160278728
347.1883052500328
346.75417094979565
346.7042195951694
347.0211605672966
347.42525787347347
347.59265677118674
347.4122891478211
347.0207372404499
346.63629714971177
346.451275103961
346.5274113252566
346.82903382527843
347.22806525218266
347.45870312806426
347.20269700564086
346.4305131577342
345.56489036009316
345.2577046558961
345.8965553908289
347.34691543810584
349.08880397359326
350.5783697224218
351.45372571418727
351.4687709716364
350.5405663758736
348.93557037340554
347.2529107838227
346.01043460374484
345.4506288671911
345.5604027811232
346.07934852974597
346.7145747871327
347.421412931858
348.2512229102049
349.086649083621
349.6674490585326
349.8210703220846
349.66158127308506
349.3869461814643
349.13398303137274
349.00225463301643
348.98765262568196
348.91956626249726
348.7089520975206
348.35015426648107
347.9100596854786
347.6381767294499
347.6924050362641
348.03731322348403
348.634373178022
349.33903775767567
350.02991973118003
350.72327285277237
351.3564304165222
351.8895338244738
352.3932622338989
352.98751136005865
353.65730812275876
354.1383004225865
354.11423845481943
353.56359463331347
352.83810307843373
352.389801160243
352.4763813575855
352.9916494018804
353.60896486646584
354.0381871505999
354.1171018007615
353.8384316527373
353.37110178719445
352.8501399395594
352.21524334041743
351.3180717574826
350.2959543743636
349.3734380970168
348.7731448071333
348.4479861427707
348.1650197284571
347.7864501824552
347.225377931392
346.3012526797693
344.8866233341562
342.94553952106867
340.540647120632
337.2982595277619
333.35012398666595
329.34730183764975
325.82915973740637
322.808809167615
320.2634305327632
318.2197749264708
316.5992758460316
314.63334280622365
311.57084939300546
307.69802186239065
303.5188821007149
299.7897508757016
296.7893081252812
294.5143599560975
292.07368935366117
290.75684410550156
292.6822137079215
298.93840454133476
314.75210864480033
346.8599467099115
392.2353913301746
438.5638793692983
475.7272607833818
569.023189503249