159.09698127039724
161.5076645905574
164.10789968938715
166.26655650091854
167.8695478893908
168.96897486224026
169.48895539620088
169.44335268643545
169.02740422081934
168.4642923710999
167.85357499148228
167.13402789025403
166.23450243665854
165.20171604423547
164.24755449793471
163.61616400419877
163.427016040476
163.60470867770786
163.87576377815924
164.01724069781704
164.0156414502277
163.9687066117504
163.96694377197068
164.03082444832333
164.13120095579643
164.35190801026013
164.8772468031178
165.71276710674755
166.63307226856975
167.52735273294923
168.348795204875
169.0443123605493
169.6517733952422
170.28101134166178
171.00895350455414
171.86122070523882
172.8408516215975
173.9344194607536
175.0190110057366
175.85367097378568
176.2927937486307
176.44616204330498
176.4924970249903
176.4015892636788
176.16959328381301
175.9288034251984
175.8497205326284
176.1097173065485
176.7017560663195
177.28555906600332
177.5619949476135
177.5102432325537
177.34913371586907
177.27246345951735
177.22117606726815
177.03167127080144
176.61518116968347
175.99508738238717
175.2872945936008
174.58185467314652
173.9526949318372
173.39547975453073
172.8993632798857
172.48381128528501
172.1338374488403
171.81502419533095
171.50479581222012
171.1330539967311
170.69766643622586
170.36149595422515
170.24697805141363
170.2901503182455
170.37875670903333
170.4515127589397
170.4773853456847
170.47291064658455
170.47041274262926
170.51217654917366
170.64463162268183
170.89024260833907
171.226990513798
171.62193976698867
172.10141732367995
172.5489237298833
172.88657010461523
173.1935499725833
173.51664779506035
173.87552246052678
174.22111694186813
174.53340611076342
174.8408722369948
175.0819623236284
175.2103928314068
175.27018003174214
175.26053285480995
175.11295810713938
174.74446563945415
174.24348435457182
173.75449260748587
173.34136072253835
173.07568836226326
173.00912439360764
173.1121954718467
173.3700910838723
173.84008153987207
174.58566046775115
175.4900538471711
176.26671659682637
176.72136459134674
176.8243611876062
176.64334740599537
176.31409010560668
175.89897656186494
175.45990157947546
175.04288677655538
174.66708967412998
174.40113475048204
174.27008538001124
174.20359471549935
174.18230375399617
174.21565850216527
174.28507810602247
174.30961079638507
174.2522796418876
174.22530760740602
174.36317664223205
174.68003397081432
175.1192924912803
175.5545071397783
175.86601982908036
176.02572577273168
176.04870697108078
176.05363555299596
176.19455756751307
176.4450241292055
176.7017973397213
177.00736684758635
177.40196922289476
177.9813961095969
178.81470071333473
179.90586957534157
181.18287949447503
182.52959329688
183.90158865464184
185.32410083561572
186.8410987124368
188.5031856445462
190.31009263025464
192.23307052867767
194.29611259908955
196.55610398674827
199.02981734283094
201.6491213767845
204.281740315984
206.75389028435893
208.9692088665735
211.01042072668957
213.08599161635038
215.37753431926427
217.87205074938112
220.47059323893367
223.07138089077893
225.6117223586324
228.08341655393778
230.50991405313542
232.9771015247554
235.53956890920844
238.20063777595405
241.27031886216673
245.22157022875797
249.99542228027403
255.4274652919908
261.18616203602767
266.9182169737996
272.52293043533354
278.20080801129103
284.30214171855636
290.9467690156031
298.0513159939267
305.31327668288327
312.12697209491597
318.1093655093939
323.34813972656036
328.024296773161
332.27753437882814
336.4259536044985
340.60282091149924
344.2906059566569
346.9800775298142
348.6943292209386
349.9415579621267
351.1963323308007
352.4776669773818
353.69724746749324
354.64813441648323
355.08882903967975
354.92700738981046
354.12163012162284
352.8034343909576
351.3235466141854
350.12888346258444
349.4480492616376
349.2240300750499
349.1794372290948
348.99449525524955
348.5394015369337
347.8036537880783
346.9066054048682
346.08661768366176
345.5433046036136
345.47896277824975
345.8399183651167
346.44150784904826
347.0750640617593
347.489481546237
347.5176675745213
347.14833353360757
346.65254789207876
346.3582159275206
346.33530731142366
346.4081984143937
346.39230090207207
346.11464622929026
345.4540956032467
344.50766079985135
343.73980080306006
343.58181473222817
344.0132073651276
344.60951372025215
345.10084865362785
345.54282169714594
346.05321737565134
346.6398643356484
347.21448064871333
347.63639854333024
347.76022101429936
347.5162498050661
347.0327622290978
346.6170749094098
346.4959917847011
346.6181219623547
346.8592263997464
347.2071166808626
347.62559395184473
348.10119404482816
348.677687812244
349.24769358827575
349.56494283632605
349.4433973238743
349.00784649224045
348.5489600788882
348.0992792653099
347.5146180853717
346.7357402193818
345.7924191775051
344.7099416072401
343.63303087313267
342.78014562167846
342.24165468962167
341.9723053042985
341.87127663618594
341.9455259959027
342.2625195917271
342.85722981078345
343.667724760338
344.5652429579186
345.4202406285673
346.2078637683911
346.92673347121377
347.5790519454029
348.3161559798811
349.3221422322721
350.6120644727609
351.93692989715623
352.9759817732296
353.6246272706735
353.97058978625523
354.0555559688249
353.8919849680219
353.6089766977226
353.34299221048707
353.06088089281724
352.6369006655984
352.0968250122497
351.6249545127755
351.214481461455
350.64994330770463
349.9399309462855
349.3792694177872
349.21204859858096
349.4405429271268
349.85404041923493
350.2011733662671
350.36573172583155
350.37999980353544
350.2779599903967
350.12938302691725
350.1136284762574
350.37636308377614
350.81661077375975
351.18990503371987
351.40571923845846
351.6112602600084
351.93865919805324
352.32524317369945
352.6170525203939
352.73382314126764
352.66470243155646
352.29949226594994
351.41434185182635
349.9352373514659
348.1963383215556
346.68673993920703
345.716064916816
345.40671942793995
345.53423288812525
345.5626085938095
345.13879060564807
344.24138640472154
343.06370460752083
341.93845454693724
341.156176093751
340.9114878745379
341.32948400690384
342.2603199303368
343.33184606152474
344.2391864035468
344.8896819644749
345.3776666795999
345.86026542727353
346.403729090908
347.02058544035486
347.6831507545511
348.25429492943766
348.67053083658766
349.00766058935415
349.41101231652976
350.00639173594436
350.91165731849344
352.24308149539314
354.0180200566709
356.0465037588489
357.9448575854591
359.40988680632614
360.3735467718546
360.9182509306487
361.19052897831165
361.3183462439856
361.41445782593456
361.532896960682
361.5325601622185
361.283257945813
360.8033641116375
360.3116132053636
360.1117865885193
360.30956186648274
360.628514257202
360.6340464406288
360.0892709381036
358.9763729741654
357.38481608896774
355.4456569918879
353.3140259704658
351.19991234921133
349.0676394563175
346.550642751853
343.25120679961253
339.0134848456009
334.3094772605383
330.13014869596475
326.69998624960624
323.33109021293126
319.90002923570023
316.45311658134636
313.05361147997314
309.6289353961369
306.214779550034
302.9195361533698
299.9515246457179
297.5487794742916
295.7460352280675
294.42438938127634
293.55455260268485
293.12491081976975
293.25599160910656
294.241068669675
296.1291945513708
298.6919513193154
301.81944403162726
305.19838164571365
308.4978968873852
312.2408715188466
319.57778397117306
336.02493376557123
0.0
0.0
0.0
0.0
0.0
0.0
0.0