163.8606428926131
165.6232836790296
167.72284819267145
169.75648869476285
171.41101761242103
172.67439134480568
173.69451051203856
174.49039725633506
175.03049876622774
175.35880727275523
175.41570151932467
175.13222807771876
174.6695526143518
174.2329411653567
173.88694729466434
173.59205883863152
173.38139540716884
173.3767453617107
173.6414479192432
174.1101469836047
174.71786982060928
175.50464451162202
176.45369337854086
177.38600605501995
178.08164584199136
178.47552126546452
178.6613039222637
178.69730050288257
178.59587854799906
178.46723032143547
178.43578089253845
178.5976756298358
179.00354633768885
179.63622657003495
180.38736059708305
181.1252344745731
181.7933074924757
182.34345991749052
182.6968224889087
182.800352503939
182.68244329565374
182.46683362146786
182.372351501766
182.4155209811973
182.55133314724236
182.6602238266276
182.59669552352793
182.43707311141333
182.37348549572528
182.4223327967935
182.4706877800807
182.52427773480065
182.58003828174142
182.65110771890383
182.77344514242697
182.91529257459734
183.01870013853807
183.00193364094525
182.9036323500995
182.79453809895168
182.59722330766462
182.3386529191518
182.145474690002
182.1060822306333
182.06546056621903
181.9110964846809
181.73822339415494
181.5794849611543
181.36936365231543
181.05077925839714
180.63747553880677
180.19240652403954
179.79476073853883
179.52366066906478
179.5014431992426
179.7453863149351
180.1219460817219
180.44964201510493
180.67734020528786
180.7468738773426
180.5529270595178
180.1508473000638
179.69163457990146
179.32015757599441
179.17716891086397
179.07621471798734
178.86208155874792
178.57584153943125
178.27844124688048
178.05916435703966
177.90086522160092
177.67753340730457
177.43785717625877
177.31933678110607
177.32501576465398
177.48540037236899
177.91992320761008
178.50990339306927
178.95936166065565
179.09017346060793
178.89434012440523
178.4709781221053
177.87626700324586
177.19446063723692
176.6399825538473
176.4366076626526
176.68055700536598
177.28053952408757
178.0554282435719
178.8709466355572
179.62134956287696
180.25710714064124
180.8479269598007
181.4835896771947
182.2231567258439
183.02736841014422
183.83488811341988
184.58718275881418
185.22060641816017
185.71392290578837
186.09031946289338
186.38611285099998
186.64216643442518
186.9565574639292
187.35659438804117
187.77775174890695
188.1689495028972
188.55401123898355
188.9237760204646
189.21053272538055
189.43459878588445
189.66345564844772
189.91685891246348
190.1556269630135
190.34232143246842
190.51518359336882
190.74606148679212
191.0883451465277
191.5751506847244
192.2093220110465
193.0120144726725
193.99986095298055
195.10460224151126
196.2081193946005
197.2116878903808
198.02511217509613
198.64285961732014
199.10019558613064
199.48022202061168
199.8874223724905
200.3502008362755
200.7605224949056
200.98781263027587
200.9871121974131
200.78786963763991
200.4612052448154
200.04639401678608
199.42748254352057
198.35532595975667
196.71209353779687
194.4815406464956
191.59499170626955
188.18552955741725
184.96936174855642
182.81413381934644
181.84617700772566
181.92612638383252
183.32787021641326
186.81272957319746
192.57021734461105
199.58459161842447
205.62895309454586
209.63250773563612
214.1868511874045
223.38037444660264
237.542104464469
252.52235292374257
266.2630979932404
280.2240224972866
294.72878181735183
306.8468879208111
312.8788823016301
312.4490241291461
309.6194521176516
308.3455985949301
309.944375561313
313.4159609711559
317.2318037741032
320.29269106765383
322.3434832917073
323.7570872429593
324.7677995429244
325.5254682410417
326.31495029150733
327.356887291354
328.59392016576675
329.6169710781508
330.10807040824653
330.07200386348364
329.5023084763981
328.2888649035722
326.4875315330193
324.43819473413157
322.53273662249137
321.0174186321318
319.9208499092304
319.2466239918107
318.9109918856258
318.85801740449665
319.1126753762943
319.58488595019463
320.171434019448
320.84729748800964
321.7425129200178
323.0424644500895
324.72100192096184
326.66159936739655
328.74285779392756
330.78968706147634
332.8073428144332
334.7954739793827
336.7430362410268
338.6711066706962
340.574054694649
342.38047322905044
343.96987981030827
345.34447177458367
346.548301664875
347.6707210686274
348.83953225366594
350.06435146605077
351.2315727933043
352.10295563648094
352.5277023989632
352.522304107395
352.0987710592908
351.22990549355046
350.0400024961071
348.86167086887383
347.9987922178241
347.5384057271907
347.35356558382944
347.2811702853674
347.22796596551893
347.1498760351588
346.96325244503225
346.62230252181234
346.18629181057605
345.8157262203018
345.6622248910088
345.81933295837956
346.3094188483483
347.0424388778422
347.8347849101779
348.59644854952256
349.2831649441681
349.8211180164012
350.30023456320043
350.95412086569445
351.860126916273
352.78650477767195
353.4770562629961
353.80376420551
353.6850152885241
353.16105881702754
352.4348097370352
351.7339322013529
351.2402343227776
350.88360781748014
350.518263095166
350.05499837044584
349.4478495020417
348.70278673817296
347.8493123839628
347.01441441114173
346.29639448035005
345.78502493482546
345.57394234462646
345.726339558385
346.1229742268894
346.4698468369346
346.585432968013
346.5036095156952
346.3089278363161
346.0286375877308
345.7110756433267
345.4744354570438
345.5020116083427
345.89019150454874
346.6089683672995
347.5036534548086
348.45987487714973
349.3965036865406
350.1398670862926
350.44078085801766
350.17003395222525
349.55179664564866
349.0129225205054
348.86853920655574
349.12605580440436
349.5490907724154
349.85970632582354
349.9956731008815
350.000404341752
349.87373747510077
349.53319087346887
348.85453149417606
347.8219854222442
346.70829502714673
345.82787710141224
345.24853688503646
344.9220016696418
344.8070576533798
344.7897802668908
344.76322397963
344.67712701032167
344.553624908818
344.42955090986754
344.2590537796986
343.90712851271314
343.3253761012091
342.7184259154063
342.3472189807004
342.30102374762464
342.5921372662104
343.1847913168977
343.95069788298514
344.7034257647113
345.28766241966645
345.6382008649105
345.8317249475954
345.9147627095641
345.8694056536299
345.7030096854744
345.498521969349
345.46674405227515
345.7857556958648
346.5020093002821
347.4760717204015
348.41918202635816
349.0947772422422
349.38213729196724
349.21802467233147
348.594337753171
347.7643120547885
346.9986275952184
346.4346676864014
346.07814810336237
345.9268913617231
346.0810227374682
346.60734135586864
347.4024632915575
348.2271743720797
348.7188045306975
348.56372988249973
347.5676146106885
345.6273799587192
342.74766544030274
339.09885434400354
335.1124393482272
331.3403386496979
328.3401773956666
326.5405666453611
325.57512382482673
324.5510287860037
322.80969073688374
320.19587658279323
316.86843558025606
313.19004809532663
309.4829002043881
305.96684417580474
302.8450890125488
300.2347218216763
298.05948507258404
296.0279738878366
293.66071205828047
290.7108910512834
287.8690074650355
285.9977031787912
285.70078088017243
287.57382222793376
291.5231624266537
294.56462550948675
293.429438941696
290.7838979946303
289.63868956422914
286.2418545716167
274.8573990641038
257.46560124111596
245.59024286299172
247.17268335412712
258.36130096375103
274.80251179977205
292.2497053468466
304.56131295401843
308.4639580728953
308.1842946491487
310.2604056889996
315.3404418569913
0.0
0.0