166.76948311502093
168.4443134093816
169.96665349018468
171.01074120597616
171.77634619734718
172.36946035216965
172.87173709105957
173.48831340755288
174.31449610589544
175.3063560164157
176.21489509703838
176.76085925287998
176.95338279268213
176.94659429595438
176.92282095489654
176.9621212872231
177.11278841006225
177.36665224719735
177.70099182463883
178.0656317293332
178.28582611802483
178.2200428790449
177.87715494370573
177.45666408144623
177.07271143673978
176.7995703480206
176.68613060698368
176.66735458754073
176.55382995072168
176.1573623234223
175.45677296183342
174.5408411104855
173.51016236770616
172.54990962164848
171.93239072765428
171.73400774458958
171.7184738386614
171.6286066608899
171.34981508867548
170.80727138517102
170.12313280964847
169.40710876261113
168.7155415168413
168.19868294313582
167.90317329605767
167.60919432157817
167.18411255085124
166.68092375128057
166.2716403664004
166.0653058797051
166.05167098227957
166.23648713262455
166.51671821562286
166.86841869613014
167.38226975800305
168.13216024214097
169.12100935593503
170.26891405137178
171.5298061940503
172.78383832382858
173.89861374105345
174.71939301140475
175.16034539772548
175.27205273765352
175.03635525734933
174.55262839843653
174.0035158457746
173.6052596299856
173.42893089940748
173.41458381728705
173.54886008681808
173.85091273918457
174.36223731466123
175.10341136037897
176.00019866722607
176.89268201140055
177.52225286859908
177.67479299719406
177.33372460226553
176.6406366297737
175.8271917072476
175.04180810226305
174.28334069076206
173.56250053394652
172.97963030408675
172.56051779508653
172.20282457524314
171.85631579784888
171.53029167266334
171.1929886133775
170.8353371731154
170.48899284927705
170.18583148316796
169.99888464042112
169.98058142878853
170.06240849919345
170.19597689478243
170.36438120806972
170.61893742815525
171.00337697257393
171.45458453783806
171.87237386511904
172.17969230057525
172.36608083534415
172.45036358704968
172.45866051472058
172.40677802963748
172.29086388303313
172.18798583720846
172.28334993354525
172.66795514737794
173.25665962333667
173.78763873237048
174.01508701987186
173.87964587051903
173.42604567573846
172.74240336648336
171.9914870776775
171.33456962230414
170.90787669675504
170.73692730258355
170.6757377976025
170.54640864240707
170.29571256553226
169.97131246682514
169.61048869803903
169.19682307261218
168.77219153612305
168.40512202621696
168.0642678146168
167.68432747179733
167.2552301314346
166.88234188410678
166.71999425074054
166.89217169153463
167.41576781757948
168.18659207618305
169.07711931430546
169.90298872349857
170.46474480490141
170.7233439071319
170.78376962032274
170.7656533663121
170.74647570238756
170.7615090266409
170.8659530431109
171.06804714408355
171.37646063379032
171.8605892200419
172.49646815514365
173.1273055111723
173.60516523781467
173.9216718603151
174.19939435172623
174.55349555491233
174.99274956698557
175.48666740833906
176.03465827424853
176.65099170546785
177.40947965280435
178.41535324782654
179.70099421609348
181.15258870691287
182.65859016845855
184.16156930152835
185.617315088723
187.0873003629775
188.6840817814382
190.5026091904416
192.57312925518136
194.82960650855767
197.19570226941062
199.60901901934233
202.0121072218794
204.36983458564225
206.64977103585136
208.82781941810117
210.85543872883804
212.70203843861754
214.3985116104289
215.97521038300718
217.43374764051674
218.78892767628093
220.0480174762975
221.2412674427577
222.40223367255828
223.50546555228343
224.49083670883937
225.31476614312106
225.94813377929162
226.40198882001624
226.74323981802002
227.06536014743244
227.34526981269417
227.54482731189947
227.71680648617726
227.89687451913662
228.0872853673465
228.28265676082626
228.4509812448625
228.54802961042142
228.55827216284516
228.52842768764162
228.52598683200077
228.57609889654088
228.76676799565104
229.19989639607206
229.92141698971915
230.7872985725373
231.58724586554877
232.11542184247526
232.32439552313718
232.2772330825423
232.05253839110776
231.75862256031405
231.43919806263173
231.08206943848268
230.64126367977124
230.11469279391815
229.59578986163464
229.17918309818793
228.8764723970357
228.64982714482406
228.5093234401578
228.37592316105864
228.0583407915745
227.48585757091408
226.7584976908989
225.95827746746906
225.12868923571196
224.33947562709105
223.66337167116495
223.16119643718042
222.8316051800896
222.6380432487308
222.58968642199827
222.69767808530275
222.87492127876723
223.01764311034987
223.00578397983364
222.83744592295747
222.61851972780084
222.3076462885894
221.88030143954538
221.38073382387498
220.8464879244944
220.32701995123037
219.8738690368851
219.53900371694039
219.44741654521098
219.61737926789317
219.991397406707
220.48090338449276
220.96107807292532
221.36927328509822
221.66107333423946
221.81797334044884
221.9134887668673
222.01022499467354
222.18604846511056
222.44617956790216
222.7980236470284
223.19086001981822
223.4920719470258
223.6402795586479
223.66538441121935
223.67093097985816
223.797987075873
224.12632946221595
224.51942798076595
224.772508721944
224.87813257958553
224.999365232718
225.23434157369277
225.57731314274156
225.89460056813206
226.03605970318438
225.86011115456344
225.4071357355156
224.81319628355186
224.09587894946836
223.25358674641936
222.42875369164727
221.7021710025706
221.14781665043034
220.81564809499912
220.70639442643136
220.77296817962588
220.9193982355364
221.0896443803935
221.20429186087736
221.18420702276552
221.0212332457154
220.83556672022448
220.67717994110575
220.57617048886704
220.50100977565168
220.46861984914537
220.52763557176937
220.6690208766113
220.87998566955494
221.15012016674365
221.48537676850108
221.89082728138084
222.39063527564164
222.9332512006153
223.47845392818817
223.96480930055515
224.44540865173386
224.98079394050876
225.55527953181098
226.1222141402652
226.63256953595595
227.08549479025473
227.49676559512767
227.785284821844
227.8802556038588
227.80977204866352
227.69705072331527
227.70917983566846
227.8003500905402
227.7498852404107
227.37568674301548
226.67238798573354
225.82088115911077
225.0741188306821
224.63312592913044
224.6352901167001
225.05562787961978
225.78125801177464
226.63215412414118
227.49062006655114
228.2617322845099
228.84208109243707
229.22565022455086
229.49923844915975
229.68360634940763
229.73411539115818
229.53207481722873
228.97666089810764
228.12939757785884
227.15825218375988
225.92185784374215
224.1232634408905
221.5482929334732
218.11871567558723
214.1417227581056
210.22447527676553
206.9128620519448
204.617911783697
203.32711671766413
203.25573614607256
205.41388236192506
210.2342141706401
214.54758867092988
212.54747651753502
203.62542308753567
189.80367368314657
172.22735927154937
151.59740177967075
130.19591369340614
111.34638884799992
98.01499673017065
89.8185095795377
85.69395118391316
83.44136789031643
80.62758205999349
77.80815689949334
75.59293776350228
73.91494880667386
0.0
0.0
0.0
0.0
0.0
0.0
0.0
0.0
0.0
0.0
0.0
0.0
0.0
0.0
0.0
0.0
0.0
0.0
0.0
0.0
0.0
0.0
0.0
0.0
0.0
0.0
0.0
0.0
0.0
0.0
0.0