161.24608755838165
158.7193900568084
156.7731802159455
156.0677338610497
156.3568976986224
157.24303945742403
158.29716710451896
159.1073861346969
159.5471975178453
159.74939414063792
159.82829313512363
159.83881466719282
159.83420213527194
159.8993642603082
160.01836526133133
160.0885412177543
160.13680816446418
160.18606080619548
160.1851709508907
160.11489371394137
160.04195875756272
160.1104855744614
160.491506298275
161.2644420099595
162.36214527932725
163.66457286162586
165.1280517102837
166.69930451401638
168.2659147931836
169.65489419287533
170.71358919093132
171.42478228571844
171.88689594774044
172.2880583082529
172.80350181732356
173.51242091326256
174.39524773086353
175.34149221735134
176.18339517902615
176.86699321423848
177.52668667573877
178.3005376385467
179.17705322060237
180.03790004233127
180.78766689377284
181.34523041119252
181.6598769166639
181.78232312932246
181.7516256628425
181.5887031695126
181.27931029837396
180.78712366954196
180.16077093923718
179.50251535167456
178.9631484579353
178.6684489074365
178.57869692197116
178.56097334778616
178.5233491357489
178.41886085040176
178.18152713445363
177.818112682047
177.40036769385085
176.9956517187079
176.67695209839957
176.51626040685093
176.49414796405813
176.4995672796573
176.47923496589414
176.416868864067
176.47393006309096
176.65441108923838
176.79505400692733
176.85660452844823
176.80120574066257
176.53383132568848
176.14127665126819
175.86372167358766
175.7743192762694
175.82732324427215
175.97338923774151
176.15999491670948
176.37276930283338
176.61145691482182
176.79066001011327
176.82046535053382
176.68369468947245
176.4819444863025
176.39296036795616
176.44779126627708
176.52288467775085
176.55917326329634
176.64370134509778
176.9304592265027
177.36194615383147
177.70284625820668
177.76622182209283
177.54714014802133
177.19137488099565
176.8165296866801
176.37721291324078
175.86737026734082
175.53415986033235
175.51379234174777
175.71349043236364
175.9431837012148
176.07764681152594
176.1057492383835
176.06416035820862
176.08584790446668
176.2803844577195
176.52734093726525
176.5852478634006
176.37526662751048
176.03616466653114
175.69217744744643
175.32667396637976
174.87520325123464
174.29835623678076
173.66084280445017
173.07784110826668
172.61600649596267
172.27771901682286
172.07635296112153
172.05797375928424
172.21508791341392
172.44730216745262
172.7004352176225
173.00535198963007
173.35600535492011
173.6494642098232
173.854475620176
174.0175346383949
174.07365801540743
174.0064449025777
173.9169624137787
173.92588856890467
174.05048407838242
174.15288803390425
174.1137095511292
174.01099235810125
173.98048530234152
174.10155001264684
174.3962622024257
174.88385033318193
175.51128636265827
176.16910038191233
176.78355798245076
177.30208943141704
177.78365722852038
178.3143323805337
178.92469329548467
179.61809067776866
180.4396157407199
181.44515327257835
182.69296369625275
184.29683073504097
186.3870399565514
189.0048318649247
192.025115160196
195.1972970300309
198.25800152587937
200.8582249212983
202.88837349068353
204.58499013549664
206.3355971015951
208.41582271540176
210.97934622525167
214.2396396318394
218.23497774852007
222.87661013647903
228.12746244992124
234.06225934742045
240.6817480008331
247.7630096542631
254.86441164849842
261.5840132225193
267.8112678040294
273.6934326437903
279.49593759432776
285.31868410399426
290.99769615913874
296.50794326190464
302.02567371749666
307.6333228423406
313.06478342725086
317.87572812284213
321.88406804689043
325.0807981762788
327.53995575144984
329.6140466453785
331.41854941262994
332.6640229353732
333.17018728427615
333.0260957906166
332.37157293700795
331.3382345468658
330.25821847449697
329.58228507644156
329.61384520409786
330.2213861171167
330.8324009902168
331.0220937015321
330.8263369322281
330.38933354293994
329.96167538951465
329.74399528364245
329.6912302225472
329.75695602239426
329.74841144444343
329.5694042365435
329.28171084046875
329.09268328592907
329.1245143621379
329.59261090994556
330.7072231848014
332.5686531295343
334.8986989800742
337.3255305796277
339.613847509957
341.5282109005314
342.8435230426895
343.6763610782971
344.2771457761543
344.76261044900093
345.25267883383043
345.9243710457561
346.9250815415684
348.29390741482234
349.8261844694942
351.2725210689004
352.43742415064764
353.1323488368733
353.35323945948863
353.3795461701178
353.492958787549
353.8671586719937
354.4649716313256
355.07320698688574
355.36672785412884
355.28438059190876
354.9441965000979
354.36173766883326
353.6193674594641
352.955751512306
352.6574442340112
352.9013309144212
353.6125164831916
354.5452202149824
355.59286288218027
356.63952061506944
357.4551170628148
357.74877774113105
357.3184319914475
356.24506517197426
354.87440784869665
353.6772234187806
353.03169479827073
352.997802981096
353.27149929787083
353.32674579378653
352.89318282455804
352.1505934655344
351.4049717458599
350.6529010026682
349.8282184542271
349.0280799826605
348.5014830857107
348.4665179789034
348.9815791917681
349.9232113818448
350.9694619518383
351.76753124537083
352.0892087907946
352.0044723622399
351.7033118102232
351.30127963907745
350.9117297436079
350.5596719435778
350.17335615999843
349.9071552262433
350.00394829031166
350.6302805388301
351.64709788021196
352.69622204138534
353.4586684780921
353.69407379417
353.1850681760939
351.95557208369246
350.3064866217344
348.6155668466931
347.2090361131974
346.3842258027497
346.3396410176116
346.9083505793859
347.7020048641848
348.3791571522978
348.71496773004446
348.5757369929031
347.86561167441744
346.67488995415926
345.2875768028495
344.0330316344735
343.13792598586116
342.70355728822767
342.5660282654342
342.4489928490442
342.2983815448514
342.40365425850143
343.03217646579526
344.1385142486423
345.4422311539381
346.6345299170955
347.5772148203961
348.1852833417058
348.45266505860155
348.41885332580233
348.1707445654869
347.904744846344
347.7805359945208
347.79558745427573
347.9435062973512
348.3674439709355
349.112022868372
349.9013901786371
350.3363282431817
350.2373788178792
349.6943479764224
348.9365693287873
348.17861985115155
347.57254516886763
347.1887240444446
346.99514442942655
346.89757919424335
346.82766876058685
346.777061785783
346.77438476702764
346.8947211119889
347.2340144133692
347.8102928029368
348.5079004345848
349.0934954685796
349.35343878570364
349.25672696972885
348.9702422678884
348.7089770213104
348.49288966313975
348.248252253951
347.99577650116936
347.9597483089042
348.3918662345021
349.2293084771377
350.16268888872924
350.80968486209093
351.03200454641524
350.9848994721137
350.80524967632533
350.40680908784105
349.7199947158521
348.8038526046461
347.9444565064915
347.6144896287142
348.1216438488722
349.4251365320299
351.24295358880414
353.28189727752635
355.2543467710149
356.9506002397634
358.27172078555475
359.24098503780056
359.8918680038217
360.30433540816637
360.69383470641606
361.15449501318125
361.7814307745729
362.8301971701058
364.5830020679582
367.65962673031515
373.2939399849007
382.5080992960397
394.6606118536125
406.418686661115
413.0127253623227
412.4267315561064
406.2375513862225
396.4503570530864
383.6401751508081
367.98207565770826
350.6370638545052
333.1517799047275
316.7700430584948
304.61502469762445
303.7511384795513
318.77932213108903
343.742297491508
362.91100891919945
371.0096979058539
370.66324012871195
367.2179988216463
367.9959733110702
0.0