156.15309795562214
160.65002020392197
164.99969496537827
168.0845025992092
170.18753523332128
171.91165256858218
173.57006830824753
175.13292731342176
176.3752592022599
177.10537157372812
177.27907934808545
176.97643931420788
176.31575974439107
175.44297066256064
174.38727072833416
173.0821901526974
171.6867934590556
170.46910938386543
169.57871955278063
169.0495398270389
168.6898491409113
168.33101053591625
167.8733383267533
167.31142927282076
166.6630036631772
165.8537995348913
164.91681076647296
164.03090356878448
163.37812445422028
163.01726623549328
162.86633307452166
162.85443743998488
162.98303313851966
163.22300274560558
163.49145499131595
163.79764939566618
164.23184110747997
164.7558694331923
165.31740988658245
165.92959494551548
166.58877393030468
167.26331877655554
167.9519862968021
168.66022144191317
169.2984605315898
169.75844864561458
169.98642807216683
170.0625255680519
170.18371733558456
170.44681545447455
170.845817464552
171.32434636857698
171.8260383053781
172.3048719093079
172.701141560299
173.00676943675236
173.28302737307564
173.55232461003456
173.78781101264568
173.92777238241948
173.93080724272602
173.86675650558257
173.86135993036075
173.92797995579224
174.02677800128507
174.14843347773734
174.30594773622212
174.52453684567743
174.74471290950572
174.83736996166243
174.74579622448607
174.47325580583
174.0883670775457
173.72779610720966
173.4185497463195
173.01302390474916
172.3651958926324
171.54797118099054
170.7944724842351
170.244329931943
169.90968150991367
169.71750439232642
169.6299966181711
169.6633912070994
169.78224294628905
169.92042820583467
170.07153058662303
170.23184986685246
170.38690666290006
170.57014655137948
170.79577786875365
171.00531808418413
171.15196919555459
171.1967402980966
171.0937161164836
170.8517248228414
170.61033412264504
170.53013949518072
170.65765514594113
170.963765345794
171.38434856001322
171.91337900223144
172.56053421826923
173.27154163561903
173.85632463254254
174.10376454533468
174.0104505019589
173.6384916185135
173.0902685011028
172.49645968593344
171.9570866501923
171.53797451920923
171.25804193237212
171.1235348136303
171.16747249911975
171.3669940101405
171.71043856650317
172.22504717153805
172.83319788774054
173.28087090916443
173.37201126425146
173.19402858483983
172.93825245971044
172.70654094391227
172.543653160709
172.45445736083929
172.37744394891075
172.25723718451528
172.0910843875642
171.92050924153958
171.7928969402032
171.6974497406686
171.67919828246053
171.8575377335382
172.24970050186133
172.73955122565314
173.2260004656555
173.6544444466584
174.02837618489724
174.43136836337408
174.90372813167062
175.4377202370791
176.0695438206394
176.7745222134622
177.5062268925916
178.20860078734574
178.836548597584
179.38850020147038
179.9436160263026
180.63333862349074
181.50460677247864
182.48398830739063
183.47567342234004
184.42566386140376
185.3582861923086
186.32553624036592
187.2931216647952
188.19073024234848
189.02221903941006
189.8564189844061
190.76683525328727
191.8161524223781
193.09106334096785
194.7438488877779
196.86821431386258
199.43455356525425
202.3193075461068
205.40086780921246
208.60731208239196
211.9666404068968
215.5773437497137
219.46186312354297
223.55192310588444
227.7011708795804
231.81606148020344
235.9134344099752
239.92526267392998
243.78198547996521
247.44847695524342
251.0643313679307
254.6661436367729
258.0378073723284
261.0604497177428
263.61810069001103
265.5907527500156
266.94639992081335
267.7170294233723
268.05944910454707
268.2992142897509
268.59912357379943
268.78509385882245
268.5537804473952
267.7847405543067
266.6259022025151
265.34437998397607
264.206420939247
263.3150593469782
262.6822809637601
262.2631204932179
261.942288756666
261.66130450159915
261.44133816184524
261.39092364287865
261.61449140892535
261.9811336005684
262.27845806453536
262.38415584428503
262.4001347851889
262.43918218465257
262.5810202238075
262.84318530498734
263.2842327977449
263.87542153151077
264.5448749525308
265.2418094660749
265.8630765319225
266.35413081540156
266.7846504141471
267.2987871386058
267.96195898347486
268.6690334526711
269.2466792969677
269.6125193406176
269.8771795897966
270.1778207948783
270.5702261579514
270.997578794262
271.19620954924574
270.9644080018791
270.3051140287364
269.35353540131655
268.25079615767424
266.987808329426
265.5591612201896
264.135191262285
262.7998724864499
261.5370379487819
260.4416117410625
259.5858215512637
259.1176958150943
259.2479642883649
259.922790029962
260.95181427774236
262.16739182470536
263.332513775847
264.1717138061074
264.5686074852238
264.51461963768384
264.05219689441947
263.40668002882546
262.78908503250307
262.3345171532729
262.01560646715404
261.76040278567734
261.5607434702121
261.38076808317265
261.14157423777345
260.7327470194656
260.0746810709775
259.2766376970834
258.4783166375777
257.76710549552917
257.23406610199225
257.01237954580694
257.18695487534194
257.82591611893514
258.846369510072
260.0206095831104
261.12126879018086
261.9477430728247
262.57127174076237
263.255502007104
264.19322311199267
265.2827219127234
266.3386511751429
267.09550449633275
267.2855946546737
266.8977832420731
266.1001834921482
265.1506654388863
264.4253395810874
264.10289404216053
264.023282229448
264.0121835540852
263.99614417318094
263.9198643175655
263.6713439328032
263.23826186201956
262.70500661541
262.1124593934609
261.55921607101175
261.19013868383416
260.98608225291497
260.79337308109325
260.52593675978875
260.1843022753258
259.88134669769784
259.6977514243837
259.68850722900817
259.8514664644654
260.1556292126843
260.5428188489648
260.99434048185157
261.48630018884046
262.01361377222526
262.51806702046156
263.0220504784229
263.53506671075274
263.94925412295913
264.22094851854433
264.2768731045447
264.0886100539459
263.778223728937
263.5618093735744
263.4455707562069
263.38123104794715
263.385023917917
263.46095784468946
263.55189477776804
263.5847679942641
263.55958346833876
263.5239553153449
263.55514346952555
263.76910551419263
264.203742329777
264.82334381445315
265.56456579566407
266.39784328054515
267.217998170765
267.90256218208367
268.4019364731086
268.77260572480924
269.1410073222452
269.6017284544547
270.2502777445435
271.133332553859
272.165623739705
273.16539573394647
273.92567480234436
274.2322396888276
273.98755115978247
273.1180619713534
271.4951472414671
268.94452465265346
265.2812040369085
260.63673628591414
255.3029472258887
249.76289076502746
244.44161853280443
239.60092174706398
235.24207470958586
231.35833961142907
227.777709188151
224.29124166529311
220.8722628487865
217.71621954194558
215.0075012924273
212.58877863224436
210.0152618357041
207.03233128207106
204.08576319800946
202.30862930650184
203.28824631355604
207.69817459771014
213.4270375277024
215.9372926657773
214.61600746644473
213.8046927763283
215.4956013430501
215.68269490940986
212.76931149093647
211.08898238728224
210.460104238982
206.20636336841605
0.0
0.0
0.0
0.0
0.0
0.0
0.0
0.0
0.0
0.0
0.0
0.0
0.0
0.0
0.0
0.0
0.0
0.0
0.0
0.0
0.0
0.0
0.0
0.0
0.0
0.0
0.0