137.14206997550312
136.2642338144087
135.13555435500828
133.8646966178561
132.86902151866985
132.60923051918388
133.1475472587807
134.33513060659809
135.97301790076904
137.77871298645806
139.52913953055008
141.10695877016119
142.50079734360747
143.78440429499403
145.0798602312204
146.46613959163838
147.89740735557183
149.27656997466443
150.51563153605224
151.53888723692887
152.29902069007625
152.78294101589944
153.00781913147722
152.9922938517782
152.7147279663433
152.18900981575615
151.51899416531572
150.84211296957338
150.26217866263323
149.81591588615612
149.52767436323126
149.45055272021253
149.6200519744305
149.95994106627737
150.4074763489631
150.98858805492748
151.7236287669002
152.54172964507353
153.33733825374208
154.03033301718742
154.6066572599531
155.09953016749103
155.57636425749038
156.33145625684514
157.97699012860954
161.1518411796348
165.9591054343341
171.50429753110683
176.61704628378388
180.903449384639
184.2294458103351
186.7055546542189
188.51624705625147
189.84463229155745
190.88398292947488
191.83510963653987
192.82911281277657
193.90286843527522
194.9693220108157
195.8880822820115
196.53901687386787
196.8307704873434
196.73530087639122
196.35408904034236
195.8449092250501
195.35679162150979
194.9544376117411
194.56450394510273
194.01174185525934
193.14506723471908
191.93770797521802
190.5028262612805
189.07243594929315
187.70553823480572
186.2995535291057
184.8583897904614
183.49155179978635
182.32878596250873
181.41296209503662
180.66016412428587
180.01187699782255
179.40060811196463
178.79900247261673
178.25367864504182
177.86044052438507
177.6858039880262
177.40907346323178
176.88312164114834
176.2988497764316
175.62361356600482
174.75453206514214
173.81446806765194
172.98896633698476
172.43415285948262
172.1514406829665
172.03662878703832
172.0325809355209
172.10493903990482
172.26273616490488
172.58587722981378
173.0816882650081
173.639608018632
174.08695894085935
174.21546360530294
173.88947833247158
173.17774071196555
172.28585613775414
171.4179059062767
170.74401016624017
170.33288839877994
170.1716116613826
170.20140727268677
170.2545420672726
170.10441173579238
169.6830763830424
169.12225822434516
168.5923917856706
168.21402366254412
168.01159894540834
167.98300882444025
168.13347217890174
168.49394569186103
169.03293052502116
169.54545341159292
169.91092410791356
170.11261493625264
170.17216375839345
170.08123928007277
169.77074986753826
169.3102495921909
168.83537329149786
168.3634268044956
167.90869710961755
167.56826617037024
167.40596121335645
167.36605182047612
167.37952406060688
167.40773597327728
167.493040028258
167.6275450809322
167.69100086490093
167.6847646727174
167.68469633672777
167.66074677930408
167.58141960644176
167.4767233917812
167.43207961446655
167.52942467395107
167.79246136639335
168.14850409823185
168.45209429276736
168.56745222327527
168.48448598596744
168.26884448680897
167.9443707783208
167.53996495395347
167.1091631187719
166.71700883578885
166.39706797888434
166.1572012294622
166.01070828430403
165.95644075207224
165.99435203396655
166.17336401844804
166.56231776052624
167.15560432277428
167.91310267727619
168.77369228283263
169.53375385085747
170.06648672533237
170.44426489768253
170.77155607329948
171.11983491960493
171.50845357504627
171.90623273449592
172.28644661821016
172.6533962017471
173.03533414152986
173.46670948945308
173.97398936177757
174.58465361121634
175.31165776794225
176.09361301833744
176.81977582858363
177.41016524120872
177.899793450186
178.44992496290445
179.22080236257855
180.286635233707
181.60150901611132
183.14689636799199
184.92268909649218
186.90688126743706
189.13570067539524
191.65782371859808
194.3984336107731
197.14161055570906
199.74425189887967
202.2351981606364
204.58534083279005
206.7069104086704
208.5341652633488
210.09526131969642
211.53844317966235
213.03548214679608
214.67859328832117
216.38337987688047
218.02661057387323
219.46398000146988
220.61069150268386
221.47892610647165
222.07592637889894
222.36200852011842
222.31305545392655
221.88064542362278
220.9655780428494
219.51199427139366
217.51087763954894
215.09445746977525
212.5086716831044
210.11051785631616
208.225922311285
206.94066568520117
206.1978743383811
205.89904556242737
205.9674167289307
206.27483902391467
206.72684518297112
207.22163722185195
207.58107225345742
207.5775584683285
207.18328472085824
206.55578708459154
205.9147219058773
205.58642697315045
205.74338425882672
206.31413479598305
207.17908769465367
208.19852435727012
209.25279749175706
210.20841555904292
210.93409926301604
211.39200557148718
211.64451218368578
211.7157017051576
211.64178405482315
211.48132466793592
211.32234507063703
211.1973051912347
211.22195123616086
211.46293332270682
211.92292358062252
212.5566812047787
213.25970693651834
213.95561518665704
214.6419368782287
215.3966730819202
216.26841584064903
217.17753335818256
217.91634951299076
218.34097491316464
218.49459621916063
218.48119304436943
218.29537802067824
217.95379195341485
217.61328510175665
217.34375244247485
217.11266093323667
216.90531105602022
216.71983352352936
216.46122338211893
216.06390936123756
215.60931004384392
215.23980854984023
215.0169542340175
214.84191436333262
214.62633088301064
214.35028720752135
213.96767897945224
213.49168696347388
213.04549696336147
212.7973366597651
212.87896810075534
213.2615944773983
213.78683118483443
214.2752774089111
214.6639909594355
214.96013558503802
215.26300880526188
215.71395593483865
216.38679687894836
217.17327313586986
217.8574705240731
218.25691205472748
218.30363660668016
218.0638840499308
217.6790280343269
217.2726239686665
216.98894425272795
216.8747782749468
216.93882771220274
217.2046209147352
217.64040245565772
218.1832407237361
218.69503693027272
219.0650274185066
219.28246738975747
219.3333395031141
219.15443463696135
218.75035438489368
218.16872551742034
217.43401851790063
216.66830906512425
215.99409465991158
215.50240178413458
215.23756708393523
215.11534295962366
215.09144800568026
215.2572074784534
215.62017344859126
216.09799831827266
216.53793278492742
216.87175904467603
217.16300232146477
217.45155380628321
217.70236940869066
217.98382456050834
218.46843839200096
219.12824660740998
219.9569120034518
220.92159287385385
221.9050698752757
222.76977075190626
223.5073084283788
224.14144265708603
224.6163548619653
224.77616285571236
224.59830252325565
224.2325362051272
223.61049689523193
222.6256029303965
221.44654571661835
220.23657514042176
218.99125075201553
217.82219899281063
217.02825624674634
216.6784863117519
216.53002062310176
216.35578536245768
216.10763226086945
215.8001216749889
215.33260008253177
214.63666556948255
213.85224218743116
213.2185440420214
212.88275328178503
212.76396198135942
212.73328235582355
212.87656339812892
213.38468954191327
214.29103734246965
215.37659647623087
216.0184660211997
215.83434628831637
214.8037856125672
213.1558230509022
211.1892747079398
209.026531572963
206.95847217118853
204.96151389929253
202.3743852793935
198.9704270865038
195.05390597049148
190.795216020514
186.97230137713575
184.98769047377567
184.77639394839184
184.66942189110748
183.19103130340906
179.1222803170286
0.0
0.0
0.0
0.0
0.0
0.0
0.0
0.0
0.0
0.0
0.0
0.0
0.0
0.0
0.0
0.0
0.0
0.0
0.0
0.0
0.0