131.77025243835973
133.00384285088575
133.9696181600038
134.87663742317352
136.1722967051195
137.81492446303875
139.58666012967242
141.41164139140028
143.37756880024318
145.62882563805806
148.09745958933078
150.58875767836687
153.03121868581675
155.43219390851385
157.8441450846761
160.35275609547168
162.9798784023576
165.57702728191921
167.88348044492744
169.66006637584422
170.82577015196551
171.44351425414666
171.60466372045747
171.42745147552364
170.9758259137522
170.36701219156106
169.7952231132767
169.37848882278016
169.0958853920575
168.90831815183213
168.8718263559758
169.0792975276442
169.54221326785557
170.19668602071593
171.00150376803126
171.8442624287938
172.6274178008483
173.3401536727029
174.02660283986435
174.72073729944708
175.46376939694656
176.29314941790193
177.13226619795353
177.84571172971562
178.36392681685498
178.65968516222057
178.72211215696916
178.54629523991187
178.15117951795196
177.61085738440315
176.95746882896407
176.15156651157426
175.29839719344068
174.545009484344
173.98768192736867
173.7244844750328
173.70109847937633
173.74376945339557
173.6787299229115
173.44265197243286
173.14604826038737
172.87598485929524
172.6675130539371
172.54036434803373
172.49297667724963
172.51602645423537
172.62461852113697
172.8453702877692
173.14879329203671
173.47116843677915
173.74824057918534
173.91409193118923
173.95424736530612
173.9259859698434
173.8884749578586
173.8868212730393
173.88630104505827
173.86389245581907
173.90117922121755
174.0853061962331
174.4370277874418
174.91127437361712
175.37635846388554
175.65517149712934
175.74471311476907
175.75433225169297
175.73908780544676
175.69573923666803
175.52215349595735
175.10780965518308
174.60986921847154
174.2363297588723
174.0010491448619
173.84530706021923
173.710095876382
173.53825274134513
173.33432666395277
173.13312814750026
172.88048889320723
172.52393986712212
172.03649197203643
171.43563307253447
170.77512566572952
170.18430574430562
169.80577576399216
169.66665199456017
169.71387361092712
169.8569588597802
169.88732536454023
169.78384449659288
169.6289582573514
169.42742292534854
169.23572929916858
169.03883108041123
168.79196400629917
168.50313930451065
168.08182991476275
167.45808426409184
166.86689598182707
166.57998277135778
166.61995302276142
166.90547224304885
167.32693662043155
167.91992106177048
168.65852116360676
169.1753510708482
169.4196845928282
169.49033430758143
169.44365853118205
169.32883693536067
169.10688840847084
168.80291754311799
168.52840179257052
168.37144718006516
168.42936267184348
168.76367451640596
169.3834229503731
170.20028858541752
170.93713331256527
171.49024183265647
171.7621397914071
171.7518143839869
171.61359103668815
171.41742514011378
171.21309156572067
171.0075471678861
170.86948164126815
170.8632246739634
170.94992149024148
171.02791872379473
171.06019795237773
171.06663877015555
170.9651930738608
170.6780399144912
170.26365497687686
169.8265007917778
169.4486556729679
169.13827635423107
168.79110165701297
168.3099212247123
167.81390933575125
167.61012072675277
167.85384092907992
168.3997988741045
168.937893945577
169.25154245355245
169.5436844851854
170.04268839584415
170.68345771293775
171.37800330212954
171.98763469112762
172.60078261944713
173.51043393138997
174.92007763938832
176.9477545308457
179.4860317762941
182.3003114253249
185.25013473818888
188.27324196219425
191.38750501209182
194.72075758057002
198.41731014399255
202.52024872469403
207.04448916817904
211.90067228139782
216.91026738128943
221.84739439095722
226.43772281603688
230.51466766239977
234.21733314467576
237.76452410016503
241.23878722249808
244.6801888302631
248.07246742070558
251.31107127135897
254.2396874913089
256.7243583874481
258.64359483707335
259.9456555193167
260.66908749961584
260.9198529720937
260.8241887218963
260.5615626604538
260.2182184443833
259.75348990156715
259.04461893486837
258.0224851748146
256.7547535903024
255.35212477576212
253.9827195734194
252.8583043798772
252.12664899090214
251.76962380216588
251.6229802861326
251.54315103284333
251.45197261908746
251.29188707850298
251.01495149800544
250.61432542156908
250.29641719361126
250.2626667454641
250.60277276864906
251.21123380808666
251.92315757112206
252.57395373779218
253.25958480464712
254.00794600004045
254.71845788504274
255.35824753042863
255.95740319112363
256.6733296748725
257.712337926339
259.03366874609185
260.3760824225422
261.5254930287504
262.47759657720815
263.2719991240504
263.85694795092536
264.17460914162785
264.21206867654905
264.0034437975353
263.5467257451104
262.92754204229664
262.1936550269928
261.47426194893194
260.8950699976837
260.536424574237
260.3458812166906
260.3557365366493
260.7321924065395
261.38970822356714
262.1252414229585
262.80537227488475
263.1418474488195
263.0530629377089
262.63142430860097
261.9126222658226
261.15549363997695
260.6133880067055
260.28855101444253
260.07618486774606
259.9885737868333
260.04364027882707
260.0376433272392
259.734726621717
259.18486737665614
258.5294883653265
257.9562910766676
257.56822677232117
257.40089678721296
257.40402975103245
257.4735506801256
257.51576622732176
257.49346742367106
257.51183760656454
257.78981374569173
258.52254414444565
259.68744766932826
261.167500906679
262.6101564094385
263.71868693928604
264.4686135994419
265.03374874691065
265.65803380968003
266.4356837768282
267.21798379264294
267.8085771894211
268.2428897572377
268.5890177518702
268.84522670233406
269.0195063824293
269.2505165872531
269.56024605404383
269.88535578010004
270.1017201054535
270.3039095424741
270.72968232951166
271.61944104441847
272.70029164153965
273.646749084928
274.21762144680054
274.2605487491105
273.7425421204104
272.58424398665414
270.8131578126469
268.7694495979619
266.8664728244095
265.4256097807963
264.5316932181569
264.1270075757051
264.07250720255297
264.1574515314046
264.2460121459742
264.33479426480227
264.4660465528805
264.6972977286845
265.0071813896653
265.3059483838291
265.5257023782027
265.65449740258043
265.7632574938355
265.9143580864655
266.23957119339644
266.8884938257884
267.87878394586687
269.04244612782543
270.10688287643626
270.8361275181492
271.1738684152455
271.2191180617894
271.1454045439038
271.1413154987642
271.2753977636892
271.5191255226199
271.80543862892114
272.03827311598457
272.1056091173399
271.99466030521137
271.85834167393807
271.9288608715749
272.2755704000339
272.6683432493068
272.7708763654098
272.39655482122964
271.60029874504903
270.52658372316773
269.55492818217647
268.7629937235406
268.0428694147479
267.22027340464905
266.02874018607326
264.48169178709173
262.7542685303485
261.04188971020926
259.25831867724844
257.1247221495595
254.60298355734074
251.9288896873545
249.547832806405
247.90036538923817
246.96612809328929
246.2031123484385
244.96726749877047
243.14233184854663
241.36824349568013
240.17348000608717
239.4532899911314
238.88940735179204
237.69622937958258
234.9783741744045
231.01632281951066
226.5985967112921
221.86976327421002
218.86176368853705
221.3706838670894
228.61912788395148
0.0
0.0
0.0
0.0
0.0
0.0
0.0
0.0
0.0
0.0
0.0
0.0
0.0
0.0
0.0
0.0
0.0
0.0
0.0
0.0
0.0
0.0
0.0
0.0
0.0