128.05186728744448
129.6548355809893
131.6398981966925
133.81407455831047
136.02264490086532
138.11233775944936
139.96863049863396
141.6016967773607
143.1927521560931
144.93026288981378
146.82979147390475
148.7474069460592
150.4724096510735
151.87045649048466
152.944210994587
153.75262263891304
154.31538628563936
154.62806526257643
154.70493042467842
154.59426593115052
154.3709698499968
154.1085740515017
153.89833280269667
153.84385603622988
154.01502546570748
154.34935389021285
154.71204109560463
154.99838608693008
155.18253133243627
155.31770694622904
155.44929890542633
155.5805643411047
155.69764781408045
155.7853848079998
155.8029445863716
155.74021936895647
155.65603940517383
155.6373966400118
155.73995301682942
155.9996020588327
156.412898530045
156.91835713995505
157.44069844462325
157.9754534298358
158.5963606794242
159.36771555781786
160.2878767791602
161.31002531888024
162.37232208598903
163.4214683357423
164.42824719708932
165.4097026495261
166.44269999522731
167.5914202936334
168.85878042309812
170.1584450567176
171.310416784031
172.19650058265142
172.86033239478652
173.4435272410779
173.8377448861942
173.88332937709555
173.51436968150742
172.8071901030877
172.08697202113808
171.4760389766391
170.93691521322563
170.43206523713155
169.96603526619373
169.55697406750713
169.18366134653556
168.8141980696339
168.37604956208514
167.7880301518406
167.0409381597194
166.2233552039247
165.45414484854695
164.79756032878637
164.2763646767317
163.88235890119708
163.58570524974934
163.3738050377251
163.23743647337025
163.14601940388866
163.09198842306677
163.06256692719316
163.05468973297909
163.08769062793863
163.12271055004615
163.122652188628
163.12072476845654
163.11818907816237
163.0765730025903
162.94426147955127
162.71608042554814
162.5304330025566
162.58253401703072
162.96525190370673
163.60963326706542
164.33032873673784
164.92603321783415
165.2911756315577
165.4104574126197
165.29970606392615
165.0161378289553
164.67177794351326
164.3822149761999
164.1907795479305
164.0624688278789
163.95527324997096
163.87091240853206
163.81849201236233
163.78502525870047
163.7202467157822
163.58313891939588
163.41822047706626
163.3229541725277
163.389544900347
163.6454365122848
163.97541701051503
164.22220493376767
164.29744788189205
164.12475462363258
163.64460981409428
162.91136692902745
162.10878298127687
161.44794869457058
161.08708499490785
161.08872717677053
161.37167914341785
161.79762191736137
162.26199438932028
162.73766350426519
163.27549525411058
163.88488513248083
164.47891664258353
164.93566541552332
165.16608259207743
165.15148706405708
164.90753209649074
164.46980089494286
163.94557360999278
163.48614994538482
163.19249770333954
163.09240406607478
163.14747898344507
163.27943044544224
163.42781111682638
163.56722027343866
163.69289325709434
163.8190604739354
163.91668175902907
163.88342581866678
163.64096285248806
163.20530614136072
162.62850021263844
161.96274537678823
161.26822205507472
160.6332792239493
160.13257492810686
159.8011164692873
159.6475410553511
159.66226849615566
159.86226830438525
160.29876196088165
160.98926393689322
161.89032165024696
162.93980543801658
164.05223894214242
165.17869751552632
166.31416951483152
167.34828207628357
168.18574099585925
168.748103566715
169.00301990963948
168.9702652937425
168.7033605238695
168.40196740209728
168.19724292634714
168.2107939075985
168.59943079390303
169.4412613591838
170.73130584285417
172.5432109700041
174.89707850297944
177.78551263996061
181.34346044530528
185.5491070007833
190.15637149704867
195.1434927300956
200.69792368887929
206.72044504608175
212.86819789655866
219.15175043907516
225.82775472900573
232.71118784238837
239.2690982836393
245.0725947007153
250.0433460205058
254.23537956047426
257.7912692770196
260.9373056277095
263.9928738765926
266.93130857865526
269.52530644012114
271.6041869961751
273.14458021490236
274.2370033211995
275.00450727728844
275.5409875865937
275.8399298752522
275.7153207965268
275.30092731708316
274.4183458943917
272.89069030681384
270.84586532546393
268.51929991511355
266.12734313562663
263.77880253568054
261.57150381972923
259.55845039129053
257.69560595416795
255.91513034549536
254.1577820813783
252.35978993423038
250.58310737021105
248.99341108531743
247.81066088227035
247.04973570096402
246.59565801605808
246.2347572226057
245.922377688711
245.7489140894672
245.78085229973408
246.01992213015933
246.3629223583804
246.61842098109585
246.62850867933452
246.33099091474185
245.75216600895303
245.01238012603372
244.36303199332616
244.0297995172587
244.09923925749217
244.5390227995737
245.12979100649866
245.60797139023737
245.81770945696587
245.70728768269072
245.3068906727798
244.75242040997165
244.20994207625597
243.85246169970063
243.8029955037859
244.1596074326155
245.04583587305893
246.5327181308107
248.4582738508725
250.39470578865794
252.05947921608464
253.31892163553528
254.39709835741093
255.62213536671493
257.0125299693972
258.5028907320268
260.14039941173695
262.0973748654336
264.21603446573664
266.28356168654193
267.99610097904656
269.2694461355755
270.1237659171427
270.542667430247
270.6025736199058
270.4338433441818
270.2413723154082
270.1238701523455
270.040406525403
270.0148255241189
270.04929646638675
270.10348805751914
270.1153604930651
270.01912928842125
269.7918061145548
269.40997635227734
268.82513583472
268.0041239247996
266.9592131000936
265.7751375458457
264.6258217859326
263.7215180910551
263.175481307706
262.9167262420989
262.83996819813945
262.8328288260579
262.78992072074857
262.68053061946796
262.52324906402396
262.37353039439574
262.2503367823995
262.17487973706886
262.15843855032006
262.14169581156443
262.05476710437927
261.8836268744395
261.57612183672194
261.0979678288819
260.4714730076304
259.8798308090671
259.5439456503909
259.5100630612576
259.7307990542456
260.04351015857463
260.23667856240814
260.2244199810882
260.0418412276969
259.7643910582666
259.46675693463635
259.2800108691787
259.3513855987008
259.68073362624966
260.29687112418264
261.0957803490288
261.88674191289397
262.5383279174331
262.9427329733239
263.0061857650837
262.76496061544117
262.2940812193093
261.64184888343567
260.8600490916509
260.00308724521085
259.12746484854483
258.34633612671274
257.81464165615216
257.4866662377148
257.2265353238387
257.0311376675428
256.9040333336004
256.8975921387799
256.9279783843309
256.8482283328215
256.59160412469964
256.16739348330486
255.72379073603742
255.47490263543966
255.61286492208743
256.33634024887834
257.6333751695578
259.3137023854394
261.1005841902801
262.7636071444305
264.1762886511549
265.3772937291957
266.57436591391826
267.9134441940655
269.36673681872946
270.7599082351562
271.7839344158027
272.19156229025293
272.09843365049414
271.73103922423184
271.15012109651565
270.23946620366144
268.8180473824333
266.72233613803644
263.7992441946844
260.17044450820106
255.9922973586295
250.913365571959
244.29330826188934
235.67219939486728
225.8970026075188
217.27834599785103
211.04452089564657
206.69221317676272
202.9121108251033
198.24395257376347
191.2234420548512
182.20225410235918
175.68263878316412
174.14322007242131
173.84432490206206
171.22238255711056
168.2181466361773
168.69547862932345
174.5934144523648
180.19976017575937
178.11995683864336
169.66219965157427
0.0
0.0
0.0
0.0
0.0
0.0
0.0
0.0
0.0
0.0
0.0