159.7872657497382
153.2172799570546
146.44956148588253
141.50881018954257
138.59214978869676
137.19540795414224
137.11207570338033
137.98220237729538
139.29590523429397
140.7948869172807
142.48537711792557
144.4050470336561
146.43514982212312
148.41071588542223
150.2175722411625
151.77399211524084
153.05846356048218
154.1181115677766
154.94896207567618
155.47231684323995
155.67367343548318
155.66814990102296
155.62665848044207
155.71492859769737
156.00541787236415
156.4274835771705
156.90117578287874
157.37412900511976
157.74950293325278
157.95746405058335
158.01387667736904
158.0378106517376
158.21676674649473
158.69777838412642
159.53941695603865
160.72775594267995
162.21820873534674
163.94565733820767
165.79089283630415
167.58496041515747
169.17490578760385
170.44593914921742
171.39563711479067
172.09655233148308
172.67246464411056
173.24100173770506
173.848919809433
174.4960798721719
175.15130980932824
175.78437149032112
176.41222833220186
176.9807030974585
177.47808589916747
178.02353397549814
178.73990707583812
179.70976126120092
180.93903766926877
182.35340634308054
183.78610777909265
185.03891493735594
186.01166598722818
186.6690392551977
187.03844581985226
187.15960788349014
186.99499490863354
186.53714090661902
185.9570960171312
185.45870896433382
185.07453491845376
184.74085345361445
184.39263217406187
184.00218762393627
183.6114968651189
183.3044491624018
183.13108449810966
183.06048140009145
183.04398001146515
183.0299241285841
182.9703164713981
182.84388168726437
182.58761241641542
182.1228609289588
181.4808374600005
180.74018877232353
179.93783692565802
179.08417373987703
178.23950817639923
177.4757479274137
176.73335773184584
175.9339131555792
175.1340935621398
174.46691514195615
173.97185434681109
173.59497205993443
173.27984510702615
173.0028211787617
172.74209035531402
172.48157743875916
172.27191697571268
172.19185233339016
172.25561846937222
172.42381097186188
172.65473677925516
172.87813477136737
173.04258923503107
173.1356420061911
173.1023675467799
172.8856659366533
172.54642540210875
172.25592334039555
172.04445924721958
171.82325221778237
171.52879093701523
171.1057812441477
170.5489620957926
169.94751800474378
169.39910518258182
168.95515555158258
168.60813674173414
168.3157534313516
168.07631273631944
167.96305307571083
168.0286342246238
168.2783255831144
168.6410490902271
169.01805817173252
169.31157885375669
169.3864708353011
169.20819430919883
168.88470562407582
168.56528254431032
168.3548085371785
168.32246799134955
168.4701579391761
168.7729870100337
169.16883568999353
169.56009063044368
169.8660784280906
170.09320667191346
170.29245643534833
170.41397126583342
170.38782200322538
170.2114657394044
169.98976595134104
169.8182246655235
169.69641972724685
169.58533719490532
169.48784518999707
169.4274550800562
169.42266992758618
169.45783817012554
169.49595195993646
169.52139315773954
169.56430824444246
169.71365171655765
170.06265696449552
170.67302622452007
171.5317859786794
172.50863124872347
173.38866905587784
174.01173029346938
174.36841680751616
174.5059796262095
174.4335562660224
174.1204036790963
173.53840817852085
172.71887733596293
171.71272094631388
170.55784086446778
169.25768853551222
167.83479318224056
166.2809078429974
164.49267727541962
162.52769650079026
160.66546524675562
159.0151075373795
157.5774895615482
156.41382360428048
155.46872449670167
154.58604189538346
153.679220804876
152.6986541223194
151.78326605211242
151.33250131762588
151.518995208845
152.47959700596547
154.22501134723478
156.44440192438194
158.91074328561388
161.60982062334148
164.56690465781793
167.6783165607187
170.69291452669546
173.46386677357913
176.16672594483467
178.93865289093077
181.82562481011985
184.79209302316744
187.67633479135017
190.1974829410275
192.16726807319736
193.66510792827657
194.82829059976524
195.7477015612965
196.4409178532964
197.03283003235182
197.7624729622138
198.79375082391232
200.09884156147484
201.52000189184224
202.8751611255897
203.99023358304407
204.8525034267687
205.48733268197623
205.8842211523535
206.08157042956924
206.21714563301055
206.44319265669182
206.93002866972
207.8014264322069
209.0247448865422
210.37680700400765
211.6429568129547
212.70258776040555
213.64483490596484
214.56385219500794
215.42389597847955
216.31164173027412
217.18536782214284
218.00247855681255
218.81631994136393
219.668899989205
220.66374631869274
221.68113908335684
222.46575189422913
222.75396868437699
222.49271298628116
221.88791219918514
221.25812967968804
220.82494908050273
220.7656266084984
221.12756718067226
221.62628114951195
222.03788212772824
222.1448988196053
221.95371751842404
221.68217703494577
221.510419321928
221.461605451246
221.41904964132098
221.33431455210663
221.36726922217085
221.51769631502006
221.45900080249916
221.13878204581377
220.5998414573441
219.83644559392155
218.86479008734912
217.77898328670983
216.71141735638392
215.65800303796237
214.46427478370134
213.03055759517946
211.50060590237217
210.31884072904785
209.720473669
209.5557054941156
209.50052816891724
209.35287100619638
209.18649632188865
209.1296634893489
209.23710075828507
209.60401615543915
210.35689957175612
211.58060689252238
213.0614329251127
214.36094491433602
215.2317508822245
215.67703685628166
215.73737088026857
215.46309694863024
214.98540518320587
214.5336548523044
214.30039685740275
214.37145634686064
214.68925400249162
215.16910878853497
215.7277748803472
216.22759621572402
216.5310709623504
216.58748646781058
216.29504374769604
215.78299614064
215.25769220867898
214.79619892585208
214.4854376078986
214.40479944191003
214.54164062053786
214.79435097742592
215.04903190618757
215.23113404219524
215.24672735346923
215.03428420026546
214.70237972625807
214.46354494506548
214.47384907085586
214.7712840343678
215.23474660645343
215.64626549412924
215.91816446849336
216.09527155470812
216.24441590525723
216.36678085460335
216.4244438684761
216.36100328725425
216.18296004398454
215.88303867878466
215.45967591224996
215.0195113703764
214.70516496352514
214.6306062579319
214.86079383435845
215.28356335415157
215.76135895472888
216.22694285489908
216.6839434760333
217.12574494844685
217.39418262604914
217.4163020721005
217.3570930962089
217.44807255136845
217.86529897342606
218.61184430854098
219.60869998559292
220.79908088320914
222.1156317926116
223.50098727776276
224.75502606897805
225.72710487751186
226.45258951036692
227.00713685418336
227.60646992284467
228.46969573714765
229.52804621878846
230.633881371168
231.67823542291225
232.39047871855388
232.5145516660725
232.04684271684414
231.1397981695426
229.85076194810588
228.12407808300443
225.8851405710606
223.1845370208256
220.06495379260477
216.54111627785494
212.70592174378322
208.40242176693198
203.49982691142003
198.1204722018835
192.35339045429885
186.38667348301675
180.40256177203383
174.9355006976957
170.48357228900085
166.7799009378577
163.48928805912294
160.82608240263812
159.13251023630195
159.68931172647817
164.76157335708183
173.88917549095459
180.196553875885
177.97054067402323
170.56664064043179
166.85365366229206
172.13419358455624
181.83292060608994
0.0
0.0
0.0
0.0
0.0
0.0
0.0
0.0
0.0
0.0
0.0
0.0
0.0
0.0
0.0
0.0
0.0
0.0
0.0
0.0
0.0
0.0
0.0