122.89711047230941
134.17463613653732
143.42785696600671
147.02616197821027
146.6479098161103
145.14157134132464
144.48624132448722
145.23643974535045
147.04490559477253
149.3733997150236
151.79359257545462
154.20915817380393
156.6710504488135
159.11483345824368
161.53957408351636
163.9884382766235
166.50246469203276
169.13709957768302
171.8198897724509
174.3568367956935
176.56565966552967
178.36677935801816
179.69474468532115
180.4593988526875
180.60542736690425
180.19104177240882
179.33215901774173
178.17677889341073
176.9254815035918
175.7819323954974
174.90090849749467
174.33124454138678
174.0204740407982
173.8901462049191
173.86515352292832
173.8902642553759
173.92980952792388
173.9153592121369
173.76977751418167
173.43011467230411
172.9147886799357
172.37272186613197
171.8807527492194
171.48539980944736
171.21683475525322
171.0325484908508
170.9012970608516
170.84439920228232
170.87516477421127
170.98134441032056
171.13503557035406
171.31548724961561
171.50870343289904
171.6824719957147
171.76962951073946
171.6832790883732
171.36925120768996
170.9093196684794
170.47220122098
170.17261419516717
170.1149836188008
170.3525176137446
170.7993046706898
171.34164033215657
171.92185822311166
172.5071383006384
173.11958961406802
173.77005638376195
174.3925666697296
174.89889614494834
175.24221657097218
175.42379834103792
175.5358722377006
175.6929848413812
175.9094674360922
176.12806811538772
176.28220680438886
176.296812238371
176.08975764478328
175.6892130329359
175.29694866438302
175.05769856415486
174.99990745752342
175.07607987412464
175.2406017800866
175.44768352145758
175.57789015928498
175.6030231235002
175.57920721928053
175.5179895777327
175.4089474383077
175.2063248814734
174.89600132867707
174.53655697232958
174.1995479178301
173.9379566660317
173.75440129298343
173.62980707739243
173.56898159610432
173.52138989658698
173.4046401814557
173.19762278872574
172.91674611611194
172.62296828102262
172.41894069473227
172.3984069659739
172.53874456869914
172.76081327944374
173.01728269246826
173.2590309076864
173.44889587198713
173.6117515826806
173.81281018850876
174.0868422742288
174.42386856351342
174.789649210427
175.19667540486438
175.67314166498252
176.13249785693043
176.4732559190688
176.66373428814518
176.77296278327628
176.86639309232226
176.95236437303726
177.00300302956578
177.00668945773938
177.0067517574558
177.01101098000822
177.0423978919355
177.14933545076443
177.33744900216342
177.57309526747594
177.7760940364455
177.88870356659982
177.89365799361886
177.70528967576604
177.30097692917988
176.8192955261612
176.34200425964406
175.86234952489866
175.35126704131778
174.78035887819345
174.14265211329885
173.4586039222544
172.74880029833486
172.03850090995928
171.35808036707337
170.7148495332047
170.06281339116862
169.3571457730136
168.6020228884429
167.8238084352193
167.10300264379646
166.53238057850822
166.16885313644116
166.03875362292987
166.11841232412772
166.36494298776967
166.75499755790406
167.19182164089486
167.56030991945192
167.82932156796068
168.0446568822264
168.2844266472821
168.65114583933905
169.2537099327501
170.1500436688939
171.33358546246862
172.76141917788883
174.32963279752772
175.86846416804048
177.23303016066092
178.3126521258271
178.99652665164132
179.18532776982744
178.8196845903703
177.86182311038726
176.30557891877808
174.2562792122188
172.22450176654053
170.96588382817737
170.71946960408945
171.22366652036126
172.0246524836374
172.7036107729418
173.35793546467727
174.19225152890024
175.1948780020446
176.33190595042
177.55533329018328
179.01662512204817
181.15168181357947
184.49700825649023
188.86978147343268
193.34785189018896
197.91938527932783
202.86560110680662
208.08238610810673
213.2914919691167
218.10427443691032
222.53267107345732
226.6388711356053
230.0425426016241
232.53791396418018
234.03417421340913
234.7116664496947
235.02737738739654
235.29458758900472
235.6639355019276
236.23384836758376
237.09219201987935
238.19981582925408
239.30517750360264
240.1259266358199
240.53234097100776
240.6046169992209
240.51535761128878
240.28000861839814
239.97733983260218
239.71962771707894
239.50933153590148
239.45350843014
239.69333869214742
240.17555770528898
240.78267197733388
241.55571129467742
242.60270345519035
244.02186415707484
245.85171694937083
247.99666958464934
250.17430919783064
252.1503233828103
253.7728217217112
255.07442641613278
256.2745392213023
257.61969739652653
259.1895051467021
260.8609821950208
262.4444815141372
263.75136724601555
264.71496159286636
265.434863315484
266.0624837331601
266.6468294414634
267.08434475256036
267.195473048543
266.89391297849124
266.1932576548513
265.1741812971871
263.9931156370595
262.7671508783101
261.6290153608227
260.68281145089
259.98654255138223
259.5665382485192
259.40926743981873
259.4678790303912
259.60768917174255
259.6520737776761
259.5062264327179
259.1841021335464
258.7324424232167
258.2080708281942
257.71325743236514
257.33179902829124
257.0817115927608
256.9589297260555
256.9394425571386
256.950933102058
256.96467312065863
257.0133583367472
257.1613556884721
257.42522512441263
257.7417104860528
257.9492034579507
257.9770587573697
257.8677607302326
257.6920966925259
257.5041666668874
257.31902954098877
257.0380886713416
256.58566398196217
255.98999762733723
255.332082327247
254.76775005787658
254.44548584708002
254.38287860756128
254.47857493114532
254.63987467038964
254.79368928724222
254.86953149419645
254.8230859594518
254.63549107519893
254.3254506478407
254.00167882726223
253.76034292469333
253.62627428581783
253.56221387566842
253.5537519803123
253.6432841083417
253.84510558763043
254.11732322876776
254.37920013197805
254.59914131612925
254.8202840788062
255.0704572813069
255.29175233928112
255.37231998882646
255.22585674189585
254.83160503882513
254.31588731196518
253.88160883246454
253.6617466020545
253.69570599278944
253.95576493380958
254.33615019159504
254.69957872739278
254.92566545072748
254.93167801658046
254.67939954962532
254.22045855066972
253.6702112345144
253.13609042862655
252.73512064542172
252.57798113115345
252.6653778817031
252.90239679938975
253.17427394517887
253.37798023700736
253.45523295837953
253.40284800520567
253.26027804160609
253.07527031962323
252.88625581009705
252.67485195215443
252.48609763890772
252.42865923566018
252.5722190449514
252.9403698665746
253.50387361307074
254.25181588540698
255.19206970422997
256.3322570618647
257.65448766560604
259.07386847301024
260.47871731350807
261.7684633769058
262.8845374930891
263.7737246902794
264.38848451628036
264.7227291793016
264.85701709317857
264.83342491385827
264.6264398967966
264.14268790661504
263.23392872772496
261.80064647581617
259.7592459127688
256.96860466946856
253.41936891303658
249.333398432743
244.88810540852774
240.46226958033017
236.35209288548714
232.64994192440193
229.25357484156223
225.90526728885595
222.57071658652177
219.65107561460377
217.15640174798406
214.73293765693614
212.05243707662848
209.2968505940826
207.25736352463608
206.89836515165905
208.3728526879615
210.5845895655478
211.8576952899426
212.1753487364481
212.76991384101402
214.9290106443317
217.90519122003744
219.10817250039764
218.93018868697118
219.508010597243
219.74729169496527
218.01949542557963
217.3194887946803
223.80557104482358
235.94640369899548
246.11084510858916
0.0
0.0
0.0
0.0
0.0
0.0
0.0
0.0
0.0
0.0