139.1571302911741
140.26463714119268
140.74882332082993
140.85533328420289
141.2663973069984
142.30692521560604
144.12235390728432
146.6977960431714
149.86896424354023
153.40256783363074
156.99496079421527
160.38615099414346
163.43394667759688
166.0654226044161
168.2903183279373
170.3388519729607
172.55067136542922
175.04679081004295
177.6012069042253
179.858980378276
181.62921771024168
182.81876331669122
183.396036699277
183.49434450766898
183.2960199242141
183.02047599865406
182.828444322077
182.7284394321836
182.66862683153025
182.61591398795804
182.6540398116247
182.87733365399248
183.25014167862162
183.65451481378946
183.9770584790643
184.05739164182378
183.81124931581533
183.3183666140915
182.68388167226172
181.99339890145205
181.27703682302968
180.47775950361236
179.56670262441844
178.58366785801968
177.5853356901075
176.6414900427734
175.82388681479003
175.20269750889076
174.82682045955556
174.6776758109336
174.70560605310817
174.84996337760808
175.04591170924454
175.24007217301516
175.31934777461043
175.18246187707967
174.85161817186446
174.42326306875458
174.0447736767063
173.77368570517015
173.61958413478925
173.63227134244147
173.86951663299226
174.34321288146936
175.01282705990545
175.84627977751575
176.80847300522905
177.7799684750459
178.62615865350483
179.28092798261991
179.69824751355551
179.83720675677938
179.68099018452438
179.3034511221183
178.7797846300332
178.19514886376464
177.777336025093
177.61568098810318
177.52184743197364
177.36156119398314
177.2337322753587
177.24874776288098
177.32168971300257
177.335109174401
177.27047657636643
177.19171794600464
177.20891247305775
177.3400713212514
177.39697592694193
177.1760160577667
176.69132018867856
176.07970487613355
175.44291625025215
174.862258409666
174.35536799487915
173.88986696303738
173.5537162602552
173.46788326988718
173.61418890283872
173.88002454608358
174.17811647668537
174.4506824004178
174.6394341601905
174.71395772398665
174.6838574106197
174.52938559239064
174.1904542043779
173.69568025375827
173.16547456839712
172.69068020911322
172.32125250533477
172.04751569677464
171.80379164855088
171.6182873776518
171.5647951834844
171.5959942607892
171.6249427059682
171.6316317385645
171.5511099311467
171.32351102845027
170.91676239346623
170.3216302970421
169.69956466054225
169.18642751276957
168.9094079975944
168.94505625682413
169.21172610698335
169.5889141562646
170.00800267033856
170.43427991079304
170.85367023009545
171.2627087786987
171.64641497372807
171.98784207885822
172.28678770819607
172.5673956171102
172.88651050501184
173.235559788351
173.55916079718492
173.77503314671662
173.83736202814913
173.84786865049074
173.92209896514862
174.05619913828727
174.2136580868507
174.29592152424954
174.18683294140033
173.85029673545765
173.30135650220518
172.60051628879165
171.88038521416695
171.24674770499894
170.72185563214833
170.22191805644945
169.66858187041913
169.07240612564306
168.46406210189926
167.88329259878202
167.35755456979297
166.89537055788819
166.50599172006298
166.2019166777228
165.9680315570118
165.73875975636196
165.45463284596948
165.12202533277437
164.97811260349488
165.4534589276466
166.7354197665198
168.4813140562511
170.1768463156218
171.57697717875135
172.77854627643384
174.0467474633358
175.49939135296157
177.03931499766676
178.5991465891821
180.2173271870191
182.03253237398332
184.0420835562433
186.11507099008605
188.164790188604
190.06774308214995
191.7563362586797
193.26029450403075
194.7804716625142
196.64117317387272
198.84728284450665
201.0882122326226
203.31228115124537
205.45498998676118
207.53937148795075
209.6365898372498
211.7883615741851
214.0504837974775
216.4509593190639
218.92075446236012
221.28241117058448
223.33912138714783
224.9625204655441
226.1465842193876
226.95409084073617
227.4857339711878
227.85343911131264
228.15947735607045
228.4755128298016
228.82060852458306
229.21879123102352
229.7082443779118
230.0556798845697
230.01985473953596
229.58182422167764
228.78572128126672
227.7478656633137
226.60077511264626
225.46034718017359
224.3762492626542
223.28840289022315
222.1887948499066
221.18204940165137
220.34190816720928
219.69186509048816
219.25879875033434
218.9708609995934
218.68604981389953
218.2768847185524
217.6691109352556
217.0806665112667
216.73620036169655
216.6421188936968
216.79726612411804
217.16442922691016
217.66605957201665
218.17223847202663
218.54563466064582
218.7406137562093
218.88330580245642
219.15212458645007
219.57217614830174
220.0668600571162
220.59667669629954
221.06034034133913
221.35352141481633
221.36939020984573
221.0750331978487
220.57320510137293
219.93906831325324
219.4589040588039
219.08700775123947
218.74429479904092
218.52875830187577
218.41109082329456
218.29778086951
218.17041867937584
218.03114232040602
217.87147964490958
217.6944222258083
217.51861161971263
217.37490870027193
217.30326201739484
217.3422693389134
217.44569773583538
217.60414784589958
217.8920083848365
218.29586667245763
218.76976299752272
219.27345478408967
219.79241437206306
220.33462046226603
220.9336477578828
221.55730037688159
222.14745019301301
222.65789063724895
223.14626778424068
223.77399987537567
224.40463424967484
224.55833696118222
223.93402734859674
222.52163888420677
220.49718704815595
218.2422831452448
216.14422151900487
214.4633266213524
213.12897236910896
211.96532760055814
210.83839838650948
209.74638490054568
208.87785827064644
208.26504929405428
207.957924395818
207.90352518973557
207.94000074324572
207.95946811692917
207.9656010880502
208.0046968793146
208.08057678209403
208.21344882370983
208.4595463935689
208.84405468551984
209.35874996379852
209.95514429972525
210.5395491522664
211.06106705321332
211.546653951942
212.00437510082284
212.37672258147484
212.6702617938784
212.97415496304177
213.33171079964131
213.82361445877797
214.5595273148273
215.5618384819111
216.7988142674855
218.20427671869354
219.59745942875608
220.77566982647454
221.6166499740538
222.07389739029918
222.03832301983468
221.441621088079
220.48791494398867
219.50590303662943
218.81115322454178
218.4688510331614
218.37086931567697
218.34771441751087
218.32391023606505
218.25150041348826
218.09127635510475
217.8391478881433
217.48887972141793
217.06044250612754
216.66604081038236
216.49339892612392
216.67048258517755
217.20637522017276
218.00393220505737
218.88580965117393
219.71837933777394
220.50346877225454
221.26048784742244
221.9402939059196
222.4432569842907
222.7647464969416
223.09574656928393
223.68148838650973
224.56916580615095
225.61103249656009
226.57132584804793
227.26829921600387
227.64401087855546
227.7216669425362
227.35214701079826
226.49562429079583
225.18192740697083
223.5895059101547
221.88290361074058
220.00248879918976
217.80878659895268
215.15976532133902
211.85300910840243
207.42520991286796
201.5069434953001
194.34282828494005
186.38006578980423
178.864516956697
173.14246103255363
169.13223575774714
165.98227895648208
163.0774324713483
160.03351136509545
156.38455182859002
151.90772332785653
146.84647511408528
141.84804961389838
138.36727032582286
137.58807890427056
137.96501693431645
137.39342549130208
135.81813476664632
134.7985967290788
135.53490963646865
136.74031630052775
134.08463202652914
124.99706317279956
113.0441492147023
104.9019094109163
102.0164422864742
100.86220076829866
99.08580804678498
0.0
0.0
0.0
0.0
0.0
0.0
0.0
0.0
0.0
0.0
0.0