138.87883701173342
141.01516728151222
143.63418613217576
145.9654796042089
147.7248582343185
149.02651759122688
150.20238134245145
151.51367040231372
153.01309939107495
154.63080123920219
156.19697772588768
157.54743431935034
158.61356393765186
159.42920326140535
160.2732284506777
161.75688952345996
164.43518249813573
167.94947196067676
171.32476893478508
174.14872860802214
176.6711310557772
179.08238221098645
181.40070683205263
183.56686702402664
185.42516168601662
186.87336154681574
187.86587772857473
188.45959564219984
188.77669439014858
188.88280785882534
188.7952465145533
188.57462637272914
188.28698836640643
187.9703917905952
187.5921721980532
187.081147547051
186.43277078555926
185.72477621502455
185.1430672523568
184.85224851305725
184.79086932811498
184.82596028747008
184.93676920795647
185.0720196731905
185.1049078643082
184.96100967496324
184.58324301857746
184.02484619957622
183.42554668477766
182.90594654560624
182.4862654287288
182.0947359132305
181.68352814446664
181.2422308630014
180.8179176097682
180.48240938071748
180.21927490894726
179.92474618237998
179.5368824885283
179.1301001793087
178.87344189622974
178.77758201195672
178.6517721899486
178.4236552810317
178.19464339665387
178.09621024121174
178.17119944260241
178.31015917982984
178.34032498833398
178.2070188793142
178.01201583155648
177.86898741114902
177.7869677276686
177.6732302570339
177.4469773076408
177.09664510258438
176.65377455185092
176.18056366981
175.7582820037324
175.47195705695677
175.36305993396448
175.3716127276823
175.3662585094345
175.28750734235538
175.1671662377672
175.05087454375604
174.99311692401295
175.02064507301787
175.08842276716427
175.1401539709625
175.15900559050752
175.14567908140404
175.0894142627197
174.9674043860259
174.79701302327084
174.65631934513678
174.66647027455755
174.93108777460378
175.44202468137465
176.1239414466255
176.95672237859833
177.97841856543351
179.16532647838665
180.37927946079998
181.41423314578668
182.1011814352001
182.37977689144674
182.2834146125429
181.89136372306405
181.33686179121858
180.7387326724078
180.1454521886789
179.56308399306738
179.02116892589854
178.57129480824162
178.22742083966477
177.9901258142357
177.8524264098966
177.79651844872598
177.75682542877195
177.64528971405966
177.42673814464828
177.13967250032567
176.86822557542644
176.68303072717202
176.62941057826052
176.71350036988017
176.9331411278525
177.25618849159315
177.59756299425675
177.86930044122442
178.03820115906012
178.16449632588552
178.31236976242013
178.52040691387808
178.79095920493234
179.11095346587086
179.43717893904426
179.68534527405072
179.80951899481397
179.8046067569536
179.68133616981288
179.47960520123138
179.2725718764194
179.12286464691692
179.04558682968613
179.02269128140568
179.0104625941835
178.94937898013956
178.85114044014642
178.81507221185058
178.9518844801925
179.29949619053394
179.81592849821402
180.4210600600919
181.0423769451309
181.57419579680032
181.94921805570038
182.1759264362782
182.31255399219032
182.42705086462303
182.57792405775766
182.8197614845142
183.17101819743598
183.635538901047
184.25496305781945
185.07338789650476
186.0986784036262
187.36288278996795
188.93875042749934
190.8602701968467
193.014828635707
195.12881592887786
197.02601215100236
198.84751604330478
200.98999700942824
203.89285545309855
207.61850393291854
211.75335007588862
215.83222985207829
219.72797383280317
223.66934110058014
227.99517469728772
232.7980191225934
237.64954252658887
242.16015007055427
246.33240985723876
250.08983386767915
253.4094769409678
256.5117407669279
259.73698976564754
263.368228957753
267.334311716619
271.5084864600706
276.02401938847294
280.84017009011404
285.8188667660492
290.52499675500746
294.3800365153318
297.2535347099365
299.3453835206829
300.93481277588415
302.33747027444605
303.7777734370477
305.2380225861998
306.71584972583355
308.4188554171849
310.472533515656
312.7731996267635
315.0599969102135
317.1284053124284
318.8890873595385
320.276582474335
321.2625799370073
321.92009137493415
322.44916145693816
322.9546935741071
323.5247857853795
324.260672538682
325.2374165502125
326.49138371685365
327.998789887906
329.7109986807088
331.52794371711207
333.2591299818331
334.9173345936602
336.65604781490185
338.4169799183551
339.9799898958689
341.08324342526686
341.6386214395516
341.6674860634496
341.334275623105
340.54454041909304
339.2131875296201
337.5944483996601
336.2059738087182
335.4710023860731
335.344967253328
335.4850672492567
335.5661102496891
335.49604929911095
335.33990656698285
335.27430896172194
335.41761179428016
335.7336441204438
336.1271197583039
336.6543548954786
337.4435587895985
338.5248797087693
339.74771336795817
340.9630876403157
342.2033346176194
343.43510433401207
344.48012458446124
345.2078041696295
345.4796780168157
345.1688353282448
344.3821807173526
343.5611255395197
343.20994339805475
343.5082408067203
344.3856867891132
345.53877342455667
346.5732115159426
347.3480125744313
347.9658229409158
348.5160004386577
348.91954139827425
349.10541830449205
349.037610390815
348.9271426365536
349.2238858580341
350.1639670667216
351.50773322710353
352.7884344975634
353.61117832736215
353.75635771952506
353.19354247174124
352.11535133713426
350.87866787954067
349.89148106826855
349.2977626313009
348.9429555785578
348.4489425475429
347.47046274081566
346.0266232598143
344.5752792517075
343.6357808382577
343.30974960638036
343.2533840835024
342.99376560185453
342.2498820128662
341.0020567556577
339.61066168237033
338.6640815552585
338.54043683484247
339.213724742353
340.3214761456185
341.2985934829932
341.6627025129205
341.3482734772483
340.76543550766985
340.40690535063527
340.5395672290057
341.1278422356221
341.90770939313063
342.52485285023533
342.6809544952955
342.25315332334696
341.35224892421155
340.2231576401589
339.1373311338982
338.3100218479936
337.74973179781136
337.4242331945775
337.30776490424034
337.340889993313
337.39378642818536
337.37071243739047
337.34916005205633
337.377971615827
337.4658277167672
337.614174811105
337.7300526353312
337.75041680245323
337.7508064401444
337.7868001585102
337.8549902333268
337.9535943840617
338.10661004537417
338.37179032661584
338.74900906604535
339.145330597898
339.42594905955536
339.48582677561495
339.29014510377465
338.78319643062684
337.95351187643587
336.95130336603233
336.009702117959
335.38586986684743
335.2662011527158
335.6890847898601
336.5683902280104
337.69253653108854
338.8046183384053
339.7909250372268
340.68636977655365
341.5726769870319
342.43307498581646
343.19505656676506
343.7823901693599
344.2299104191228
344.6529753891974
345.098338320332
345.5979919879311
346.2982510332996
347.23523410719156
348.2474589916445
349.11841671920985
349.7742294087252
350.30150910399925
350.8320394812073
351.3904454635409
351.8526383887072
352.1095511302872
352.01764004202676
351.5316974962888
350.7347628692976
349.8540589779442
349.0759169256893
348.44863249186943
347.87880705765235
347.2290374420877
346.48506269118803
345.7051742775426
344.95021687533216
344.2961906350427
343.7902435179252
343.41312462740757
343.050721220725
342.5695330801716
341.87480775253925
341.13116801366164
340.50647573640265
339.91499070851563
339.25955396479344
338.3352123850473
336.97726760373087
335.3457066222042
333.65969020083116
332.1547808744199
330.8742811486205
329.6799401612393
328.5081345302322
327.36820784160113
326.2730945017117
325.8247747921326
326.8717788786049
329.4810708203451