142.16853580984215
142.5555599090705
143.31091362218513
144.71466575225045
146.6943483744733
148.97152552341387
151.30392791236244
153.54015676662564
155.7145322655591
157.94055225536198
160.1556431014373
162.21861755011653
164.1194460607253
165.87375347320784
167.48966070896458
169.0265322418117
170.51201861269163
171.90020205023285
173.14584709828955
174.23455271282114
175.16728209167402
175.9577535922568
176.59175308561217
177.13400037810064
177.6492252033651
178.06967450028506
178.33053121927895
178.47641237122303
178.63335410872475
178.9119770156885
179.2970507169919
179.64519490232942
179.83381191332947
179.8586797450255
179.8103044151365
179.74701260134452
179.58435035591233
179.20246225387515
178.56638787563244
177.7250929368519
176.80724269443496
175.92759999593721
175.1281350936851
174.54708158249483
174.2689227129302
174.27109261503182
174.40396939498135
174.54169978562564
174.67086051951748
174.7697552306712
174.88904106142172
175.1215098289777
175.4860856893556
175.9328284795424
176.33846570758558
176.6082789986748
176.7285474987974
176.67444608818295
176.42184306331075
175.98392764565543
175.43850222441608
174.9189047496053
174.5130030266767
174.20905427907218
173.96114448940884
173.75346232136346
173.58451406607207
173.43660286258324
173.37940156268675
173.5030662149811
173.8526591575236
174.4197832254335
175.1089192114086
175.77043973314528
176.2380352789144
176.38390077161287
176.16644257033818
175.67183352706883
175.04376726479023
174.3675790952723
173.7004884370871
173.11421748740938
172.68137671966662
172.4295284227972
172.3323062235192
172.4215075805115
172.62711794580838
172.7984911092141
172.8406729477266
172.75323880531488
172.5814931046567
172.37718467566447
172.2680853034966
172.32636188726687
172.46977557294764
172.58118669477605
172.6403227747969
172.68214106193633
172.67758274334892
172.5929926383167
172.51741794134506
172.49458234073066
172.53405409868537
172.62453135706517
172.68355289472515
172.734050546881
172.8368837590653
172.9233597436423
172.917967080198
172.78713919626776
172.5369387154974
172.24138003562018
171.9794951970512
171.76873464366804
171.5714781946894
171.4573353703299
171.5703365607876
171.89750984630123
172.28524282488246
172.60284666955013
172.79665515410585
172.95159752916595
173.0864311221994
173.16026494691096
173.19672708660974
173.1833156088171
173.0641649090619
172.89465236226607
172.72311021080944
172.61603264598767
172.61615477511185
172.6417891480234
172.60064431513393
172.51008234978113
172.4407889823863
172.45344463968243
172.60221206885288
172.8409754170363
173.05414393382688
173.16475388224143
173.1484474233786
173.0387956854872
172.83244604960885
172.54764029874957
172.23981297561116
171.9296983271692
171.55986566920262
171.05386342501401
170.44860608906785
169.85507922520287
169.34427506289344
168.90005706581763
168.51554163956104
168.24074501985297
168.07440436002477
167.98939258433197
168.01397643131014
168.1506033504495
168.30592461791363
168.37006927029947
168.3346510280261
168.29602262188405
168.32143820070328
168.35210421268505
168.3498062912239
168.31643589855582
168.18576049593992
167.90260370902203
167.49202449971799
166.99772680834946
166.556117949742
166.30048414895725
166.25515399533634
166.49127598715913
167.01017717152746
167.7879998873317
168.8478861209905
170.18552248159426
171.80725919507495
173.78673106759277
176.19948564771428
179.0705880131341
182.4795001265876
186.59507908849503
191.31529995807995
196.31890990997536
201.47406195640744
206.7966994953772
212.35927403389843
218.1621769296531
223.94607472045908
229.39070367444117
234.48019064652948
239.30965044687656
243.90157654621748
248.1436417772386
251.9553881826132
255.31725257003615
258.1135792020317
260.3152172294529
262.07194090139
263.5134093931341
264.62486940239614
265.26501122877085
265.34869763100085
264.96121876260776
264.33897289772915
263.7297789660369
263.3289441895042
263.23718430443887
263.42577321312
263.7290118375272
263.9490061564503
263.91622679369755
263.5209611092605
262.75938618546917
261.71221568744306
260.553112226451
259.527246646926
258.80705532937174
258.43486534257033
258.31662908436755
258.3093379399606
258.32235739606625
258.266846351569
258.02187231733444
257.5539745980088
256.9438301656578
256.37347630043143
256.0482402305913
256.04513224767544
256.28785895088134
256.5846690959747
256.81018085926314
256.97959383624533
257.21044993578437
257.6189990863612
258.2619397680463
259.1466536157693
260.16650345218864
261.2550288605117
262.426190037576
263.63910618043656
264.73999958315073
265.5339679209467
265.8822277167649
265.7249827766141
265.0940708897324
264.1107398227777
262.97279865919603
261.88307110879316
260.9443841069841
260.16096328801984
259.51747892124223
259.0838420289926
258.9605748666104
259.2053410491123
259.813855352913
260.6537820407293
261.49635285789316
262.12619562815354
262.359319105851
262.1539691310383
261.67814817466626
261.20213409221185
260.9350806126647
260.93126968207764
261.09998308281274
261.2566633375231
261.334223422046
261.37500760050574
261.4323437629502
261.49862853322327
261.5367258936334
261.52820483628705
261.4880021846935
261.41950325935295
261.2787732892916
261.02724937630126
260.6727085125087
260.3133524265978
260.0591096087091
259.95323455235194
259.98099621376093
260.07994891679846
260.19552488495555
260.2341913315087
260.0576821133605
259.62582173418065
259.0283311263636
258.4641411406467
258.0527394502965
257.72618708768033
257.3753262916159
257.0065367641847
256.7194510059865
256.5860702592597
256.52339668602485
256.40362824272535
256.213447891461
255.9570357903225
255.63656976715066
255.30128797310292
255.03085645640488
254.89761124047175
254.95807404638145
255.25875617969308
255.78833472606362
256.47921693193916
257.2806419768554
258.1877492867598
259.22831438373356
260.4022868293815
261.70900838345307
263.1302369364264
264.61180717594
266.03287361927016
267.243002857682
268.12355436379494
268.6633588203199
269.0315075054598
269.5222511152064
270.31261239868763
271.31590656166225
272.23971149222166
272.75984412697034
272.5803288733489
271.44220479519834
269.2063526846084
266.07195485930885
262.8535223805618
260.24147983356664
258.22337139268564
256.592748355966
254.97372290747649
253.11098546421647
251.03122439579914
248.6814243038012
245.84874602544653
242.40763658394263
238.52124030636037
234.68430140539215
231.35446468228696
228.6707193918243
226.19259048247238
223.13738920736762
219.36638771691153
216.05502458033308
214.08834826388141
213.09658305748485
212.62175712166697
212.4793374813806
213.10753884724434
214.11187479438576
214.27631371080716
213.04885484702442
210.18442287797808
206.57296296398053
204.86279978689356
210.28868410566665
225.26920955110094
244.077943837384
257.31058384865105
258.7752817893856
251.61774177758832
238.22002218928554
221.19718240219123
206.49097203122204
195.33788235404165
183.73289221260612
170.8987097730405
0.0
0.0
0.0
0.0
0.0
0.0
0.0
0.0
0.0
0.0
0.0
0.0
0.0
0.0
0.0
0.0
0.0
0.0
0.0
0.0
0.0
0.0
0.0
0.0
0.0
0.0
0.0
0.0
0.0
0.0