0.0
159.72061405683286
156.94565140199745
151.62765282652936
146.06049579910396
142.20563490017884
140.437147340982
140.38551437643358
141.37531437751596
142.85010449218677
144.57766072424968
146.51753681766263
148.55649922458934
150.56654484224688
152.46252384960684
154.252845729341
155.95269059237057
157.55763264056426
159.0874645202777
160.539121589981
161.878797208572
163.11727285191648
164.27065463422645
165.30621702576028
166.1983286513697
166.91124006684976
167.4108356992074
167.75132851617684
168.02086910269054
168.26771487018013
168.56903903768261
169.02484728218198
169.72167181203588
170.7528890222695
172.15104107596147
173.84577165685744
175.63370022181232
177.27388726005427
178.60739680954225
179.6043895981368
180.30087673001591
180.69906862944097
180.7979409174914
180.567075871829
180.0055370666523
179.1667679906391
178.09551898242066
176.89444768419847
175.7877804330406
174.9342480593349
174.32461056653386
173.89670861872665
173.5896355230777
173.3507010765117
173.1349106633855
172.92843707793753
172.7325236289799
172.57228015194107
172.44900904051894
172.3092123551247
172.11475919586542
171.8670255466589
171.56371879130302
171.2498495068011
171.06706450064246
171.08508661090602
171.22795302797945
171.40610167688433
171.60007490881625
171.81562826725565
172.02437240593935
172.18600092568624
172.27083719528278
172.28086381599496
172.228093591087
172.12252888701286
171.96420618641326
171.71926713997416
171.37460834446506
170.99823324491237
170.69427537196066
170.51071870718158
170.40883951886926
170.3273745854468
170.23298802559594
170.14336359552635
170.14142006235147
170.26421662542668
170.4360832047049
170.56113092333268
170.59314219294285
170.5816714102166
170.57364737237688
170.4676078882274
170.20047654232272
169.85604851854768
169.55161993145845
169.32504273903982
169.11968659415038
168.86580364096233
168.52698274128915
168.1326909054063
167.8116106311109
167.66600387046364
167.6642385589579
167.7106599301602
167.71755561904024
167.67195310631692
167.62314996747114
167.6212103222272
167.6471572792198
167.65763003615712
167.62437454392756
167.56275906321198
167.50891671836453
167.46914845563464
167.48751260892465
167.63384127082452
167.97206730687307
168.48304000435314
169.09779713954154
169.78495172600498
170.53523424263676
171.2988386088788
171.98384181361973
172.55086499969428
173.02785870263878
173.43976107195107
173.80251945538794
174.11658273862892
174.33018066263645
174.41974062391174
174.43471627561252
174.48866450716028
174.63161106106173
174.82173162329207
175.01179168031655
175.1881297663094
175.38037450068626
175.6409944837322
175.96001311313233
176.2114952216901
176.25993703339694
176.11559633807718
175.91089497753427
175.72533668142856
175.5736880887638
175.41318464866566
175.17220334707534
174.8463133937145
174.4610990147371
174.03882684736828
173.67245278284264
173.45241575701203
173.37616515565202
173.34934108625106
173.2717916587153
173.10312272169995
172.85074961978734
172.5572853087881
172.2940470684116
172.09866385562168
171.98216838929403
171.9369456019979
171.9401582796045
171.962552081232
171.9527955412819
171.82884499452126
171.52560256292054
171.0429866461101
170.4505609605264
169.84943466144736
169.3290223375301
168.92182344525503
168.59731604978697
168.3230728723971
168.1196002650142
168.11488709290066
168.46166253613598
169.24677751859693
170.52391019396612
172.33953425925455
174.71802141090802
177.62886965218033
180.95395041759633
184.60684788989602
188.56898872441673
192.79029411325837
197.13825369470746
201.4164680695046
205.66686299660213
210.11249986533494
214.85857708856625
219.6087855100223
223.96799792227037
227.92266353393018
231.6150678066633
235.16228486781804
238.62105448884677
242.0396395542064
245.45397899432308
248.91203935202802
252.3537709506687
255.4495643971975
257.8260372894093
259.5046727671608
260.61286187967767
261.1809250916411
261.21771745598164
260.6953121780159
259.5323918440748
257.7903504027327
255.70708772279286
253.63659523446256
251.88413898204664
250.68141574280077
250.1246959637112
250.0725947362295
250.28072568961133
250.53317210120068
250.77907865589904
251.0931457557034
251.48315502579862
251.8646337594868
252.18610974964605
252.4454485644156
252.67172264026024
252.88726574255463
253.09740878937743
253.27356545386928
253.4111301899907
253.51246065641695
253.52700938129985
253.40837070805446
253.16269839049426
252.81420980449803
252.4514857786594
252.18986519482428
252.18132847651196
252.51314177403145
253.1586756327699
254.0222436397318
254.97844446161392
255.9334529048242
256.80137955453273
257.4925675398654
257.96360143092596
258.1883358357187
258.2072615616886
258.15964913704863
258.07833417661107
257.90147303000833
257.6056911161243
257.20877969691156
256.7795089220068
256.4297953164778
256.25007142083973
256.1803602367005
256.07375169619513
255.8405892934011
255.47693740039085
255.05447985331
254.71465450853148
254.51910733446303
254.41965048807333
254.37649570042066
254.48526607719398
254.81598198855863
255.26542348603047
255.73965995962175
256.2679180964568
256.85778786985264
257.43787187541386
257.9206660092444
258.2599292187084
258.48700657294717
258.6463773097908
258.80155904264734
259.02632173038256
259.4075962128793
259.93801069290623
260.5201649132302
261.02914694956667
261.35318953777426
261.41516018375694
261.19758773832376
260.7777982575666
260.1848454176954
259.42778830546695
258.55368417100976
257.7065480957797
257.072919660851
256.78523321460614
256.801130500071
256.968943294936
257.15822303635537
257.313999190911
257.4468209891708
257.59548569478875
257.71080231622625
257.60204254590565
257.11138036350735
256.203584587136
255.03502764134555
253.8873613479871
253.03444455989074
252.662313175157
252.90483821411112
253.81332719909904
255.2494171160484
257.10570749191527
259.30423882671164
261.5871761490243
263.62942135252337
265.15355767147895
265.96674800320375
266.012647661992
265.4564842298622
264.5913284972858
263.62971881217453
262.8818228544137
262.63512754540534
262.84081355835326
263.3611858355722
264.0778459518545
264.7205060939317
265.2624754426832
265.43086639816784
265.16159792268184
264.49234672287395
263.57931016454415
262.58818146629585
261.6301512488692
260.5996467573307
259.3954212592038
258.2300622448192
257.2527467891471
256.6234536976139
256.4755258872673
256.76875856477426
257.3345485235099
258.125093674656
259.15343056002996
260.43898907213423
261.8918454688456
263.4007305578628
264.9696474903642
266.6206575686123
268.2428285333747
269.6794770936689
270.97777451853807
272.3247897227796
273.7677478635184
275.2773904081525
276.7443532895543
278.15776219653577
279.6947448727485
281.17345892563606
282.242128053701
282.57712119434495
281.7456045489125
279.99185725778284
277.64508029505913
274.8146399941725
271.5171684116543
267.74633134727617
263.53445129337905
259.1239453414254
254.81752902712876
250.66365248235638
246.41629121941094
241.68499621334394
236.38909847459655
230.90113122796328
225.59174522065393
220.5656691551848
215.57645238208514
210.48299351477135
205.71165505463912
201.78772769841038
198.64339084165343
195.54985929605382
191.80098983235712
187.47862732182102
184.53432606454507
183.30617942243754
181.7098159385215
179.7000561155312
180.6877696453863
190.6662493380448
210.71338021875204
234.46770866196016
254.63527079008935
0.0
0.0
0.0
0.0
0.0
0.0
0.0
0.0