169.25951481562487
171.76048548100545
174.22687751373132
176.17355497744197
177.79257693295833
179.5009420170445
181.4792791757823
183.61400209756562
185.74071798644803
187.64467434872165
189.1294847578663
190.0925330963782
190.48729009185237
190.30228092032803
189.56711616839527
188.32728724467444
186.92182968772508
185.71608279463555
184.83737725074155
184.09061404702567
183.21346854574261
182.27188523255143
181.39311160235127
180.48249814451202
179.40256874479104
178.13954161290775
176.87679005763994
175.84336611086462
175.11477321300762
174.5827763697583
174.16441266865013
173.86617119645487
173.60311817027622
173.1473464999465
172.34615135347175
171.266558361436
170.1094140402917
169.03042626140302
168.16010670362425
167.5249232256102
167.00880365781342
166.5906046274683
166.2494106472825
165.95701764577996
165.8177537412002
165.86417961594853
165.94375765314533
166.01016962094843
166.06491420370872
166.1965067379904
166.5345064780418
167.0476969717873
167.4937704951053
167.75945009784996
167.94435160870614
168.1701974034713
168.47864308263576
168.9810820073128
169.7774757213393
170.6786806124991
171.53010351614665
172.38287367860647
173.19544065104222
173.75000720901585
173.86080447010116
173.47800948591183
172.73249579872453
171.8727588869219
171.05502012911174
170.30884854902135
169.69184855185696
169.2805566518917
169.234207559948
169.73373250008694
170.56490280810533
171.3193839635756
171.83267588782243
172.12909191952616
172.26322728577705
172.35220662348993
172.55940815395758
172.98866013574624
173.63531576694928
174.4054091859924
175.08651701318897
175.49620072450188
175.64875992985836
175.73901972293012
175.9074808533769
176.03769207749235
176.11095785416703
176.24459949940555
176.46007575876385
176.703566368264
176.92414996394552
177.03359155801553
176.9340345219488
176.58392916893786
176.0575863559441
175.47873987652142
174.97669112718216
174.61218033208468
174.36327219748082
174.21791936911296
174.1183046152642
174.02523375217996
173.91552269389092
173.76294241126956
173.61381350916207
173.5098203098313
173.42609010790042
173.31108713338412
173.13348285020336
172.96797773383173
172.88750879284248
172.92665865662167
173.08995552143568
173.33453114746692
173.59606413742824
173.81985146186827
173.94353919891725
173.88935753812228
173.6451353720907
173.30657696394994
172.99737359822822
172.80392415079535
172.76547227898266
172.88365369809674
173.16624335287702
173.61506425037237
174.15524111407814
174.64295247447797
174.95488088409945
174.9796372013087
174.64905254042952
174.11370483450452
173.51815597823938
172.91954350328112
172.40525994323974
172.0181703390573
171.6820098119602
171.34549106247925
171.13628952173184
171.0732999850644
171.18970234110537
171.59308099376267
172.3704840627998
173.508416464567
174.827816317054
176.18173411002726
177.54203155008796
178.9569855687233
180.49824068550743
182.1923536081781
184.01617101689664
185.87963798364538
187.63223985561024
189.17656143626948
190.5492377084687
191.7858020803079
192.90036182100408
193.96423395815776
195.06223097874258
196.11998652987572
196.95130227352178
197.45770589821674
197.75412559417754
198.07316415340335
198.56642712337236
199.41077188646327
200.8351024621722
202.79828295018302
204.9162152128373
206.84999029201666
208.64595922186817
210.61694348351514
212.95938773551424
215.65296176206033
218.6862192849993
222.10764779120993
225.9299128352547
230.11245629945353
234.57560173267402
239.21926126007483
243.89945903198065
248.47344970831006
252.90175682806566
257.4086779419973
262.1913704420182
267.02016395167226
271.41368131702666
275.20135966836745
278.68690480132705
282.2094947659291
285.8928575939932
289.69001327230944
293.3698864542844
296.8227438830341
299.9736568113332
302.7385877656038
305.20162965551873
307.48192992758214
309.50928866428364
311.16738617642176
312.508481879608
313.6671887222619
314.7394737279436
315.7520142955333
316.75897800136244
317.72479292327273
318.6377570053338
319.52088789457457
320.3448271034898
321.14223719192546
321.96939942979424
322.79894354933265
323.55338392601254
324.10617671040495
324.3652848680718
324.3397844263832
324.0879675372535
323.7557112394645
323.44308780618445
323.2013333347359
322.97914738379086
322.76065632675693
322.70933999092335
323.09986912959516
323.83912579329626
324.6640905789118
325.2832869837036
325.6375428639007
325.84139440329506
325.9790543367405
326.0060203537953
325.8712727937293
325.57815363155265
325.2678231815923
325.1919487629357
325.44370076443323
326.01313083181856
326.68543048491324
327.1642541533711
327.21671041834605
326.9467770674034
326.5372037426466
326.4226521282303
326.80641067084315
327.5670815163043
328.5468661375495
329.59891350733704
330.64633365662655
331.6714648551052
332.6211968378601
333.3381489339571
333.6502295310255
333.70496336925873
333.77647265293376
334.15280661569085
334.8793156326238
335.9476194005675
337.29353998154147
338.6637854453709
339.875251031688
341.022075778917
342.275143414783
343.44894138694104
344.14405165029825
344.1412261276094
343.56467126121714
342.7577527949152
342.05589152811433
341.680487444824
341.7621923047801
342.35225688136427
343.5696521678192
345.3922037404122
347.6368921104239
350.0053550619317
352.16454441969313
353.93277298054534
355.3331174702709
356.50216692552505
357.50921276300284
358.18473106486
358.3452683923813
357.9835194121098
357.34836972274354
356.7564191652945
356.33519944279504
356.16537991272185
356.1737398737903
356.112655494583
355.8432986672134
355.2280225255182
354.09760691648944
352.64031502139864
351.1993689779529
350.1286400472828
349.6016530842966
349.32797522834755
348.99407032287047
348.492280299718
347.5570191788827
346.1833642143622
344.8080921919295
343.80080782512124
343.60487616094736
344.2560852679581
345.435098856381
346.7455011561575
347.9318727488545
348.9243211695728
349.7108675084368
350.31530126392926
350.8314676034742
351.3273552047867
351.69220336927685
351.7795187167547
351.45446108420805
350.7919983810899
350.11004665302664
349.61721177380315
349.33966522209676
349.4189979029235
349.91674841969626
350.62495075164503
351.2913251554883
351.8371549866775
352.32534912427275
352.7240676445195
352.87571039941105
352.614641163254
351.94395458211744
351.0909994305279
350.39795503667096
350.10703397979864
350.22996160482
350.6074431656751
351.0818956125908
351.5650354283315
351.95338999791653
352.09324187155414
351.9521176244238
351.6504741645955
351.3561918523502
351.17494010722055
350.98007465250885
350.64091086328375
350.15561104231665
349.5420801766869
348.8566104789827
348.19456000896184
347.50002621873057
346.5923566901735
345.1991626372553
343.3915593163561
341.14153867437
338.56242553900785
335.92320781131224
333.5305417882307
331.72760898234594
330.61349425031216
329.71080572411046
328.61280382249834
327.11235210909683
325.24556579212333
323.0820002039329
320.364569267659
316.9552665096795
313.23073456272226
309.7280715167378
306.80856128160485
304.68116855348967
303.08265643459475
301.36982950135473
298.8326538789998
295.2573288926826
291.32976718519836
288.3267402109316
286.90488790103416
287.46749721866877
290.39743714875794
294.66273453217286
296.92131611898344
296.6978684408209
292.8856045049065
283.60331951468305
266.9247596414946
244.75120430768655
225.6400864104925
214.03644819862006
207.36373656124516
0.0
0.0
0.0
0.0
0.0
0.0
0.0
0.0