130.7027520027029
131.51315585343926
132.92821491985993
134.74452896438078
136.77398372679298
138.99568376412464
141.45484917845624
144.0977632912986
146.89536440690762
149.9133370144125
153.15604960027395
156.53331831728292
159.71938917811613
162.12371296880616
163.4261412180615
163.99311225713228
164.1675207424015
164.0171642901845
163.59115625425204
162.97068636360808
162.21726593375826
161.43223049194165
160.76273194016264
160.201831530702
159.69757046701284
159.28462988188818
158.97331213425215
158.77901296028188
158.6994797008449
158.73498267101502
158.82328111433605
158.8286474298792
158.6787793058297
158.4035202620382
158.0671602522536
157.6837151828985
157.25486223039167
156.9671871443665
156.99223723443117
157.28511244761017
157.67472093760182
158.0103315076957
158.27492706677398
158.61106011300694
159.17946343305073
160.0235663190264
161.10308032688658
162.38717762158018
163.86956221112635
165.47215304018152
167.0240576034122
168.27117851186335
169.13777394352297
169.71936889879942
170.09777944442874
170.3676586568302
170.52212667050122
170.51279420361345
170.38521804173274
170.23997362597137
170.1167327011478
169.9917987259854
169.84168848318052
169.65412163277756
169.53265685706265
169.64545326072664
170.0412519486655
170.6249455796409
171.22265021523037
171.65264203368955
171.81567639027566
171.62464221605887
171.04383871328858
170.18296035444942
169.21744896915158
168.30346626752072
167.51856884769842
166.77083014645734
165.9778544258295
165.254693304777
164.75227209818735
164.56488411903405
164.79869497091852
165.401303475305
166.19606883231518
166.96302266262342
167.56848169367362
168.0000491934446
168.27278750834338
168.44083121865356
168.527897093458
168.60493511416846
168.76332517003027
169.00272938394122
169.27291381345754
169.51940330648378
169.62008641900658
169.4874464445099
169.1853163928582
168.82226011810212
168.4363290938877
168.08443366046055
167.87792042241676
167.92861096293868
168.2814735285114
168.85428685681325
169.4717556091664
169.96040294845315
170.23823974664444
170.29868541835987
170.12098802602284
169.63924701899793
168.86042619633218
167.94628032407377
167.10029479809987
166.39821353012678
165.81402596127694
165.36164172738492
165.06446986954774
164.85121209347142
164.66008025799044
164.47352828933708
164.27370180133138
164.07424459878408
163.8776621090639
163.6354448767812
163.4107619176467
163.40195897100705
163.81456090537816
164.77668836596553
166.24340550607042
167.94131127797593
169.62447257344593
171.08954265843983
172.23693594148705
173.1646410403424
173.95194973036945
174.48499330169392
174.6069466122612
174.32736209825862
174.02571094638193
173.95886290477745
173.81091787565776
173.29930935867316
172.58777151690188
171.97560671127707
171.65724291247466
171.6243010801797
171.71435611577837
171.72362794321674
171.55128366616094
171.24908987943235
170.8525811294644
170.24635882534255
169.32216376904483
168.18676295580977
167.113343861523
166.21450519740864
165.43741109406568
164.77582947505408
164.23763925281338
163.89360526336907
163.72958915167612
163.57637299021252
163.35226241276308
163.20557087355596
163.20394705067582
163.15282893492636
162.99000330115032
162.8349875134644
162.7353412722778
162.8771488809265
163.29826854780464
163.95056481251441
164.81804584790862
165.81981079276872
166.8626712643824
167.87602174529678
168.7757087913321
169.5182068522412
170.17627690525
170.91027737439092
171.88850571354732
173.23496947847224
175.01622423788456
177.2022463819725
179.66913108380052
182.32722106290652
185.15714702695175
188.12546163146587
191.1766357158868
194.32992824764915
197.70278519130676
201.3142627910278
204.95752056365603
208.43496260440946
211.6757171877525
214.71342663000348
217.65274365125507
220.6125204225298
223.64213532287266
226.77221056560933
229.90762051754808
232.8437036863212
235.4495530872496
237.6766540605055
239.45016838114634
240.72430660899505
241.51311733386012
241.882119694693
241.94028239321392
241.75666925418287
241.42416655983038
241.08507476893544
240.73171197702737
240.14921578678397
239.06349327944685
237.28952451646148
234.86020812637983
232.02261284489353
229.04279106972695
226.08262688199457
223.16794383653797
220.28463015740795
217.5192808345993
215.01163099308783
212.88304948471077
211.23722300674973
210.07822334128855
209.32524916894505
208.88267338228357
208.70009678245037
208.6999219761563
208.72877465136798
208.61476394270153
208.30937586070112
207.87489551195665
207.37794593670014
206.89901086833214
206.5363420086961
206.46091777701753
206.77274656305914
207.49604323557685
208.61604914899902
209.88628451993324
210.9829633613441
211.73790302381232
212.2056643059109
212.52300533104895
212.71730918767867
212.8955105357536
213.1909107886654
213.6505772613756
214.21565402410042
214.88025439644218
215.53555716393873
216.12652945514068
216.76793469102716
217.47537809981182
218.19949192170398
219.16898507292342
220.5422519671009
222.19175009680612
223.93499720947398
225.66167889261556
227.10928809484858
228.1249108024641
228.74897132574657
229.06544382697192
229.04329203791985
228.68482414728368
227.9760568366675
226.91233137082162
225.69385669582522
224.5223893120271
223.42564600055573
222.39274073200482
221.4469119005551
220.5891622307758
220.0043292193927
219.8519446488471
220.0451521929459
220.4229699892394
220.862770310376
221.34162014699035
221.74110789962452
221.90322562332275
221.83411469724726
221.68011026684275
221.51680353750595
221.25461854669987
220.823633094953
220.28466987398468
219.76274662753977
219.31862588652956
218.99699847973127
218.75833028408238
218.54647833655403
218.44504140974286
218.58169132518003
219.01719775782698
219.71663328991778
220.60105097499883
221.6248887508371
222.55350897891503
222.98553451391703
222.82233134877106
222.36872503320572
221.92077800803338
221.56259237351102
221.25948363992515
221.08683292501547
221.2270641539663
221.78941221564602
222.7404657107179
223.82423265758194
224.87442424705756
225.89897441369817
226.86389506090114
227.7703585593897
228.5598031439692
229.01775905140207
229.09165511389523
228.93894576498025
228.83485989218724
228.99605111752786
229.51272376313563
230.36402469595237
231.34377512078527
232.15660079543198
232.61893660872462
232.65025666331093
232.05361696618246
230.53670265423904
227.96886744023806
224.56975054622617
220.66466270696085
216.51820654078693
212.27793927916252
207.7787814062016
202.91781714218467
197.4786623280599
191.32353757896286
185.04215831589806
179.7057221416698
175.86087903201175
173.13915058930507
170.35362462481004
166.81678865467345
162.78881816437305
158.64389017964203
154.6049633436194
151.35064041298588
148.81175128198893
146.18706073316528
143.20107614469012
140.30365890782414
138.82328573101577
139.31127998820264
140.48498568068604
140.39634186373158
137.84641528227127
132.7115133640282
124.76801547170018
113.9956313510908
102.37841577175561
94.03102334037796
89.63253047322337
88.21904523467263
87.36517031076356
84.36343153156648
0.0
0.0
0.0
0.0
0.0
0.0
0.0
0.0
0.0
0.0
0.0
0.0
0.0
0.0
0.0
0.0
0.0
0.0
0.0
0.0
0.0
0.0
0.0
0.0
0.0
0.0
0.0
0.0
0.0
0.0