139.01112958725352
141.2333451683977
143.8447081278339
146.4737095137885
148.95292058314928
151.2494547725427
153.41260378338785
155.4355772614416
157.2746251104125
158.945129649207
160.42509199727033
161.66867908396685
162.5765062853412
163.0732484993564
163.23433224755354
163.2061928670309
163.0772854504409
162.94437675803033
162.93561206739196
163.1280503244721
163.57968399309883
164.23539609956993
164.93899955901188
165.56310024209006
166.1644500613124
166.97779865615024
168.12961476806848
169.48457363591726
170.66794929567283
171.42273654395018
171.7412956369836
171.63944971958384
171.1943710725712
170.53537907728585
169.7517137630777
168.8182970225903
167.76581882437225
166.71561399159802
165.7868507618129
165.17726664795313
164.97352061213604
165.04670606766229
165.24168085094198
165.46175304646852
165.58297379915513
165.53099779123653
165.32415252490227
165.02613267335778
164.70092652486827
164.4860153133908
164.52919237578544
164.84203220286784
165.3863810628763
166.14663954469427
167.14223290363796
168.35532595812003
169.68712237195402
171.02785028557685
172.30807348852935
173.537793229765
174.77166055752997
176.02839528660073
177.26004650881998
178.37629577448618
179.25002454667424
179.75427961980887
179.84276552341896
179.6054223692752
179.2115463337495
178.78588537599057
178.30459275514895
177.73181829752593
177.19424332397946
176.81808883297975
176.57204900505303
176.34326497654803
176.07006638232752
175.71480863227467
175.2133342815005
174.50143327717456
173.5679183180723
172.51108756980517
171.4560664443834
170.4684958109982
169.58415060150094
168.78329625735597
167.99802370946207
167.2010946172764
166.38228393187282
165.4828097113053
164.5052878980206
163.66459763630328
163.1322956072433
162.83289347442843
162.75892105157504
162.98617405398537
163.64703374251502
164.7716806285555
166.17657085814056
167.68979263042385
169.20227210277505
170.53728168161192
171.50354311819828
171.96598302487342
171.88558160544602
171.40757012723518
170.82735119645884
170.3869224317963
170.1704826733368
170.21603770727123
170.50865435503317
170.94716510164764
171.41630235660506
171.8132375998553
172.05964323415063
172.1649087945458
172.25919207563405
172.4585408131864
172.75263676552203
173.04346182754782
173.21859441699618
173.1890747544681
172.9275638519254
172.47702674566338
171.90154248554774
171.27393529031076
170.6957723056127
170.22915849997548
169.92364602256845
169.876873276293
170.11494819122777
170.49447636169126
170.83216920693553
171.0716477129717
171.23617118625117
171.32446988005088
171.2968557747462
171.07773591422404
170.6208778431153
169.95127359202306
169.1708947726953
168.50466613749973
168.18660693989273
168.29903422694701
168.782884002831
169.48013999022749
170.19486270541307
170.8143612104723
171.37769465385895
172.01957840367209
172.7185680177484
173.24039056331569
173.4218128602907
173.27312284715865
172.7935910881909
172.04549963625266
171.19571631424023
170.35179626741134
169.542037393529
168.86566881148136
168.3845286554504
168.0044179948641
167.61787444044947
167.25649727106884
167.01831034984122
166.9556275830104
167.03830582959293
167.16508890778582
167.22165033120677
167.1310933681543
166.92964554147434
166.80278114615788
167.03202608627777
167.78575519952363
169.01020887676145
170.6105942207376
172.52259983708475
174.70326806978915
177.167366600023
179.9749232383312
183.22004408739133
186.92870822869855
190.97329790439557
195.1699310755555
199.33962019170264
203.29201083807644
206.88817976730417
210.08457501251007
213.01104068327257
215.94568958117108
219.150705054098
222.76807709861637
226.8223844369088
231.0901957495451
235.24206026257949
239.04883232088554
242.48449807920088
245.66765917661925
248.82522343885867
252.08629179996825
255.37146957085173
258.43063460740126
260.9976039990961
262.9373035725626
264.2362471604263
264.8904550366519
264.9571120491713
264.64058284034525
264.16191586696925
263.782479151442
263.6823119782105
263.77090452441826
263.81335173937555
263.5772522397077
262.8931482587718
261.79432661268015
260.4256982237722
258.91834628801774
257.41865294285935
256.12375010705256
255.17604991532448
254.5787695195848
254.20249485599578
253.92001636064379
253.685761635377
253.47163624245124
253.25640220751598
252.95900915014317
252.5732751166767
252.28502677455194
252.33444056931748
252.7858559454165
253.6007151363181
254.53974110689805
255.34301167906395
255.8533103710659
256.0547343813033
256.00380270890196
255.76645596195667
255.4200517537526
254.9821658691152
254.46295847252264
253.9932652127731
253.72834302790352
253.71834411907216
254.04089881446504
254.6230369348051
255.26150827973595
255.77025454814628
255.98349369794153
255.90044782916596
255.57767515389386
255.1562934700757
254.88486529446791
254.93237567417464
255.38508845207338
256.1571404824184
257.06450346119163
258.0217568841865
259.04838609459614
260.1682228816203
261.2385038834968
262.0476580068024
262.4136993844339
262.25209362534923
261.62557250102003
260.80472957301004
260.07250450369213
259.53177721954125
259.2662273077242
259.29466540589885
259.44596734761956
259.632403311925
259.76116661990653
259.7297885483582
259.55118149753775
259.4165556051041
259.31496333429646
259.1299740148015
258.7304003892515
258.088321908549
257.3155118331862
256.48348408418127
255.76807605018095
255.20274056287582
254.72293136799328
254.27986940063948
253.92643169132901
253.6745537902142
253.4879254196208
253.3836133127038
253.53606703593636
254.00474011412734
254.62154601906386
255.21021923802493
255.7290161771899
256.29472601462953
256.9270858932882
257.71252418010533
258.6356715033026
259.6943678954582
260.8257234665861
261.97993026374985
262.9571182224706
263.64570878516395
264.11870890307443
264.5245679399501
264.8678656768541
264.99292337009865
264.9696432052542
264.90559937133946
264.7204467218058
264.20851345401076
263.153858863468
261.60702238603506
259.9692172028812
258.5817317963599
257.61729485140444
257.0482715279908
256.8707953705306
257.03607088604394
257.5054800887269
258.15383378682026
258.93413162240734
259.90459561200396
261.1857005484204
262.6982045546696
264.04157015194016
264.99016218458127
265.63198564225826
266.1460236893669
266.61773205671267
267.25708552680595
268.0998541150064
268.8357720434725
269.16863810286515
268.9788740183446
268.1590899087354
266.6988960248242
264.5860355767169
261.9785797247349
258.82154833954905
255.0735092126563
250.89751658069997
246.63819659816266
243.06788009116482
240.5484322640708
238.4470219595828
236.2154054014842
233.42250482306724
229.90970069642205
226.02264497010015
222.4149425653524
219.32280036798159
216.8709529221654
215.36221404287554
214.74957257484107
215.42559782426636
218.79056359374871
223.9691956379753
227.74131977410755
228.34277062920347
225.8513540350123
219.58618817083686
213.6824279644956
215.6351685284481
226.81784691689356
241.92009410051418
253.4533409072978
255.47333193189468
247.26383053006612
230.63682832462746
209.40125219738954
187.25855135140256
168.52813921316658
0.0
0.0
0.0
0.0
0.0
0.0
0.0
0.0
0.0
0.0
0.0
0.0
0.0
0.0
0.0
0.0
0.0
0.0
0.0
0.0
0.0
0.0
0.0
0.0
0.0
0.0