156.48466384945738
156.97150706694327
158.41999571585865
160.95738636342384
164.09819664949976
167.25421569199753
169.93232136177676
172.0532731700768
173.8133217877471
175.4205410742019
176.9189156770143
178.1479955774375
178.99257715313308
179.5795384215315
179.98835699761864
180.20611152636832
180.2435543411397
180.17642337789206
180.14134084055706
180.20415421854233
180.30340526438619
180.38412398849567
180.472955448909
180.59347891993025
180.68425960851292
180.61834561683517
180.24653570816744
179.55363603054747
178.71673410280658
177.89248186603942
177.05436152991135
176.0539475890104
174.78731549913695
173.29186038465772
171.70296601304315
170.20366291077426
168.96154233052928
168.12765083707177
167.78946005372194
167.8623413357002
168.1464234595567
168.42030535419462
168.6907979046665
169.07116789591083
169.52457028922666
169.8940965383309
170.10136146841043
170.1201743643208
169.94086887563296
169.55189792605154
169.01677304605283
168.4998567826724
168.09346042872124
167.81566218620566
167.65802163770016
167.58280769373178
167.6819512595195
168.09511185923031
168.79104463237155
169.6174184674648
170.36427561312195
170.934302847309
171.35764888303532
171.6927683583986
171.9825772763592
172.23113942889134
172.42302627885618
172.5316025333955
172.57957703710431
172.6405675892652
172.80039385746917
173.07037759413257
173.3473184987718
173.56345359158155
173.7100346233259
173.7735968420816
173.76400426550742
173.71478107530598
173.66757914779322
173.6822395909752
173.81580863687515
174.10093152807352
174.47470857373742
174.79994803957146
174.94202262504513
174.83217711262319
174.48707101756713
173.9945629739993
173.48539974453337
173.03431249303338
172.62523993222374
172.2233312532574
171.77241139879618
171.31143171253788
170.9676129929191
170.67951374828695
170.35996997585556
169.97794413735764
169.53045182009902
169.07764235503993
168.63048718509344
168.15713629603803
167.72124674479386
167.36045794080752
167.1274608110496
167.07199783865474
167.15353786088824
167.30650022399723
167.53398331863815
167.74047512367667
167.85457642812702
167.91659060614467
167.90639635671593
167.73797373058204
167.44598869575378
167.16548136029343
167.0182563078143
166.99833563650873
167.0343237321625
167.07705264987513
167.11105536700308
167.16955441275377
167.26057592694838
167.3413305957383
167.38474186922335
167.43129376873233
167.54257624330185
167.7069917929102
167.90454206731803
168.1716138253613
168.50295825876321
168.82485978842286
169.07494052255856
169.23526356005277
169.2717728090082
169.17958918103488
169.0529566729014
168.9819332116033
168.949177368849
168.90548964068572
168.94419753142918
169.23156398625972
169.73168581041242
170.27998176978952
170.69325463139475
170.8476301210828
170.81240669825308
170.6192463464386
170.28117491677398
169.85732920853607
169.37144100327293
168.85420650471212
168.43429549587378
168.10073568020255
167.83877901830178
167.67026235333446
167.62903001878146
167.78788295414418
168.19771773578356
168.81083833582335
169.541769564982
170.25590273562557
170.88412186955244
171.45073340669038
171.96282007955256
172.40959431615195
172.79012251226175
173.16137981356513
173.5708205089012
174.06934663781718
174.7937481533656
175.84316289339742
177.14908908874966
178.67280113354934
180.44636283526665
182.53158253815192
184.8984620066693
187.4594798852753
190.17787392204198
193.10949031455286
196.35532276732664
199.98675772640004
204.05936814205054
208.61518401428953
213.51909891994802
218.49205367863118
223.28003248686355
227.7048418639191
231.79945578993934
235.7149939779003
239.5081730201014
243.16229310220268
246.67811354610802
250.01188960375748
253.0864375118624
255.79339306011622
258.00259600287166
259.56172165304366
260.42962258811974
260.6094284115111
260.08540427887897
258.9317314701912
257.29825882875866
255.42863676925484
253.59187624678725
252.06449588087622
251.08233267716773
250.61122752513006
250.32355378580988
249.91019511400492
249.2639412433715
248.46339945744563
247.5217217567335
246.40732076933864
245.18941884591203
244.0085526338052
243.00712281390653
242.2418477766259
241.62917665767796
241.1873314591783
241.11122288000982
241.57115686273588
242.60035365065528
244.11120747774112
245.81466183366226
247.4639043017841
248.90167394875672
249.9865164195094
250.66286786967308
251.1059197647832
251.68730213551981
252.731301069165
254.23374249889255
255.95744765983426
257.65547842574847
259.1009595740202
260.15143790131
260.7553633310162
260.9652395472385
260.9791089948205
260.9800077284238
260.9997479357094
261.0611580336529
261.29431557827786
261.7038943728751
262.1928785797532
262.67023631164005
262.980417115989
263.0185169230331
262.7549880606634
261.99394497008234
260.6047516316461
258.62437485354235
256.34927798517003
254.25300953039567
252.74212561640365
251.8870710695196
251.6889961306577
251.88372303724253
252.16417532678543
252.38064629534253
252.32229024709807
252.05234756620965
251.70704084429917
251.37567627776158
251.02291043918845
250.67902404171502
250.41411074596508
250.35299577383086
250.49080393792926
250.74214665305067
250.98010597183992
251.07370667847428
251.01867699672277
250.94187427336587
250.95167402036816
251.03447217518203
251.26957505386582
251.69893977551394
252.16306059383356
252.58637543818952
253.08901119598062
253.73895713927922
254.54272100954336
255.40357411303566
256.1109620757768
256.4326408763226
256.2709573096839
255.60028323098334
254.84736734855733
254.37343557193023
254.17678860228273
254.047840260338
253.8473891544714
253.51440406266417
253.112785603193
252.8443786806903
252.82630459313825
253.03578746548095
253.3997979114027
253.8237810326974
254.27534443382854
254.72129737492818
255.18909892263392
255.76388564992666
256.38148736721985
256.89870706576215
257.20535145903136
257.22907234412764
256.9371015888972
256.3766204136563
255.61179564927727
254.73053159142842
253.8828981976359
253.22631920029346
252.7689862005324
252.63198877384718
252.8167606720356
253.18963500556984
253.54207645688427
253.79872453775974
253.9117337848832
253.9776984252569
253.93265799513986
253.60110372748287
253.0790223881453
252.65583373354647
252.51389086486972
252.71717964456462
253.24384134833088
253.9723187746665
254.97837629615103
256.22466625283596
257.30267472483297
257.94797272539176
258.17551321353085
258.08998161166676
257.8177701932519
257.4042383116796
257.03269115908904
256.96444757288265
257.46801018213887
258.61593015036294
260.1257725522098
261.5879265581972
262.7533176381508
263.50284614192344
263.7794254194441
263.5696472995172
262.7250898862436
261.16072123678816
258.97227608214496
256.4863255097563
254.16002013261178
251.98102809294645
249.80166457170196
247.4844325826607
244.72680249763994
241.59883214888447
238.06884113896456
234.2617097298003
230.3434015629693
226.3708831862001
222.1539778652539
217.6979803172303
213.28268419365799
208.97659143913694
204.10961170229842
197.81542644355955
189.8475192125362
181.68624940895842
176.17810746265124
174.43213832761583
174.1778958372945
173.5054116286284
171.98551705613647
169.99768082783893
169.77459950660494
171.8664610398833
173.04512917535897
169.44698834196174
158.43205045679218
143.26625066033347
0.0
0.0
0.0
0.0
0.0
0.0
0.0
0.0
0.0
0.0
0.0
0.0
0.0
0.0
0.0
0.0
0.0
0.0