133.75643804610354
134.97376016234048
136.3949273023654
137.7601667215572
138.97950596310108
140.1807470338763
141.39255173251124
142.56884646284135
143.84665051935812
145.35874169932467
147.0330021109658
148.6969635899731
150.24272770601516
151.69293692601244
153.07422452946028
154.3643207618452
155.52607850452006
156.5176202258447
157.35075071273678
158.0757381401139
158.74225291604296
159.3314466193163
159.73737469830218
159.90927640762723
159.92039422275514
159.98191272124643
160.3683865208422
161.2731424554627
162.7061517152503
164.41580632626906
165.99771399810498
167.15510790757236
167.85259318158558
168.21900552792206
168.3777786341084
168.40343092374238
168.33793860110725
168.23531918164645
168.19377785314217
168.34983703092277
168.8086471719535
169.52728408815182
170.33513691397172
171.07437212515651
171.68098417131046
172.16635418520838
172.5577986865077
172.83748153869163
172.97600692093954
172.99458967791043
173.01249544731613
173.21222451802737
173.71463305945213
174.54510503326713
175.64791437247587
176.89605196329808
178.09854601954652
179.05563127391497
179.65205871734562
179.89049279093985
179.9105264407351
179.8622577133719
179.8268429291541
179.84152548601716
179.93816537710237
180.16878454186764
180.57928942894782
181.1304200713415
181.73406763693941
182.2813689285252
182.65314401709367
182.79497473794567
182.74903986546775
182.55677729119168
182.20821734918587
181.70290574232217
181.12495248564716
180.52982443887294
179.91468544545899
179.31831577371867
178.80246952172308
178.36616015457443
177.93536709900513
177.43159017948804
176.83928668031055
176.2038688540487
175.61869210008032
175.19119387159935
174.9781882973592
174.96586573592324
175.0752812774346
175.20695104184543
175.30098596035646
175.38200987861143
175.5532807351509
175.88290960129956
176.32427139602947
176.7389257327699
176.9803570206637
176.95708000521216
176.6387796696073
176.0389073669954
175.24638490600475
174.4157566327372
173.7079654146777
173.22093488689367
173.0440470937014
173.29416490219745
174.04013496240145
175.19620984860126
176.5347197262085
177.8167696454636
178.89569272902486
179.74127898447466
180.38274942250337
180.8130773773562
181.01295757833097
180.99008201021908
180.8235727452643
180.6428188602394
180.49459146993522
180.3024137023307
179.96005700118823
179.45167095597736
178.8191356780524
178.1248797276317
177.45249558388775
176.86675065088014
176.45086800873256
176.2730127317086
176.33054658736978
176.51556270917533
176.67066465507585
176.69733459771265
176.61537095645699
176.51990317937032
176.47666234264102
176.49741687006798
176.6181578867306
176.83336462682018
177.05636291891855
177.22664866900703
177.33735362955937
177.3964492573061
177.38324905207702
177.2902790178624
177.13080784124142
176.9066477035999
176.6511363283563
176.4291807568384
176.28886772888796
176.21898856794408
176.1555683854535
176.04973647368092
175.901788881929
175.76027450644153
175.6980109991425
175.70918035266808
175.6198456109429
175.25634093040787
174.63102394652702
173.92176657219892
173.2816815351233
172.8015375005303
172.50881638194886
172.34476049285823
172.1774709145196
171.87635791504678
171.45836496663748
171.10876667007682
170.99049328779085
171.19012314158607
171.77928933472822
172.64532822416606
173.63366557923393
174.66168372877556
175.63763676794736
176.5084011994499
177.37777875405743
178.40821751907322
179.65132436430727
181.02864697470332
182.44892690670878
183.9311079851164
185.60012228228646
187.4227924700342
189.30024391361937
191.2232899566841
193.24807388323256
195.3472105837452
197.31205320765736
199.0340091535718
200.65467681377606
202.37127834353757
204.18768937348744
205.96259643314679
207.56690757721566
208.99264783870578
210.35046451762958
211.69596574021733
212.9809408300532
214.1315070102163
215.14779481332815
216.1523115066432
217.18809064768163
218.229017492184
219.21276429884176
220.04475167373258
220.71178897562058
221.25805088514826
221.73626097854964
222.21674806421032
222.73548080362082
223.252778579991
223.66990482748318
223.8873170156637
223.79913989175515
223.40595989104466
222.75521992500938
221.90236625580098
220.9496695196993
219.9237298106304
218.8734162356548
217.8556065694495
216.96226144974875
216.24709191567143
215.72342162655923
215.33150993672677
215.08517883798868
215.0014582323888
214.9883666979983
214.94313644009594
214.84246419587967
214.75221773722575
214.75863895095893
214.92360715718746
215.17045876175902
215.42242665498514
215.734637982876
216.1755703925361
216.7915645470717
217.57675749039024
218.5683178891777
219.77456922696308
221.2026389059493
222.75654997926043
224.13674488260673
225.19503606624897
225.9481953533138
226.48884744923677
226.9456369943075
227.44343869127388
228.07211221613073
228.82853277413
229.67416920155586
230.46765814405748
231.13399843993204
231.67337172911314
232.057188005905
232.25157721965667
232.22164150156127
231.93391857520533
231.41114709282678
230.7254823979711
230.0331575418732
229.46025481279779
229.08999309919108
228.94575769983783
228.96274072442523
229.07676895765752
229.18011897127764
229.16827929083388
229.01594436129784
228.75944983348523
228.486836917839
228.22306708600507
227.95685378960434
227.6769633475721
227.39764909604727
227.15640369777955
226.98142773698078
226.9116779288945
226.9453117968077
227.03596144754596
227.1288916726116
227.19093665498394
227.27563576066117
227.45685803996554
227.67617976560643
227.8268337298819
227.84282721264648
227.74581077464052
227.5380088235645
227.19307686496697
226.68798316341426
226.04838020277558
225.38824125740712
224.88036919493283
224.56868324714947
224.42504578818767
224.35350267669136
224.22420102820752
223.96655984147208
223.6196555667919
223.27632340512196
223.03535462963475
222.9131395747857
222.85905073269157
222.8103094786325
222.8011919522286
222.87986982390026
222.99272196883214
223.08317796398688
223.0845729505337
223.02559611642363
222.9609488264828
222.92564275532135
222.8910359152191
222.90052911903896
222.9958732577458
223.1788394562262
223.46298637386786
223.7776882946369
223.9936358713042
224.1092671793716
224.07144003855652
223.9106644086132
223.7833692814853
223.72784373870482
223.6600696767745
223.588387714055
223.49750612030172
223.34335959370904
223.14808297659852
222.97262708014188
222.91327382548013
223.02285505277987
223.24222392902564
223.43395434232767
223.55509409109604
223.5530860831653
223.44258186020656
223.22759923872223
222.9773804919368
222.79315894111915
222.68506801472864
222.59643454557147
222.53954356184056
222.53655819000707
222.5511198463738
222.50613363727064
222.38409728225423
222.17398879253471
221.84095384858168
221.45512043623464
221.0994889479876
220.87868151145926
220.78350209268245
220.74736696202768
220.699296192526
220.59622181144522
220.48789513706913
220.41837602974908
220.40090004767347
220.45725489433832
220.6177651389506
220.82141945752244
220.94816967509723
220.87862708659878
220.6668864270907
220.35366656001943
219.93441304555793
219.43281022469307
218.93604245512415
218.48113602612784
218.1647648642922
218.07522010959437
218.20382109625086
218.48011937454478
218.78104353887122
218.96537240650406
218.9377022504057
218.75575564121945
218.54382963678765
218.3961943330409
218.3103128187965
218.26550193459755
218.26562963699783
218.30116309918185
218.41848350938082
218.65939655237037
219.0744614781169
219.61052313593564
220.14968580355023
220.62109925245642
221.03616197024186
221.3634841489955
221.43850802287832
220.88597607918638
219.35876567163203
217.21348568975822