141.89890274751343
142.28028427383495
143.15773526703182
144.57288661578337
146.1234476067128
147.57482204135292
149.3096798507654
151.55537654193776
154.09838641844394
156.56079254771717
158.75869268298564
160.6781478161819
162.32035660131214
163.70789941987005
164.86749081150867
165.84898283496457
166.70259186915425
167.39541293400146
167.873435293228
168.15312340099848
168.33239721903516
168.5135305499788
168.75150087948802
169.0675336769513
169.45855922583257
169.9372065671314
170.4593496849846
170.91998303092308
171.2543466748026
171.49103020323145
171.72688404778225
172.04968185427782
172.51320620778637
173.10747924158235
173.7603114752936
174.41116132715996
175.0476194119619
175.69567060790365
176.3711769766764
177.0504871901154
177.73379937045695
178.46280604342385
179.16307168376017
179.6570511413516
179.89939070336743
179.82940772603592
179.45196289805548
178.91946055250406
178.312048275002
177.705520096682
177.08803591303717
176.44852572667943
175.8054079456105
175.23955535857343
174.6555544866882
173.92967328865603
173.0049957482426
171.91682638637752
170.7642807752606
169.64693959851513
168.68115786687522
167.90434113403
167.37949656083384
167.06157291289168
166.92598035497053
166.9717454136255
167.11315255915966
167.29946423439202
167.55712263775163
167.79949770366414
167.91902569182233
167.85345800689183
167.57110501525347
167.0805056725776
166.48255045789307
165.93343957806653
165.53119013498
165.2932097384219
165.1460726102252
164.9976986009434
164.86244335181783
164.81340111525873
164.8701013919133
164.98764361615653
165.12505995690654
165.28905474526238
165.4683979807658
165.6045628970664
165.66930459675376
165.66478351093386
165.58729948541685
165.48194281283932
165.4426575390362
165.49568052474137
165.59379166976618
165.6646230872136
165.67265680060132
165.6510823384187
165.6861806390748
165.8431834386854
166.09420253788932
166.38550907954095
166.68658944574867
166.97474603243924
167.23503372698246
167.4897424240803
167.81253999031193
168.21039711010377
168.56164353586772
168.7605191792652
168.82632483558973
168.8293183503733
168.80402273341485
168.70309407670922
168.45572610565827
168.07222461479853
167.66700751626325
167.39458671442196
167.3222117094436
167.38631899673945
167.4558515439303
167.47195965320952
167.43344161908374
167.33472052600314
167.2256458028756
167.19980284077607
167.36645143593705
167.7486001291436
168.23786548827883
168.65980170170528
168.86853969859243
168.85983070907542
168.7420123925408
168.59452486357645
168.51525297703796
168.5753945967849
168.77682789143512
169.1511180653581
169.75277286504306
170.53457169308763
171.38551013535292
172.12819613696718
172.57184809111854
172.60663356486594
172.2944727208287
171.82804651842343
171.40242527123425
171.1268546238841
170.96715055779563
170.87039405259978
170.83766915034
170.87098206855615
170.95406689620611
171.02517215033552
171.02950331406652
170.95043785323523
170.80444965795795
170.67123871634362
170.62450495301766
170.67040060180562
170.7894993240057
170.98368463268287
171.2298042029679
171.45532657258212
171.6016268615779
171.6744736183424
171.6882581687014
171.6479828281777
171.64701822998208
171.82393707236113
172.22100560180095
172.7809903056956
173.403516290776
173.9880724954533
174.54741682870167
175.05275617879198
175.41540462762362
175.67215308157125
175.87390553004548
176.07415450246185
176.32731066516249
176.69272806425832
177.355067899895
178.58676806798653
180.6907689671491
183.81331861444835
187.53528891322853
190.93410854610127
193.59377484291264
195.82082049195208
197.87839442144426
199.72921655389996
201.26824041855616
202.53291411645455
203.70986006994522
205.01384924476267
206.46188709668309
207.94352026931637
209.38473441518886
210.7426472826079
211.89844908177855
212.70181751062592
213.16115782768605
213.50318813344748
213.89450289245625
214.29276166031877
214.6032571301833
214.9011647664218
215.3479409290904
215.94709545361798
216.60677833667393
217.23316882997094
217.72029197939034
218.01356232825896
218.08647843227692
218.0096476057945
217.85037913849268
217.6652076248964
217.5131292444224
217.46319410861275
217.59116152213872
217.9050028719384
218.35717737993866
218.87994798230204
219.32626710804612
219.614475315299
219.6839673910867
219.61728719551405
219.64722693179033
219.93149456264274
220.58981700129323
221.7477695954075
223.35366265385414
225.10260312616055
226.6814872712049
228.03437635217773
229.10327101322352
229.81695041544424
230.16408149051077
230.14072190080873
229.7697142902989
229.01094095931154
227.93008973542263
226.80392149005553
225.84259040908594
225.07747825635073
224.37534082519426
223.7544436829862
223.34461745519002
223.18241477035906
223.14746730484455
223.22074427012376
223.3972858234189
223.60546783134924
223.82678404674323
224.11812590584282
224.44576558751794
224.79458367653183
225.17561336742028
225.59957897544587
226.0028436830771
226.36463554327227
226.6484556040416
226.7589438468719
226.71766275936372
226.57271683872665
226.32529722097763
225.98792428059545
225.5516539536507
225.06630921849634
224.6827516586231
224.4391595112806
224.35745466673325
224.4962867670078
224.79319804728027
225.19437929134574
225.6495038877528
226.04136675486373
226.39715345581652
226.76726602144328
227.05150325246154
227.01099498011098
226.60674253761871
226.08224491756397
225.71528114856636
225.62907447658753
225.7763194801489
226.03993264590022
226.28157269393495
226.35994834582675
226.3026173958902
226.32922157009764
226.5106497398715
226.78604491647755
227.0613542194049
227.30719489745795
227.49323109439368
227.54571444390882
227.4663061554054
227.30069318116557
227.1013738839029
226.89296441030166
226.71953340739952
226.62692794180145
226.67554132772543
226.8683286168695
227.12592484566352
227.49649216216392
227.87205756130194
228.14384804246805
228.28696031985646
228.21027478241552
227.97818170087498
227.68015752956117
227.40730539859246
227.26050470336992
227.2717016578034
227.41867977328968
227.51438303320842
227.41718985917012
227.20193410165922
226.9841525633198
226.83945580699103
226.77943322662432
226.81516074130602
226.9356530842955
227.0624341778056
227.09147485513245
226.8799619653831
226.4449261726403
225.95618816608723
225.5914893149635
225.4255145515159
225.50019399986436
225.8955748171938
226.542171446312
227.18167690635465
227.59493399847577
227.70041595429834
227.59567985476252
227.42836067815614
227.383252444709
227.48522063507818
227.708462464695
228.0349612904215
228.37402252412633
228.6430098928174
228.8028727936652
228.8045308081368
228.64736898462874
228.38746159392792
228.1698884799406
228.08634067021868
228.13293295980972
228.28920618791665
228.50858649130774
228.64782045404166
228.61896885369092
228.4120886867224
228.13752416407817
227.84058015087328
227.5267830671918
227.17313335240007
226.84611132382565
226.58814326043222
226.45318917753605
226.38330770531132
226.32224426968918
226.2718618273591
226.24898544160897
226.23808457445656
226.21040878227797
226.14168648816172
226.11028047876528
226.13853470611875
226.1812329640985
226.15670312783257
226.04638245633083
225.88775384067668
225.72108636458105
225.5983890217151
225.56431420747845
225.6486872663772
225.79136036364463
225.87026739188968
225.7681256275995
225.4383880972906
224.90480926654058
224.27530005187106
223.70713097217617
223.36614429844167
223.2865276798823
223.3723193651761
223.44993329633382
223.37001627411533
223.18463895653807
223.0402473464391
223.1014572851034
223.58254877001548
224.58552461164987
225.83685935004374