138.13731412523424
138.58006488826885
139.6538689231565
141.01980804180022
142.45169813369165
143.8991422591918
145.22150392609518
146.39325337864733
147.50942737262451
148.60048795646964
149.63194073460377
150.60979100441517
151.53508380617606
152.4396065304183
153.4427843475914
154.61305425209815
155.95575481450018
157.37583100731564
158.6648928306646
159.66454604231717
160.31367346002418
160.67948492922778
160.94583572111105
161.31767153015988
161.9196860340627
162.6965207199758
163.457641028512
164.05611399978704
164.5279390317383
165.0490237833755
165.78270823442455
166.78503699495883
167.96596198044142
169.17640263981764
170.29896847665776
171.28769596966168
172.1300566443454
172.80141089146142
173.29189268843015
173.6193875120087
173.8086331648331
173.89074312151863
173.8636394461647
173.70724965155844
173.47315744300136
173.25474167875404
173.08905270888903
172.92504209825307
172.69233158972054
172.40029548586836
172.14642788413713
172.05455090186396
172.18098251684276
172.42307693365225
172.57673813726987
172.5129676037298
172.2293603335632
171.7880868283276
171.25287332159087
170.68100360690562
170.1387792421004
169.69803739738458
169.37251029025174
169.152443653334
168.9872624993812
168.7992736482151
168.6614278583042
168.65051958859516
168.767104295793
168.9514595047633
169.1101955111906
169.22721569082324
169.30607295169725
169.3694371631911
169.4318568360162
169.44841048617843
169.32568853319063
168.92776574791282
168.09828380673434
166.8616016442331
165.58167125439388
164.69993682656428
164.41002085458126
164.61628479850634
165.07314130512336
165.52651439382504
165.78146068184185
165.8025510026293
165.6855998772136
165.53065311535937
165.42331615376014
165.35997661804396
165.32864986493811
165.32339115238864
165.30794943468237
165.26891930027955
165.20762467971383
165.13311583825924
165.08569848481096
165.1193963656088
165.2479234415838
165.43909866064593
165.6700591991604
165.87648300023997
165.9674784880364
165.93317948720707
165.83267077455977
165.74820735865583
165.73093730600243
165.80577810457476
165.96260557273268
166.13500729390412
166.2537726907326
166.26900978803565
166.25462760792723
166.29373084835737
166.35702721757997
166.3875147860357
166.38784559776292
166.35959462220234
166.3572792277081
166.38477758309065
166.3831821980954
166.35892684462328
166.36559311119407
166.4079010828503
166.5117852588827
166.67487131217683
166.82900349665982
166.90521905451686
166.83034202702854
166.6148757456341
166.35160146876788
166.1229379296363
165.99847776902018
165.98891200332938
166.03781733250239
166.04688171492597
165.91241658301544
165.6845777732213
165.49691867910786
165.50809647558577
165.89513446244695
166.67601891810523
167.7437456234285
168.84222307957802
169.60053060810543
169.83831457508887
169.7404044609136
169.68867477019012
169.97461292306326
170.62504347795874
171.35142072763577
171.75886888341188
171.6708091843946
171.1499312271356
170.37427300726972
169.612213216984
169.02761097055307
168.6135174257807
168.24066336168667
167.79552758239743
167.29286531069835
166.87419155725078
166.69462028479776
166.78668806614976
167.05291541591976
167.38644131406252
167.72992929012
168.04254852068823
168.36458393518183
168.7472919403056
169.27239428442383
170.02676752338044
171.0330171567074
172.25767694079053
173.56001327541406
174.7583033066048
175.7445584377626
176.52264442786299
177.18958715869906
177.92192465143637
178.8936928125375
180.1707245152572
181.58959843657087
182.97868256987124
184.30955600396408
185.69761601167218
187.28738156771254
189.25901051307457
191.89322834170676
195.34645267950845
199.64097167547214
204.70509033101243
210.19670653615037
215.81996962061933
221.5470817449737
227.52062176934186
233.89461001017992
240.48361946709235
247.04148410071681
253.4228277754109
259.47040784065507
264.7796064462485
269.43878093592554
273.9485795057874
278.4917058923607
283.11820248042596
287.48087623172245
291.2907247946969
294.5154520238625
297.1841271986982
299.49686938194264
301.6413060588063
303.73510630822904
305.9301750595878
308.16472074454003
310.09013912633753
311.32199532947305
311.7921729944467
311.6602781708192
311.1748938896768
310.59667612627067
310.20947786334034
310.1805776197932
310.47834974526796
310.9256627970817
311.3714098426194
311.79318231080197
312.2255977497411
312.58542261092725
312.7519786984837
312.6977185029353
312.53279297155586
312.413854577253
312.44966613922514
312.6602032276137
312.97201312742015
313.2466003539389
313.41112718850354
313.57457477247294
313.9342695623909
314.6228848134045
315.57580527027005
316.54201077600374
317.26216098084245
317.6286260969094
317.7329726503267
317.75184666052155
317.91050432329064
318.32831031312514
319.01150865663703
319.9022798731551
320.9350338273405
322.1200850849879
323.52047692260805
325.11677121183345
326.6946665074219
327.9846111707043
328.90672353735397
329.5385039585208
329.9466598660192
330.1197521358908
330.1669411657369
330.2347375154401
330.46526609900997
330.9141212795311
331.5093608162274
332.1428533698869
332.72871461254465
333.2332026157201
333.71823687105996
334.25029905508507
334.7221190117841
334.9230471287285
334.79696662917263
334.4410391562282
333.93649522471935
333.42232431411446
333.0279176889754
332.8108014930943
332.7952024508775
332.894387959783
332.88661474862164
332.5654635978781
331.96009377700085
331.23233394479126
330.4586294420126
329.6677421191876
328.90023452983564
328.3409872199945
328.08091373433194
328.08803918618605
328.31652630001145
328.63002605065117
328.89759231800207
329.03978886889803
329.13501560589157
329.27414953351433
329.59590173991876
330.196133812971
330.9310933532411
331.6311152241969
332.2072043615036
332.7032467604117
333.03366371606035
333.2824590066822
333.5905689436178
334.0782805176542
334.66413623724475
335.4185049481401
336.00041920814346
335.9723542568923
335.69345004500053
335.5437649600297
335.56622195270177
335.95211222764414
336.50277002388896
336.88783584912017
336.950178703007
336.98620058191716
337.1502276797058
337.3406510100399
337.60570229386406
337.70503912379985
337.31733601092037
336.830446160046
336.4488748694842
336.0908728597878
335.8897367870854
335.77953674919496
335.7994914474788
336.0316391595078
336.4905240675415
337.10930217213024
337.6433962188715
337.8082797703774
337.7727165736951
337.7637204511233
337.80261752460467
337.9773914656533
338.2430768198899
338.5650620779102
339.0802574558216
339.53837013119613
339.78284729091905
339.98382847620013
340.18616625993417
340.4084369736837
340.6319004646093
340.68692151475136
340.3515416530742
339.68780346675305
339.2609956040442
339.5009627922789
340.1379600591708
340.79203403296714
341.44474153987176
342.02098898717844
342.203227003284
341.9005809360298
341.70475678118123
341.96450051664954
342.53684724405923
343.3264577188887
344.09442471817715
344.65871647102813
345.0773459012257
345.1929817918641
344.8750635165542
344.25473337651476
343.7229429561125
343.5314917012994
343.8403621567955
344.6163215595775
345.62262705149783
346.5347774606865
347.03002573484605
347.051101961207
346.8240701289912
346.5136555229651
346.29989184138424
346.3011529792723
346.5068207477545
346.92677719458845
347.41009505467605
347.7237490397409
347.7988325729748
347.6724865825954
347.40310056900313
347.0959292842028
346.823906133853
346.72603425273877
346.7603435015313
346.92142660881325
347.21520161041707
347.5967584429248
348.5440635513611
351.30262530724485
357.43442948063034
366.5998133121086