0.0
0.0
0.0
0.0
120.23740421744208
126.69482270572153
134.62443905253832
139.6041115310901
140.55669634688837
139.19858269491806
137.4105680909229
136.33066970929553
136.1654553530611
136.62771392391292
137.42337600826238
138.42999881489578
139.65407117477744
141.14759028468904
142.9317409979176
144.96239443456858
147.144415900894
149.3726578043166
151.56035360862495
153.64655306534286
155.62190284759726
157.48065763891742
159.1131027439277
160.36723314947014
161.1854989536302
161.66127657198973
161.91521843584212
162.08469544806377
162.28892162432652
162.56712921906598
162.94514685769764
163.37966005366658
163.77320429182652
164.0592979958178
164.279575769067
164.506337397268
164.77434226547194
165.16004458158852
165.69947070463462
166.29876267622555
166.84724153423628
167.2822131388012
167.62821151689707
167.9590927456725
168.31246057905147
168.66906774411655
169.00361744639207
169.27416239924517
169.4155332649813
169.38639206530476
169.26473083589553
169.22043670752055
169.4152042974978
169.88365660198235
170.4733729321855
170.936955428873
171.17805743451467
171.23324956013406
171.18158648661782
171.05936241342772
170.82051451476877
170.4195245832213
169.9071919462442
169.454138529402
169.2705222520434
169.51352338547366
170.1901842429959
171.12070853720405
172.022060580889
172.6347573103967
172.88465611783715
172.83297922643595
172.58880819640694
172.27142080901865
172.00833662586396
171.91099241118462
172.01916584113025
172.2986986891885
172.6704778380045
173.04074315307156
173.34147172497566
173.5594683008382
173.7092746559498
173.79471523519106
173.78851902005596
173.69328518898783
173.61312584163323
173.63689000589798
173.76849956176883
173.9905621108118
174.2626998250769
174.47144310679627
174.5399214507413
174.5215586070656
174.62553656453431
175.01282357302
175.64305571305795
176.36770928773947
177.0404891087162
177.57711593899631
177.9595291009056
178.2118375452567
178.3994722159585
178.57001556306727
178.73352575872434
178.8364366575173
178.80758153376865
178.6578413818618
178.42907044992023
178.27820737943856
178.3269324820287
178.5797671217627
179.0295610916052
179.61944377025532
180.24876582629724
180.78134355340794
181.11863436790637
181.26901517610796
181.21337521380323
181.03750783918807
180.81087313860638
180.54897440317765
180.28959472864162
180.0781809938572
179.93058002010486
179.8085045318976
179.66916672612584
179.4538413643459
179.19274959771926
178.99789356838008
178.9690837550546
179.06432872961753
179.12062636267243
178.9909393336448
178.65814764952557
178.2275650590314
177.79030651702172
177.4497103817048
177.20993317945624
177.03440299774988
176.98262379264156
177.08000962970013
177.24744194013647
177.35909278956098
177.34586846615628
177.26016104898127
177.1829295862678
177.13476052983424
177.1197356484301
177.12467488406165
177.09515316902002
176.96412494964153
176.71982329083286
176.37236827507797
175.9337297236771
175.4395495553107
174.9008544220717
174.42293506753776
174.1392913352552
174.1177810301118
174.37014456859865
174.866162117508
175.52010172498962
176.20638153015798
176.8470369461503
177.41091096972463
177.94566431732375
178.52541057421928
179.12826042749612
179.7318625946683
180.40136615301924
181.26326409096336
182.44314866267268
183.96905537248233
185.80974474452125
187.92979258905666
190.3834638957886
193.2795760669743
196.63397812545702
200.28410961144647
203.9019225269129
207.19804868087218
210.1744229711771
213.0524315328503
216.04341789126727
219.21296984958417
222.57699683573156
226.15799537059198
229.68429548401025
232.93671078729773
235.83966276766338
238.45547674242675
241.00763090715188
243.84014789592518
247.03707777896093
250.55934037134483
254.51809787877525
259.14200931102414
264.57796396450624
270.39095156122465
275.9708770355328
281.1064720922343
286.12276892153227
291.19806457965524
296.3387734051254
301.5519646103573
306.8976252665178
312.34334696463605
317.6899586684609
322.5703326561729
326.70173447767485
330.1037543040161
333.03174810194275
335.7695478658042
338.4369003275852
340.72434305964384
342.6363601139087
344.43497217781504
346.2402688313478
348.0006088627123
349.47895595328646
350.457753937953
350.9028158061361
350.94926039688204
350.8563943503424
350.7072938370552
350.45789349773725
350.2064687142346
350.1948977130764
350.50835531751807
350.9006504775965
351.01772884432626
350.76564442139306
350.1645789949083
349.3369464398986
348.47742410000194
347.7655997306033
347.1501619643246
346.54609463446064
345.9767616826727
345.6435257667832
345.7170506602142
346.1350332995645
346.7598042375595
347.40719504776445
347.75944702635763
347.6399216427657
347.0553688897677
346.2512414993265
345.61141369023295
345.3322194090964
345.56431273664856
346.29603243954284
347.35226306132637
348.4876547107291
349.41712590753446
350.003111126733
350.2170443200056
350.08912209042415
349.8015021886228
349.59874524348993
349.5974239904881
349.84479355160494
350.2456739979898
350.53116440524934
350.5485029967384
350.4812055994902
350.7985923865402
351.5899754633706
352.61998577633096
353.487615923481
353.8279915003554
353.6644739713016
353.26920355287086
352.9818510792152
352.9177107706608
353.0572823080348
353.29164479131197
353.4601789409569
353.43287505401634
353.16100466808683
352.7992515394497
352.5143181131335
352.3570709171555
352.2043418342558
351.9099025498856
351.58307304222416
351.4685189474501
351.6982815308686
352.04059740869457
352.11146049704894
351.67789381781665
350.8451728402174
349.90375149083934
349.2068455752001
348.90558956032703
348.7783117182963
348.642329288562
348.39928028881275
348.12681218853703
347.94013854307343
347.769458826105
347.5029071086086
347.0293897869009
346.449342325196
345.9418202357542
345.7776824711395
345.9284917932091
346.2293366419941
346.6244795696789
347.0938175232879
347.5931233125573
348.0692443938465
348.67129440063076
349.44263302641644
350.1727243149666
350.6520235646444
350.7327047786516
350.55023742067397
350.44907431341073
350.67107979403977
351.2238328892744
351.7553472132531
351.9634961668284
351.7940489198266
351.35595628144927
350.9254992577534
350.7439470376423
350.6875267746104
350.60592171977714
350.52031265128414
350.55140848833975
350.71005281284795
350.85320408264596
350.75434129536876
350.31322869207776
349.59361668201916
348.71544424802744
347.77823384854514
346.5465249676454
344.96776319970985
343.18969576065695
341.25521583944465
339.06366309375187
336.59410063251835
333.9035723056753
331.03841607122934
328.0013311447252
324.873505147911
321.66698638030795
318.43712815276933
315.3440607273378
312.33653625871176
309.38450316200954
306.4572746223152
303.7895934593363
301.5612838422533
299.6220364370753
297.6993958102538
295.6670192960369
293.38203500097444
290.6413958244647
287.7911885921488
285.783500941543
284.8220655152458
283.5115230938917
279.7428367597296
271.78053282840096
261.7083154658767
256.581956592566
259.9723685131188
267.0248795418996
270.3103594815727
263.59258647835577
247.27526144873025
229.86687653254359
215.26094683365258
201.3216179910135
192.05146165034284
193.21205741653992
201.30914969437515
211.10345623676318
220.08583476520354
228.32404769661312
236.94806710043713
248.36966999150258
263.33272076234624
0.0
0.0
0.0
0.0
0.0
0.0
0.0
0.0
0.0
0.0