137.40773145087383
135.7555069452514
133.0602302619219
130.73524034044868
130.0616808517047
130.8686895937725
132.3715613967548
133.95421337584673
135.34649627591213
136.46637319466694
137.3543375199205
138.14617983166224
138.92221609234875
139.65092785540207
140.32353671026306
140.99856929787742
141.7796343373375
142.70805567673574
143.77147623920632
144.99383565818795
146.46340942293037
148.28140469953456
150.4722593455039
152.94681606179776
155.52237419379452
157.9715004428549
160.13610790700406
161.9929772270748
163.58421694260815
164.94531819163092
166.11036632587556
167.17590165730374
168.2821400017276
169.4891050556203
170.7521266777889
171.97999903542689
173.09549851080538
174.0930188943959
174.97115816753308
175.67533830117526
176.14207867791066
176.35787194421374
176.3904406982133
176.3634358095536
176.41997909078754
176.56480769287975
176.68146397503156
176.65142285889974
176.42740201703538
176.05617088701993
175.58692384450774
175.0610028775823
174.51561957144844
173.98164155699266
173.478604379589
173.02146496893351
172.64070599849572
172.36299317009457
172.21243238303765
172.1781405628614
172.2093864139474
172.2458912039707
172.23681818591587
172.1622637130866
172.0161277325617
171.79727172902926
171.53823940256794
171.28666553345533
171.0711142422052
170.89518602266736
170.777514878033
170.74712135937963
170.7761131786643
170.8146246209409
170.80245323097648
170.7007582610682
170.50089814020987
170.23122326580776
169.97992728486858
169.82619739379575
169.81954260764644
170.01204483102592
170.44832601021005
171.12856098246553
171.97318556027858
172.8180516459395
173.52206692363018
174.1132864239311
174.6975583043672
175.26420588024462
175.68719546738328
175.8692130406639
175.83479606213098
175.65502034912743
175.33767538639088
174.85318352880387
174.25248298949515
173.67120962831842
173.2424817325423
173.02516662367879
172.94832681863923
172.87704800809837
172.74529563300553
172.57022137762013
172.37733056630228
172.15347453847875
171.8680002953864
171.54398163367884
171.27196011586148
171.1302463095356
171.13408512210611
171.23375765395372
171.33388521371324
171.32765474230723
171.1363540154002
170.75672717683744
170.28727278186756
169.86239848446021
169.5820757421282
169.491309059394
169.56788124030848
169.7373095134995
169.95902725023933
170.22445438837246
170.49964995955963
170.70861653356826
170.8069193698729
170.84197144645793
170.85645739291095
170.8256970417704
170.74365624345535
170.60950279688632
170.42791756175515
170.21023314445415
169.99615240130822
169.87595837220078
169.9420527573208
170.28766286199988
170.88271307099666
171.62464814551925
172.39942303685046
173.0764776118028
173.581176701363
173.8992645939816
174.0523224437506
173.99311406231072
173.70962072761682
173.2505627603919
172.66065433788003
172.011169402298
171.40805523571927
171.01798847346515
170.8898293663118
170.9621209101026
171.10452872058198
171.17636147589596
171.11689858631965
170.89532946738822
170.50732614975834
169.97071172032645
169.3860750664628
168.8429141410018
168.3161798653992
167.73023865111753
166.99337237122796
166.05195894576755
164.98476385701355
164.01009005697932
163.32306364068904
162.94941005500266
162.82254978128148
162.9007883888673
163.15018223433202
163.48589595807653
163.77804444683238
163.85126236816154
163.56219262036475
162.88724607131653
161.9580874579541
161.00232164195222
160.25701370706463
159.97501375102414
160.30228575649528
161.22647186223827
162.5631610217249
163.97075109962054
165.32534929874112
166.83981230126565
168.8350176933451
171.46338391259624
174.68556121739942
178.40501248611443
182.49601517853225
186.9263544677637
191.69145670912252
196.67676865846354
201.7408582198702
206.83760368035496
211.94111762550784
216.94730353867757
221.77544237423209
226.4234283013983
230.90478126992477
235.25873558061812
239.5023866227244
243.61548090125427
247.5639507269958
251.3182227939675
254.84013599906143
258.1142232176044
261.08289642576335
263.55434254452473
265.26896053760186
266.1748199585785
266.41252717234136
266.0452439421008
265.08113512297047
263.70070189821206
262.2079362725962
260.9483081018491
260.1523155030109
259.8994743442378
260.0956325308303
260.5297145351079
261.0855008222213
261.60773635611196
261.8388804096479
261.56991589528434
260.84878928508215
259.9343953744418
258.9606582907134
257.92993892109484
256.82915411413836
255.6595674706261
254.4364379313697
253.19095536716588
252.03476682177356
251.06947277971727
250.3597560108542
249.9447910579447
249.82851766743653
249.93472293257793
250.1687940029633
250.4090206371841
250.57836197668013
250.71008578471395
250.86804372117342
251.0411035878879
251.15467745607066
251.22471745907305
251.3600184160636
251.71472662031852
252.38650903196762
253.3903086374309
254.63698751991487
255.96730642150735
257.240549824337
258.34107925312605
259.0156215428933
259.0305756770124
258.3179618817836
257.07091148497375
255.62548178782808
254.27023182432924
253.2714655000942
252.76433596066687
252.60328504238532
252.46481592063188
252.0567100430002
251.4107471352263
250.71440552297412
250.1309872864165
249.68732705933405
249.4411596257647
249.60386610192282
250.1787007639693
250.8769471882468
251.45297593677012
251.86040040931294
252.1924450912215
252.4123410390531
252.42661208696933
252.36223291140374
252.39762425825285
252.6244303801345
253.08953027262186
253.8911211670378
255.1389442147966
256.6612866855042
258.03515847033117
258.9388768938757
259.34066212043217
259.44631058584446
259.47523204298994
259.5029158745241
259.54070192513603
259.65260963520103
259.81089362804687
259.9306564137664
260.14548593416083
260.5261965231214
260.86559011683147
260.95341328556503
260.6286546745032
259.99822326964136
259.38040666796246
258.628933744955
257.5868728333518
256.5549881948435
255.77117788187155
255.2248591374631
254.91888068612664
254.79304261228643
254.68803233617703
254.5702458008698
254.42681413302654
254.20940953300078
253.93136068467285
253.63197348405956
253.6588779742454
254.25412394132974
255.22541592726714
256.30142157637516
257.3380354122663
258.2663152940767
259.28217418162257
260.57527572907316
262.0481635164242
263.38418632139195
264.4501635424077
264.88165071148467
264.5203497010056
263.56683279552084
262.2525887850604
260.7742019793252
259.36061302906455
257.8033305457176
255.65494881739733
252.47371292643643
248.12926008378352
242.63721851148554
236.5397946485251
230.92863077763673
226.1219365724392
221.48376473900143
216.2254297805626
210.13123266722812
202.8589208531778
193.52254500896714
182.29170316263162
171.66435439420064
164.3688341631018
159.92531220788717
155.65972646534192
150.07171048602237
143.79223098163374
137.9598960472672
134.50319102785963
134.18345479708518
136.5678204385971
140.2909969485421
143.45622094407105
144.13082562996428
141.86566770719156
139.26903802837734
138.93035701342555
138.59023244733305
134.7275305974767
128.19044732260681
0.0
0.0
0.0
0.0
0.0
0.0
0.0
0.0
0.0
0.0
0.0
0.0
0.0
0.0
0.0
0.0
0.0
0.0
0.0
0.0
0.0
0.0
0.0
0.0
0.0
0.0
0.0
0.0
0.0
0.0
0.0
0.0