0.0
0.0
0.0
0.0
0.0
0.0
0.0
0.0
0.0
0.0
0.0
0.0
0.0
0.0
113.92748283062231
118.87341215724058
121.8161327443706
122.09697726358691
120.94764904999053
119.77554285686138
119.1555603144113
119.18147772997241
119.71855132731613
120.55400017918878
121.43674477158854
122.12730159150708
122.54475596812291
122.8128363606172
123.17718473938811
123.88246362567286
124.97815272197147
126.32843614494986
127.80343906811905
129.34411548528874
130.89651560898272
132.34549511284052
133.58827585558075
134.58863813882755
135.43860862939528
136.2803234455833
137.12499212094576
137.88048823103745
138.5600201582957
139.2750937028503
140.0824854472337
140.95790626301917
141.87681954594706
142.96398814035285
144.27490236042038
145.71985653575157
147.23853194155038
148.8842147180741
150.68398969716793
152.53448561104435
154.22721910501247
155.6948181596285
157.10744753164482
158.59753207575076
160.06815833316173
161.3936399526338
162.43478989932282
163.16854934229158
163.7486230325661
164.34947149325203
165.08317860302535
165.8763979364593
166.68660322159616
167.5113200442234
168.21370654062963
168.61723308398217
168.70458556428554
168.58143633471258
168.38250768504594
168.17786019689723
167.9514942285151
167.6978142914097
167.4911606940724
167.432209259102
167.56382378760537
167.83992161832552
168.18393583507395
168.53928830377288
168.86728800375457
169.14042373212064
169.31706355482393
169.42965405085187
169.55545705166793
169.7300667485578
169.93704974254612
170.11371183021038
170.11528528392645
169.8857237847775
169.54078963441555
169.20086273794834
168.92143155594906
168.75100460083357
168.65963293673622
168.55739191565837
168.42375021959978
168.33841582716585
168.3554345389925
168.47475693993766
168.68127482989172
168.92208036048507
169.13260562702646
169.27411787383474
169.33554265174428
169.29198406792244
169.084062934248
168.70202083429118
168.239462480264
167.78135525748823
167.43289716632387
167.28788173097223
167.2649173921801
167.16823909718522
166.9491416587848
166.72925666188866
166.66897231351072
166.86208065127445
167.30720310669324
167.9496847628813
168.64729186156407
169.19488585802554
169.49845556831337
169.6049997860045
169.6167559716834
169.66865716399153
169.79113729165812
169.9296637962015
170.04709007697562
170.05318428601558
169.84814912361682
169.4282260955916
168.8132269124614
168.05299046870266
167.25844811130278
166.53842109770343
165.9727705089557
165.60549281002122
165.42706373851223
165.3897043454519
165.44415599309542
165.56236154290073
165.73245528048943
165.88735922696807
165.89835985286112
165.79176472894537
165.67424237979458
165.6123409438631
165.65482114369757
165.84477710634056
166.1882972726412
166.68971423168145
167.2876578169484
167.8840688977526
168.3983874720316
168.7445719076241
168.90013525624974
168.88966709366218
168.84630003363884
168.88211910223254
168.97389308602155
169.0857842790235
169.24215795763038
169.49425168927917
169.85381548921043
170.30773408415362
170.8349897763958
171.4417218342024
172.1826155793897
173.11732619159372
174.3133003610736
175.75481592100323
177.40231246624896
179.3110854414639
181.58699493059135
184.33248485524692
187.62507919845095
191.53497443220306
196.12734576710992
201.20573028245505
206.17603194684298
210.4803168486783
214.32021255330622
218.38694540350153
223.07347764192718
228.31657924206195
234.16495605777598
240.72834002086918
247.86094595282285
255.07540428968468
261.692407775698
267.56095945688696
272.99583010476056
278.29427057138867
283.713675238158
289.48645246081077
295.617130243999
301.7944336667431
307.5835791107071
312.68603236508886
317.16300752411223
321.1794025469155
324.7385443098753
327.85574419767295
330.66283903339206
333.2282162081945
335.72874494543885
338.1502278933584
340.36927278309327
342.4864979594386
344.6008446144768
346.6773792839834
348.47860679443295
349.726805661879
350.3298386890825
350.4633746948284
350.35250077832126
350.1341563219909
349.8865852896032
349.7060318570437
349.494663525585
348.9235166090009
347.8365052737909
346.44465966967476
345.03402973208335
343.7496520887123
342.6372059026571
341.68367621708074
340.96349842421137
340.56460249592374
340.490076752612
340.63777735054816
340.7692951116505
340.6053855937537
340.02299583347394
339.0846167260993
337.8247297374715
336.51440198335837
335.2869971189017
334.21765425530265
333.44180319362005
332.9495518845777
332.8539438553256
332.9850485245694
333.10374131239894
333.24654734575597
333.50811775891856
333.6920774209314
333.8977384637217
334.18847867830493
334.7976450376891
335.78778798866153
337.06261134838417
338.37102383877266
339.487221161005
340.3832651087357
341.16290649088455
341.9587600337111
342.882528516497
343.9749485521513
345.24016300514506
346.66798436823996
348.16983740717905
349.51118299735674
350.4763191293734
351.1822077320098
351.8307521341449
352.37253128923777
352.46354440818493
352.0064326638794
351.09897914901075
349.7504379507023
348.0740072138019
346.30052220972425
344.6840984042271
343.2787859587184
342.0533751560414
340.8858548875329
339.8119799805557
338.82935810316224
337.9735094390205
337.3189761342818
336.7939258806394
336.30713192915164
336.06655493841146
336.1363347042707
336.3040939451937
335.9623769922118
335.189285665717
334.26580948336306
333.6102598360715
333.37941919923236
333.5417899371178
333.94492594108885
334.3338291257569
334.47203071601336
334.1954255197766
333.59273553161876
333.0153664488504
332.7474958964308
332.69218379810036
332.553518833088
332.23541816015756
331.9093139999194
331.8075717387694
331.79888656757663
331.6737688907219
331.5258296870884
331.5837269662191
331.83667008033035
332.164656524322
332.60196585439814
333.1108744778028
333.5218163667083
333.72683441471156
333.80120289367727
333.9387799895457
334.2806332537424
334.7940317604871
335.39959719988553
336.06595320870423
336.83601337775394
337.85149144403294
339.08650222192387
340.25883810066523
341.17311091181
341.7853479686336
342.01716206645506
341.82153516013744
341.4056023631997
341.0595503053082
340.84341522780517
340.77689586053657
340.75114882105083
340.76043779651326
340.7824564747724
340.7803596624923
340.64933395924845
340.3546218910544
339.9170582551916
339.0602789947651
337.7177593508261
336.10622766197656
334.49638734321894
332.9829561459823
331.5545439197151
330.26104503527847
328.8966614437416
327.30826571538233
325.6291461988923
323.76801389118896
321.76218568296775
319.42556224788655
316.4114571673083
312.7031133596833
308.5804922052645
304.13512516554056
299.364993898692
294.25029362417547
288.7941899625681
282.8887189400174
276.2138376173598
268.88602323349033
261.1679737779661
253.0985246193523
244.7615982903342
236.87966615031783
230.38143369456935
225.58834930623138
221.42962848762372
216.90309186046562
213.44903100878406
213.0338990250806
216.0167262398984
220.1064707427198
221.3929943677521
215.98270575309488
200.23071168053184
173.858398670849
142.70364925409226
117.51016119982226
103.76282435939758
98.96838864715741
99.03837523442016
99.55143454823799
98.34842247010388
95.63887064946705
92.23562117144627
87.80203792962479
82.68209254223808
0.0
0.0
0.0
0.0
0.0
0.0
0.0
0.0
0.0