0.0
0.0
0.0
144.47368502282757
150.66458909739066
154.21584440696844
154.59724796350875
153.456765962316
152.82267416945115
153.60699856491
154.36452341290482
153.6384093244928
152.54426763183733
152.156931158914
152.49394755017275
153.2181245490894
154.05856816338763
154.92154537091545
155.8758747546093
157.12142482493036
158.78791309225466
160.77256127179544
162.83731706245518
164.8592626902456
166.86533585867005
168.86208203567597
170.73405558732122
172.39782182541992
173.8811584211331
175.21515056359928
176.38763348054098
177.42299720745498
178.36623175564142
179.2514765751156
180.017449113231
180.62876524188974
181.16664088418423
181.68514544569126
182.14378734206738
182.5278897216711
182.89018158223453
183.2694320558151
183.73514066282067
184.31334117174282
184.97646216013442
185.65368988601892
186.22108549979487
186.65467147323605
187.0269007892208
187.29498186276362
187.38852825446514
187.32750173424947
187.09416359897375
186.66882901197843
186.12877275541786
185.55832419810142
185.011509020585
184.44355718490047
183.8128259849493
183.1782084892659
182.65701191517567
182.2932497229089
182.0561204079575
181.89001635065017
181.6963351170608
181.40200838700622
181.00802474051687
180.5616439483431
180.09117173732596
179.62323132598758
179.13259534928423
178.5968037519967
178.06882144505764
177.67741019822506
177.55918327663096
177.73442436524448
178.08902188000684
178.4354637287003
178.61091775650456
178.60317571486794
178.52742862267044
178.51213510772317
178.63498715923055
178.91916729087194
179.3240269455062
179.74486325195997
180.08894273988074
180.3057044289794
180.38691249407248
180.3500529129785
180.28197891624313
180.28154373643218
180.38328521898353
180.53293987617755
180.6179964332325
180.58747201926357
180.53785593943354
180.5707337953491
180.7532865298199
181.0185599547226
181.1991477911451
181.2308925191566
181.1114265307387
180.85447302981314
180.53621270345528
180.18710042270973
179.86284306040295
179.5646218011831
179.33249245370934
179.19742777296017
179.20762993559333
179.36002551886875
179.5932434219472
179.85603121518614
180.08940088431837
180.21756584947235
180.2326387301158
180.0947103282511
179.79338444529915
179.4136101796991
179.0866929644339
178.86604370565945
178.70932459012806
178.56083589335321
178.34909686359032
178.1084656715718
177.93468133782238
177.78921264911168
177.62658663064724
177.4642777058765
177.37431492603264
177.48772716324618
177.83129997803928
178.27221713507927
178.6912304043696
179.04718410475243
179.37007096084957
179.60223232425545
179.75628783602514
179.88894164192868
180.00544496458733
180.08388685664468
180.03266673198183
179.82932745426228
179.53506192824707
179.1778169807734
178.78068820932762
178.3338964773264
177.85380902154895
177.41143521378856
177.04177098103148
176.73069965740245
176.4697360887493
176.24945168229377
176.07850430141113
175.95110090054013
175.89115655977992
175.922514728373
175.94260495270584
175.8315943735752
175.59302174313785
175.2967211160869
175.03182777377003
174.78237003667078
174.58533612295915
174.47334940583272
174.44778251959823
174.56295083679944
174.82966693828084
175.1998713148576
175.65886912925453
176.23857268839913
176.98077223722663
177.8220273162254
178.64977972065415
179.45852277728113
180.3296711588082
181.44317202802398
183.0289029681453
185.17319416739372
187.84045656969033
190.95160612081543
194.34962333023634
197.75980903866613
200.92827268512008
203.79877521038765
206.55073663332075
209.48803593249207
212.81348166222355
216.5611941462863
220.76173793295078
225.5428229562118
231.0055568759947
236.98321632366915
243.12136612667487
249.15010436368613
254.5326933497369
259.03963760673975
263.03289665797183
267.1788109237116
271.75222444062973
276.3949959398325
280.7285136600173
284.82565424003604
288.7663205640562
292.3646157671509
295.4566899262717
298.00027235939
300.0002668397668
301.50999173939033
302.63574490212386
303.54284890525867
304.4238732359455
305.3384115784186
306.29742586089674
307.34421921743126
308.4460577547456
309.5544409296096
310.73205403223767
312.01528788258634
313.34527213301334
314.60881137091667
315.6418745303777
316.32417867521235
316.7511637288459
317.1319030435922
317.53662510517677
317.8322403150824
317.81156898014865
317.3737130564423
316.6740239456098
315.832010039245
314.8790037756439
313.89249516967925
312.9492343901021
312.00718362726946
311.128275886617
310.4976151008731
310.22451006830045
310.3036896586914
310.72384855877203
311.42859728338135
312.2774631400697
313.11177702977284
313.8384751129347
314.4708077418722
315.08310635737894
315.72639536297726
316.4841727621729
317.47545893622663
318.7968665726561
320.2613124199996
321.66581450929846
323.017441940042
324.3627380055825
325.70228542343483
327.01637276551276
328.331628646091
329.71233133304173
331.2463310041452
332.9171474398137
334.54404971812414
336.05666721379373
337.52260000824367
338.85278648319866
339.8586033364423
340.5655298176958
340.8968135291518
341.08685168714334
341.3897112594616
342.01325134204205
343.0091316363064
344.2621058360109
345.4344660878884
346.42036128968493
347.4149366487063
348.4221824731439
349.28116671961817
349.9417604126395
350.38937255611347
350.59310939533145
350.6969171394809
350.8811587225715
351.34879207432846
352.06762769866805
352.7620544451041
353.23385751020277
353.4181239933156
353.4309260233811
353.414860753764
353.44595635417664
353.52128326550917
353.558735820189
353.5035080667071
353.22157688024527
352.7591667977286
352.25101726300795
351.8298062984536
351.6659186892287
351.7411359579574
351.9580931940032
352.2263050128442
352.5376434650871
352.9016052798836
353.2284279704119
353.4060571119799
353.3964241420699
353.2359280686232
352.7808089913386
352.16280634176667
351.7225811166536
351.6665948511898
351.86778520675136
352.1877453742825
352.36930223910235
352.22364073280056
351.62395672980375
350.66673410302025
349.61204389617603
348.65541729297865
347.8896493978526
347.25125532580273
346.7082461518224
346.25815646636073
345.82032487064583
345.32274489709505
344.6738414064133
344.0232829876588
343.73157268659634
344.00391215549814
344.7594124285098
345.6827433752652
346.4515972528604
346.8696844564082
346.96976309819564
346.9644735693955
346.99563298024765
347.1393009569009
347.4366850262802
347.90594720318194
348.46994826393734
349.11935225378164
349.7821989367608
350.27490199287206
350.4462269465156
350.20311542790336
349.57431190513654
348.7333329482511
347.8814953129224
347.17683940107827
346.67682408591554
346.4202694083801
346.64419644379757
347.48554986137333
348.84529859494086
350.4742577398041
351.9904776575014
353.1304659067072
353.8260668599421
354.0635349516215
353.9625778755664
353.798930552508
353.8198541941503
353.86118400563214
353.81357623640804
353.6560510004928
353.53060903366105
353.3448287910086
352.91226782424565
351.7680565391018
349.76595652143254
347.34662080077055
344.82807266175763
342.3270565615244
339.75574025081016
336.90675265049885
333.82148030238136
330.4081140319596
326.8576862043914
323.53217771480115
320.5305328322044
317.83330748598974
315.24970077484795
312.7111104472766
309.8282062653396
306.31223131170054
302.2056946491299
297.85687851299184
293.8098757509845
290.2841284230718
287.36937295282905
285.08484228546297
283.52047409127715
282.40663751816913
280.86402614149017
278.719409498495
276.38054711957307
274.223411060514
272.2146660898402
270.2108314987904
0.0