0.0
0.0
0.0
113.27962161191223
118.13582866418675
123.1389165804299
126.4695131011394
127.19902583360532
126.0347928664703
124.45788949018153
123.37445574923828
123.2014068803275
123.78647171401651
124.65033189418847
125.45905791275584
126.16615699599285
126.93279343437246
127.89271839369164
129.06017616633926
130.36306832591498
131.7262013585464
133.1014031558257
134.44026681791618
135.71623699880524
136.97690242562078
138.31929477435813
139.76074526344632
141.1947585733822
142.58274921694763
143.94179200897855
145.2372956287432
146.39948820307427
147.41744163899864
148.35704611802907
149.2753124336912
150.12671004951574
150.781199611569
151.156448165969
151.27014312388056
151.2250800822743
151.12159362346793
151.0286621215906
150.92279027117
150.6914837337221
150.37050826271275
150.17567469431873
150.31650942653752
150.82745446362003
151.61021988054924
152.4860920168483
153.34000330278465
154.20406148421776
155.1371677872874
156.17306849356632
157.27484779364013
158.2824857303526
158.98109254124756
159.30735937009092
159.388697598767
159.3843984393951
159.38672568476025
159.47848658604272
159.7289641157957
160.09795852632084
160.44958253612234
160.64609238263972
160.6586218261647
160.53873143836992
160.31503007657304
159.99104113457292
159.61263358174494
159.26095776404108
158.96587315567228
158.7577838217069
158.67710108112593
158.65873936468853
158.57822984459804
158.42665641290446
158.3155505078745
158.32229819597555
158.41999918892512
158.51025140001886
158.55984411705552
158.61984741657216
158.71465287469104
158.8408411977868
159.00921433773283
159.2605696768103
159.6478537081897
160.1723262302126
160.7399129290157
161.25036942880539
161.67196692635923
161.9988984435494
162.23121013586024
162.43367218224319
162.68907211412767
163.04526336293608
163.5264172487335
164.08786389212256
164.5191226568275
164.55145811729642
164.18144503360594
163.66162811971776
163.24528926571435
163.05046897096125
163.11767423047647
163.35923501624364
163.67220302895953
164.03031684023992
164.45883595848494
164.98416298368076
165.5578642417143
166.11014353538735
166.5299674925572
166.66572526349947
166.50209005716212
166.18259823417205
165.88891768589036
165.74102706217542
165.80149729967
166.08640719788679
166.5097918399212
166.90752441704245
167.17990013147585
167.3328158849559
167.39196201970427
167.37149838623614
167.3212981455748
167.33306833717435
167.43367938496988
167.60480193343074
167.844136689063
168.1530803257925
168.50221919477423
168.84267722346698
169.16131599607542
169.4890185670986
169.82851683552715
170.12164975080148
170.32213786354498
170.41456749620957
170.3700101535763
170.20272739767836
169.96215711324336
169.6803224664541
169.37977539398298
169.09873219271051
168.87179723203056
168.655218603357
168.37674437187664
168.07021412082142
167.83729007844474
167.71495742135357
167.66427025200767
167.6429538729967
167.6125819998181
167.51841789026452
167.33618123722226
167.07044350019305
166.70784597081374
166.22821266437472
165.64586779202634
165.05905627765245
164.57593183024872
164.2141117759722
163.93302941654105
163.68594758359887
163.41932770236838
163.1005261071929
162.71972122465252
162.24273405611837
161.64341876599474
160.94212514031108
160.15853903834375
159.31794630990203
158.48163509281588
157.69900577242618
156.96363102447575
156.2783489681825
155.73426777177193
155.47662999537107
155.57019053864025
155.95347093890786
156.53805933721284
157.31533313044616
158.32456865308845
159.51585027342242
160.70860648285853
161.71139944041278
162.47474302384478
163.18502275740457
164.21626648995368
165.85449783819703
168.08564114784548
170.7915800824662
173.9199954396773
177.42133942153882
181.2435431671242
185.42243997009007
190.0674029239139
195.18835230100845
200.5828183718581
206.00208755984843
211.44048701180657
217.1162332926489
223.1251025915559
229.21625418236988
235.12540037565904
240.6808644758166
245.70511083135762
250.15568420899734
254.04778747328444
257.4048260470678
260.30310291838674
262.7935913761257
264.9301560676121
266.79106886870755
268.4537818433633
269.9557800477752
271.287343606894
272.4385685922313
273.4021858021471
274.0797465778945
274.31942037747547
273.9590918742646
272.8757624369265
271.1595072795756
269.11615807932526
267.0655079812034
265.18800691832496
263.5794709184941
262.31669617342993
261.50328435135344
261.1617682665932
261.16648062635306
261.32999491422726
261.5087044879339
261.5800662359825
261.46482797695984
261.13358872275467
260.6835783328896
260.24127700422025
259.8857083715112
259.59431488870626
259.3120486053145
259.00939679920145
258.697078769385
258.4450072698889
258.2685340942431
258.1564754499577
258.18603419866366
258.37564270433063
258.66292719347894
259.0100435111657
259.4308901812535
259.89219283120906
260.35075100706445
260.69670019937644
260.8321056611761
260.8033032061948
260.721746695466
260.6615698985287
260.6665373399027
260.79823285052845
261.13406899868824
261.6093989665236
261.9749380244184
262.00064008527204
261.5175182383438
260.56071272560354
259.31519718042716
257.9647477505395
256.71214298630014
255.75634491075792
255.2083591395636
255.0727149588524
255.27239019458125
255.666820487808
256.16208740315597
256.7528130388001
257.44880741105646
258.30202714931295
259.3243022805309
260.3439375144071
261.1824343093798
261.7924165659239
262.27477222384124
262.6944527871481
263.0303028701213
263.29842837035045
263.5467120380752
263.73782136640403
263.8817279045896
264.0487039699663
264.2673672440407
264.5060427655744
264.704834994477
264.81577150165094
264.8009184219445
264.5743911158304
264.069174308857
263.3220172947352
262.5276545544801
262.0081347389422
261.89719929702676
262.15484891370056
262.73054195522866
263.5098871279118
264.4331956906308
265.45288550286176
266.4883400227353
267.4197532572667
268.1690611327816
268.75784447538695
269.240694138257
269.5196232127688
269.5335617084329
269.2833002030884
268.8552316638952
268.43418438346623
268.0192759158025
267.4670357330278
266.74888510841765
265.95395212057065
265.1845451874183
264.40715258338327
263.4597482860173
262.2733119222878
260.81703106937715
259.14034623134796
257.33977004180474
255.50482596892346
253.7099737150714
251.82357528354626
249.60011669411745
247.00381436641848
244.2081934871082
241.521364211454
239.05952689878737
236.66126373746374
234.18211498370835
231.59274648094447
228.62931678845413
224.54556277128788
219.4155510218117
213.73651268997588
208.07472433161453
202.49769770110473
196.41206195543174
189.2136612618305
181.16088000277065
174.26103423393658
170.61101419987142
169.87141563638232
170.60820580797184
171.89852354103206
173.40720718804087
174.2307709251375
173.85783062043308
173.7610137972136
0.0
0.0
0.0
0.0
0.0
0.0
0.0
0.0
0.0
0.0
0.0
0.0
0.0
0.0
0.0
0.0
0.0
0.0
0.0
0.0
0.0
0.0
0.0
0.0
0.0
0.0
0.0
0.0
0.0
0.0
0.0
0.0
0.0
0.0
0.0
0.0
0.0
0.0
0.0
0.0