0.0
0.0
136.0736052463203
139.44874936540816
140.54569053257296
140.69902558957966
141.1137001488949
141.45377021274282
140.82208605395655
138.94829294497652
136.86779492633613
136.15273126907437
136.9510783149275
138.61685238353712
140.62548341328014
142.7339144490212
144.84600504324538
146.8963289358268
148.8802213054999
150.83360772192253
152.75738985736123
154.64499150960188
156.57159225572786
158.62553535562432
160.76400671077346
162.84169706325082
164.6989133262711
166.14947848904853
167.19279131763113
168.0465561790901
168.85779623302997
169.64613205206513
170.38305907014797
171.00411979387198
171.5927159533078
172.1592185663788
172.5778615397453
172.77457413185078
172.70900935028072
172.50573683544422
172.38373582762253
172.35740693561962
172.27367343050219
172.11674597144446
172.03108032943865
172.07451341508659
172.20782508875487
172.3408733985708
172.51714325694897
172.83982272797326
173.372272940627
174.11208722299347
174.92603742209903
175.62868420919835
176.0991048180188
176.34643526807554
176.42654781263911
176.31675223321614
176.03345368061727
175.63834251864353
175.0931980553876
174.40420131670675
173.68379079679764
172.98712387594736
172.36674740985342
171.97516715256964
171.9411710615977
172.27045263241519
172.87597107230988
173.5592865888222
174.1150217770069
174.41869289093404
174.53966280159247
174.58720735525662
174.59170115879476
174.60450457917887
174.57251076720408
174.38485144944468
173.9654923998188
173.21047704096966
172.18489239367034
171.19930547433336
170.47712525551566
170.04227127681008
169.88146089257376
170.0259141956941
170.42652548187584
171.03010765552523
171.70885361522397
172.2988613479899
172.7190821476058
172.95546342221144
173.01878407368116
172.9728053333119
172.87043959906677
172.69763473093414
172.47878871607622
172.33059903284502
172.29123731517572
172.28376694895945
172.2924873590024
172.4184901105457
172.70729321906936
173.0694253141761
173.33398022541772
173.3306041767309
173.02490576165104
172.61048627895462
172.37343269208532
172.44446479562112
172.6610450481864
172.7148512870701
172.44921549205836
171.91334028300776
171.24383418711818
170.6125037798928
170.13286138235398
169.85316797852357
169.77371638689064
169.86533933114376
170.09363941473208
170.36282163223126
170.5359201322765
170.53543252326386
170.3986458515106
170.22471110753114
170.0975760595938
170.0662732472139
170.18615111407675
170.55383121935793
171.23160697530278
172.24505865524992
173.5813492397992
175.05208028006408
176.34646843973402
177.27997167350938
177.79941872226166
177.948965871172
177.84969655338932
177.59247559038442
177.18639830902367
176.63652248321387
175.92479623563773
175.0132358670469
173.94461518208684
172.82748421597526
171.81448786488363
171.02459969378614
170.44005895533772
169.96810962574034
169.56929257301886
169.26058539243667
168.98352314333684
168.63466056752628
168.16108599288668
167.53268543919896
166.71274452746252
165.66706453190432
164.38531514926115
162.97526598951183
161.69449248777488
160.76179435260806
160.18098501844915
159.7531490259068
159.26597962420885
158.58559372441485
157.7084907456226
156.6244780082044
155.38117653547465
154.1418460955283
153.00055728534113
151.9843853627078
151.1225344614804
150.320317014139
149.3483384083288
148.1239054600893
146.883323937021
145.96617463459788
145.38918175740065
144.9510480992855
144.5603515476487
144.35065343059944
144.34151744249039
144.21076929074732
143.7204035242827
143.19338789935438
143.38778627850712
144.53236078317926
145.56808553148383
145.97127359422032
146.64118756359127
144.9809215065781
135.16307161366962
118.75274541053051
103.8201967171754
95.9016903460087
96.32070741778794
108.44697884450143
137.29025696242812
180.58319011667595
217.91195256689088
238.8183444014411
243.75160697833945
239.49052724349906
235.2843050167148
234.15380590369858
235.70007010244032
239.00308003246914
243.18262685179013
247.49378700900098
251.25942160696712
254.12190630316854
256.1406749811365
257.565885528261
258.59408112668694
259.2669009254922
259.5431969630041
259.44956378128785
259.0803492950646
258.5616476821737
258.0637887578857
257.7445385809053
257.6532045667059
257.86201330057116
258.4470273328044
259.28024461966095
260.1453463305022
260.89023587307
261.48475421181183
261.93857900192063
262.19534062440613
262.19344527802866
261.85206312669686
261.0960241105099
260.0237886334705
258.96787148108695
258.288652323895
258.1326924001409
258.3886155791794
258.82623596932956
259.2677747773138
259.66588306780767
259.9095253125529
259.8923855263065
259.63494818221284
259.262218490338
258.90882453602643
258.5964623915147
258.2620787550177
257.9277068176681
257.78109058377714
257.9654165399039
258.44025126644505
259.120112392936
259.93744044859676
260.7817594364616
261.47989578573305
261.97197685817775
262.3272783348625
262.5906159732027
262.7799868352372
262.9183788720396
263.0058784320138
263.01694293659244
262.9300873736306
262.6244565833439
262.00739840032617
261.09093723971756
259.99797209662825
258.9557420866997
258.22114280273126
257.92876357146264
257.95977482640035
258.06144649473583
257.918772347138
257.35861502902674
256.4055450685169
255.2581090106981
254.19412364321943
253.45677673973546
253.10245443527717
253.0119114071592
253.0935655979336
253.28959157584745
253.51677253907724
253.69434324505295
253.81835161622428
253.93608948487497
254.00855800299985
253.98114873823306
253.83991965714404
253.59673147632842
253.29984562140004
253.08534310563925
253.07738540416136
253.24099493588938
253.47081355393976
253.6979986515377
253.95766264651223
254.2723787025073
254.5699314264469
254.60885492470788
254.15426276664064
253.26468360662446
252.21040340524146
251.2467496264415
250.60341618858743
250.45547163965082
250.614860331999
250.9436272645203
251.77105480308512
253.41316932458616
255.72688411597386
258.16625812552
260.46471001220027
262.73757926190666
265.16159169577804
267.79197462865386
270.39636891690236
272.61400003930305
274.2222482231558
275.2075400611402
275.70195941799676
275.835663223332
275.62042904619614
275.047534102805
274.39462443410434
273.6859356704372
272.4471769645807
270.3439947350305
267.49378261108154
264.224007401685
260.69334417819266
257.1489380567836
253.8054305339324
250.5979361632131
247.28910576006226
243.63236444513242
239.82223372532076
236.2396205172382
233.18926310598886
230.46842344564476
227.32293552785669
223.12114078455397
218.00490053274615
212.80758176608697
208.14337450477535
204.2322074279155
201.3971404517303
200.9822227443865
204.41713160756936
210.27202479387614
213.9538991012662
212.0177187699811
207.32214437186136
205.75293066737825
210.48221031563975
220.9262866695982
231.48682942545184
240.42595836667948
250.5081290168081
262.0248540215889
275.0295909934369
285.98728051610453
289.00317576407804
285.62715146065534
279.4303300265823
273.1330865229351
0.0
0.0
0.0
0.0
0.0
0.0
0.0
0.0
0.0
0.0
0.0
0.0
0.0
0.0
0.0
0.0
0.0
0.0
0.0
0.0
0.0
0.0
0.0
0.0
0.0
0.0
0.0
0.0
0.0
0.0
0.0
0.0
0.0