131.3937521895321
131.84185943813634
132.236029502885
132.55094544865267
132.8695484774097
133.41512034182978
134.36139576597793
135.68812355420707
137.24993689232394
138.98787958546507
140.9317736289534
143.05327985174472
145.268964085679
147.5332264758061
149.8893792873928
152.32880444801765
154.8132294847124
157.2681311401587
159.55543919863808
161.52595750795535
163.09589868109538
164.26728213904377
165.13691086423185
165.91395559406632
166.7779968643623
167.84975634827455
169.1669689581221
170.6250398655797
172.030485549717
173.17917681501592
173.97120459518248
174.50877317211922
174.97523870097496
175.49231838740235
176.0663152908025
176.62470814823448
177.05922074101227
177.3347993697871
177.34748971558423
177.10593893847647
176.72772291404337
176.33453157322674
176.00068412581092
175.72785172020951
175.52467102276287
175.37020219243107
175.25814588584535
175.19575614157338
175.20256714522762
175.23943585169332
175.22958616298834
175.12521914583448
174.90676501410198
174.58198916549844
174.16751930963227
173.7872977016202
173.54025944711495
173.54600926490087
173.72723101336652
173.8217655402846
173.84265627618572
173.81425551208437
173.69318292147864
173.4219224695021
173.1788762033971
173.0781473201267
172.98716106499228
172.91367991903937
172.89904066056525
172.8189304756088
172.85133881222555
172.8193550796334
172.77809385614506
172.69645224151824
172.49180615969186
172.43018145339948
172.2342337574188
172.34846501406395
172.5326543365224
172.72342650281354
173.03066868080285
173.43839724165264
174.08258954842375
174.72955388009206
175.44313904918863
175.99203575307928
176.22425390299128
176.03056259415575
175.46995067678867
174.83758633822447
174.3446027095306
174.1590144652024
174.2223572591795
174.47442289351105
174.6891416201595
174.7601877235548
174.7618503115209
174.64820436196177
174.3390494550986
173.8746107009331
173.3731475699663
172.84834203451646
172.16753974152812
171.5099041589996
171.04827636704854
170.83508973512858
170.90174181443382
170.98780066317948
171.25290768378565
171.38778262783865
171.3736067561441
171.25455269731714
171.03595837598942
171.02117920921177
170.8940052082378
170.82042239236145
170.5538668767253
170.25542922049186
170.19994416374197
170.23639533573515
170.43573460892162
170.8129813243965
171.28413779194898
171.7457616483872
172.04614121316007
172.04365917773174
171.72259471524157
171.16512580774184
170.54922752349393
170.01092726925972
169.53174330572048
169.36559069864268
169.4968107380737
169.70921126473377
170.17714701519293
170.74427505902975
171.28208928855975
171.56043199431315
171.62475458409014
171.59291116793958
171.34068738382138
171.06232860781117
170.96449975699562
171.09745747363488
171.47170548460838
172.05336559181308
172.74716703780305
173.43906611757123
173.98055134202505
174.2473337812026
174.2323102749169
174.13338447568887
174.0625671569845
174.0350041344171
174.08463905933354
174.0741396858624
173.98522484749918
173.86118116021441
173.67613934490015
173.36309893606125
172.92167846675778
172.4372757018853
171.91459848867558
171.3305777934433
170.82434430347143
170.551104810174
170.58884182110725
170.84116404957913
171.10085237909516
171.2651999043428
171.35125351453337
171.4033208061004
171.41953319945088
171.5024789889677
171.6099169739171
171.57194053961652
171.45472183443192
171.4685544871172
171.8869598842999
172.70076043967026
173.83074337140914
175.21243865976564
176.68635479826153
178.09976926188207
179.39729179976896
180.54026365264608
181.3814841704274
181.74190032049972
181.62421634161768
181.41286914948398
181.6974368272012
182.7084456719394
184.48915376723554
186.6886048127831
188.71738208763185
190.32514570530088
191.79133561970593
193.60829110214155
195.90922280756536
198.19660924189105
199.8481101095013
200.77982529582914
201.37406923311383
202.00088972566593
202.81357485322627
203.67320362572323
204.50747316663416
205.43107727452337
206.72684588991444
208.41763588641493
210.28172342349342
212.1490511248689
214.04917948016742
216.02091874095763
217.91247248639866
219.576128472557
220.87633769930883
221.76753643446833
222.4579928630465
223.21276242325456
223.9713349865715
224.79355928315368
225.62360903996125
226.29303989518732
226.885112399149
227.61422168939905
228.4828234856021
229.38622148413634
230.22330650731368
230.82681461340835
231.09377841006938
230.99662299193625
230.58563878943556
230.01106676975365
229.4218007490914
228.90165940237733
228.44701129823667
227.9929552527376
227.53501549188204
227.11373207570074
226.7661023225198
226.5165794400399
226.34313669819682
226.22676855913107
226.1743804280931
226.11225706522416
225.89548729460432
225.54104993974377
225.1799466954904
224.93408152228358
224.69588652849257
224.2924796914685
223.6829867137942
222.9544919935862
222.22310612103956
221.7147192253421
221.70678557453755
222.15068061755386
222.8587542041849
223.6330573940852
224.3588382217245
225.043971631707
225.8055367935856
226.69529977622113
227.57818300824013
228.33272465946044
228.8946827055583
229.3073538557249
229.59855376605125
229.75064116727253
229.7046200981016
229.41810993279404
228.89983215631023
228.21119928769613
227.39737808409888
226.5315203222857
225.75257785856024
225.14698821230053
224.6683046064815
224.24211168374302
223.87090682403058
223.55817993432572
223.2585252319848
222.95004977388652
222.6443584759943
222.43162803174818
222.35853818196412
222.42129661153024
222.5640735537757
222.7009270420344
222.79706502715518
222.87179559569284
222.9466925950386
223.03089646701375
223.13046372146988
223.25091048871258
223.36099141202132
223.47007993708846
223.60098280013966
223.79377949713142
224.08797656900745
224.42217937711592
224.745369361769
224.9821811280379
225.12796134471452
225.2034068010347
225.19190071737015
225.08598478559517
224.86449331506057
224.53969702268108
224.19011978036775
223.8974610012257
223.71701455411062
223.69038345802952
223.82580489900934
224.14225459566794
224.61554974502343
225.18477584851854
225.7676738457919
226.275489219147
226.67892188430855
226.95638726087185
227.10939810173738
227.1245261529777
227.05025166280456
226.95826525251454
226.86332704365014
226.73083964380407
226.5334094196506
226.29956122875416
226.11268274331468
226.0592913505738
226.103920028429
226.15649604026487
226.12587438591527
225.9916082683156
225.74408683109422
225.4147450742445
225.05092717082096
224.69764196203607
224.411263564258
224.24170181428082
224.19837307554076
224.20746191667487
224.15158874870298
223.9966266354542
223.7941141055815
223.62263442121906
223.47650476894643
223.33882444232373
223.19665891277887
223.0809869246179
223.00996434585014
222.9780299200977
222.96625640870073
222.9697463185821
223.03691716191298
223.22598217122288
223.52970713349458
223.86504065076662
224.22068465851294
224.65894997186774
225.1673412724301
225.63412578296314
226.03366513465718
226.36069670829352
226.58286992945546
226.63626835736764
226.49122293777356
226.23886148100794
226.03630614436418
225.9755700830889
226.06862778886298
226.26055427853788
226.4115843822862
226.39951066790812
226.22277182056507
225.9336751304243
225.6161518511117
225.32128173424593
225.07787208564503
224.88137442412852
224.69058790944104
224.51542545849497
224.4527127004453
224.5733188222124
224.89270924538198
225.34339928159886
225.83902793103852
226.27996801469624
226.58968103132997
226.7367424890905
226.7372630371238
226.66089527796754
226.6307355537803
226.7444103803888
226.95587026497378
227.06477136780006
226.72426839188986
225.534410553677
223.5906200961681