139.8597545803267
138.18728917629255
136.1948317747928
134.31086582207155
132.9398692223608
132.61068258544864
133.55282795810388
135.50532358133734
137.88056182798775
140.17706149790897
142.31280812360785
144.428791936315
146.63700264518064
148.95242223635998
151.28562519942892
153.4425750193061
155.27847157731713
156.73728892040978
157.87984358269873
158.9895260637789
160.45419373512348
162.61673180942495
165.71221011911146
169.30422103977693
172.77890789072524
175.7431714237078
177.9510594479478
179.43266550187442
180.3476693106847
180.91203425683557
181.2236325089516
181.36264733917835
181.43882450109578
181.53041889041702
181.7001368562962
181.9221711487715
182.1578683377847
182.50646427712456
182.9958389133701
183.53310121183722
184.0471574275767
184.45486989393268
184.72965195004275
184.88787765760173
184.99106432189706
185.14499442193636
185.4436724694785
185.88708181222427
186.32761027398237
186.53193389760915
186.37495816603254
185.95998580001054
185.31252241807124
184.4680366180765
183.48963101391416
182.53062403502946
181.67708765392774
180.92289015789197
180.26998928896091
179.7237431947073
179.28895556320637
178.90544370860317
178.50795657979288
178.06863287430562
177.50792391119114
176.75238948669195
175.86080710628855
174.99701514361428
174.30196129262612
173.81732753662166
173.53092058932586
173.47988121499185
173.67234067015357
174.01479507076823
174.29806223777533
174.42444381543544
174.47494559136072
174.45332491639402
174.33712585819273
174.1357024767298
173.85842191335675
173.58233272774766
173.47539098225542
173.60961440511136
173.9318287945238
174.30884893257956
174.4702657462277
174.46851389651175
174.59596728682598
174.98284470682697
175.61811854805467
176.4034834854315
177.1646379854234
177.74692611057924
178.10541740629782
178.28836670415131
178.36384220742428
178.3742216857744
178.28533796359085
178.07225588270478
177.76586092425697
177.40742393230607
177.06527224611602
176.80673365587808
176.5759809512827
176.2965440385522
175.93605665924494
175.53430491173592
175.16941451719086
174.8541203506396
174.51369967707876
174.08382379328606
173.5359083288279
172.92053045419377
172.41024354487135
172.2579043971473
172.41923443781343
172.50727130874088
172.34097908114882
172.11107353846106
172.05293753316914
172.03574520344844
171.95569793116772
171.93455363638228
171.952490370291
171.90218699050635
171.81702602546423
171.72100805553177
171.61869656251977
171.49879425833586
171.3333575632875
171.159833916345
171.02889992611392
170.80266191776622
170.31985180491696
169.55748474659887
168.69900350153654
168.14721215358372
168.22666855722164
168.88389245969358
169.8475394200226
170.64119659400407
170.9223256801081
170.74636287611366
170.33108625639747
169.8806616992456
169.68818342030505
169.8243678912085
169.9722624872272
169.8306025978474
169.5513782948218
169.34348926220383
169.03498420343107
168.79724479735196
168.79838538239585
168.7307637285252
168.42255439417684
168.11039799526355
167.9657025317276
167.97556668197763
167.90433270307125
167.6651238185848
167.39717318689483
167.20499842107182
167.06560517682868
166.97939058285502
166.8747358810536
166.71261614471678
166.54891916245478
166.52314105252975
166.6831790067585
167.0513194365697
167.4476935142185
167.78406868516444
168.1278425734729
168.46837377338164
168.8209852301099
169.1683096217445
169.63048257302853
170.27444458942387
171.033196459821
171.89283826084645
172.90148593044347
174.05102115755068
175.22184272444017
176.28715183520262
177.0329172289359
177.4595714835301
177.95336588733636
178.88192646145487
180.26578035208638
182.02184761140606
183.97895417637022
185.89024438579958
187.62578860432353
189.2848521467419
190.90499904167334
192.42029732654336
193.78168659283972
195.01567993242742
196.27784029905794
197.71070758865176
199.35478024856434
201.17467219038187
203.0368476667519
204.76461022093747
206.2094408922954
207.27946783085426
208.02942248939542
208.5491213953699
208.85667697061137
208.95359022113036
208.91719511441028
208.93171982527917
209.1314448171572
209.5870211264146
210.23652875167153
210.96795853730518
211.76644084606582
212.60756305178384
213.40466104118394
214.04599105672037
214.4248638019162
214.54105832121456
214.53917227806355
214.47274296081207
214.42852898300137
214.4713307749405
214.52602086114956
214.67690968089352
215.19565896721554
215.91212353035831
216.4771638789813
216.8691995659002
217.28049524149907
217.78534581568047
218.31523451013726
218.83260204693724
219.34741796489507
219.83161972989942
220.21707234890363
220.4088602138745
220.4480414886496
220.38352279186742
220.16729232381965
219.88292270591424
219.7149919595599
219.721799180501
219.9581562959275
220.420573890541
220.90446900959495
221.28471023920758
221.5206768207851
221.66796491809924
221.7782069933325
221.83416885200407
221.76059258904849
221.58072719563953
221.4556842439056
221.5341481400854
221.88197571315598
222.36212999787756
222.79737945917128
223.07521517960993
223.07411005648544
222.74983931487418
222.1502652159441
221.3817705679088
220.5832151597191
219.94494981899942
219.5788827064971
219.5393124704617
219.74498070538192
220.0359101464344
220.26530940000782
220.38337625792906
220.43371753262977
220.42583772721372
220.4232701848429
220.5421466500894
220.7942015420776
221.16183696873557
221.6776742478224
222.30331181153684
222.91612641508226
223.36270044881803
223.6014725475852
223.68739518348272
223.67690023386416
223.61435813480534
223.51780916176352
223.4071321266996
223.2734847769249
223.06904796367667
222.75636874164857
222.3921850021093
222.07825092039306
221.85689425450437
221.70337707847108
221.60369437802046
221.51952556681215
221.3690840487925
221.11116995225925
220.70442375148866
220.17907521419266
219.63449839677241
219.06665212287436
218.42509912630285
217.79946674726224
217.2441936905555
216.77878086697342
216.54256343818014
216.5491763735768
216.67234759922076
216.81795058190295
216.9241925325253
216.90826802858135
216.72052892517272
216.46855081797054
216.21547240233562
216.00813703886902
215.92575607817435
215.98506871769212
216.15101556564088
216.31825620556356
216.5081609249194
216.89176900408455
217.52232980985534
218.31027954520866
219.175822354212
219.99573262636153
220.7070967884141
221.29929083756355
221.77760930655305
222.19454372899963
222.54929480308726
222.8481858372001
223.09800164418272
223.293177855737
223.41084339805508
223.40852770091206
223.33153260585397
223.25316293307938
223.1746834544459
223.06969744353245
222.93383564402365
222.7742657971002
222.58983233080593
222.432952874884
222.31989381575883
222.20156232164356
222.05272202658875
221.86551212582012
221.65440901269233
221.41889771642929
221.15387209763384
220.8943382517853
220.68179705942788
220.55795502018555
220.53851775735146
220.63046128898034
220.8105709960375
221.03950303325462
221.29270046166417
221.52225658758636
221.68815913076006
221.77912187836756
221.81702551823162
221.8842942410952
222.06284804722222
222.3009043862109
222.4720549119298
222.51715837565123
222.42774169227062
222.24961061216388
222.06042516354552
221.88207940999797
221.68655261875426
221.43223062162195
221.12394254805454
220.7573933596721
220.3471505309174
220.00352823912942
219.87990911857415
220.01159714273092
220.2889405828126
220.5966152272275
220.84811682584103
220.96505743695315
220.91870810605272
220.73829712675104
220.47168611343608
220.107732199263
219.59328427877847
218.9199570088904
218.14584974933473
217.56296716168276
218.05014157776262
221.2544499100904
228.81259426846188
239.64657256869774