145.73999815978073
144.56683451077592
143.70959307360732
143.60565184535685
144.2756430209139
145.48796884477625
147.0271770309385
148.79188193629568
150.68515179869075
152.55043001458344
154.27839420506797
155.94187189601132
157.6726615195937
159.5452874744249
161.58438145201004
163.76045219455256
165.93737225832228
168.01235260560824
170.02210040576637
171.98289915914387
173.94504027912126
175.80444621476028
177.5171199274402
179.0394381643139
180.3556936208863
181.59117641976684
182.7393725290084
183.68558021844083
184.38073314441257
184.85250128583758
185.19818690593405
185.52623815972598
185.8971548399109
186.2963747989159
186.68074407106968
186.99214443746183
187.1789617229538
187.23622504721914
187.17875712075852
187.0097055309054
186.76340577651365
186.52445734217704
186.31588512932274
186.07512485744854
185.81925484351044
185.53304009304503
185.15024209946648
184.6472894741527
184.02079619989388
183.16419894242006
182.05026197122902
180.81932697237363
179.5116295202464
178.04326195508742
176.46443225227944
174.9939577396234
173.84420304903216
173.14925408132103
172.90423637129894
172.89118043879625
172.79335060170806
172.48982403671408
172.05089872046747
171.64774800012125
171.41243649418
171.23833911746667
170.9381662463141
170.4293396971957
169.76429945689762
169.12061265907585
168.61987304408285
168.36715133074227
168.43085818801276
168.76259505232503
169.21302034104934
169.63916107796177
170.05319592474294
170.49273150120922
170.97114864662288
171.45775597321702
171.90340788760966
172.32764722407188
172.7878010882425
173.2345338637245
173.5702125038497
173.7350066545585
173.70172649908906
173.51458494010822
173.2657632326205
172.98609116434108
172.66274097690018
172.32203606475235
171.9876079171601
171.64926061531975
171.25414618956657
170.8110574025264
170.42489336907587
170.1636183771115
170.01586437061928
169.9223965441748
169.86636220231327
169.93051532460208
170.20951558291796
170.66681670778615
171.1541664657324
171.63709407334812
172.22493826251545
172.90408674448025
173.56766481367063
174.16706202583373
174.66217892313884
175.02164666321528
175.203059762996
175.19013640800006
175.06702573657756
174.92464304866252
174.86112371686528
174.99702008229605
175.39293194308416
176.06243411391827
176.9633229979968
177.86965425973432
178.49622206295447
178.69774858645192
178.51693992555082
178.11795766381792
177.65377927093513
177.21635959073245
176.9013954971519
176.76405889307193
176.79888444444242
176.9290838749832
177.0097470214784
176.9694274773725
176.82077419963775
176.63037916956927
176.47982771327065
176.38512280194468
176.3743784403834
176.4699530043622
176.58871767858616
176.65950281702732
176.69342097531796
176.70716766929846
176.66534060168271
176.52513473156455
176.3360333994654
176.15338824167094
176.00655194394596
175.94012048173246
175.9975366650363
176.17527001749687
176.413441593745
176.65482030730794
176.93310039729477
177.20123770079974
177.39838845062582
177.61799547688986
177.91762244967492
178.30834995100508
178.7752829096797
179.16074835981215
179.32456107521153
179.23508428466448
178.93772270591697
178.52102351867117
178.07289489123679
177.67889606259885
177.41361537905766
177.3043929558238
177.36554193153123
177.66735385723572
178.25686190516527
179.09177686607825
180.02553573700152
180.88972790482993
181.63474961602873
182.26943809827296
182.82349144604478
183.3047317738059
183.6484537180415
183.80323311352595
183.74317218734797
183.44479144519167
182.89468180669684
182.10276269392634
181.15756859694972
180.23962374258608
179.4849748107362
178.9478226763818
178.56889005870218
178.24819768743853
178.02695805051664
177.98922968274786
178.173660791418
178.68569715430957
179.56369942141447
180.68770360973593
181.99805382010237
183.5963619540821
185.65441292931283
188.3416739807618
191.62643993816536
195.1998608479275
198.6430517573024
201.66577557027696
204.18089583128207
206.27850240739863
208.1684905516351
210.02104785923956
211.89252087993887
213.8409193862396
215.86612566210027
217.78915935848374
219.38285742000005
220.5808436370761
221.50687973547372
222.23861762438338
222.7101856321244
222.8634485747977
222.77262932750034
222.53794631271
222.29365588085653
222.15650946328014
222.03734235465714
221.78084324922622
221.40051810109662
221.0428216789875
220.75154017500975
220.49285986090476
220.3065755871573
220.14859085962377
220.00240741664624
219.99383863248946
220.13591791651626
220.4054259393566
220.73267973586127
221.0961431950896
221.4770778712064
221.85485280796635
222.16916580842542
222.40796157839964
222.64280469966104
222.93698949254824
223.32522773102735
223.8071978859491
224.29458797932153
224.7162753189656
225.12049351224056
225.53137304762788
225.92448813784617
226.2484683580715
226.57787603922887
226.99580105891093
227.4331681914642
227.82282571071804
228.1738425818566
228.56479679999464
229.161796292793
229.9433727431711
230.77272402842226
231.4684301095438
231.96344811603274
232.19644122328438
232.16693209960016
231.98518154606882
231.74816384191678
231.50127743280424
231.28720727934902
231.04824193753373
230.70153005759045
230.21617357262883
229.56156546698128
228.75453029711878
227.96465614630628
227.19657259717872
226.412919122375
225.69836861675083
225.11516846290482
224.57985194665505
223.97851153013042
223.27759051698206
222.5078702993883
221.74535354489737
221.03579706383033
220.39123528127237
219.86727246758218
219.52149569661364
219.23539937786495
218.90525924957979
218.56969264486702
218.20364459181118
217.78623859538416
217.3876444916484
217.1550622693671
217.17937945434335
217.36352006126035
217.57746481351404
217.73620058491457
217.871358482301
218.02201708910556
218.2018730355158
218.3254766753534
218.41636721794612
218.56423865651448
218.68948681558123
218.6441973383582
218.45685373051418
218.2421178372795
218.02756324288848
217.8563511455126
217.8637441664986
218.08264045468664
218.41371251884536
218.76917232842482
219.1327984089969
219.45611370354735
219.6767455387733
219.74113116845552
219.6387078435008
219.47641133721467
219.36915261676452
219.37244741047567
219.50143920565682
219.73192343025923
220.0400370695615
220.3846800523899
220.6765889776769
220.80244339449524
220.7433211092344
220.5834988702126
220.33791998342124
220.0546209273011
219.76580058284858
219.43163081461284
219.08962357998536
218.8438246571573
218.74244126069667
218.77592282330716
218.8977521065415
219.05255245615606
219.20157216330045
219.3442355928672
219.50267463852407
219.63698012834374
219.6983706472389
219.74027113533293
219.7864977574632
219.88772664549904
220.06021907604676
220.2011172114698
220.2209588703098
220.08634880374933
219.8322085543711
219.5657658322279
219.34878266368852
219.29038507549973
219.4819106346364
219.89828728883384
220.49070454665733
221.14238372908034
221.6415869313401
221.88325235190905
221.91148164598061
221.82917636168042
221.72839018062797
221.66747900372803
221.6719914032319
221.76170306316504
222.00632987103347
222.41341575971646
222.91770290723116
223.4088827789521
223.80621972097697
224.04128653904758
224.07180298158295
223.8689616212822
223.4829025274822
222.9924097835119
222.41743762208324
221.7933098085546
221.20102738614025
220.70839320575112
220.28126870155108
219.87496779935594
219.5022894858704
219.1936536131128
218.97269496392965
218.86272340669308
218.89128734351004
219.02691421136802
219.17197914657646
219.28295762417832
219.30459274283078
219.14825834231675
218.72655064576867
218.23352762177765
218.06091004107768
218.74208682630066
220.68549290428598
223.50225278626505