141.1842311806892
142.7438930369845
144.01021757563137
144.76586558551926
145.22458420165054
145.63740977565843
146.16767170128998
146.9170484170241
147.9870832033032
149.51442688005994
151.57884204032686
154.0497861450789
156.63898326158647
159.13153975895582
161.40336093367281
163.33771272346002
164.86351016197784
166.06922237539703
167.20727124606213
168.49366432853816
169.98226145073315
171.50531037610133
172.80699645396356
173.84727229134438
174.71465303654037
175.5053449649348
176.23978253379096
176.8168403337088
177.1721871759873
177.34474718728498
177.3953325036979
177.39776219630684
177.42156076970085
177.45324819214284
177.49963622098855
177.5969779239755
177.7264142069562
177.83546522104294
177.83510683715926
177.67357718229152
177.43539247595038
177.13651171169772
176.69346298923807
176.0782102352363
175.35269824279774
174.64794642274575
174.06313247357184
173.58127105991144
173.20258478829854
172.9283114302279
172.7272846314853
172.58092593817395
172.47056775850345
172.33478954851972
172.1489989865666
171.9089018493722
171.61302053127642
171.27954579568717
170.98155397459422
170.7536913298399
170.55985846439793
170.3965200221379
170.22565732482795
169.9795913099074
169.67419697855252
169.41029229815075
169.3028436011519
169.40390070418445
169.70763865717916
170.09778859571884
170.4284365936813
170.62678572896579
170.6964181319183
170.71396340579182
170.79737416929208
171.0080064059549
171.3005735991285
171.6055492684277
171.8444114076127
171.9419841478563
171.91105810836103
171.8268636013057
171.74572877360896
171.64200180599533
171.48921924888816
171.34200036335454
171.26109895240796
171.28027218679327
171.41438780409254
171.57419921765975
171.65380282346538
171.62746760220864
171.49810332062788
171.28529279435332
171.07230693875772
170.88291145891378
170.67165649099553
170.41566600946086
170.15018219504975
169.97371553636765
169.94336112980406
170.01572081049375
170.15773995493393
170.32178420441275
170.47273300307486
170.6015455443401
170.6756412018828
170.6731616738419
170.60000853609523
170.44395998709015
170.2018943153112
169.94136865595584
169.73391216090434
169.6319803947904
169.67470840785234
169.83330638778256
170.0234119710884
170.15575142509184
170.21333565322868
170.2722325707233
170.39789106909623
170.6050648343929
170.8619447372771
171.08874706932878
171.20519163727477
171.1811409936768
171.04628964027745
170.87257885707407
170.72131378496618
170.61819799133883
170.55670915991072
170.49569820782773
170.42263971312119
170.3495397491127
170.30479443789156
170.29381973360148
170.28128293279698
170.23511558404294
170.18745102565683
170.17263944855324
170.1976102913477
170.26963487244785
170.36146980239812
170.41769394759058
170.3846877206667
170.27994533718663
170.19828222567347
170.17015764297392
170.15730953096022
170.17012287514427
170.25310241328472
170.45160694455987
170.76376099633026
171.15904851957742
171.62895408858998
172.1305455500379
172.5886782715038
172.89691987911993
172.93168613297675
172.70672015804163
172.372753778841
172.09909732126434
171.96368710550826
171.88227161951377
171.5953643955585
170.80170568155754
169.29868348871926
167.05123989686132
164.172455325651
160.77436078259873
157.27150725587674
154.2723787157631
151.801264349004
149.5153312296765
147.3182698891939
145.02768669787588
142.43748380023172
140.08152012902565
138.83774625981002
138.7566339066334
139.11195298342216
139.7016606312003
141.25501557253745
143.34348108715636
144.17335467683688
141.7162723680855
135.3390119138518
125.54366218098289
115.26391313334963
0.0
0.0
0.0
0.0
162.70238233744783
173.29736949264498
195.3231838803662
229.44788852688433
264.2356600214416
288.6310021360364
298.7079473294108
298.3620980545121
295.2844716412332
293.4799792486098
293.5859350330849
295.15315841910996
297.47921531145823
299.9779203285496
302.27993187901416
304.19672590439063
305.6832010546183
306.77246565287805
307.4894419798404
307.8504092599016
307.868430495721
307.58481252390584
307.0850625157947
306.5007804318446
305.9426280578978
305.44422867929507
304.9981253818288
304.63864786092216
304.3863027676713
304.21321009554055
304.0227799419358
303.83759252913615
303.68785586099244
303.57853531592195
303.5517313534218
303.72882690042275
304.2351357437009
305.06624169411754
306.0503395900567
306.97781716714843
307.7524739756786
308.4083687654939
309.05215448401657
309.7698120623649
310.57117331533726
311.36502629003064
312.0909498611261
312.8624489165198
313.79113128662965
314.850801595042
315.96446210602136
317.0585416444606
318.1192162206713
319.1587476940242
320.20929550994947
321.3194599452179
322.3781028592425
323.28468576369914
324.0913989703442
324.90706989823803
325.9039619834223
327.0248951968108
328.10682981065867
329.0220730364593
329.7968344668067
330.5079422305407
331.2898729656173
332.33844066559465
333.65895805375783
335.06468065398315
336.39922854356814
337.486366415059
338.39495241468825
339.3901684296279
340.59305204266053
341.89311925321806
343.1194628845673
344.17116219323924
345.0494183090765
345.76655124096743
346.2653868716405
346.41779959517527
346.3675381996951
346.2124949069646
346.24916361573
346.5036994084595
346.83637384252785
347.3342004617074
347.72986596414864
347.79910936166937
347.518029030132
346.99933924990177
346.44060928095513
346.2191538608135
346.49190562616224
346.9589690041076
347.4105842799478
347.4698029801077
347.0140280741021
346.24168274154044
345.2035780753015
343.7665098543808
342.341088784745
341.15300030428557
340.2816082935541
340.0607775444927
340.2203410759161
340.41015359619144
340.64723681900233
340.82339557392356
340.76945394438144
340.4157218889998
339.72831741097673
338.9190560001159
338.0721165917423
337.3055149881347
336.578954596569
335.89635850331035
335.36730602902367
335.2768946866755
335.36341012117555
335.2382921359609
334.9521371608382
334.84164585219685
335.1034077552901
335.55013708929965
335.70684444684434
335.43566938222204
335.01650739170543
334.4667434213536
333.9150592228399
333.42739428726753
333.08464152904173
332.9218496917623
332.7167884163166
332.54048003575747
332.60289879128743
332.8717088681492
333.2844707140405
333.540902531151
333.6772847323642
333.8178605552182
334.0150779958974
334.26641914403314
334.45666612611524
334.56546936395
334.96231663085473
335.7339902629824
336.6310390126283
337.42832281083076
337.99448531929454
338.3626710603626
338.51861306207184
338.5859555862183
338.93979073028004
339.51297010339994
339.8724584234186
339.91476773399427
339.6129353536134
338.845309746171
337.9709950090589
337.23991968195764
336.5511144132696
335.68116158467024
334.7655302060093
334.0335513241635
333.32611020198345
332.5581613361701
331.5834354442601
330.1978799743357
328.5020656529653
326.7314956295715
324.81330991958987
322.91964052946435
320.9872772389191
318.8392414778252
316.45105905148944
313.7041384447922
310.5493233726554
307.26391661759374
304.06955470598365
300.93445068164556
297.9327158395489
295.0233190414203
291.95020511982176
288.5951048211484
285.051006377226
281.34982044340484
277.17030948765455
272.5453902769756
267.7640504418732
263.3871835381594
260.9310390296699
262.3940251236205
269.3717692286848
281.3048691561929
0.0
0.0
0.0
0.0
0.0
0.0
0.0
0.0
0.0
0.0
0.0
0.0