199.45502383467917
184.70542422388445
171.722081273498
163.4792852807257
159.56126355625432
158.21770089251402
157.8725918967145
157.7579264639004
157.41664514310025
157.00438006970262
156.94848391370525
157.16846591531666
157.46284093696227
157.77628874127913
158.11915702831897
158.5239107031819
159.05816464534712
159.70606374556914
160.45129363076353
161.2721788408052
162.09945099076282
162.89665072518778
163.70531465908903
164.55316430270304
165.46582565245438
166.51428247670847
167.7290876507396
169.02781226853762
170.27133474489352
171.3450056978065
172.19779240097924
172.8107829999714
173.17600252551293
173.38312277323365
173.52013187356476
173.5936775059477
173.60682925145434
173.58127806619498
173.5176690519596
173.4186572784417
173.32909109738188
173.33514600164756
173.41264993705306
173.45291009267564
173.43496592070312
173.463858978222
173.60130747394928
173.79073466993793
173.97443752875404
174.0694604417959
174.02050539064498
173.83167685484898
173.5041110069884
173.07854984703812
172.63754893310727
172.23045479368605
171.87950025920483
171.59482207809907
171.38211158751318
171.20685467476255
171.01523917575534
170.79701386225486
170.58543950967112
170.4147664906534
170.29447704896677
170.23024445664592
170.20367125840164
170.17681851159597
170.15354684141272
170.1753210663415
170.25084828806297
170.33494174264737
170.43557807313837
170.63686954087314
170.9487445275574
171.29943121237838
171.60413478578675
171.84277429505573
172.0283744622262
172.17013304782776
172.2543730918305
172.2772668979881
172.3020700295983
172.33530324345824
172.35554920371533
172.3511416750631
172.30548337821907
172.2564107049896
172.2608020588321
172.3209749794395
172.43289889929784
172.58320786715086
172.71729793729935
172.82868063759202
172.91526775420635
172.93689264286803
172.91308639110576
172.9078173923374
172.9281119777153
172.95844835041174
173.01267908956186
173.1179025905736
173.24840079174285
173.33886457910285
173.32391711115235
173.17257072079366
172.9614885791586
172.75398525192432
172.59126181521194
172.49613230474165
172.41185123191087
172.3044442836696
172.22090773630123
172.17284051745168
172.12009740007932
172.02525593822503
171.88099502131374
171.69421689977358
171.45366286987803
171.1581767999597
170.85572184420016
170.61032409618326
170.4277175448587
170.2744563369049
170.1243141136614
169.98507267732484
169.89273331291292
169.87710127036172
169.919576463599
169.98491810545963
170.06079900894025
170.18720192937766
170.38924012157273
170.64018132829375
170.89489268566194
171.11003000958664
171.29063511942002
171.45841818590577
171.5989997336545
171.73600058333693
171.93571843646365
172.2247856497107
172.55571915287987
172.8717737764591
173.13421707057384
173.3262798526633
173.40871592592208
173.35846794957826
173.17010131371273
172.84540226018623
172.45458193165612
172.09863392984903
171.79792703811168
171.54119203379952
171.30971426548317
171.10378505046134
170.99988508646916
171.04895307342773
171.2112957389018
171.44741677303142
171.7355545634652
172.03192966649473
172.2929840070076
172.4876133349254
172.5806571862671
172.54215801348965
172.39322172129997
172.22258909720944
172.06846127109168
171.93586446297644
171.82861818338588
171.75313862693378
171.7089873982535
171.684038191144
171.66865719707033
171.67632008169528
171.69526588595772
171.72729790445013
171.77214919170757
171.79028150818192
171.7785970194825
171.75826374433885
171.72867954928148
171.7308643302589
171.7785572345585
171.8871304490086
172.07170044570313
172.2737850046462
172.43146286359084
172.56114434973136
172.70315734149773
172.90211539495422
173.1815686588879
173.4746737811338
173.69933883730005
173.83165730817592
173.87177373003016
173.86109822238288
173.81265217747017
173.71749536379872
173.59298955029337
173.4489370679115
173.2858804747841
173.12146985964537
172.9651763413637
172.80338268700478
172.6754446938574
172.6183112142685
172.6256301081301
172.6673885104384
172.69737799836963
172.6944609482039
172.6789187914245
172.65123434979296
172.63191534689145
172.63900670779577
172.6230386354874
172.55844447156989
172.4854526840639
172.46048266664963
172.5116449105766
172.5907331823402
172.62539770758596
172.59642416046137
172.52396221070774
172.43937997500205
172.36407048990134
172.23806484849806
172.04296120908356
171.82631704828515
171.61530487003267
171.428549287032
171.26543052119348
171.14116583305946
171.09921020493337
171.157455541106
171.28307181525662
171.37057587056546
171.3595529760207
171.28860572574135
171.2036224030105
171.1339379998882
171.09470880260187
171.06473922639165
171.0618776726054
171.0875352109243
171.0610718383348
170.95366886560873
170.8032023383577
170.6495062476068
170.49097273271832
170.34668494644782
170.24012421355525
170.1500377855998
170.07900771055614
170.0058737662203
169.90619934543832
169.81278950814234
169.76141155072457
169.74278539769372
169.75326596105847
169.7966555788502
169.88614978818376
170.03885263211023
170.25458832456178
170.49508632605233
170.6776856550277
170.8060201268429
170.92233942117656
171.0235929561395
171.1508975720486
171.3615988911986
171.61363697424346
171.8602923193019
172.0931852614443
172.29327984842269
172.45165904725826
172.5693304827368
172.62633495145806
172.63520915805935
172.64479532604642
172.62793120119008
172.55387093260018
172.4613434374621
172.4413575664382
172.5270331469078
172.6790052320082
172.8917991399275
173.13977425034435
173.3701123283999
173.56232793923226
173.72494174625552
173.87444329436576
173.98683330016073
174.01115129938046
173.94478770539348
173.79284116293343
173.59131205401297
173.38527823953464
173.19862991016714
173.06872088097555
173.02070978103833
173.02700271282814
173.04454411931198
173.06918343485722
173.0268564896415
172.96507427285232
172.9794394002611
172.99739816948957
173.00880318386606
173.09529749580963
173.2279681982472
173.37153240813925
173.51841057691135
173.6856163293987
173.86717658312304
174.0068614731622
174.15059987882145
174.26832277177584
174.37274566248146
174.44636690600515
174.47868458735476
174.46959125782118
174.39081250669054
174.2941824082857
174.1918189789484
174.08349614223945
173.98122487209383
173.8657399586334
173.74690293613037
173.64513058177647
173.5571432886764
173.49220964332483
173.41615640131027
173.37766522686994
173.3534031491205
173.32663805910929
173.30762374257966
173.28700155300345
173.2800001479861
173.22943152205508
173.15506973120517
173.10163898690135
173.10362874779761
173.15770121578953
173.2048751187134
173.22860899448912
173.2629640288677
173.27619036193974
173.28825945296876
173.3073041892991
173.29314554495477
173.25357894602132
173.19701543042066
173.11720456876395
173.05820564339166
173.01671929982632
173.04543148402882
173.13157403108679
173.16082997460754
173.11769265406966
173.0672810699205
173.03040643834188
173.04970400068026
173.16003480543452
173.29077072998425
173.39200334263236
173.46477877639524
173.50860762745475
173.5326663589318
173.52268487345444
173.4952728172984
173.46693843265624
173.37360075693314
173.19966761991913
173.04905752336708
172.97908866440937
172.96133525513096
172.95194967750191
172.9395828295257
172.96582405716427
173.02307322779276
173.0797244257269
173.10985347421737
173.0695223590163
172.96925050076732
172.81806986646873
172.69353821092295
172.6503880436457
172.65099889997055
172.63985041464295
172.5813773704529
172.49302709282222
172.40069401251043
172.33365480522613
172.2466121673197
172.12458536607468
172.03078554375276
171.98069557746567
171.93609137921487
171.90408408786044
171.9498253477904
172.06623000043876
172.16838846847077
172.23181659438177
172.2691122629237
172.28812834909527
172.30627396764933
172.2752173816107
172.2146939679534
172.15709369617534
172.0897805123389
172.02166310830663
171.97005828321076
171.91867466809043
171.8721740825487
171.81942089208744
171.73545454798062
171.6540969758283
171.5625233367884
171.42121076955138
171.30962845874936
171.25605114831086
171.29523062431844
171.41896043605308
171.5281320810916
171.59026127570576
171.64813637661288
171.7070071238693
171.7771309196994
171.81473437461028
171.8036216577093
171.77928994977168
171.75537119866124
171.71440706916817
171.6636220698191
171.59520612810329
171.54604842349409
171.5522902391035
171.63708474023355
171.776392364238
171.94091701622548
172.1333999189942
172.28089640175546
172.3749253318149
172.41845957510355
172.44572840133105
172.5011522462239
172.56499877515267
172.66494636794184
172.80980829850523
172.9576345101301
173.09957506004747
173.20015148840218
173.23440168069146
173.277381078555
173.30821037855534
173.26207347553256
173.14006128620753
173.02656183470418
172.9779569658953
172.96007207599786
172.97362025955096
173.06915939156835
173.2059859959509
173.3360611290369
173.3933184323007
173.42334708955468
173.50328006461558
173.5971817212385
173.65918985730406
173.67123513958296
173.66405314830266
173.64603503874392
173.6168482487401
173.58064137822436
173.55113323559917
173.54810463165143
173.5689644803324
173.63125910661955
173.7202411945059
173.8119757548103
173.94747016784348
174.09906494600366
174.2084333636481
174.29032900579062
174.31753806150908
174.27716892114304
174.1888688572273
174.101566942724
174.06429619813326
174.07205755221136
174.07409726254244
174.0213720578701
173.91617198824756
173.77889454305532
173.60321052385595
173.4416650152142
173.31150296180135
173.17102107417492
173.01231006593247
172.832561623368
172.67753443274302
172.54898034376393
172.46462653535565
172.43886424380275
172.44979579334193
172.4828148573402
172.53460080755943
172.56999064184126
172.60403185432398
172.68584658922788
172.81354233958524
172.9635689850159
173.11216189252846
173.20191638484312
173.22372390796332
173.2329075887602
173.243746673725
173.28891486340106
173.3469736199924
173.35200054312088
173.3120478339422
173.20768064135808
173.01670533860766
172.82471462488252
172.64264714831
172.49008729247427
172.42745079323439
172.4441534198255
172.50282852560588
172.53203316418302
172.5162429665797
172.47414163510734
172.41136361198576
172.34633596430987
172.3286889586396
172.37635922160337
172.46494644839467
172.56893059064262
172.6478336590199
172.74305434155443
172.89794476259556
173.04247908948471
173.11599474045772
173.14536280067296
173.1235289461233
173.05734394650432
173.01739481957432
172.98771665453302
172.94551611401016
172.9094809417478
172.8575756905535
172.79194696840472
172.69559712090606
172.61739927034478
172.543829278381
172.44781810000993
172.33959145050198
172.23879086269207
172.18817293107386
172.17506967078097
172.20522677998156
172.2566430872698
172.29019077350196
172.31187970642995
172.34377531881023
172.4041171169421
172.52112450599117
172.5947613269643
172.6694399353054
172.78177194924848
172.90545846278502
173.00514965728706
173.05499716860234
173.11114172982272
173.14724426566352
173.1354670025758
173.07903336905915
173.00425749461883
172.96183335321624
172.93592208876666
172.85803687062563
172.75234803235497
172.56222408415755
172.36842104888842
172.27634347313438
172.29542953532456
172.36822378327832
172.43191430212727
172.5318262405728
172.63585410453788
172.7595200080827
172.86765714931246
172.94719848474608
173.00180230121055
173.000137089084
172.9728155629158
172.90488015693373
172.87614368562674
172.90801434850002
172.98600181253707
173.07890357657027
173.14168612458514
173.20406065129694
173.2350684103805
173.27640533967397
173.30055693676988
173.3221539169623
173.33822662576898
173.31105310318986
173.26672293986405
173.18139648529734
173.11890693682608
173.11050071419186
173.1473767252514
173.1999697045203
173.2727428038056
173.37253207499685
173.44848580041065
173.504077187186
173.5174195956024
173.5184717483054
173.51374951335768
173.49641763030058
173.442511663879
173.31723737131952
173.18841799581404
173.06524769352222
173.00953876123484
173.0237069711201
173.02289031031776
172.96904259343424
172.89498781943234
172.85007000113615
172.78465743646333
172.73063177400917
172.70741087210996
172.71349560847378
172.72635558398085
172.73702471413844
172.76152469973738
172.76452831995167
172.7552394643569
172.74056182433088
172.70456200970983
172.63253757242572
172.515886136295
172.36465478860416
172.2216223799367
172.13071544016742
172.08087065192552
172.05536102194566
172.06175042458796
172.0935981391961
172.11425035359093
172.09383051774245
172.06194618759253
172.06141617851677
172.09488504845532
172.16557972905431
172.2354271288093
172.24532543967712
172.2103749573606
172.17747382814176
172.182137341124
172.2472556678959
172.34364664642462
172.45356115205306
172.5692370290079
172.6757878829329
172.77305624776943
172.8346176675932
172.81877248499498
172.74432450456203
172.67429201238207
172.6177425127102
172.5273347389602
172.3876726286973
172.25945279325202
172.19767387501406
172.1955362900142
172.21345881752416
172.2377330231814
172.28721203918144
172.37530115212292
172.47096663812897
172.56291762807462
172.7004528165007
172.89199807605576
173.1289845228966
173.39922979086242
173.68420114166003
173.97327870888256
174.23845927320812
174.46261829089238
174.6307916368715
174.74704502716014
174.79425695331395
174.7597533616348
174.6920589621353
174.63039909738472
174.5252805693904
174.36018927653106
174.19958407491498
174.08088483316922
173.98076883028565
173.84631974187485
173.65751843416294
173.45723129576996
173.29171742149654
173.1770267187367
173.08928813322336
172.9964641402204
172.9290636121649
172.8919466826973
172.80403342943552
172.65827184679353
172.5136781824462
172.36693926763013
172.20524397261522
172.06378516135538
171.96635678807706
171.8832078597038
171.77919521852334
171.67450450163483
171.57684640502995
171.4624845967775
171.31007872012012
171.14154586238362
170.9994666934897
170.91033323812593
170.85596243338645
170.79292126250655
170.68521782198832
170.53369916618794
170.39795859418177
170.36257379134568
170.44995639904323
170.61204645186828
170.82523435357322
171.07912430706568
171.3336738204376
171.5750894727318
171.78625116387482
171.94342375692702
172.0848791031114
172.21075559118128
172.3369980526103
172.48558436257628
172.63503670644744
172.76041309686167
172.84922186014546
172.8971384890342
172.89602308923259
172.849256676735
172.79077847630307
172.74524029271845
172.73191275135207
172.78267066710293
172.8789436333207
172.96107548356866
172.98864684943305
172.97190952419143
172.94025621953367
172.9014315647525
172.84095936142035
172.75701540098697
172.6694096748009
172.59846404901472
172.57271571438665
172.58495888368736
172.62717278933627
172.70335274309008
172.774083057144
172.86153567185514
172.97100552909382
173.0909588141125
173.20675235489452
173.30053687320222
173.3833701888347
173.49035878794007
173.6246566445647
173.7834512011447
173.92716542143307
174.0450879147509
174.14301134935687
174.1789496480339
174.12635359617624
174.00142678888628
173.81395288058854
173.6050703281637
173.4194668102458
173.25742638048058
173.09597276291376
172.90376882603053
172.67697217867877
172.47024988144764
172.30697135766758
172.1818743353777
172.07289442695185
171.97146971502207
171.89887006369182
171.86097526253627
171.8302370370509
171.78482805945734
171.7420027039222
171.7261233710343
171.74303161069795
171.78589742002669
171.85062097759916
171.93968535125327
172.02541079262258
172.09483102422425
172.17296668316845
172.2565231782264
172.35212140099745
172.44705182447325
172.47647053350326
172.44507538767385
172.41572472078713
172.39277561976098
172.378549475777
172.3881369875238
172.4148940089623
172.44572243146283
172.4654982167786
172.47671568913415
172.5169666304095
172.62970777102078
172.82768618302282
173.07332488644272
173.32868858591976
173.5919936638152
173.8494081844372
174.0625322192185
174.18179665980074
174.21199132751775
174.2014898421723
174.1620003377577
174.07568802183306
173.9592274868711
173.8304622870825
173.70623713321277
173.60001815521696
173.50180654205116
173.41011895668618
173.34152753270462
173.29189813010353
173.27068811731868
173.29963099956714
173.36226901101344
173.43358072487868
173.51389185538918
173.62812205452553
173.7893275200944
173.9611425241958
174.10647183681942
174.23563164563217
174.3369295913668
174.3932396737992
174.40172752886855
174.35607973335425
174.27862842454329
174.21030773496068
174.1911082023579
174.22578300417888
174.27605496151256
174.29928242342265
174.2843324733284
174.22959513930357
174.13931467683926
174.0360659941399
173.95347228542022
173.90982028017876
173.89225065635213
173.87251827499395
173.85429214399574
173.8383651069462
173.81145053865384
173.79602909087328
173.79262928620875
173.78641197166735
173.77494900445947
173.75983643609317
173.74981067254615
173.72623572685757
173.65224194291264
173.56337490800465
173.41206736140023
173.19910695983228
172.98835146835688
172.8204168145225
172.7243382058601
172.7011006269575
172.75901687516026
172.89033782603053
173.0620295452327
173.23262856396204
173.38619880464216
173.51292529564734
173.61420863531683
173.70613209725752
173.77533104959997
173.84471706726032
173.91732808996898
173.9639427092532
173.99037079148488
174.02386284753248
174.0471087016358
174.02379837605463
173.97591637637652
173.9353123231788
173.89566743011153
173.85074911106926
173.79387609696266
173.70803261645628
173.61026870602876
173.51712385501878
173.40375301408255
173.25853514793587
173.09867209149587
172.9362217904632
172.78801560906578
172.68569457117758
172.63143086600093
172.60045888793522
172.5985257036848
172.66597177214828
172.7974405035804
172.94666147846277
173.08265152533605
173.18355906023712
173.21701819331685
173.2194361568635
173.22646061340947
173.25822342541102
173.3145526554233
173.35596710806567
173.3670648389869
173.3578583416179
173.36952326565006
173.41765170998707
173.48735920323782
173.5767669745859
173.67933310965046
173.73389628866383
173.70496751715874
173.62981005668493
173.5492802427844
173.5001743526056
173.49432069965974
173.5193082398714
173.55189658610618
173.56292597815303
173.55891347689402
173.53543403204756
173.4831585929913
173.415786687558
173.34954534076144
173.29674916152376
173.27972811773557
173.2978624421146
173.3120208157215
173.31798052086214
173.34404277298293
173.3832611648484
173.40922723989124
173.39909631307387
173.35684802454887
173.33054541698507
173.34347376932953
173.39546138743086
173.4735689167876
173.5532267231167
173.62286143037542
173.68785786912855
173.74463606872595
173.75934277617253
173.71811090194208
173.68310107526037
173.69716029950314
173.7416936879256
173.77496204147448
173.79051928054758
173.8211924605409
173.91700609976874
174.08206545092713
174.27063122901697
174.4425889603413
174.60824670422213
174.81807820755725
175.07078614110847
175.3199304075852
175.54736023770317
175.7219477535465
175.85515112641113
175.9644552187179
176.03809291283346
176.06984746450098
176.06037630701934
176.03797879584127
176.0087867871377
175.96808603712051
175.9240675923252
175.88020221018155
175.82350680388492
175.7477221927356
175.65251430589657
175.54732172197
175.44812715114318
175.33932467913758
175.21796678235285
175.09031522557476
174.94459023552471
174.77876074954295
174.6120582266528
174.49322549853082
174.46626165939847
174.5302767908061
174.6512329116096
174.7886742875176
174.901595611505
174.9670626791151
174.96976888300435
174.90873274725485
174.82636832636916
174.73981823834663
174.64764707009775
174.56955940780145
174.5173876666032
174.50300541040588
174.52606301152383
174.55508959899763
174.58193998464563
174.61042510701532
174.6590621801172
174.7448169726957
174.8418322188626
174.90435609142236
174.8867626540407
174.76019311522404
174.54282108132603
174.27918878394792
174.03342277677027
173.8412953685464
173.7185600798452
173.65889986235152
173.63276850593365
173.62370548735333
173.6075164722107
173.59859214386933
173.6266102440684
173.68239936143908
173.7442020549727
173.79631668887555
173.81902899790876
173.83625090028835
173.88948297219306
173.9510507891806
173.99438224756582
174.01997896780682
174.01162408501543
173.9639844199668
173.89322798729825
173.81715183533325
173.7171103905797
173.58807668088147
173.46255216853956
173.37276298401235
173.31717673923643
173.26889541554647
173.2160247803495
173.1816202238743
173.18023050257148
173.2314765412258
173.36116371964047
173.53441286082167
173.7011087618046
173.87834755282358
174.07952170942548
174.30109794771502
174.51088361242498
174.67342910431623
174.78529182252322
174.85601764356633
174.85584984123784
174.76861496404683
174.63243875599554
174.50423165233195
174.42107124667604
174.37129143225485
174.3289571359147
174.27777797792282
174.18408702230445
174.0588950426767
173.97361898243636
173.9352630443638
173.90961338319457
173.8918693638263
173.89322720023284
173.88909054922055
173.86224623139515
173.8378812289725
173.8401876636308
173.85659616856321
173.8797668453151
173.9123975762423
173.93533116474862
173.9434758088267
173.9468882827377
173.950153837446
173.967822540498
173.98655158973068
174.00859008864379
174.03804870790117
174.05975523315718
174.0570491258827
174.04852549972088
174.04568948106336
174.04271433982066
174.026904182283
173.97317392184505
173.87214916329037
173.74566521956
173.64982883946584
173.60186388784876
173.5912485472174
173.63142875729565
173.69069611362863
173.74295899840877
173.80472813791897
173.86544650800747
173.89599397309868
173.91157341047625
173.92854551655682
173.96948148579
174.04072335559482
174.15272433452014
174.31239750317744
174.47029497061595
174.60676657827457
174.74897890437813
174.9008723995158
175.06352582719026
175.19531522399572
175.26637252983875
175.28346630652374
175.23992946796815
175.15556577532598
175.05632798429227
174.9597948904642
174.87020011330657
174.77435713304553
174.7033784020287
174.6733784635796
174.6550021014756
174.64993033141678
174.65445908981445
174.63648956636501
174.60466662636412
174.58638067301882
174.60041089438116
174.65282645417568
174.73531842495493
174.83337542254077
174.89156722197183
174.88544886128668
174.854096524601
174.82166923418006
174.80147558987392
174.79104392845693
174.7725852527912
174.76759312367207
174.7548983135925
174.71293531421358
174.68295709012267
174.69668785688634
174.72742229926934
174.73277706539375
174.68953125780726
174.58863004512665
174.4375660243706
174.2417054229359
174.007967417849
173.77131255379965
173.5704075100211
173.42767586126803
173.3257421266089
173.2164776430993
173.0652535870536
172.89114296568385
172.7548852740981
172.6841576027801
172.66638202867
172.70012486807695
172.77497982801145
172.85883269953814
172.96235676281157
173.1308764604049
173.341547847092
173.52307878757392
173.66277156131562
173.7711610969165
173.8332580319391
173.84789305021405
173.7942336166587
173.6826725221956
173.56043056915672
173.47188362875372
173.41835749073635
173.36966290159987
173.32658105533034
173.3070394566996
173.29164407893379
173.24810389644315
173.16575384588876
173.07426465685035
173.01449362530312
172.9905422242997
172.99521485804368
173.01718095410047
173.02807498942315
173.02023428993175
173.0040229902774
172.99875040028132
173.02980943636132
173.08334117418576
173.15860749220914
173.28514467944808
173.4818799832722
173.7564661888428
174.0802464704081
174.36796454235295
174.551011320044
174.6202362948012
174.6099783024843
174.56903805686568
174.5335457259293
174.51469832704743
174.50295302918533
174.48788600055138
174.4597671825308
174.42884084708894
174.423270934083
174.43667720901055
174.45126847942424
174.4423328195351
174.38186390723354
174.2951073118693
174.19484827477422
174.08151531693787
173.97434868048992
173.8980644356323
173.87107244253568
173.8713215525171
173.8398500349253
173.7652034671598
173.65594252101994
173.5115207235101
173.35352170380602
173.24001708675289
173.1786771527692
173.12613492210235
173.08202948178453
173.0764732237506
173.13028363868045
173.22738408524955
173.33270712213778
173.41672894511072
173.48018288283325
173.5395298595269
173.5883345670271
173.60854733908064
173.60989289037738
173.59045362532913
173.5345703652316
173.45424602459946
173.38232372789284
173.33938539031405
173.32905425782286
173.33384129718377
173.34870530049176
173.3552536499094
173.36817637290397
173.42573896799962
173.5066966262776
173.58799242089628
173.6813704529165
173.76915148657898
173.81740449754892
173.8146372788215
173.77089634453964
173.69388853196617
173.583231850744
173.44777978740245
173.29593527111953
173.18027216264315
173.13728369828658
173.15592589289326
173.205352634686
173.25979400176772
173.30648901918238
173.35685309556044
173.4298574226085
173.4936470158916
173.5260645922202
173.5279134718967
173.5206483326006
173.56098962776073
173.66548013607982
173.80182214627047
173.93551594678257
174.04303140815347
174.11530177649712
174.16539788290586
174.2050621502505
174.22156724896365
174.21178871873582
174.19088580126186
174.18721510274978
174.21066044854467
174.2564956789103
174.29900829541293
174.28617567949593
174.1967477386542
174.0628415866792
173.95878486227858
173.9212973446663
173.90494800530075
173.87359127457987
173.85065112373388
173.8565246794314
173.88410947503843
173.9157805645991
173.9464865536407
174.01426720890444
174.17955433633597
174.46545311940747
174.82684316502025
175.18853283480294
175.51929636741866
175.83781545957402
176.13572341522973
176.37052629515088
176.52280501175215
176.61376892164196
176.63432153514526
176.56867717615899
176.43712809558502
176.25730046895677
176.02585251792271
175.74815818623156
175.43146764130177
175.08113251477553
174.7412614339637
174.47530884436867
174.31160476537204
174.22831187625235
174.17177566812234
174.13220969644726
174.10863958946837
174.08633881621532
174.04722354441824
173.95639058887156
173.79515697578017
173.57176442194626
173.3436899837845
173.13640129813191
172.90537574740586
172.61241681656196
172.281016385658
171.9667536031655
171.71109991007532
171.51762026678205
171.36492454857168
171.21386600389835
171.0512263314622
170.9046730766068
170.8095900514092
170.82554735957416
170.9814363638768
171.2352985605924
171.52213581174743
171.85125384871188
172.24601553950703
172.65382139190737
173.04186530260915
173.4146645306825
173.7675434187278
174.0757072118903
174.298313918752
174.40818784079704
174.44236069122272
174.46352798396916
174.4979608752849
174.52813370700977
174.53566504249
174.5515656845312
174.6110795219194
174.70489534321416
174.79929252584432
174.86690208037294
174.88983885691312
174.86915316670698
174.83100057451549
174.78803151976854
174.7216330843635
174.62736885538027
174.50955937376614
174.35541490271362
174.16639937648023
173.97556100252956
173.82814868858696
173.73399501019531
173.65011290162158
173.54822130809603
173.45920072820806
173.41079924316153
173.4150569318582
173.47408199637897
173.57859271829415
173.70890720593013
173.84121161785163
173.96041873505504
174.06630284931745
174.16151302308634
174.25954024538723
174.35353691181712
174.42844795230008
174.5132247095353
174.62975009338334
174.75783974599145
174.87988337923196
174.96635581116254
175.00322002629636
175.00991944821266
174.99467811570662
174.94243223474422
174.84726546218835
174.7231343340635
174.59500466833794
174.46942352608903
174.35838750638368
174.30435014512824
174.3159063083417
174.37948082611123
174.51026969120522
174.7030165988378
174.90915318347402
175.11146365000127
175.31548920697014
175.54614221220558
175.8007730397381
176.03020914948286
176.20314448698912
176.32987997800126
176.43193487440647
176.52541567181444
176.59915539514316
176.6163357201122
176.573136138074
176.47942315439116
176.35284756451696
176.23554590991583
176.13073189437046
176.00769142609278
175.8411696160626
175.64953856852154
175.45502989869763
175.3024949031998
175.22369281600018
175.15967328842083
175.02661622372676
174.82570527601143
174.56554086286656
174.26660863098556
173.95045515367815
173.63909922310927
173.39711586530018
173.27121019919798
173.2553862412857
173.32261294405544
173.4184435714124
173.51430961753215
173.58275182385995
173.61346478460854
173.61910489486337
173.60796716737246
173.6071589142207
173.61479826734424
173.64586794365053
173.73926908270747
173.91048090244496
174.13159250358163
174.35950867286627
174.5655901140977
174.7377619532107
174.89299893121714
175.02348893102703
175.12185741521867
175.16901803418745
175.1661344229526
175.14722449695694
175.11501326612736
175.06888124576375
174.9990084405182
174.87806044501423
174.65069556357759
174.30833738720014
173.92441471054747
173.56788364075368
173.2545912658494
172.97919508048588
172.7488627889029
172.53431898991627
172.33647325638486
172.19396461416176
172.12791516848793
172.13646189415041
172.20710638711506
172.35420263384543
172.58496635868562
172.88287119612423
173.24131486299854
173.62727214727514
173.9922311726359
174.3345142408608
174.67455490013214
175.02617138522436
175.36548522311261
175.64744300517435
175.82186433288663
175.88871522856894
175.92505924015282
176.00264312460325
176.14823937360973
176.32888297815828
176.4985537843333
176.6629971380421
176.83616674548506
176.97452329031697
177.02907085273404
176.98598090369202
176.83297044311328
176.5615532149149
176.17594243412498
175.7165968073643
175.2334592119012
174.76195076923284
174.3550388377577
174.07404618346635
173.9656746002824
174.0059821517976
174.12849178852255
174.28528237874585
174.42765517997026
174.54373902081954
174.69935181445436
174.89997564243154
175.00189336873467
174.75347121443087
173.76617450357668
171.73341459353148
168.93980187303296
166.857884339176
168.0900027476843
172.28626882933133
175.14457123916876
173.5162968127937
169.1351733664175
164.31388562779932
158.90605267672987
153.50671845611197
150.9254379209228
150.95351691698178
148.3079526333844
138.94456082565972
123.31810641566577
108.5569531529104
100.39984794282842
98.07017152331588
98.42524961202218
99.33455783979853
100.18792926720853
100.1817872024063
99.66134047571974
99.98961626726938
100.87876431540755
100.82353915349384
100.14182738598237
100.31311282788911
100.4490835687697
99.68782436892343
98.39381354577941
95.67171499646659
90.98604858027282
0.0
0.0
0.0
0.0