299.8418977798325
310.78090911203265
321.87174541670237
329.58576267238396
335.047027630246
339.6439587186887
343.5016540130863
346.3807542073944
348.17310397540433
348.96130289389356
348.9895084496638
348.61840449871926
348.21613008020705
347.823414865255
347.3163008628929
346.7426407180787
346.21608683508555
345.9097889573792
346.1043374643402
346.83807575946696
347.81119384392866
348.78483911515684
349.48378753444024
349.82311771273146
349.8399790299441
349.5585560291752
349.06805078081385
348.4333921820216
347.77622680115996
347.1347917413457
346.52344737533065
345.9827897754078
345.5638603456413
345.3412140159238
345.28646542513883
345.26694217789014
345.3074153144287
345.42337627097464
345.55838621767026
345.6007175533198
345.4271215358103
345.0358310187747
344.4985547610921
344.0262816619895
343.6846089484595
343.47941004130104
343.40418970869905
343.45100986441724
343.67357297181763
344.0872262164204
344.61699479666544
345.21298011125015
345.7999336757222
346.22419893497624
346.3729182995402
346.2986975151623
346.1983205862588
346.2141532420145
346.34514840380837
346.4651772564546
346.4806891082338
346.41740814525076
346.2819027543213
346.0678343067997
345.83465863197944
345.6655921936774
345.6284766645753
345.8281026617154
346.2970147038602
346.96235950149537
347.68974859734885
348.34268531005534
348.8161551485571
349.0136785748763
348.90335301548106
348.51012782514687
347.9790712753052
347.5753032495907
347.4729822128997
347.68995895885894
348.1914277051855
348.8051863818233
349.34969495423945
349.6634465944243
349.702509298538
349.4153234204928
348.79441863970476
347.96891206931616
347.1449634841161
346.5077740953584
346.11826198278686
345.96935534366077
345.9824437245379
346.09149142833513
346.2640819989009
346.45892718709416
346.6677149921635
346.83119859139987
346.8794254526166
346.82413732589697
346.70062269098634
346.6060212273587
346.65265636626214
346.83691931698013
347.02590406926447
347.1929072985287
347.3580561208189
347.5183429752098
347.635006075798
347.70662625247746
347.7562719377968
347.84375709875786
348.02912506182383
348.3324406321043
348.7051342044054
349.0651970241731
349.39950172921687
349.667405555779
349.8676206736235
349.9402652210307
349.7905384686576
349.4391416552737
348.9659513747671
348.4888635754165
348.12749640636815
347.86630092930295
347.62424386489874
347.31223131650825
346.88439926768416
346.56069375132427
346.47187485898866
346.63546927530285
347.00990952728097
347.503773431133
347.9917167816527
348.36434476609935
348.5161154850284
348.42465675680603
348.11181046392323
347.63799041300695
347.1434755683142
346.7896330260052
346.6543373562884
346.71615203155693
346.8552243074921
346.9339102604535
346.93906978949803
346.90249804551127
346.7950403673479
346.631717027119
346.5323651802085
346.5730752852588
346.7621394863864
347.0301631582565
347.3245578502978
347.59454851753674
347.7246708702838
347.76382569779736
347.76513477464107
347.7650800267262
347.742610932347
347.6801925549466
347.54284666432295
347.4071642506392
347.32492181894924
347.41055960047754
347.72623925090204
348.18125817591635
348.62336935357246
348.9099390477094
348.9842862421531
348.9220783112651
348.8210925625216
348.7397844184416
348.73924674095855
348.81839833713275
348.88324132113934
348.8694152893875
348.7886220954024
348.6883282948759
348.521818354281
348.2876250191734
348.0410705126432
347.851614594786
347.75775667603455
347.81251251384776
348.03890625329666
348.36443469101266
348.68177988095215
348.8266305886981
348.76279081068776
348.64676252808835
348.59356727492064
348.59889832472294
348.6016449132732
348.528590731996
348.39876427775494
348.31409401233566
348.36487460812634
348.61834978392113
348.98866983894504
349.3016470223568
349.4778374031696
349.53465542159324
349.4096274185053
349.1021038296083
348.7208284198791
348.3457109035047
348.001372736714
347.68034485904514
347.3563809916186
347.04371018650033
346.8275405983187
346.76606291423104
346.8443661127122
347.02569873096365
347.32410591521284
347.7007683140672
348.0946191146173
348.47700511528745
348.7909291093089
348.9622001199393
349.035580757293
349.1110025013937
349.1993689949123
349.19136599152245
349.0196970645784
348.71053680857614
348.3125675734087
347.9378676506428
347.69411283620923
347.57918840662455
347.4708666502909
347.31974461852263
347.2072510952012
347.24380098767745
347.40173622914995
347.5859155241985
347.7637908881783
347.8798911343732
347.9594794007199
348.10064309357165
348.24482837639385
348.1846039725972
347.9018527942497
347.50704052137553
347.1510579053459
346.99416101269605
347.02122864713147
347.1210308434366
347.2121916972348
347.25949988648705
347.2647921416918
347.1784793499219
347.1003712855394
347.21585199104857
347.4935406532878
347.7836566551333
347.957192559962
348.02583098690764
348.05037760842276
348.042632369757
347.9917364356193
347.8492512489414
347.6153662392912
347.41206420606323
347.28551218838663
347.15238224323946
346.957526066266
346.74447021291223
346.5846821833666
346.531390470177
346.5454229530062
346.5745565740842
346.6041762601826
346.697503329426
346.9160034134487
347.2477640449856
347.59991626310483
347.9724813735766
348.3514569556953
348.71118791759295
348.9861112781474
349.0048661151372
348.77707044041244
348.36082138116655
347.904935996198
347.6579169218026
347.6763589484925
347.85516338139644
348.06889088600445
348.249387067855
348.435151125608
348.6681436744275
348.89428407153133
348.98024711458123
348.7781781314495
348.40199603273624
347.9825919002261
347.6318792090042
347.48308888186716
347.5167436175461
347.6341081855911
347.7931304722283
347.9390048035861
348.1133219119313
348.30787621226443
348.55635611248215
348.8116631255994
348.9668506043197
349.0318824264499
349.0996608954605
349.1635925619041
349.168320351508
349.15948408643067
349.1074344785586
348.9481599851039
348.8086868064106
348.7272383808283
348.6663124877959
348.5995658985413
348.46384786164856
348.2544503467825
348.1340268170022
348.20958553768503
348.4572615975444
348.81681522056306
349.2204536073035
349.5638830809364
349.7615179439259
349.6894907588949
349.42093877666997
349.08107314960114
348.77816176558963
348.5762520888729
348.4719980976311
348.4894531708432
348.5934084148179
348.72838406696144
348.97941197195775
349.3217336120796
349.5739118794069
349.71429936488596
349.75355774082686
349.723786158032
349.70339696045545
349.7017101034802
349.61759648445354
349.3515720150506
349.0069077141268
348.70852388346503
348.4825103022457
348.27559759726984
348.02812249190504
347.7847348419841
347.6289630511469
347.57014945880604
347.60211790547623
347.76194795071893
348.0497451874398
348.3819184270475
348.6098010001561
348.61871145804423
348.4954016790774
348.447641061949
348.5705783810141
348.72762056789514
348.8103362989092
348.7663917521219
348.6739136659303
348.6679372965367
348.7760360956879
348.96305201037455
349.1428986137947
349.20466958249324
349.164533254771
349.0717599081044
348.8576714687117
348.6239327537121
348.452037111701
348.41276460229125
348.4623358011809
348.4963287974473
348.433639144474
348.2689354016111
348.1133555276638
348.0389366620016
348.0814600471142
348.26853946471977
348.48369310831737
348.5545595982344
348.5231271967939
348.3760188931758
348.147296568923
347.94508877334704
347.7353657562739
347.54607630364455
347.3025740994216
347.00501943239044
346.779360237708
346.65873222223405
346.7098082565484
346.84087973284494
346.9721520022709
347.1458385172157
347.41876215322895
347.8358073227738
348.34922632734094
348.8536262906268
349.3097040569603
349.65077730346945
349.9016316975906
350.16487618140513
350.4319041360252
350.6959809703411
351.0438615437368
351.4342320149728
351.80517243429944
352.1889413643147
352.582608846015
352.9327837892707
353.18395679613116
353.36417950473543
353.3813032292211
353.19553651093463
352.9263645507584
352.7422147653009
352.6992304860979
352.7559043145139
352.83785340191935
352.8331309004287
352.71804960026975
352.4808919359566
352.1819378801424
351.904375388155
351.71366743068313
351.53629379468146
351.2566352807022
350.8871641047212
350.5405904640364
350.2727486349317
350.0961505805384
349.93699301834226
349.76429949316116
349.584310135939
349.42420340694537
349.345128745148
349.36739494457515
349.4498178004176
349.60755013560356
349.81196010313516
349.95620360987914
350.0000942608116
349.98417296596574
349.9096330355469
349.80851465070685
349.743902401936
349.7764915895463
349.85071394056126
349.8540320908537
349.8118552263637
349.7778954272957
349.81657345281195
349.9457951990565
350.0800108443649
350.18892273027876
350.27199808865157
350.3481336585321
350.4217142063104
350.5381249220556
350.67844349960365
350.7624710939956
350.7001826403431
350.5530165704218
350.38902009249335
350.18293927625706
350.00996811369123
349.9537207440387
349.9128258060695
349.81990361815457
349.70229795364656
349.4781243532258
349.22477266774547
349.001280755719
348.8607348917308
348.88744443902505
349.0321123611677
349.24974323451687
349.45362805900953
349.60848309494685
349.6996415132471
349.70196223533196
349.66030736358107
349.65981320469746
349.71747371451
349.7991292117927
349.8058089819525
349.7357613907686
349.67787727924065
349.6764340104377
349.7369299530485
349.8574890345225
349.95877592006985
349.96401710673115
349.8339576003128
349.62827459763065
349.48288434022356
349.4191483314946
349.36817156517037
349.31667000190293
349.2649893604714
349.1631913875039
348.98080696301747
348.8274495254368
348.765008900702
348.8249296011271
349.03548028710736
349.31178757756214
349.56945107677836
349.72213845963165
349.74120896896267
349.6823285548897
349.63153102077536
349.54155972064166
349.3149173936778
348.97185062379776
348.59112775075096
348.3179981835706
348.25571975417574
348.39553593552625
348.61897171737706
348.8183540289315
348.9526429675569
349.02852768338226
349.0594620733978
349.041168483846
348.9948696625994
348.93319805575265
348.88697658096794
348.8734050877845
348.864323434618
348.7482000124525
348.4640993419435
348.1397729807189
347.95988932535204
347.9741586889178
348.04832673380406
348.09336112947034
348.0942823675671
348.06193424209994
348.0595847827374
348.15430103510585
348.3295908800496
348.5674552539957
348.7881431552033
348.96926673270127
349.15365048680184
349.3123203912649
349.42060274554825
349.48303115746
349.47225305000967
349.3493974441463
349.13248129788076
348.9859964217135
348.9948911837895
349.0184668821336
348.9608739741444
348.83040466642944
348.69813438080706
348.60069870120446
348.50045274477384
348.51163430233987
348.6844403171644
348.94098231756897
349.18436866882064
349.3472889113677
349.37583007420125
349.23123831923596
348.9532444515062
348.6346164403667
348.33797882102454
348.10634742317956
347.9923295657772
347.97865055224355
348.0401145558127
348.1505989428952
348.26913224917723
348.3515582554283
348.35760364448663
348.4128236064014
348.6400452462993
348.95901789885124
349.20837420042466
349.2995914011806
349.25513347809954
349.1469998200648
349.00393671799293
348.89859422349565
348.91725251325204
349.0813726450478
349.3525954976962
349.6818773634392
349.99569129166815
350.28481311239125
350.5844757977465
350.8477726891647
350.97393240350175
350.880286145316
350.56950397700854
350.2295575833225
350.0074419827782
349.929897743879
349.92605048078053
349.91326478672573
349.8130605520198
349.63304936052594
349.42279567664525
349.22406551009846
349.0304207878139
348.88652121414947
348.8256845696233
348.7990678957127
348.7542356430998
348.69235365233726
348.62639085102376
348.58831770266545
348.61948284808943
348.72182712061044
348.8810451622277
349.10636936325875
349.4103745378676
349.77233865355674
350.09566177970726
350.2945822958853
350.307250380286
350.17381679304566
350.0215599965967
349.82344313588845
349.55295048761224
349.239235464462
348.9510976348915
348.7359243169371
348.6218707682415
348.6331539206533
348.75740270872313
348.96650591289045
349.1552892099475
349.26295085423146
349.3333320225124
349.38713727189577
349.454062914963
349.5250888631941
349.6114534706125
349.7925572698359
350.01008983832014
350.1681788903054
350.2132438775575
350.1145808913165
349.95216827065667
349.88998537637895
349.99453602811843
350.1775210775729
350.2462624349012
350.1022302847982
349.85135452435287
349.6282612901371
349.4401527887781
349.21519796929255
348.9547963875275
348.70466415327894
348.49504510395457
348.3741434001087
348.36889373061337
348.4727758872044
348.6680899882415
348.84881216731486
348.96150193191573
349.04091247385423
349.10881495249794
349.17534127740737
349.2363145779686
349.2073516765443
349.12059676511825
349.0505924566109
349.0637735006218
349.10992232511273
349.1811583062349
349.26543339577773
349.3498331087951
349.43144600944635
349.5404949957521
349.67017213553555
349.7990689201227
349.82551605971867
349.7092826197141
349.49389635479804
349.2135336858295
348.95342109688363
348.8356288039059
348.8634914009506
348.93716444660913
348.9808852108727
348.925098060217
348.79685820077356
348.6886459750168
348.56102072486203
348.35082697271423
348.05969924223757
347.7336157223356
347.4394492323918
347.26071006986336
347.1924687047538
347.2581148497095
347.55172567102596
347.98943213821843
348.4586329164298
348.81653275750665
349.0033110210006
349.11389610102725
349.2595139425168
349.5004113025443
349.82506128810047
350.16511770331266
350.45601554303573
350.6266705061032
350.62458331507344
350.4977653987804
350.3020478021162
350.1294595410942
350.0893679176897
350.1474215192491
350.2214318393398
350.2829499309287
350.32141937890185
350.31313679862404
350.27280202997565
350.2445342422184
350.2382624532368
350.2569467240578
350.30386642599126
350.3954407031991
350.56974930749914
350.80531276767806
351.046446063634
351.23175879888015
351.29714015013246
351.2479930163421
351.1608864163264
351.0909306349444
351.0720690067475
351.06288111496696
350.9970013947405
350.80066129526205
350.5103089813643
350.2282722921158
349.9796406350646
349.71508885414886
349.45629129606976
349.22010826070556
348.9531861412107
348.61957894762605
348.1910832847275
347.702784397016
347.2139796057564
346.7153859190879
346.236611884051
345.8513237507053
345.65739352330615
345.6507211298358
345.8027045842442
346.18295236718234
346.75913881524934
347.4382984926468
348.08917796702633
348.7113777120552
349.3155237485395
349.81377286772283
350.15312713064077
350.42225563658565
350.6556647695196
350.8180137771333
350.8325649972127
350.74080534156417
350.62099087257735
350.57238176696507
350.69645395107364
350.9102998028627
351.119081915502
351.2458026831808
351.2342948935913
351.10780497766075
350.83060275794776
350.4196603098465
349.99816502215594
349.645776456488
349.4174452010308
349.32109469735053
349.36393257575253
349.5390555589175
349.7831033831578
349.9479509428826
349.98198615289465
349.9038938179943
349.7799942731599
349.68974177509324
349.6179861141327
349.5501278499776
349.51507202011646
349.52188939884087
349.56181942214255
349.5781149835984
349.5713846883355
349.565872604848
349.52732257003765
349.4648657856686
349.38678323984783
349.2026506353834
348.92348669473813
348.65021616069714
348.4570526450537
348.3744677613066
348.41093192367833
348.57582962291133
348.83180256839216
349.074504693874
349.21521734064146
349.2412609652103
349.1602377383714
349.0695378329177
349.0808730826312
349.1396965113322
349.14147033080724
349.00459105065806
348.82227401362945
348.66538585187254
348.5448338149699
348.52302651717923
348.60489822781267
348.7127804411935
348.85537078762763
349.1152906180607
349.4456950258217
349.79672837406247
350.1235076957728
350.3604995042141
350.4967288289805
350.4947681561382
350.44173733674415
350.38475070072894
350.3141780436553
350.2684862578072
350.2278642130308
350.2020750182247
350.21413174223983
350.1103736213689
349.83637997392975
349.515405257866
349.21642109949727
348.89855489505965
348.53564307735513
348.1782939308363
347.9301653291994
347.80027933884423
347.784601672074
347.8116354947657
347.8406261749624
347.8210017470818
347.7142972596246
347.5031531341412
347.2318731370317
347.0200032776185
346.95431964048805
346.98841484820275
347.08570702576344
347.21556671038417
347.2754217147652
347.2600269967263
347.3374916130118
347.5168130510897
347.69958356184
347.9529940856279
348.22474918495885
348.27825195818724
348.09922790691166
347.8522091495595
347.6570937445789
347.57554836116196
347.60230322901054
347.63004784417967
347.66499708546525
347.7711117009701
347.9541042559118
348.270550194315
348.6461725554709
348.9325368094436
349.1394498107715
349.32411629954623
349.38907442908146
349.29706829396264
349.0555133495399
348.8464637684184
348.80774292827243
348.92600860826286
349.07377032903827
349.16144309984463
349.16086705650866
349.15886434717066
349.210109942616
349.1866953867067
349.21562503830125
349.4278948443392
349.8592102823772
350.3790543716754
350.7675208813285
350.9695715632763
350.92914888463815
350.56227381898236
349.890638518907
349.0736743013081
348.23844948872784
347.632328468122
347.3651857371369
347.3075614996335
347.3098577908602
347.3718127081164
347.55986234761554
347.90498768878115
348.3150272420529
348.6061410435144
348.72679575715114
348.7603189980601
348.8188988972405
348.9680697528843
349.233352320024
349.5962986019873
350.02344493406827
350.39873565841435
350.5647311255459
350.46202758603295
350.18958851125643
349.91107578321134
349.6479544417328
349.407615215139
349.2862042675181
349.34058449569943
349.5287864838615
349.708425019599
349.779582878553
349.8084297420307
349.93776674008615
350.18766818628967
350.44791407847646
350.5597017879534
350.40120889026286
350.0268023807437
349.601350473755
349.2390294048092
348.9233734485015
348.7273456983461
348.697969332713
348.7365432645333
348.7598989034815
348.74504472385206
348.7420840286494
348.76809691654785
348.74527493171377
348.6435241976619
348.4617682526192
348.3178538219492
348.27736108966855
348.31471342308856
348.5022828853364
348.8073243885468
349.2134718782548
349.7421818233587
350.20493955591274
350.3991901984257
350.39091044055596
350.3629519833098
350.3352690293659
350.3003243431086
350.1961295615249
349.9395674032114
349.5901354701556
349.3606591672953
349.26929664354543
349.24480018735227
349.32500858209517
349.56342315848525
349.8412262975061
350.03521502542225
350.10592544316086
350.09128826891606
350.0861592497522
350.14627644786555
350.23753700914074
350.2901418284945
350.33950281008333
350.4946169094217
350.7648163980772
351.1273654443299
351.5228444191203
351.8732618472412
352.17789495309114
352.4384524854095
352.54606352094174
352.532178689861
352.46404966847723
352.4061684802899
352.370292558811
352.3328456964084
352.3494697695214
352.45275280116743
352.5617512187373
352.6282898155127
352.75444652047696
352.9713869348345
353.2085345270176
353.4649139290335
353.79299101765014
354.1020125475049
354.24441298439825
354.24511833445035
354.07600004323376
353.7233103363653
353.347262124894
353.0295448428828
352.7993115716014
352.71784047615427
352.7564220134774
352.71052461222854
352.4822198167772
352.19276394838874
351.8557199405419
351.42392542821534
350.9416588240223
350.5372169809454
350.2506470043588
350.0622590071998
349.96769964926466
349.96791393341823
350.0281551744887
350.153806086523
350.35525373273526
350.5172898640745
350.5869238375049
350.5008106617783
350.34147803629406
350.2557947696402
350.23173916220253
350.1764687132869
350.073906359239
349.9644333912212
349.8016799644771
349.65621752776997
349.66482091177033
349.74119123469757
349.79189083871324
349.82921489829005
349.8973682465835
350.04452805668495
350.1983242579805
350.28702264819094
350.38723187705705
350.4540736141989
350.47123541804956
350.4592467650079
350.35090085518243
350.17273905581817
350.0836739856676
350.0382425112489
349.91325283457036
349.66645488166546
349.4663905457538
349.506156090081
349.6680882551188
349.88898069920856
350.0651703987403
350.09575125321
350.0437134221633
349.9054207403426
349.6742216376296
349.4295783464679
349.2551375619076
349.13276711330633
349.0795386335367
349.04135801181036
348.9165033338327
348.69949928682956
348.4999680177384
348.3941975039171
348.3152523062013
348.3369955454814
348.4767956978678
348.7498272404702
349.12402397481117
349.483894043056
349.80321468604814
350.0047622137324
349.9720739358835
349.77434789973603
349.4673847220954
349.1398391629877
348.80240079548275
348.4004649184053
348.008655147944
347.6598508842105
347.3480085087781
347.16631360443955
347.1210854859359
347.10496388569516
347.17581857444924
347.3065356510248
347.42110227455703
347.4594954795172
347.4340163477241
347.3590669726822
347.3187837320464
347.4714580388081
347.78367630910077
348.20578185310046
348.69190184423996
349.1014169299461
349.38857101366057
349.5309691185355
349.5745544595487
349.63010356384416
349.8594513788671
350.2088529608902
350.51896589538944
350.7083331459077
350.7645950578133
350.79288769757085
350.84183076996214
350.8521435500162
350.88867706003157
350.9636673670431
351.0605862461751
351.1734415132968
351.2305915183886
351.1506192567186
350.97588504716526
350.7173730324578
350.40615588934634
350.0772701113345
349.6954196301677
349.2245476926853
348.7612708903399
348.4358390441273
348.2914177718855
348.30363831001364
348.48192244375906
348.73857261817784
349.02018320162347
349.3762085675263
349.7826792933125
350.1069295882777
350.3633218198913
350.64653642186704
351.0194779434011
351.4300223969527
351.7832097392705
352.0017913546703
351.9824046937173
351.77303128195285
351.4447649686775
351.10130489831977
350.9412798795144
351.02649150443347
351.21475519310684
351.39899552014566
351.5504923502008
351.56974032353907
351.54963743537826
351.6035006056817
351.65237063568446
351.64558993910214
351.5679257389085
351.4773343967216
351.40842835921126
351.35486423405416
351.35307087254745
351.3510540134057
351.17345179120696
350.88845304334967
350.68990327936234
350.6332672762841
350.7298618577287
350.88542818658806
350.9589924039058
350.9419322945406
350.7645926081456
350.48752597005307
350.30244898888213
350.33225017187584
350.4424124332335
350.58189481120155
350.7542924694844
350.9191871839281
351.11692802413074
351.3117536331539
351.4703612331865
351.5244337773171
351.39823005965496
351.19146951493417
351.0475505309629
351.0276685141861
351.09717348654783
351.16186969001564
351.19495792924045
351.230420617625
351.294501994315
351.3561219391622
351.3709490150887
351.4128471888292
351.50617003979215
351.6329139570376
351.6804030844513
351.6049587956836
351.478543623291
351.27874751716774
350.9485163641679
350.5306950469982
350.17013451564935
349.8988226028166
349.6680106642425
349.52067820704883
349.5502414327527
349.7047816153023
349.8645875569423
350.0065557424995
350.12383334315547
350.21419386182265
350.30934688697585
350.37019661634844
350.30415955443345
350.1847789374151
350.05687868053917
349.99334083680594
350.0475963133608
350.2221144415226
350.49888053741154
350.7556475283732
350.9131521638368
351.03846834854676
351.10370385980156
350.9861848115456
350.706263318164
350.39681870933003
350.12445832596666
349.9873042559541
350.12491374716285
350.4723663066514
350.79978723281425
351.0265954215868
351.21809841153384
351.363267896304
351.4979378147557
351.68772793790083
351.80140649430234
351.67035916549787
351.32196786404484
351.0237674501954
350.9862040565004
351.1742059593563
351.3346928913822
351.436107355088
351.54160366354074
351.6713923237545
351.76581102553183
351.752899175453
351.6545768006674
351.6184485431031
351.61970242926463
351.5096141295803
351.3308850939763
351.1706138229375
351.12849545316635
351.2472517398018
351.3646821410159
351.4002989086787
351.27772491554737
350.91673508949697
350.43574889501946
350.0297428691598
349.7518412773519
349.5950445191482
349.60479710155516
349.68511763639367
349.69759174809633
349.6415872372251
349.6491262894255
349.7897176556727
349.9518757580248
350.14528976738256
350.37316766587224
350.57419904094735
350.6719255347973
350.6286745252448
350.48484299662124
350.4028632484609
350.47509544952817
350.6981308644734
351.0134548622171
351.3568821441539
351.6142686697916
351.70196953711667
351.7337027372855
351.81901543649474
351.9427061824545
352.0917844221545
352.1994239195506
352.20816350790244
352.14826167529867
351.9882382823839
351.7120388628458
351.4474986468592
351.1961180019586
350.97819860811404
350.92983703382214
351.0630817212652
351.2579057003101
351.41831628905925
351.51241239677296
351.42498294930135
351.1349533252964
350.76948455951396
350.3889416013464
349.96609627580983
349.56341681476107
349.2313229263363
348.84426787100597
348.4667907959749
348.2311148142852
348.046597514176
347.9247069947344
347.8068937028454
347.65568112274224
347.53325450241607
347.49151799139077
347.5388987436336
347.67063509150506
347.9174167595225
348.196793217541
348.4808737281659
348.772592709217
348.9590476366325
348.9788600339191
348.90270734068173
348.8306330662055
348.858916225471
349.05286313313104
349.3176928194013
349.52205816508433
349.637141196186
349.76147581950454
349.93437393270955
350.0763001831152
350.171959648772
350.2581089581978
350.29165434744164
350.19694198177484
350.0564075295941
349.99118617619246
350.1389580941789
350.45432030687994
350.8789374645429
351.24029088616476
351.3951834960553
351.38651959061167
351.2781866502571
351.1362533599199
350.9855243430815
350.8013001294906
350.73283650853364
350.7916032480412
350.82972338725034
350.68450046467086
350.3808464713641
350.10165300070935
350.0495853543525
350.2043325215462
350.43602606998496
350.57544762303405
350.5062175937986
350.384356484565
350.324055012946
350.34850091042824
350.4983966616058
350.8009871470683
351.2066051172893
351.63685853669966
352.0492761191109
352.4803609470607
352.91691395397936
353.2736957300775
353.5003282934096
353.6313119937582
353.63979662142634
353.49171299125385
353.2438329657439
352.9830632776168
352.7273801927649
352.47807808322307
352.2810991249127
352.1823217735529
352.18424929361595
352.2290662963583
352.30892683621346
352.4075086515421
352.5031228584599
352.5557011407698
352.46361852373843
352.26493770834924
352.0272141095927
351.8640845422087
351.82431919581677
351.81384357451867
351.8315230942845
351.9330768452404
352.0694439890802
352.1959565753491
352.2675695337736
352.3251159882965
352.39893527696086
352.4621613275329
352.5125720545807
352.5087784624604
352.52437987531107
352.5780689865604
352.7083471809984
352.9331302253756
353.2356571926625
353.55452526868027
353.8665533672403
354.2476715448472
354.5886116050171
354.7881006731227
354.70061645501227
354.2922339347462
353.7368358071462
353.16818104952966
352.71394303472863
352.4424683625823
352.26670988585215
352.15270782015233
352.1549311613355
352.2306624446021
352.31916964258767
352.3895366916122
352.41819603557167
352.3958663949264
352.41430887984586
352.3849976019236
352.24137984837967
352.0410784786103
351.8868625609831
351.79197988202634
351.8051365897383
351.803073222328
351.6651822228559
351.44143808300186
351.1575282173712
350.8053190834205
350.45455965690957
350.11201067246935
349.84803468748464
349.72153039585817
349.61694079431714
349.5183966181877
349.45502258748985
349.3600100379849
349.327075969604
349.30719532557697
349.2882227652327
349.32352003935125
349.41204369128496
349.62817285110265
349.9465194566361
350.37187994600527
350.88248204669793
351.3630543687042
351.7208720437736
351.9094152177657
351.86644936248103
351.6587317759724
351.489783528208
351.4117942051145
351.4491482439534
351.5471559733394
351.6657145819316
351.786243222172
351.8831920292501
351.96439878062733
352.09544143202163
352.2285305462034
352.23911656965515
352.2102332198386
352.18224918361295
352.11900148983415
352.0713829675446
351.92108727614925
351.68591105819394
351.49856260732565
351.3476471510242
351.22413535263354
351.0892684290072
350.9108103039191
350.8082513967792
350.78056103391737
350.7435367224746
350.67987307207835
350.69680721958264
350.76046638089196
350.84057177813634
350.89540192221847
350.95947695274697
351.1530871191923
351.40317427942034
351.5989551408537
351.6561100481749
351.649493883603
351.52102137144965
351.2744271056494
351.0753318893185
350.99045513697837
350.93805704046997
350.89384457455344
350.91582133973617
351.04388798710863
351.3122883922057
351.6770373859551
352.0504274375114
352.37371220835274
352.5208933843896
352.5349540692151
352.4687657500049
352.44065437197264
352.4553314998059
352.4248426712837
352.29519689194655
352.03476844042757
351.73324412154886
351.4467248013415
351.2292003158685
351.13713658867357
351.2148620076272
351.46080572169177
351.8258705513946
352.2749653640092
352.6839780990483
352.94686491439035
353.10912871934795
353.12232910135367
352.97881048222746
352.8021421537752
352.62336403878635
352.41862825718
352.2309959699936
352.0338550658695
351.8063531529405
351.63525905335047
351.5685317485762
351.4826206416959
351.41580057637714
351.4975576592584
351.75740853398065
352.0642622705238
352.352968438734
352.5831575484506
352.70058927036115
352.5770069161732
352.26524744897955
351.8642094060527
351.4887119538752
351.29211818928206
351.19911094089395
351.10721702970187
350.9931307180266
350.7997665746579
350.57836400933394
350.49512088497653
350.6705599279849
351.10792001411
351.61758596203003
352.06870169110823
352.470881835363
352.8371834524036
353.1793567010059
353.55667301076727
353.9307321385367
354.18423864292726
354.31826537844006
354.56964429640124
355.1641156418791
356.0567057576601
356.98783163250243
357.1983912559203
355.68691721404
351.6189038720356
345.58916556805775