201.10621205171824
202.79738710271852
204.73247615786914
206.7367045281256
208.55494172190103
209.98309434458935
211.03286955967755
211.78488187269085
212.25699384330042
212.49361850483822
212.54660364157994
212.4292516024305
212.16563426035486
211.7877437096322
211.39561182401005
211.13433970729548
211.11797057900915
211.43385973494566
212.10787864383218
213.02522294925078
213.9835705864441
214.89078279310556
215.7242034807615
216.44201844762785
217.01258188945138
217.44843587227632
217.77896160884842
218.0532349871084
218.3126901999587
218.55335510932676
218.762720439055
218.91360314887305
219.00253891343255
219.04115518332236
219.05674473333465
219.09265849691064
219.16885080342422
219.27403785956412
219.39552226285008
219.5042889209188
219.59420394833862
219.6331261222451
219.6243194840225
219.62674615318974
219.69054126584945
219.790146319545
219.82536593717933
219.74904031252981
219.5832998584924
219.36222463420563
219.0771891608029
218.73241280825044
218.3477366150958
217.9594178735494
217.62732264097488
217.40433015356552
217.33196999494783
217.41782075227434
217.59739041120878
217.7822333916809
217.92202375725734
218.01371338139666
218.07790648298933
218.13356810997794
218.23445019896545
218.41189940509645
218.6416950020863
218.88626848929107
219.15200051476648
219.45024706395793
219.7378021515745
220.00677014163756
220.286662681201
220.61996238316345
220.9763281135701
221.29193478263733
221.5345354824079
221.71730951918173
221.8229353611809
221.81722478673458
221.68868645221295
221.47742384281943
221.23960000475773
220.99414254186564
220.75944269524808
220.5650545869789
220.44795396858726
220.43953165054475
220.53637367075615
220.72382432120372
220.98013402420295
221.2607716517726
221.51040488981172
221.72626044919036
221.91976321253156
222.07794076147178
222.17507855346062
222.1846268581362
222.0989292951691
221.92093647687918
221.67295278464178
221.36168286815723
221.03283283699434
220.79668969668904
220.70824725167134
220.7374695315113
220.8059065060373
220.8721710538373
220.92332260493686
220.96175237511108
221.00307079785563
221.0306774799023
221.0169975732909
220.91801405777866
220.77141266870356
220.6309948779517
220.53570671655893
220.45936795631582
220.35547889425243
220.20714244925296
220.01809752867825
219.7443037951413
219.43367196352958
219.127637480523
218.8319386457991
218.56358876163546
218.34205971933483
218.15194299745676
217.9977689251531
217.86696331044172
217.75857499166543
217.65938384720928
217.58119583353528
217.54267986016708
217.54852274008616
217.64682493016088
217.87876344462413
218.19503535575666
218.49579647023205
218.7203267001294
218.8767183171139
218.96318351262192
218.99431965463637
219.05147144960785
219.1667838305834
219.3015686788718
219.42543096518943
219.48121016006394
219.4658978064872
219.44889291404672
219.50591132964618
219.59691770656963
219.71887453723684
219.8533046577656
219.97016292565613
220.08086566668058
220.22467146540131
220.42172703680208
220.5778199439612
220.62205825399613
220.60781460875734
220.56556045647994
220.5065930845301
220.41570822536656
220.28797522748522
220.13243711486098
219.95053338462222
219.7261778752404
219.51721091842148
219.35816509445797
219.25721918019065
219.18716540758098
219.11617131227695
219.05559026260656
219.01266070569048
219.01747410065605
219.0942015106612
219.20562028706465
219.31415341216046
219.42308448024278
219.57794302406163
219.83114830431796
220.16987590272578
220.49950969359855
220.80232303602116
221.04799144662633
221.27472947840036
221.4766309764717
221.59619520891107
221.6334721507704
221.5554191521087
221.32856218828852
220.9790765890965
220.61177989190088
220.28223211169706
220.01353111181484
219.8454454486014
219.78165891523844
219.76471469130658
219.75120613198942
219.7322274207712
219.69450377992735
219.6956293896738
219.77968983105228
219.9185996538086
220.0856423662271
220.30908735142899
220.52267213456136
220.67740399129144
220.78245155359946
220.86322953087412
220.98260721514063
221.13869256358834
221.25150300326575
221.32857427578796
221.45251384009606
221.6321942091837
221.85768395968384
222.12878637461182
222.44053820701754
222.78113879274562
223.10256666522494
223.37334621289065
223.57484924962148
223.65394865729672
223.54950384431228
223.26372905445047
222.90420882664287
222.58634541117684
222.31534564568523
222.0358683194536
221.73340664047203
221.41034181543893
221.08129346532542
220.75753925840894
220.3909550519041
220.01621303682091
219.74417980837427
219.57885003327561
219.4480598812899
219.3261190188398
219.22123607225646
219.12879172611332
219.0801106643761
219.07873509419434
219.12536621932298
219.24731815443488
219.43730815265837
219.7110032697168
220.06228407022024
220.44527068043757
220.82086869017928
221.14486166003667
221.35207349491873
221.44742457753068
221.44964277567166
221.34498829945818
221.13803196113568
220.8493435797222
220.5421498036032
220.25607027596132
220.02072818452638
219.89540271854153
219.94114708809434
220.1247551770829
220.3534383009624
220.54165915700193
220.64936451036533
220.64975056380337
220.56253264104498
220.4431359016269
220.3029770981854
220.1401875637828
219.9439829760729
219.70697541579037
219.4825272518079
219.27323301790994
219.06923190323323
218.91443186478728
218.87081467977154
218.95253701442664
219.12237613594118
219.29224398006113
219.39604715484785
219.42815431182592
219.411114006237
219.3594516692985
219.29198562016913
219.2064905202306
219.0907120320834
219.01175641149143
219.017736809742
219.07477343877713
219.15814570295694
219.26593633848705
219.3888357983917
219.55108678530962
219.73952223697754
219.92305420867402
220.10647480770643
220.26113990985303
220.36709758675744
220.47317659757377
220.66602656057745
220.95828874108906
221.26634489778326
221.5152466534396
221.64162634415615
221.6599690302332
221.62020939290818
221.5598326544375
221.53990483897795
221.5766051928372
221.6504932219546
221.72310074298534
221.77898102737663
221.82722755490383
221.824389328844
221.70690131922376
221.50428602737236
221.25245920999023
220.95874381309946
220.65646520919051
220.34984481340075
220.0443998054756
219.76244837842893
219.56543808978125
219.47057880415434
219.44733951919878
219.4542926222371
219.4945784475595
219.5666311952872
219.65990101012534
219.77473939760938
219.84710452492027
219.8361227945286
219.7914962540384
219.78158118589914
219.84700508197358
219.9765122571191
220.16040278484945
220.404461230683
220.66449137691535
220.91589324993566
221.14689510626437
221.31184308339203
221.42498104638457
221.54288590765
221.6926700328911
221.89143770951034
222.0363147477704
222.08385172800803
222.07901702084382
222.04515603370174
222.00967832769197
222.00666867804074
222.03630471200967
222.0884230957784
222.1570503487395
222.2068635917084
222.19161993702136
222.1034514108162
221.9214858549558
221.71264111668316
221.58112382860403
221.53848779685777
221.60254160218005
221.77066076181833
221.9490161736474
222.01895784475386
221.99042056897514
221.94884078035335
221.91897227529716
221.89723490067718
221.90994518119982
221.939444937188
221.96022959810716
221.98931988785816
222.01082729525191
221.9474443215916
221.7507858973974
221.44338295350857
221.09467283888688
220.77624078659747
220.54809234280677
220.37244024549875
220.2145731560766
220.0880535560027
220.03353030690326
220.05148911742688
220.08159468318144
220.110387404275
220.20946984119752
220.41042324198054
220.63343898319818
220.7942227602255
220.9074569656767
221.05624361196016
221.2503067835125
221.4365654762779
221.6270641356841
221.82529843276328
221.9542929783037
221.98202823954335
221.98206932011658
221.96823453021716
221.8923304018878
221.73833974286836
221.55388409181322
221.39807499762526
221.29922954772866
221.2632269307232
221.25278981290154
221.23392788497793
221.22524085878663
221.27156534345414
221.4013481216814
221.58226622249978
221.77615734540228
222.00326876121883
222.2711444909645
222.5351086609405
222.76572232521812
222.95191220069353
223.1070771221758
223.22693042462575
223.26412384846765
223.19395621027923
223.0518152142419
222.88749007444764
222.68209747644522
222.44852311663598
222.24913818393355
222.1067945975058
221.99100940410992
221.85589006365072
221.72653575596433
221.66437585550364
221.6617928289749
221.71014639453853
221.8045254079739
221.9443612461958
222.11727053271196
222.3113673618936
222.48835616066893
222.60132563909238
222.62452533800402
222.6025796094831
222.54928304477505
222.4592791184479
222.3593592771132
222.26486438721165
222.21871317311604
222.23543611798343
222.32475503032015
222.44727246171163
222.51438292077933
222.50216561807096
222.4531647636817
222.43618288474613
222.43455322162998
222.40295310774707
222.3283010295794
222.22323063514483
222.12556652313106
222.0305183023131
221.85428621962916
221.61742393799486
221.39537021356097
221.23923154609014
221.15524631518002
221.1290192568785
221.12664792222427
221.13410619779194
221.14749461838045
221.1469588153147
221.1379704963018
221.08301572284927
220.9411648943426
220.74409570033376
220.54676930964698
220.4012414868058
220.30356477756865
220.22553958828212
220.18442644288734
220.24947897944568
220.41638365347148
220.59806748433354
220.77904971661417
220.9898819744729
221.19044792918538
221.34095815199163
221.45393395080777
221.55798894052032
221.66355198290802
221.7406844729013
221.800048762293
221.88007058396204
221.97801012053924
222.10170861150806
222.1988731201128
222.26342440985204
222.37857561809557
222.61362548277984
222.92143306175376
223.18817336631497
223.31068103200147
223.250924001852
223.1304570387103
223.04768585247754
222.98520999986832
222.89884853188158
222.82201725840892
222.74219612472365
222.61130868398953
222.46129414749356
222.3266577963625
222.21798516630363
222.12366611666937
222.02053594118888
221.91100584998208
221.84514863723217
221.81318841899184
221.8229491464108
221.8788299574698
221.9879468311829
222.1267211857222
222.28385397906635
222.46036490328424
222.65841581594646
222.80755327294054
222.82946412816187
222.76795693897736
222.68105758946467
222.62352759419875
222.60858368909544
222.61134086645316
222.60512189528987
222.58125129064464
222.57986626102553
222.55553179778
222.4552601940229
222.31749212282784
222.21003604349647
222.15860435296784
222.12344205339207
222.0949436796243
222.0674507448233
221.9939878746611
221.89056626327465
221.7777645208066
221.65840975527732
221.55445562110145
221.45441818350722
221.3817975564552
221.3577484641325
221.35640558345415
221.3805375218875
221.44053028520213
221.4987480115581
221.56068550961743
221.58589093321982
221.51063871227018
221.37429988191215
221.20643493812324
220.98918816652093
220.76724075525465
220.60389380084226
220.5360435758416
220.56697221112546
220.66750168047798
220.77978537190083
220.8432789532556
220.85590637304097
220.8569264423693
220.90376859367302
221.03113034466452
221.1616301740495
221.25367813003544
221.28974497997027
221.27502634940598
221.22513860602345
221.1720496358563
221.17245191959563
221.22142695168884
221.29554115497152
221.35957463987035
221.3937010382434
221.43452968833927
221.48822708857296
221.56189860753634
221.65837400248006
221.73558961530716
221.83914803834563
221.98236964680117
222.0656167555099
222.05064297506553
222.0048478995079
221.9720930760515
221.99566982227145
222.06014406099263
222.09285314389842
222.03121842743047
221.90661283793708
221.75131146251346
221.54193822085267
221.2625394434322
220.8913167951391
220.41068108574927
219.8746692719323
219.36115791681573
218.87427783135107
218.41554511236194
218.01913876799784
217.74623681583313
217.5978458892417
217.541530230596
217.5665367261218
217.62584511709431
217.71572739394452
217.88660216458476
218.1426437946418
218.42471502598397
218.6639832635571
218.84737989867165
218.98525154949544
219.1015359333307
219.20581273952584
219.26977447828253
219.27697188013502
219.2584499879479
219.24408031382342
219.2276708211403
219.21452127117232
219.16896540888177
219.08561341323824
219.00441262306808
219.0054247120258
219.11851950247012
219.3167140951427
219.5417196046976
219.71874228244616
219.82080147503547
219.88084331522816
219.9373646384017
220.03248847520365
220.13986326506011
220.24858588423461
220.38247557989482
220.5302060934004
220.65983984653514
220.78597049670634
220.8588573444991
220.8254988050016
220.68384426136714
220.47653790420608
220.2662127315359
220.09922536572998
219.962411686943
219.85924358519947
219.81736992591854
219.832515675315
219.89919978475834
220.00478377733342
220.10981786221305
220.2068582990566
220.3344497357216
220.48050876613917
220.62615318847762
220.7249274310384
220.73339252976257
220.679281056773
220.60057439329117
220.49997480337333
220.40695686258525
220.3324501441504
220.2747656564456
220.23158298445784
220.20251848679192
220.21435805836126
220.20024202693872
220.11228849696562
219.98940627966257
219.86005734469956
219.75969516362844
219.6944072744716
219.63945565004923
219.55709123471473
219.46690632595522
219.41859046382274
219.46609334378078
219.56864366579788
219.6978256937475
219.8548668899494
219.98155507950375
220.11178636845077
220.25070306585084
220.34986664053264
220.3923612108132
220.36410093246923
220.2816637732411
220.24509930156745
220.27758499067303
220.3480750244016
220.44516226198806
220.58381673003964
220.7642198917195
220.97421785803206
221.18717157001765
221.35164102408493
221.430802576613
221.37083064382136
221.24577414619102
221.15071472999568
221.04757619315478
220.8760966938064
220.65076034994775
220.3914416848051
220.17190149046252
220.0218401596073
219.92481650210613
219.8579061731818
219.84899054233978
219.88143193037914
219.86000026396064
219.82482956573196
219.80349066070613
219.73028520876966
219.56409193902135
219.36832576113494
219.23109880486953
219.1742537623989
219.18300490690262
219.31069335183844
219.5655331987619
219.82045778249545
220.0181961925768
220.18645048123955
220.31237581941252
220.41347776936277
220.47134712517223
220.4853965691029
220.49489196539477
220.50408318838367
220.4851889118027
220.39426094206482
220.23017711186318
220.01958432787248
219.81277636740185
219.61335042888652
219.4502129218708
219.32096606454212
219.2303611964822
219.22328843189615
219.22476093640768
219.21589047664486
219.21804006759425
219.22205681081675
219.16784772674976
219.07340299507604
218.9920841777584
218.93472266820777
218.9018140999402
218.89937368876298
218.92287997288602
218.95893276399948
218.98631303771862
219.01621353432154
219.0617562214653
219.1270442766444
219.1928133757514
219.29720009058127
219.44496115448595
219.56943921420861
219.66744617261423
219.77606969811114
219.9552142865993
220.1995603867531
220.38725365478558
220.41912393233537
220.311406197238
220.1622694472877
219.9830061683942
219.79202980421073
219.64817697922226
219.58908555235485
219.59001463245386
219.6149317863934
219.60349095830642
219.56242851954175
219.5037851125407
219.41413752669035
219.29479137170665
219.18704195567958
219.10783483886362
219.0832626399194
219.05314711744592
218.9653908208722
218.8500836171666
218.76287062613545
218.7417894983723
218.79940785376994
218.92148577084123
219.1136054861728
219.35381856608507
219.60286391849024
219.82285726413983
219.97556863353867
220.0812959362276
220.21942256573564
220.3668813366567
220.474194832818
220.4686659392028
220.33328773290214
220.12942336142558
219.93062253491757
219.76186948455563
219.62785620914542
219.56584181756352
219.57911161603516
219.58063162749733
219.50906696560457
219.3799987120232
219.24358879090335
219.15120227910532
219.1117572651832
219.12524175439887
219.15959185912334
219.20365264333702
219.24537839647374
219.25226255110616
219.22724117459626
219.16067467142665
219.03849837527306
218.9014887404486
218.7913842045236
218.77335009249856
218.86215580482548
218.94861980179735
218.97349066206485
218.95699662445452
218.96635216041622
219.04761064619004
219.19442067372475
219.35073618435752
219.48939813581464
219.62801779147225
219.78569433004654
219.9432454576539
220.18688350015105
220.4754033133733
220.6150498942277
220.57206884803117
220.40329650218658
220.1952891877877
220.0319028927314
219.95031061342252
219.95587135251714
219.93866051854738
219.8764788588211
219.7787463151651
219.66526441422081
219.57473967652942
219.53993749213993
219.47991706463384
219.37106966119921
219.28489093044027
219.27993926089292
219.32218704753802
219.4095084528473
219.54640093522158
219.71478731465825
219.8758963981846
219.98902189920503
220.07519417371094
220.1522465721369
220.23039906234374
220.26705798071345
220.2480184765746
220.2244985820938
220.2637421694702
220.39849998516922
220.53472921559683
220.65680883553142
220.80264242744778
220.94821950536974
220.97349716137617
220.87280786968375
220.68671170792345
220.50396618318055
220.38727078310433
220.3378445485842
220.26487257909343
220.15874235478705
220.10090818345716
220.0572511570981
219.97430706190747
219.8705769186919
219.75365557096026
219.63878388002468
219.54872194175113
219.47936053291573
219.512789824937
219.60671607563717
219.65504919944883
219.65029457994035
219.63008434018303
219.59459875044968
219.52681219843748
219.49124293360632
219.52938951226133
219.60050037816268
219.6470086730555
219.61820738737453
219.5876222396144
219.62222057481648
219.69827345715197
219.78185624638678
219.90630653770617
220.0899755839202
220.32294515542125
220.50934767238454
220.61873815021517
220.75401056710223
220.98881301389156
221.2943318432063
221.56099511523092
221.73541793108032
221.8328999734769
221.79176114750032
221.59712483220846
221.36316450544433
221.16540323101043
221.00949495582904
220.8919343538165
220.70262968090938
220.37806738928208
220.04291026840576
219.828814382289
219.7741504505306
219.87827280010114
220.16358125307744
220.5046659024407
220.76003204125533
220.90610483842516
220.95086842716066
220.99677029914193
221.15190987823047
221.35477970491112
221.4966734968794
221.57680634230732
221.6265169623819
221.64475528281045
221.6584594914239
221.68884604758904
221.69669252011147
221.59625744337566
221.4706067646188
221.38221038648734
221.3081670535513
221.24959578752384
221.16847649377314
221.04584551570528
220.95475807539702
220.90551206398584
220.83159764599668
220.7329313184573
220.6633761695434
220.70538907122796
220.89286488434857
221.1120975179169
221.244788898195
221.2530824307276
221.14719497894015
220.9704041749473
220.77519373450878
220.6438002426432
220.56832555163837
220.4807896695286
220.34343383904846
220.150707065273
219.99147407263052
219.90609712930413
219.90891158584876
219.9062281468378
219.87636182441787
219.86122755842314
219.90186623904884
219.971923011289
219.97767252358844
219.877075936442
219.76574613125962
219.74255818354504
219.7780434948958
219.82391968886031
219.79000851021027
219.72413481674798
219.7060813265167
219.75373659369652
219.869161790186
219.91716200846994
219.83517324487144
219.69364341435497
219.54961281172328
219.44686330995324
219.3598392458797
219.26341371689267
219.26529729504585
219.3377967991975
219.4245316412553
219.614162962189
219.81221800091487
219.9871767522423
220.15605891322753
220.33227822725848
220.54304708070765
220.74236891748959
220.8450498175463
220.89772465864365
220.88326181840773
220.83327124723826
220.7830241468421
220.69749996236774
220.6059700091617
220.5657852878834
220.56637773902963
220.4436730135286
220.20543349527745
219.95164699713743
219.69581816637847
219.44781322066683
219.22990298232432
219.03345390479112
218.86313254079695
218.62659034435706
218.34028082839387
218.04430090946056
217.76037344288213
217.50621040628582
217.33738834234134
217.30541805434595
217.37635269643866
217.39336502238925
217.30094249137082
217.1491565683759
216.99816331588278
216.90769865964992
216.92960433506988
217.03549492101288
217.16398234200986
217.19990018183074
217.09661745745515
217.01537909834173
217.06013607130777
217.18186786043353
217.32628828580656
217.4946759690205
217.65421003424615
217.71000196048857
217.69609321319555
217.6496509011064
217.59528830699242
217.61741107715756
217.7553932984444
217.85089006124917
217.8229890490505
217.79044622490738
217.79786721651186
217.81404868120228
217.75140210782396
217.71393612661777
217.8571232857959
218.10529892727732
218.2414434317697
218.2186928350105
218.08707612415802
217.94731246948948
217.8694185523835
217.85427030571617
217.9316062254086
218.07399764522938
218.18868893504012
218.23400166697942
218.26627134196926
218.26988302660274
218.2314102232384
218.2235004744515
218.20828582754424
218.0905155819318
217.970127151587
217.93810938790006
217.97728348471486
218.08499408814112
218.20366615891322
218.3593186764727
218.62444055623294
218.9686505382212
219.27171449552048
219.53789265407866
219.8090811031423
219.95099220030187
219.98443134452862
219.93299642173992
219.87819128845013
219.89747683419938
219.92470076794848
219.81506793778786
219.58463934355558
219.31229419674747
219.0562492915433
218.8281305844011
218.61807887004034
218.4436770184176
218.35710705577767
218.32487855275792
218.25783616572522
218.19232552786872
218.1595543679403
218.16592785455106
218.18327946931333
218.12147877754072
218.02523209239305
217.92315106329218
217.78037532491027
217.65598762620147
217.53765614983445
217.44925654516135
217.44330544114075
217.44009753446346
217.38199613120668
217.29689125144574
217.1596680916776
216.9671263246411
216.75997632071676
216.619417308641
216.56876625956582
216.5406420607251
216.56207583760232
216.63928378470695
216.7188591959571
216.84336960936548
217.08488155823886
217.34310982959124
217.55861496227536
217.79560745270894
218.0776028318108
218.2830855803801
218.43470975575357
218.60007369789258
218.7766330960456
218.94242608282576
219.09389094406208
219.19861136373373
219.24826776103566
219.20720698912942
219.11914787942442
219.0373108972008
218.94161009404172
218.7937481979642
218.63381135130396
218.50781912660693
218.44560839275996
218.35827297898186
218.26605417205988
218.23836232335677
218.25407869380996
218.20390559943883
218.09828410248866
218.00589615921655
217.96504293840516
217.9432726589286
217.8432386311792
217.64318138774024
217.41034497242146
217.17367256078984
216.9028694167522
216.62865838379963
216.46012354224519
216.40438641885038
216.36359289648834
216.3596609890202
216.37029723584575
216.38354458783238
216.3558364758648
216.2677081947107
216.2439593622312
216.3456573573209
216.52933665872143
216.75467510469633
216.91346926156453
217.02464347890177
217.14016524058434
217.30759372451269
217.50189446456446
217.66371767606364
217.79847872395447
217.90202290618822
217.97275605423758
218.03285963829137
217.94869528583598
217.6912414640694
217.36538439505193
217.06076974807002
216.82070362507045
216.62144870379967
216.4404433294284
216.30265180414222
216.25473776003125
216.25580095306572
216.22571595180835
216.1233061309075
216.0056008088635
215.91956890824025
215.85590432952654
215.85436206018395
215.8996881025261
215.91066506990495
215.91243051975198
215.91329708497588
215.95593042690754
216.05224188492244
216.18419158374022
216.34577133881905
216.5121201758795
216.59024697388662
216.60232074835736
216.60978801130022
216.58368227378205
216.56814296114655
216.62586086597457
216.82764564727583
217.14595437544352
217.53570721048334
217.85622640775
218.0334743854724
218.14650820973765
218.2723129204747
218.46061541358705
218.62192332522562
218.69084400385046
218.69611237707423
218.6717194134169
218.6028802410137
218.49160084190083
218.3395116238859
218.18190118350444
218.04700074769931
217.90819898025572
217.7440269481683
217.53501593582777
217.27700477923133
216.98283201031492
216.71308052133537
216.50412522377883
216.28622749103292
216.02997216614548
215.84421736578153
215.8011422949821
215.82139606174914
215.890511687944
216.06433618482689
216.28547420501963
216.37606483057957
216.34173671246225
216.28240458943444
216.25617509423154
216.20860313541303
216.1408518050089
216.13299350783015
216.1082082786196
216.05962801633623
216.05922148890724
216.06613438256926
216.12344786924515
216.2348168107431
216.3611326295087
216.51251244518915
216.65967108948092
216.7690934829625
216.83947044341204
216.86799566363467
216.76393438327375
216.53831967883465
216.28590410171927
216.01609691704186
215.7466536566066
215.5449428096062
215.46206206787568
215.47939048773281
215.5180289837326
215.5982339182179
215.7817880810548
216.03357979095784
216.28224603725806
216.5561278995844
216.8697635791811
217.0846109647614
217.14481188152513
217.1196783789116
217.1153332211647
217.14971797134652
217.18156350211052
217.17102371525834
217.10060576393823
217.00087128332302
216.95244853077875
216.9324183281555
216.88997611509848
216.87940514012757
216.94428454019663
217.08718627726358
217.258063564179
217.41429164130398
217.50422434841698
217.53185467299392
217.54994415955895
217.59608888366802
217.69278364216842
217.8404936499494
217.96397959401486
218.04388820144771
218.06763532998076
217.9649263585414
217.729303324507
217.44113709068353
217.200192752186
217.03260585569046
216.94798925729378
216.94276164582615
216.98779272703493
216.979445675577
216.86398228697735
216.66283033763034
216.44845554008708
216.30634939547718
216.26743831568643
216.32701098969463
216.43606714314382
216.52096142654102
216.54831352273257
216.56023112944885
216.5856005745576
216.66073124793735
216.77670743788505
216.8932272788772
216.94081088845945
216.90053382645283
216.79567642958853
216.6401670418187
216.4927897588623
216.36937471536797
216.28608346619296
216.2151102113959
216.12790488306712
216.0357981210268
215.95900306675566
215.85995663457606
215.67914853525377
215.45120618085167
215.24863404494408
215.1213552512355
215.09155023093925
215.16117964605672
215.2934329407358
215.46260791651136
215.6211676133278
215.6977792409941
215.70402908362638
215.71654224391557
215.7955139768505
215.99583696617154
216.2739393322521
216.5372571320157
216.75649739008017
216.95637176528294
217.210072067353
217.57884117032663
218.04778018007823
218.54475562311788
218.95965689004348
219.23516279061408
219.36339222992478
219.33762204314522
219.1881457520326
219.03100785338873
218.94896301122367
218.8912300845343
218.81380394904448
218.72369135565972
218.64613884890426
218.56728889252452
218.43074121362525
218.21832091541083
217.99167606722654
217.8092744158115
217.66429053166445
217.53731230937856
217.42363325418856
217.31362497474825
217.20394533386644
217.1059260112135
217.0134451501732
216.90126010904336
216.8182193406248
216.78206293573055
216.76503356754426
216.75738431140735
216.74528145176225
216.74469345649288
216.7534660489277
216.76289878405672
216.78050674517306
216.78063156971808
216.76358124662698
216.74710767851747
216.74295296445507
216.67426866479934
216.4992897710106
216.34025356893633
216.23156416924496
216.1635796307232
216.11145597958844
216.07289967169564
216.01016528326483
215.93175877080057
215.87245069799133
215.83734984747565
215.84183992912045
215.9058035059516
216.03564506484233
216.1802088375612
216.2675383166535
216.3104735131406
216.37253614145723
216.47310450820572
216.61182363293267
216.7590953077539
216.9392341566723
217.1839344385513
217.444782601726
217.70163736877834
217.89870494989935
218.05588209195986
218.21205103741588
218.39240451334913
218.60930105727812
218.83944757329456
218.9860802441219
218.99494554324878
218.93238890776678
218.86671760410644
218.79107603939707
218.66092595028934
218.40441013424547
218.11592529352697
217.81318660062357
217.43003580500036
217.0700151748933
216.78004486358404
216.58155927232613
216.47161598851588
216.37217604539035
216.2341216453184
216.10851153769238
215.98971628643818
215.82809964886727
215.61606289551213
215.38641182613785
215.18150332267595
215.02314671981503
214.92869023607207
214.98935115466074
215.15840391226257
215.38002728292452
215.59838713551108
215.81344926012173
215.9808541478585
216.09300783651594
216.12040098052339
216.0899094517188
216.05587182173906
216.04798467827533
216.0544773919008
216.06294391361934
216.04292583578984
216.0182525098199
216.00506747841266
216.00932623424166
216.05545305309084
216.102868559901
216.1144677018904
216.10261564958589
216.1151824482182
216.16438239915692
216.2177468450953
216.23840333650065
216.2459960404832
216.26188944482882
216.25391042132273
216.2454456003406
216.2741212690649
216.28319175552156
216.2607481102039
216.28153272023897
216.39695464088084
216.58540067379516
216.81753470335755
217.0618484912366
217.26530462361086
217.40442609646394
217.4924588000683
217.54462192824053
217.64139261922202
217.8531644117563
218.1235332634293
218.39059787449756
218.67356268008714
218.9937564124062
219.23702361016325
219.31655747045417
219.31244702000083
219.26828718612398
219.18898970242367
219.17524991471709
219.21078159216026
219.17034458287145
219.08499278802037
219.07145211718608
219.13648313951066
219.20018239292764
219.14920903722873
219.02269413282306
218.97454240316847
218.94582626700935
218.80345439784594
218.6081654258628
218.44197469865597
218.2732857670039
218.11101124462732
217.94363891304556
217.75944377318177
217.57151020113187
217.38279142785424
217.19770829613003
216.96061957334237
216.76964582234874
216.6600789362045
216.5521539505023
216.4805497593493
216.53551837591806
216.68433914868848
216.87773783828916
217.14983800983356
217.47225930195196
217.7846140445692
218.0601406700476
218.2992532331515
218.54584783651424
218.91597299449694
219.37998194546915
219.83279491083331
220.29369190467781
220.60147898470868
220.18972826556
218.55254150669236
215.692413066365
212.71806402331174
211.5977130114486
212.1567364950975
212.7490467952368
212.85707243424514
212.57014485192775
212.8374626681142
214.71137038784207
217.58125068461345
216.79950461192672
205.84830975364656
181.9898082238928
147.4846212348577
114.97034202034733
97.24347271718568
93.3687746361118
97.58808209235929
102.94126054419438
105.48325240038501
106.3158256402956
105.756072504604
103.16711208189919
99.70596018230904
96.70570189513785
95.15703736313262
94.95741581683102
94.83570556258891
93.44056254280831
90.86721278721922
88.66164771964509
0.0
0.0
0.0
0.0
0.0