0.0
244.38703402845385
245.6347255085609
247.06232859569928
248.45332594351493
249.73474163135836
250.94931441095304
252.18422411204935
253.48118907085643
254.79068495537015
255.97869772276357
256.8348585283589
257.28296011275586
257.47320918730105
257.5886600818512
257.74074052042727
257.9377661879413
258.0857938812059
258.1194637287008
258.0480476016916
257.95493406620346
257.9391116478588
258.06419430341646
258.31861864978487
258.5879889192565
258.79551144581484
258.94875998987925
259.1028858958552
259.2395189558526
259.3087216889211
259.27116388620254
259.14654850485965
258.9714258365592
258.7453691932602
258.47907995832134
258.2010607498563
257.94196199910914
257.6948532446341
257.38668569235176
256.93084236224115
256.3131165079712
255.64435067353367
255.08756915615606
254.7146651657166
254.47073925538479
254.2632696849766
254.05821478381415
253.86591714351417
253.70836459861766
253.56169749220248
253.47896329690101
253.53945312618575
253.77164170652372
254.13509814890995
254.59683199950877
255.10618780149278
255.60569317317004
256.0140519521444
256.35778176786397
256.71110918034736
257.1376304562622
257.65040782739095
258.1622752299938
258.58040350449744
258.8428593340684
258.9266996493142
258.86718134384495
258.7222462231231
258.49274566127974
258.17221681411866
257.7522441238527
257.2315112615506
256.66516432792366
256.1629918545385
255.74476832047765
255.43589177900952
255.21302129015646
255.12555562340447
255.21709745742402
255.55157474562856
256.19275671599877
257.1058547640737
258.0520904999234
258.80864791511755
259.2116642513937
259.46480090372387
259.81988156686987
260.2632817923101
260.8074189833199
261.42957080960434
261.9831699446747
262.34462195085194
262.5123998574925
262.4983920571965
262.34928200454556
262.17458747875196
262.0432483705051
261.96074317671173
261.91335850656674
261.8690674587506
261.7717612603552
261.54677713401236
261.22081452764155
260.9160725505071
260.7162012663489
260.5538667125566
260.32086634310326
259.99283483230965
259.6034712591412
259.2219736945557
258.8184205627006
258.4042665583464
258.09084783068323
257.90395048202237
257.81986700081717
257.81202347895857
257.9491281696076
258.3408138927133
259.0134734001604
259.8664293137715
260.762363741219
261.5791126553619
262.23568198989415
262.7148747336917
262.9940254614725
263.0825411473423
262.9735212102029
262.643362868023
262.1450156404669
261.6657480354325
261.4055228726884
261.44625855374386
261.7182142396458
262.0589830116388
262.38817534027504
262.5553281616088
262.44384268200685
262.0975244743455
261.62464528561566
261.0972767476433
260.5662395496332
260.0675605182064
259.64081534781934
259.36239849051
259.2623454212967
259.3113306864228
259.43177405498466
259.5530333237756
259.66813400074017
259.7342276358979
259.7157707870277
259.55668105242916
259.28023231068187
259.0495404119207
258.9528651926913
258.95588750658123
259.06316368478974
259.23355485658544
259.42985392867604
259.71002475058884
260.095934395398
260.54879179978195
260.9845343992813
261.25390946671007
261.1702782889233
260.76469254680427
260.29329107843665
259.81975021352014
259.26191338685896
258.6693171906695
258.1880632969354
257.8279831783205
257.5373998760595
257.2838619874988
257.12885685605033
257.0869390463932
257.11848734987416
257.2429199112546
257.49693964206597
257.8504573562701
258.16203579362127
258.31085617763523
258.33644892115683
258.3246353593833
258.3105973884424
258.3224907256167
258.3599937872303
258.40530790035103
258.39067109143417
258.2657846092734
258.08585934508847
257.96458183870686
257.9653445383966
258.1769758040103
258.5474365301359
258.9407711848854
259.27920343683286
259.4851812216476
259.4739708830442
259.32667742613614
259.11650614477526
258.8476705485488
258.52547501655596
258.13711467820815
257.6727150343061
257.1642662204827
256.68765504690305
256.3283464668794
256.10449240462833
256.0130080319403
256.01654317470525
256.01761994433593
255.972874038844
255.88516997271643
255.71316285020174
255.4876066044514
255.26405176169166
255.12043517235364
255.15504344096254
255.36257978371594
255.62337480301915
255.85807167412887
256.1040366064062
256.40765728094493
256.73233811155103
257.045979879106
257.3463844763338
257.6095177716596
257.7936222115444
257.87581629385534
257.83865677000733
257.6417714064157
257.3226645942527
256.9718113965189
256.68929324955604
256.5453625589666
256.51934181485166
256.5750277953192
256.68416123966017
256.7770263777194
256.84574051418923
256.9131488510701
256.91919275999174
256.8381039815092
256.67170894189337
256.4537949655802
256.251883902381
256.12004572877436
255.9985743685321
255.86212283265942
255.72674819250295
255.63640122179837
255.64840163387913
255.76567897074526
255.95113105085375
256.1836782938851
256.4758633068401
256.7595741536876
256.96584477488454
257.0960337400452
257.1251056136098
257.0095747265167
256.7641440615263
256.45234087910717
256.1420182346849
255.88790473597157
255.7674627672522
255.74793852585552
255.73205678768932
255.66506472059473
255.58919748858787
255.5431572322939
255.50488173314994
255.47256358869322
255.4786363139268
255.47359645669476
255.4452288928738
255.39291561230274
255.2800428987388
255.12595761942052
254.98160207255833
254.8633456745581
254.79831895788604
254.84211052717774
255.0034498361829
255.23606022083484
255.49744121829596
255.8135564878724
256.1196450925929
256.31428439410934
256.39749485869925
256.48782272009515
256.5637192239085
256.516943315247
256.35020963415
256.1402213537673
255.95474520578753
255.7868025804059
255.64796894114028
255.56134482353113
255.53339076690855
255.54609835320684
255.60101450447712
255.67846396392451
255.72206041527056
255.70905344635463
255.65896275972634
255.57641173894808
255.50269236798465
255.4978100951426
255.57445645911622
255.71021483647868
255.83185379138578
255.91195560938255
255.9615285614353
255.95450268993918
255.86144641488025
255.734922580476
255.6806787952808
255.73776273237013
255.87425326736286
256.1012587658479
256.43790940094095
256.84106639809727
257.18841479551776
257.3792565662821
257.4657126602281
257.58008534206476
257.7838882737591
257.97515522511253
258.02780390906537
257.94516131610163
257.8003297280751
257.7531366738455
257.88912654041246
258.0815741815471
258.0563722426729
257.84572464797213
257.6380910464185
257.5246417742632
257.5488963760759
257.66778943023075
257.74411626057395
257.7178766157797
257.71713689151784
257.86451110291955
257.9984820217748
258.0308346368476
257.96760202975435
257.94897120556493
258.0882427032341
258.370991569083
258.5545664789603
258.557898767394
258.52441904533606
258.41627857821413
258.2068167639875
257.9662849668412
257.8050456943396
257.79495520009897
257.8281904640949
257.8395814987568
257.8588735213995
257.7671550008193
257.57491134166804
257.34926703933144
257.2128789969476
257.2541848699591
257.37985036383793
257.5882670165735
257.89247479975046
258.17253330706956
258.2925240944146
258.1512185464039
257.7187293931825
257.33573412614487
257.20932975736673
257.2225646788262
257.1874113538367
257.09248123479085
257.09035465869624
257.24554570952535
257.38698120494337
257.49129196385894
257.54186054916465
257.37532380507537
257.1297554194662
256.9879658968417
256.9010076820997
256.7985361977847
256.76738213254805
256.80456909501487
256.85259207152274
256.81397349445945
256.6931791945917
256.59577263069474
256.5173897235123
256.45347738498884
256.51370157303415
256.6984500383488
256.8592588868418
256.95016852095455
257.03082800409334
257.1357839503528
257.20132140619955
257.1934715943752
257.0835299908082
256.8212245289653
256.43613422061406
256.0323332467785
255.7138911997913
255.52568017709063
255.44429023352183
255.46220523959414
255.6082351373435
255.8525134369525
256.16191817738667
256.54485710380516
256.9422776592863
257.246375784602
257.41605070167907
257.48669364096213
257.4918371391127
257.4190240907423
257.25865437196774
257.0983574399587
257.0086442796132
257.03032575060763
257.1984898717799
257.535982434268
257.9021403932245
258.118282648326
258.2058696924431
258.24119475127424
258.1451715716618
257.9339156796875
257.81133466666387
257.91133738189046
258.20550848786553
258.56178097825233
258.70728564876174
258.55975244174374
258.3007412260901
258.1583116096783
258.1860208977387
258.5096159273918
259.0718875109657
259.60595198404485
259.80403448423897
259.68359280593324
259.5317172806165
259.39366518308367
259.251975947176
259.12862186127745
258.81436558194156
258.24790790629623
257.78483075544995
257.6130530932463
257.6347581119121
257.7146281909048
257.66943040657367
257.60105517600067
257.6801806780171
257.94376459699976
258.1521045705847
258.1449768855164
258.0041153651275
257.94195482486015
257.8791223942292
257.79964037899265
257.8844252656559
258.11901372608736
258.4589851211606
258.84373225630486
259.08039001740553
259.0460433375301
258.84840851195275
258.7495869030538
258.7752145094229
258.79634389488626
258.74753426237294
258.7305411474265
258.6764006352726
258.4307608571026
258.0421448886091
257.6966065408954
257.4777983982297
257.454545030194
257.474629070466
257.4470412363989
257.46538622588014
257.5127199134673
257.5893683826165
257.6622036824108
257.75196743013225
257.89544827492716
258.0224733655687
258.1298414700193
258.3399506583535
258.60518934729
258.6476913051669
258.46075157347985
258.2306252156492
258.0300100946202
257.7231004560218
257.45274974539615
257.3461921923624
257.30483226465543
257.2900582367902
257.32810803420944
257.2844552248762
257.163645542352
257.1362900915615
257.24355359909924
257.4793219358072
257.76464270012616
257.9438817209587
258.04105110548886
258.2083091841712
258.4527616524838
258.64326434225165
258.6700141947848
258.6204541057536
258.6111187593667
258.6651651347945
258.70961875198975
258.6665938333834
258.536565909113
258.45738018277774
258.50678774970146
258.5616636069765
258.38525461768586
257.9656527731083
257.5257187240793
257.19494570519123
257.0970294916999
257.18894927485536
257.3427611689294
257.3876815393218
257.3658449288956
257.46724221836666
257.6691913260518
257.7027711560405
257.5311036438735
257.3192848621522
257.1709501614698
257.12032855154865
257.14515241646234
257.1464126731896
257.0716803629122
256.9870960092338
256.943140988967
256.95100013220156
256.9227596735969
256.7970158093667
256.6049908852419
256.4440261826809
256.354246706052
256.3102506813457
256.32019610385265
256.427658897427
256.65251711432296
256.96553348206265
257.2748577137536
257.4947366477449
257.640980672242
257.7439306733718
257.70479621624804
257.4806625622895
257.19394982181115
256.9450667496798
256.79061593634185
256.81774357223844
257.03311360815724
257.3132284881206
257.53815497269215
257.60917984149046
257.6160850510343
257.6042730152561
257.55276700523154
257.4587693804294
257.3422672573517
257.1929785478468
256.9585950714288
256.622423995296
256.28198527668724
256.01620735416464
255.9603443281828
256.1877540766046
256.5987128912081
256.90438972231806
257.0155904178129
256.9020101906347
256.7874398642291
256.7883519476202
256.8415214976744
256.8209397624114
256.66738227382046
256.42310574482775
256.1021169620494
255.89929491452247
255.86511395968583
255.9215110403634
256.1009107535169
256.243439150894
256.31358366602785
256.43756062640915
256.56781834989675
256.5954572395201
256.5094908498096
256.45705242264415
256.503891542214
256.65671519208956
256.90847971658206
257.15867450625177
257.32054701810483
257.3716944201523
257.38859436042424
257.4150975405253
257.4354842452077
257.5254761231028
257.71816854426487
257.9946979805603
258.35125568016497
258.55904177932786
258.5177447533854
258.3669837149548
258.1928863484314
258.13111206397355
258.11204779793417
258.0062133512654
257.7701559572348
257.45578204970593
257.1503804985938
256.90332082606716
256.6757658927315
256.39961420258555
256.0915098287065
255.8460928538969
255.69829870092252
255.67642194501016
255.76110759471126
255.9266282423365
256.1258485714719
256.2871647278336
256.3327822429169
256.28953213771973
256.2735609304326
256.362914793197
256.53872924159396
256.74715591817795
256.9416966467568
257.10638620745374
257.23222264004454
257.3466415632976
257.4508276175522
257.5085073179719
257.5408388059185
257.58875867185026
257.62417192385595
257.63233323205253
257.62555226525257
257.63509460005275
257.67735608677816
257.76130151528093
257.8763914010266
258.01614399335415
258.137342860538
258.18611015706415
258.17098485467955
258.12262917867446
258.1127420548661
258.19866158137535
258.36402876123077
258.5249529685429
258.58474014506936
258.5247508390217
258.3887887762302
258.2270123528832
258.0511130842996
257.80190769193825
257.53243861366553
257.39540237757126
257.42678377817646
257.51257288076516
257.5456462198365
257.53471142821013
257.53053635362556
257.5545267283082
257.5606085719458
257.5193251408408
257.4366689963285
257.33325235736226
257.22930723488923
257.0903357189145
256.90397066096034
256.6526993923503
256.39868171156957
256.2446755089194
256.1894961622712
256.1926109697765
256.2271199355262
256.30617281488514
256.4265877537712
256.6261105909961
256.89243742552526
257.1394530127696
257.3634672514482
257.5577414155298
257.72745229482365
257.9140550315839
258.1277123692861
258.2941580813618
258.32203627481056
258.1987222806162
257.9697758808512
257.6820120310433
257.38692195024356
257.17016062462994
257.08297320215877
257.0862511877426
257.06978075196156
256.9502222847275
256.74077932423734
256.54333986408034
256.4658372265737
256.5166216980552
256.6341017479173
256.79917712061274
256.96286193342655
257.087034107398
257.19093779883826
257.3041608678647
257.408519651982
257.48726362798317
257.53603705656633
257.5838440429585
257.6376241721605
257.61810065895816
257.5490532195288
257.52159754048495
257.50119471794244
257.52695251826464
257.5641965840198
257.54399324809
257.4480079410625
257.3035904087442
257.15881241637675
257.14303365172447
257.3118049800239
257.4944015407701
257.4712628895275
257.2409936764097
257.0114084601649
256.9555564564178
257.0141040587122
257.06669059914697
257.10312327913914
257.2155383432199
257.5131554127262
257.88345781671677
258.15156090405605
258.27639582441464
258.35668778733947
258.3973176015583
258.407139962862
258.4074629730372
258.3933579091978
258.3697644197852
258.3425300418533
258.3051376696571
258.26606753160763
258.2060476925709
258.14069963263705
258.1603715932881
258.3322288140382
258.5418849717712
258.6816108122735
258.69169412207566
258.5300398124005
258.21665004495424
257.8525616393258
257.58777032912184
257.44808422637175
257.38494380686427
257.35126310951114
257.2604041630401
257.0680039059878
256.81291336909277
256.54629984958433
256.30316927673414
256.1075565936395
256.01838071401465
256.06421392592233
256.1939067454964
256.3013938582886
256.36492685915454
256.40942439348123
256.4272742655799
256.3938106646979
256.3442209400873
256.33413608420915
256.4091680724629
256.527851125116
256.67490032336406
256.89491497984847
257.1619097205099
257.3813492395217
257.4971990019257
257.5071540282405
257.42918213026115
257.2657089704387
257.0561128834885
256.8663301584783
256.73371017067956
256.64582809978856
256.57865502512027
256.51290322591166
256.43134027671545
256.37663790053506
256.34564890805376
256.28282042689113
256.17937972607524
256.0680175147572
255.9984220231798
256.0596268325423
256.2115706380752
256.2834610821258
256.19526945053633
256.0273497210859
255.85379638631906
255.71391008782297
255.63537230573834
255.6415893981145
255.7169328060114
255.82774053091765
255.9471487581742
255.9931926121316
255.97060596982874
255.97801026361276
256.0528965975466
256.0958001555146
256.04643860062225
255.96652933232565
255.96180640860013
256.0375448439038
256.13657013847626
256.21794559840293
256.2856163225198
256.3804554217797
256.4621441190822
256.45943448856406
256.38257546619957
256.2542600583598
256.1633240107164
256.1588595010811
256.2624059965764
256.4117347105778
256.5428482446025
256.66639653006666
256.7931283984334
256.88136652938107
256.8873397195993
256.8228573986108
256.7389532804303
256.654484688506
256.58399542672225
256.47638318971315
256.3002985372589
256.09561936255875
255.89601965851944
255.6645869982626
255.4207733735449
255.27882695256426
255.2244793017125
255.20294345148042
255.20270187376875
255.24026305605645
255.33460397042575
255.44548894121294
255.50026833890772
255.48869429002275
255.3792869450121
255.15261447323428
254.92055090049124
254.78602619379015
254.77999839793597
254.88937548382802
255.03199537739138
255.11972696600353
255.12468416908587
255.1205490573619
255.13283817003855
255.14877154693096
255.2002032342191
255.25338111683115
255.2687641623964
255.27279489735756
255.23813115948292
255.20951866321627
255.24680122917155
255.37487680550538
255.57420229616517
255.80607668719367
255.96811830050487
256.05001475196315
256.1711216781896
256.3521444071655
256.5845820179291
256.8575695928268
257.11368312282076
257.3048975089844
257.4110919996971
257.41931372029865
257.353473429924
257.2700072020675
257.1917479472464
257.1140313753784
257.024712923825
256.9148543700085
256.79329822770404
256.65760973316327
256.4832008325425
256.2798440547692
256.0363878393787
255.78248870032814
255.6101250224218
255.5594510520058
255.6444158114231
255.79829838095324
255.91998422482405
255.96775461251457
255.92630808911943
255.77965017448327
255.58842310170888
255.48703174908246
255.4844456409941
255.51813459509583
255.53991803718895
255.51945046935953
255.4964330277335
255.50072213576803
255.54821666011873
255.63228861445492
255.72089455604845
255.81019865460834
255.918582196293
256.033937691834
256.1583929740341
256.3068069367115
256.4315308456202
256.47192242416867
256.46162877335814
256.429108633791
256.38473279781755
256.31156055958206
256.22551333561825
256.1881208068191
256.1993867636994
256.2469198598367
256.30435668006544
256.3851232335463
256.47523052803876
256.54062072795995
256.57476892461034
256.6150252329991
256.65239983805964
256.64441121247637
256.60298322360245
256.57890912091716
256.6365168946353
256.7655625515428
256.93317294214665
257.0685614687704
257.07376779314814
256.96978378835547
256.81726887498456
256.69249426566694
256.55988178283127
256.3739999607856
256.1560569900995
255.94101354483328
255.74639434225108
255.6228796053804
255.59524891352538
255.6672840939926
255.7911911626399
255.9033085275181
255.9611095480169
256.05225705400534
256.24549901113255
256.48294156737006
256.6800560958633
256.81565300820296
256.92054066541607
256.98881830612265
256.9556676837907
256.82607557825844
256.6293349642936
256.3957394785312
256.1956783210295
256.0873179485894
256.0396362542122
256.03376136552845
256.0880363252701
256.18993898166315
256.29435983126615
256.3655572226166
256.42903973243443
256.4386175856265
256.36653581404596
256.2673527849257
256.1874386498413
256.181724873911
256.23328702497815
256.2648216893166
256.26830252923395
256.2721717841809
256.25476485702967
256.1943960015632
256.092580797294
255.95258332201925
255.79104330641798
255.63328904002702
255.4783157410592
255.33145964974977
255.20783061728397
255.1485228021983
255.14346202345027
255.17490166080302
255.260343550624
255.41656808806974
255.67267119368145
256.0112796044733
256.34587414323494
256.61057793905906
256.7916159077642
256.9088495792568
256.94565468176415
256.88047318728843
256.7355408986449
256.53036998655807
256.2709974322516
255.98590604281924
255.71959979629952
255.49574725451907
255.382976132108
255.36630449811457
255.3892141785119
255.38803201387861
255.3171115596497
255.20239983877417
255.17118291539796
255.33716383771082
255.68486621688228
256.0939902872552
256.455144872844
256.7279131232955
256.91060275010034
256.9865403251248
256.9720868402471
256.9509193008238
256.9577601069797
256.9729035813781
256.95297197155367
256.9514035850406
257.0198076411413
257.10562394614965
257.1689014246746
257.19737066267203
257.18768633792524
257.19833770635057
257.22284874545267
257.1978571350953
257.1317050880252
257.12632727547185
257.19597211266324
257.2521126444148
257.2420793218673
257.21254302883534
257.2353321492668
257.3012318591779
257.3534686756696
257.3271837234208
257.1801793935882
256.9234992341877
256.6240838775117
256.3487159014393
256.16902284541345
256.1086966703095
256.1071874886545
256.1390366165639
256.2133682564017
256.30817858148276
256.36909592485654
256.4205027298676
256.58094213326524
256.88377337683977
257.3029044570493
257.73473595132214
258.08083599519864
258.31150035273754
258.4030646818197
258.34884068847725
258.24507174954203
258.1473700030827
258.0561652149887
258.0086320095294
258.03650248641173
258.1057203706473
258.1904560564092
258.3109092396245
258.48710449765036
258.6474098025385
258.72889039708207
258.74491275152417
258.75249013617366
258.8055756527234
258.85147186228437
258.83487443891386
258.75829684327516
258.64066322390255
258.4612829360998
258.21565700471905
257.9623117461427
257.74668309170755
257.5417357657497
257.3315723743783
257.1222643684516
256.94910167284627
256.7867676527572
256.6718874219657
256.652684863127
256.64135144138413
256.57263104186177
256.509998451142
256.4710666749494
256.43771861051505
256.4183978734176
256.4050239434064
256.36885195711386
256.3202046259911
256.35252795485326
256.4818916176188
256.6191305215283
256.6996374321131
256.7440390248544
256.8053542987325
256.90696142622846
257.01642293993206
257.10024894930973
257.1919505816552
257.2928382825038
257.39995441314477
257.51163387529976
257.61316863904227
257.6860015661197
257.6827621980662
257.6354973220006
257.68816990675623
257.88778864824263
258.1803239762892
258.4966271261304
258.739418085628
258.8609374292265
258.87340963491454
258.80159279437214
258.65526888755164
258.46201550382636
258.27828163014715
258.12938359638974
257.9740679893952
257.73421368847266
257.4066442819644
257.0775584378828
256.76440486583346
256.4872539753824
256.30180258121607
256.18349122507277
256.0678124488853
255.94869423035584
255.85247178672728
255.77167380047916
255.69959789343628
255.6126017303441
255.54045953291586
255.49625122338944
255.49279817034812
255.53457328603423
255.58335516054578
255.65606573151115
255.76838986393443
255.8412647794707
255.84009421460956
255.82305523561593
255.85342547123997
255.92525584663295
255.99999333623484
256.0290439399822
255.97353805537261
255.84189599496696
255.71297593106016
255.63257640463962
255.58250688982375
255.5395952630584
255.4949209452352
255.43360450408267
255.39158995590472
255.38502997967376
255.40759176148384
255.45263853907966
255.52624271771384
255.64996544226193
255.79470778689213
255.9293185990539
256.051239770167
256.19107061335035
256.29980124255127
256.33380735127537
256.30103196569405
256.20011188071817
256.0537799777856
255.92315567947878
255.85090104953872
255.83910849847206
255.83300548738237
255.80290696993058
255.76209238092312
255.7313398219806
255.75634316720766
255.83869283213286
255.96784293958615
256.1463853992733
256.26526404685825
256.2408922990237
256.15496260138127
256.11063761548485
256.0875333920104
256.00811056886965
255.88578824951364
255.75548823895474
255.61203791930848
255.47163890139785
255.38145268589312
255.36046981508258
255.37712024964685
255.39702428526792
255.38442222275341
255.33956226604445
255.31715498069497
255.3318467277343
255.34316164200368
255.33861497684254
255.34281327688046
255.36593218291858
255.4011608751221
255.4398134487788
255.46313598686876
255.4680100239267
255.45903764393947
255.43314915107885
255.42517555621666
255.44529922848355
255.49219425157378
255.55467608297414
255.61523035939916
255.6776745935482
255.7648760864211
255.87147560832642
255.94550985230114
255.94208671220943
255.88166393792844
255.8109970528252
255.72608185981073
255.65999060958856
255.6503151767837
255.6734065606219
255.6836696817894
255.6956104741008
255.71584440943687
255.71143314107275
255.63312546595338
255.47198306629255
255.261265789887
255.0258239052475
254.77223851959968
254.51860737606893
254.34403240192952
254.29142640164804
254.3584229435979
254.54396484728835
254.8307635186053
255.22490395322478
255.7128414803493
256.2192347339647
256.6885582594318
257.15553745253055
257.60893493793117
257.99653152689785
258.2776425912077
258.44370182737913
258.4878666929004
258.4472040422388
258.4020735449644
258.4117535881911
258.50533519724286
258.642638321698
258.75075143801826
258.77021232568825
258.6567991638157
258.4463662854547
258.2457996375622
258.08294471937273
257.9612945397953
257.8750817497075
257.80791762071453
257.74122785785073
257.63075349636136
257.4418364620881
257.18743036223503
256.9297363901089
256.7357995083389
256.61043848042436
256.49317067748234
256.3708778102457
256.23953433533546
256.0838656864398
255.91562839005894
255.73894401262748
255.51573036444006
255.28195989289677
255.11924920386986
255.05881809373108
255.10416352605944
255.24331357450302
255.41269557043316
255.58429412385254
255.7912179983855
256.05542420772167
256.3660031180674
256.7093465299604
257.1015322566127
257.51436392533844
257.88938321709725
258.2153383808141
258.51858981677657
258.81977827833623
259.1359712096219
259.4263911814548
259.6659862440072
259.8550400498163
259.979753578211
260.0254883931078
260.0006747896783
259.909012687123
259.75077903514506
259.5105812883322
259.1852157179544
258.818412336699
258.4481070488207
258.0908754363868
257.77513984268944
257.51059964691586
257.26046663733473
256.9540757363212
256.618097772533
256.37906753097883
256.26191870038565
256.2044208049264
256.16911489955874
256.1405851463468
256.09838984520513
256.00414615579234
255.81960802723674
255.58270532113755
255.34350489767522
255.13224840214716
254.9492553116683
254.76055706755463
254.55874178494997
254.37060497358038
254.25981894587053
254.24780040718315
254.3428664429979
254.52406060633922
254.74889830369764
255.020779778555
255.34179530497747
255.68645395994662
256.0616824284661
256.45810584609217
256.80296929587354
257.0450673769226
257.1970423853661
257.2804473109338
257.31131053851766
257.24390808970946
257.05083457114665
256.8293759164063
256.6955362473741
256.6581627513129
256.67010499180844
256.67986183704585
256.6162473174552
256.4643098926991
256.2628021823329
256.05540059195084
255.88485024751026
255.78335958519418
255.74873074171313
255.72388826377278
255.64883440502203
255.50211402918967
255.32096223533307
255.16911635415954
255.10752975961864
255.11074053900415
255.1233099014196
255.16095370534907
255.23453275644567
255.3176539673249
255.39047802217593
255.45430595075953
255.51397510540167
255.54476964806634
255.54184147726102
255.50688078980073
255.4180347431621
255.27437059449073
255.10690360366635
254.9471998433129
254.80521809355162
254.7125507210226
254.71060014392896
254.82107079145393
255.00443942108308
255.18993128626443
255.3466873917013
255.50360826924287
255.65725465062673
255.79395357424013
255.93597791533807
256.04880519814503
256.0364640165782
255.89215473725025
255.6670250396967
255.41880236981228
255.20042281344456
255.0539373025007
254.97952787767287
254.92948735272438
254.87494955763012
254.79954553809048
254.69335073036606
254.61503481173426
254.59499184163684
254.6031103623857
254.64057252348294
254.71496353281702
254.75092676756134
254.70371315106917
254.59834813375264
254.48463072151458
254.40295102503126
254.35491912616314
254.3237346288342
254.3237265476542
254.349736637223
254.39383260447318
254.48468874320898
254.63563833553022
254.82661429252784
255.02143379532038
255.21611248450037
255.43331909048098
255.6248346640216
255.74158871519987
255.80621388722844
255.88485554718363
256.0202579431203
256.2349445597895
256.53131332981354
256.8405798921074
257.1085546636103
257.2821294245154
257.3100578973335
257.24694820590815
257.19025460546777
257.1964833844739
257.2601004265292
257.3234349855171
257.32174935157445
257.21458585686736
256.9804365839432
256.6717156811384
256.37772765557645
256.1373938264967
255.95705332910663
255.8050301075588
255.64184392343927
255.42821805800332
255.18024097540933
254.9079271739309
254.6210321426427
254.35036405826963
254.12516434139974
253.9624063023504
253.87339879449416
253.8220869373992
253.76036003359616
253.6872137187892
253.63850816503052
253.66456244364267
253.77197323234407
253.9038470246413
254.0048975076635
254.0660203980161
254.1479047413345
254.2530968972644
254.33959339563364
254.39905668214124
254.44967167853054
254.53889605658486
254.68184597107106
254.83043849312628
254.92688760169816
254.93878778607134
254.90075548085994
254.83985884460174
254.80377410736418
254.85763003445626
255.0322880195526
255.29555088239124
255.5774213920639
255.85915431390254
256.1651141646579
256.4910552827653
256.77387649204604
256.9578372319524
257.0413607143358
257.02400884042623
256.9106463433175
256.790966652624
256.7739379216777
256.8098553480079
256.82597725347773
256.8294772576772
256.85041596623205
256.9019248594272
256.9569176209789
256.96411428078125
256.9505125950145
256.8976857226876
256.7382000132929
256.482611512032
256.16604969233856
255.83448981408898
255.57691673141738
255.43116511401473
255.38397920694607
255.4158429806058
255.4573726081475
255.47856452270918
255.543060706038
255.733323998504
256.0375887824167
256.33898185646353
256.54230472972256
256.64789553521655
256.69721977418516
256.7297609089042
256.78860431526334
256.90553620261375
257.08511293846345
257.37432199512216
257.7962566053043
258.28643386415797
258.7857014506139
259.24757151787657
259.63580863505194
259.92263468249246
260.0864789573876
260.09115707734014
259.9279702161803
259.6915693255141
259.4340020503297
259.2132424491738
259.03447497180923
258.83558631338167
258.5752899278007
258.2675158489461
257.9022475105295
257.43239949118475
256.7808781869244
255.91762956999594
254.77913893826715
253.2331248918759
250.97123745517607
247.57476170375884
242.73259328336886
237.29254738621424