179.07153139406103
173.59186187499532
169.19739906814073
166.86628852060818
165.69782061812975
164.74685332510666
163.70064946288647
162.6729124339177
161.79076658850465
160.99987227990164
160.1613844393238
159.22802530494872
158.3602414309687
157.7753891366381
157.51968403783027
157.5101988891368
157.6878110687673
158.0344207821641
158.50374308437574
159.01071305395917
159.4706101196202
159.83548503934622
160.08723825202364
160.2275206094082
160.31120220739632
160.42567571296007
160.6087900315933
160.83115101333624
161.04285968179812
161.22175662602572
161.40658328697188
161.68281365646405
162.08435200531795
162.53490875437458
162.95367938470605
163.34092181147332
163.75001325323157
164.22546083015078
164.74833263002714
165.24222566645875
165.71777055931545
166.22881031353012
166.72495031540396
167.12310882671085
167.42606523717075
167.66939312487074
167.87458609579195
168.04966054528927
168.18056079315113
168.2471738093938
168.31697879209088
168.4861632898228
168.75632397444537
169.0450231136667
169.23265824880667
169.26350184876793
169.23702620393368
169.0859608340393
168.90909078787772
168.84347199471648
168.80072593991466
168.7088847869194
168.54361205407508
168.3118729365417
168.03143662028458
167.7679787918752
167.5632266547048
167.39857270563965
167.28903909762337
167.22441047450326
167.21523668686442
167.2772913705553
167.41426725269395
167.65101963281896
167.9691914112132
168.2523945639175
168.46342033702362
168.614554741534
168.6938118733937
168.68805602007086
168.5919895840051
168.46347171688075
168.36889150263482
168.3121439035758
168.24792194595875
168.14702954951
168.05139677180762
168.0312746630867
168.07679040108775
168.10088412992204
168.10703503160954
168.18058523117517
168.3400659203445
168.55087633599726
168.74144839893677
168.85126240744663
168.8991329683504
168.95833660162805
169.0414387855791
169.0994110881359
169.12747109578635
169.1147515549655
169.087113540001
169.0825885427174
169.06405086203944
168.98131649826206
168.8471433395382
168.7165324457156
168.5993919570227
168.4913338952827
168.4095296315699
168.36668789171054
168.38333104714224
168.48217799892257
168.61610525258365
168.69582524589663
168.67659504563017
168.5701711038025
168.39895418550077
168.19162747027184
167.9980719088225
167.83424346045382
167.71639427358537
167.67154471095293
167.6802841235969
167.71716894413814
167.75790062960834
167.8096089595786
167.87773840040285
167.96426835399188
168.09646130050737
168.28627714488593
168.4762005786767
168.5891319767895
168.61038039664453
168.57823986291004
168.51856172127424
168.4391580047964
168.36048319185494
168.3110893739973
168.30023669824845
168.33859531249325
168.44680998392792
168.6288587538746
168.85497136464556
169.03362927103288
169.15220687556018
169.27153135536054
169.40404717222225
169.51335280482522
169.57237170919376
169.6011807065032
169.66852380599553
169.78548888056525
169.9052771367551
169.9955953373554
170.02425598755295
169.99045674277517
169.9169441555156
169.83613159673502
169.7864313461635
169.8081508256058
169.89105037004322
169.97097583856345
170.02251665275983
170.033968844346
169.990461970475
169.88867964737
169.74404172858402
169.62016710540195
169.5839480409116
169.57070572212092
169.47946231182868
169.28481811667262
169.03742732864046
168.7859213628294
168.5090509255011
168.20560086639273
167.9201611971342
167.70025589985522
167.54662093655224
167.4152810107164
167.2931351159399
167.21324222932793
167.18170094459776
167.18716572006974
167.21234813061116
167.24469288573397
167.2810093710341
167.28944876801054
167.2428382530641
167.19501870670763
167.21657183619118
167.2969119836059
167.3787536815291
167.44221789854686
167.5138571392426
167.60027598898998
167.68632715746384
167.76461544989235
167.83384812151894
167.89898227184747
167.97821122701404
168.0685990903617
168.15347823523456
168.22694846666218
168.30008766065902
168.38677866966896
168.48568166888856
168.59521963617783
168.72048890476856
168.8524645385993
168.94533176384607
168.93833876010535
168.81745229451906
168.61503119871222
168.37465466153378
168.148551566682
167.9704989111151
167.82919053889916
167.69091507663575
167.53606642131746
167.3618810925797
167.18675924464432
167.05180086688006
166.9720125821443
166.92282718699937
166.90627436925388
166.94665461942367
167.03851422152954
167.14473858643007
167.21221500181557
167.2055683600562
167.1505893393874
167.0865892658889
167.02413988538635
166.9625642364419
166.9126034320975
166.8756014568963
166.8388938046548
166.78028237362375
166.68943307130218
166.60357541753868
166.54144442078828
166.44531284165828
166.29044802078883
166.1207475428867
166.00325929749783
165.9688613881495
165.99149269556167
166.0375383608979
166.1078617238874
166.19120372483619
166.29035560629296
166.41533271082847
166.53378948784365
166.59667340921646
166.5877689510453
166.53820406913414
166.47238891599648
166.36962157131285
166.2204049514116
166.06851914406317
165.99577677425873
166.0311650851993
166.13036122493614
166.21653369150218
166.24452886856562
166.23108374806503
166.20051183205834
166.17332064316346
166.13318087179763
166.05244350363543
165.94625892969037
165.85223775385697
165.80856213376677
165.8000867119212
165.77458312211377
165.70487944999374
165.61977431767608
165.57343413039854
165.5646783983214
165.55132019424482
165.52477518781325
165.49769617041392
165.47840897184716
165.49182011505007
165.56067421180882
165.6757695620043
165.80239044335957
165.9150942992253
166.03476455911573
166.17000004874478
166.2767946583696
166.34832097123285
166.42505701551684
166.51281970985565
166.58514898888077
166.63558206047134
166.69729681225164
166.7817573338038
166.86994139285844
166.91717197977857
166.85840214816406
166.67620735501026
166.41576687758976
166.16441457257264
165.9857119110861
165.8709544931853
165.78214551747922
165.67707683085257
165.5285003305498
165.3830428915912
165.30906566778077
165.32154287905172
165.40916202988984
165.53245823802536
165.64849872238432
165.74210811394394
165.81905465963246
165.86921070025
165.90359228250935
165.9383242554168
165.9763152024528
166.04099360657133
166.13306606580144
166.2070068600515
166.2509673788537
166.27061430963226
166.2548429346459
166.23595038875243
166.2569191925422
166.30016466553218
166.3234644086972
166.3291413032021
166.30872039178428
166.25032134657505
166.19384470412814
166.16425532894468
166.15528381118466
166.18396095547817
166.26720361376834
166.36920266039948
166.42289134309993
166.40572911715927
166.36972977370016
166.3575663627158
166.37315041953508
166.4200961844747
166.5049690658388
166.61742758924555
166.6941339002884
166.72470366626848
166.7408135365087
166.74554712065654
166.73284476616143
166.6948843613585
166.62643033933367
166.5310992705575
166.41687570025667
166.30215543706115
166.22217216964825
166.2199983718866
166.27921990165223
166.36222481637108
166.4435919322417
166.51191999095875
166.59736636510306
166.68222244209926
166.7287574244589
166.75535269744142
166.74960262553498
166.68461367407536
166.5769836228039
166.45766407860737
166.313197584615
166.14628576722356
165.98647572856055
165.8331897266047
165.64048476406992
165.3793619483793
165.10194985833033
164.90458316357189
164.81696372520742
164.76105933782668
164.68270349312326
164.62081004840158
164.6330381257455
164.74783642507393
164.95125033203405
165.19331574500006
165.42669730419692
165.64503482195948
165.8698687914294
166.1050119378739
166.33733254925224
166.55310947770596
166.7708947210856
167.0318692043132
167.31091494832793
167.53552642694626
167.66922208945365
167.70452861521693
167.6538368843072
167.56327538143148
167.4717202859503
167.39965059050493
167.33685495279585
167.26497782919532
167.1879112001379
167.10081084006015
167.01261637482295
166.93252887560158
166.84045290515456
166.72192050284124
166.62760485027968
166.61971143378457
166.66439576420873
166.69797652678483
166.72162980020886
166.75937153059684
166.8003263168738
166.82154050802308
166.79830058483347
166.7353973015586
166.64762820233258
166.54389421227702
166.43702030162186
166.32523692536415
166.21881433850362
166.1290438091753
166.09001829934334
166.1297173498419
166.23452609784908
166.37149181860946
166.4988461779276
166.5959205135555
166.66542537126924
166.71904680148003
166.77351603903244
166.83612892406063
166.89856544347185
166.919890457562
166.87934886716306
166.8210428587989
166.8042500682225
166.83634385525676
166.88345757174852
166.9076506935262
166.89626632774412
166.87594503087382
166.879295876963
166.89207538408354
166.88278180003013
166.82946968723382
166.73256866585004
166.61982352364353
166.51855371660378
166.4189017931203
166.30104550474985
166.19963657321645
166.14936302237768
166.11166090420454
166.05605002871525
166.01179277420601
165.987539471121
165.9665815635242
165.94827739150296
165.90751909575835
165.80760641763266
165.66894146234165
165.5234785839069
165.43435007161668
165.40128050352328
165.36425894006263
165.3178211093969
165.26890480591646
165.24308955907094
165.2810553864184
165.35649385068103
165.41308009386177
165.44000714880298
165.44194745065
165.44306363827553
165.44569461427153
165.42130842909017
165.34013351596494
165.21717153536665
165.11778535678312
165.0634546441622
165.03224380254053
165.0188375764837
165.03477633597836
165.06726457022154
165.09313279483746
165.10491300577849
165.0881998600621
165.02858433991418
164.95543266239952
164.9003281606837
164.87134995339147
164.8771045530853
164.90547413617955
164.9422121565782
165.00049205899097
165.0680713610758
165.12352402619854
165.15798856412707
165.15297853673115
165.1105432239532
165.07722344325984
165.09076733707056
165.14482506436974
165.2049705965544
165.25349874698517
165.29639787245324
165.3329399657867
165.388490729256
165.47641789866793
165.5764121693037
165.65887257071262
165.73203530202736
165.81207039830912
165.90212994161004
166.00770234295487
166.1208208612531
166.22104842086924
166.30036139166555
166.36808943481734
166.43323705922984
166.45280195968047
166.40296679317913
166.33113815111247
166.30521014403445
166.35489873093158
166.4432534726525
166.54586485964126
166.66119489556596
166.7577384395423
166.79818101517554
166.78717899431467
166.76972048316068
166.77704858054958
166.80616358208061
166.81892050998826
166.78905250809208
166.75766501124386
166.76013714919412
166.79857623906446
166.868172656
166.9723189784909
167.08832402105165
167.17999701932226
167.2299258925698
167.23094830733407
167.20893159138575
167.17949317303606
167.1252128943526
167.0316695621516
166.86385566528273
166.64072789568598
166.4331803835935
166.2786405504441
166.16935165429825
166.126478475435
166.14205737907827
166.17167927104975
166.19495749203705
166.22271732432256
166.29163936867843
166.41132123781557
166.54871509158798
166.67535328734354
166.79662162167284
166.93107246737208
167.09302146583744
167.2537670207088
167.3528725480529
167.3669676927805
167.31451941584493
167.23273829612674
167.18498246327948
167.20209367797963
167.25899205285157
167.3385958561134
167.42078213083101
167.4756106585355
167.50095904929594
167.49428030439424
167.4851340702868
167.52113097998063
167.62509024743247
167.75802517043763
167.85136301506196
167.89039925892172
167.90490863096292
167.92508496859574
167.9641451781
168.0176852650045
168.0715734008126
168.11128429358635
168.13145778488592
168.15956227811932
168.215683963892
168.27334271726096
168.2851365006773
168.23584077276445
168.15594372470196
168.04770958174493
167.88629328056402
167.6772302995618
167.48224779879263
167.3665836083911
167.3282461607907
167.3249509592503
167.33639957298462
167.36249139504312
167.40490884269136
167.4739683404361
167.5781236600296
167.7001982682944
167.80551980176585
167.85776773185214
167.84625161811184
167.79779749957487
167.7425090437372
167.6847408123697
167.6398384912414
167.62312302972913
167.6200808293995
167.60673424180365
167.59124612327375
167.6095918994609
167.68233175874076
167.78704773331307
167.88784422527016
167.9750336939909
168.08250220352525
168.2280993410552
168.39421336732056
168.5648154525657
168.71536867321402
168.82188992583792
168.89020183207904
168.9531695032255
168.99154014063805
168.95471485610278
168.82429944293068
168.60820478571443
168.3505079334659
168.11323149570924
167.88612796507945
167.63902740748563
167.39212668931526
167.19031152689624
167.04527866046033
166.95669237584482
166.94112897163603
167.0053952286072
167.1332376134976
167.26599551662667
167.37225034786584
167.47735088440413
167.60581726996494
167.7585571187335
167.8998823849712
167.9797776511698
167.98421062104075
167.94453299578646
167.89781713729596
167.86309530327756
167.83062138791416
167.7984806524301
167.80173631462878
167.858380942484
167.94085846546776
168.01532452735796
168.0711597918746
168.10954002333835
168.13207899076252
168.14144668011215
168.14166026886912
168.14651788172927
168.15008745580002
168.12058714463836
168.05801686696293
168.00598838338354
167.99439119852207
168.01455271406
168.04852339013186
168.09538788058325
168.1529244266859
168.20575105258013
168.23195571042072
168.231926419054
168.21683744256336
168.1920786530769
168.18170489062038
168.19649514641813
168.20334716814014
168.16797323330024
168.09512397993345
168.01697933778138
167.98351838991806
168.0272104469877
168.11752059681604
168.18332100581242
168.17985344178118
168.09406372906864
167.93732403950395
167.74620630726358
167.5677164661214
167.42278936802984
167.292924345252
167.16532176743613
167.07443656996864
167.05825847847996
167.10080139017836
167.16301596030502
167.21365930390903
167.261107085043
167.32696426951094
167.39504731093177
167.45300724296004
167.50082119192012
167.52983737165954
167.54507195685792
167.58129442808126
167.66702059491348
167.8219836067351
168.06463846209996
168.38921960644393
168.73018518589973
169.01246952220356
169.19348991459654
169.26089352910373
169.24287794824338
169.2042909918164
169.17544849769072
169.15388105744015
169.13205438640455
169.10710352207892
169.0772382386162
169.07505341198922
169.12809372922942
169.21425712497984
169.3065848392561
169.38363164893485
169.44697721056912
169.49884421734907
169.53028362548292
169.52144201343737
169.45019748782397
169.3186696236805
169.15266146692082
168.96314138910586
168.75924361169186
168.58048871776708
168.46306393088815
168.4208821071498
168.39089127532574
168.33703841029896
168.2822959486008
168.2277154764178
168.17411179205476
168.13477972892593
168.10780845540683
168.0868259550406
168.0662232604676
168.04378015319958
168.02897237388999
168.02295612918698
168.02875603991987
168.03791935218743
168.02937163596025
168.00108725569757
167.9403996052949
167.84113514109487
167.7004223164125
167.54374688584429
167.41558689834696
167.3272966705203
167.27591797513864
167.23860061794053
167.18036202284298
167.1076964081151
167.03023878345016
166.9423216632878
166.8760269399177
166.851762002037
166.83621157178212
166.810848246391
166.7788686523126
166.74049136774534
166.74801213919525
166.85075112293933
167.0330526879896
167.26431137503815
167.50383292084916
167.7069410404228
167.8615603823726
167.97028940444582
168.02740824572177
168.0193094160337
167.95875986542595
167.8766705576664
167.80618172890865
167.74024899991508
167.6617457720621
167.58855004779764
167.50936110023594
167.42772276971652
167.38849305706995
167.38791766652503
167.38294584291168
167.3795382249166
167.43828923149368
167.54559792576413
167.63061381353094
167.68230937160408
167.7381150848252
167.8066975408378
167.85858684686448
167.87218312990234
167.85132688726364
167.80917696341388
167.74259327993286
167.659311708642
167.60235208808032
167.57464706095004
167.53479604201274
167.47365517539964
167.40663578452413
167.34691546110497
167.30087014105266
167.2443011433224
167.16804119829828
167.10445775594158
167.07543809035755
167.08074622580938
167.12302339286396
167.20565071286745
167.33066801662528
167.52282578825267
167.7752581224293
168.05558405904225
168.3398502195151
168.61527646656526
168.87412295373403
169.08131254769364
169.22480777164068
169.34153230007027
169.43990824378108
169.51214013765053
169.55173006406957
169.53412368668637
169.4729386144726
169.4234793561273
169.36937592793475
169.2709913206005
169.13675260478135
168.98267329282382
168.83800737253935
168.7293207992847
168.5964692289623
168.33056559837652
167.94289786556772
167.5564641349856
167.25614764696905
167.07651903162008
167.03727832100125
167.11281726307195
167.23842302704963
167.38335934489427
167.5219735955221
167.6141360622321
167.6526752795495
167.6862998109803
167.7600693033828
167.8964699628879
168.06619647658707
168.20278662920353
168.29756699126398
168.36004466535093
168.39010036213477
168.38360795312937
168.34014656358588
168.27744190035503
168.22612626201243
168.18179907323767
168.1025649751596
167.99933508997375
167.90351670851516
167.814173244306
167.77313938126298
167.79585980572654
167.85198733634618
167.92015402397595
167.99643536640954
168.07946887685708
168.1730367373321
168.26781179405748
168.35639648368067
168.43128893450714
168.47825324055435
168.48606478369737
168.43778496121945
168.30915556104674
168.13689537070792
167.99380489048247
167.88719782358586
167.80966173293174
167.7911022512407
167.8100481117898
167.850156951517
167.9277542318477
168.0437367968248
168.1851241607521
168.33533139529774
168.44883723892474
168.49297708780065
168.51172745229
168.5447048382019
168.5757287821165
168.59074079586622
168.59418431235326
168.58461644540623
168.54672219487523
168.46974034418872
168.3663693539994
168.2683909505181
168.18551972047692
168.11435602743978
168.0534297695517
168.01380280091692
167.99837506252243
167.98981744899146
167.98679590917044
168.00238983865012
168.03323594037226
168.0715377923084
168.13300477322815
168.21490397741195
168.29664208269887
168.3721157547593
168.44367958377907
168.49713234791614
168.5332800787406
168.57593053029862
168.62409308449278
168.65675076900177
168.6382203785175
168.53653128570483
168.3742683633935
168.20136837836634
168.0491808090805
167.92924303730865
167.83869250564842
167.75738673978134
167.67972600109846
167.62733055638716
167.6079362139804
167.60208510543237
167.58680627280185
167.5649342846438
167.55296524913814
167.54949077235602
167.54580027978892
167.53334432277558
167.49155714862135
167.42574686625372
167.37916251801406
167.37851498155516
167.4121713186276
167.44983412731807
167.46879490702003
167.471721178813
167.48708406265084
167.5349481901747
167.61693256173515
167.72603382630126
167.8181341139403
167.856151430332
167.82835125491022
167.75814779308016
167.70036195618968
167.67006324367685
167.63422277195792
167.57629993359694
167.50501578238675
167.44039090133163
167.3955218533381
167.37010458279138
167.36360014241137
167.3786866615933
167.42565474726769
167.49874086300107
167.588417680062
167.67881241435884
167.75137337249663
167.81528136379407
167.87647200491259
167.93342913899295
167.99547080553998
168.06875024692732
168.1524640370371
168.24323413568476
168.32437337554086
168.37457332682027
168.39559520038443
168.4002027355453
168.39527404088597
168.38473586560278
168.36545844398665
168.32231813821267
168.2464965578423
168.14102562872046
168.01898070876143
167.90986737267565
167.84099601151414
167.8118312808806
167.81398493822778
167.8414667626813
167.88300822118893
167.91873445313453
167.9391839006061
167.96906432309453
168.01133384194816
168.03540548570265
168.03139878260708
168.00403765262055
167.95850164542082
167.90561147405265
167.85107236476188
167.79633234692753
167.74444457868265
167.71142250279433
167.71136157386644
167.72974284188882
167.74018007301893
167.7275676773391
167.70191731476137
167.68261254377478
167.67072583050395
167.6547903791203
167.63751759892963
167.63475948646013
167.65800199065055
167.68104518005836
167.66362332733868
167.61794406141456
167.5821844686285
167.57226349297764
167.57672526741646
167.5782664484977
167.56814536432717
167.5260215068484
167.4402839301572
167.31506378340418
167.18592736938342
167.10837153251242
167.10580120040635
167.16795424138752
167.2685013674381
167.38627494029396
167.51104858061345
167.63423869315412
167.75470621478286
167.86013011424734
167.94066528517237
168.00081243144507
168.02935046470614
168.01291862926976
167.95484864421132
167.88119767654518
167.80953790179717
167.736586789532
167.6521474280282
167.54999968264326
167.4360467619139
167.3161359675325
167.21075089123894
167.13436727578093
167.09408881683257
167.08259711652528
167.08013135781897
167.0851235811321
167.09017391256248
167.08907626044953
167.098036750466
167.12400225069763
167.16818346160863
167.229865417386
167.2910001319358
167.33239711575982
167.35046678300048
167.36238252909635
167.38480431750995
167.41680115448025
167.4508652702126
167.46957066573347
167.46784413112525
167.44851326935014
167.42204865239265
167.39372175313883
167.3637402614104
167.35242119693925
167.36932082826144
167.3933504308755
167.4029087783268
167.40527037557624
167.43514427228266
167.50197219309612
167.58778272933301
167.6815746715442
167.7720679800704
167.83131977810143
167.86392768248203
167.90654329772246
167.96827177292255
168.03957093397517
168.11672189533283
168.19198791665343
168.27506255913278
168.36957038303086
168.4890425466227
168.65537574834892
168.8630306050472
169.06593466317975
169.2252764235499
169.33892936752162
169.41416615552268
169.45242831042736
169.45139326141322
169.4158127509058
169.35983639411265
169.29527500876046
169.22867740370242
169.1759539980473
169.14279880552178
169.1139328231095
169.08005076489025
169.04752943788924
169.01992225013464
168.98327388137034
168.94463611112872
168.92471906014973
168.931048432081
168.96530826235198
169.00187745728022
169.05198286359982
169.13049078424308
169.20401062988248
169.2319585465277
169.17715704260414
169.0631794667387
168.94358953192565
168.84819052856204
168.74222614965097
168.58447918362182
168.39648588548687
168.2000618056879
168.03894284181717
167.9516533488837
167.94928245022243
168.0229093144132
168.13643369881552
168.2471383023481
168.33792460693337
168.43290350990551
168.5464104521401
168.6832159959929
168.85459172205228
169.02605187158284
169.16164280787316
169.22856125938483
169.2230067796971
169.1940070549028
169.1912666524002
169.21713207940962
169.24732753774862
169.25180364697832
169.23905421223677
169.2091813011191
169.16111750865744
169.12825805554655
169.13678016002933
169.20460323326077
169.29492955737965
169.3703632204767
169.42127090688587
169.45225366997124
169.46855646712783
169.46271087354714
169.44196081519132
169.41900941129276
169.3911420645475
169.3648646750471
169.3629974077477
169.3919376730387
169.43524404111628
169.4657854179463
169.44962666271113
169.3610199557612
169.21473123457
169.065023866191
168.96525941010196
168.90395496855814
168.86138898526727
168.82385598193318
168.78650188588864
168.77222023859167
168.80921041299612
168.91260746318375
169.0582410696549
169.20785934407255
169.34380491016765
169.46941524052477
169.58100908358307
169.6560422313028
169.69092507478257
169.69006868900956
169.6525975584837
169.57468055577644
169.45232954767073
169.29941402028595
169.12831650493254
168.96365168792192
168.83405999253137
168.73868578511554
168.65589450099813
168.58221646235566
168.5219821311976
168.4599436493639
168.38925755836556
168.33190099809116
168.29943742479819
168.28325962956495
168.28885111687939
168.29948458007112
168.29407876386074
168.25664827606823
168.19113185352595
168.11839092635853
168.06078974358235
168.0488771567564
168.0829241487813
168.136050973968
168.18540337877923
168.24839328805928
168.34861286623334
168.45946844051485
168.56273206688243
168.62634903931547
168.6703625515393
168.74336324475155
168.82807860698117
168.87997866097794
168.89706804258952
168.89045478838747
168.88396517261603
168.90131790813612
168.93891147206784
168.96157365103932
168.94515928831396
168.90556625415746
168.86853703045207
168.85991708696653
168.86983930413933
168.87047238961424
168.85651370841603
168.82248482285428
168.77244961969683
168.72998284619888
168.7213561074986
168.755868655555
168.8274530277913
168.93018754574663
169.04960443096607
169.15650419860876
169.2258733020381
169.2663964701475
169.30236793522644
169.34182946070237
169.37694445026693
169.41534414808615
169.44567547592328
169.4491829974105
169.40580991345905
169.31589899541666
169.2335684206829
169.17696096237137
169.09823001061932
168.99938299187352
168.9019076070304
168.79581713679073
168.68235034720598
168.56420933603903
168.42987476754206
168.28423366320538
168.18295003817934
168.16110831956277
168.19350665498777
168.2429105517791
168.23381964119505
168.12126957829832
167.92353572098716
167.70988809857397
167.56650459619073
167.5409719316859
167.61850116374976
167.76739777970315
167.95927388682352
168.16495600704232
168.35445161880244
168.50575134282872
168.60641280697013
168.64982798300883
168.64794909271353
168.6242256986826
168.59839529594984
168.58127784481312
168.55159304311508
168.48848016592171
168.39836138878445
168.33188949750877
168.32933487721266
168.37498594392417
168.4433451805161
168.52199669149326
168.62048762836673
168.74505475759497
168.883969794412
168.99064891356556
169.01426928263297
168.96552432545136
168.8911248331541
168.85055380389926
168.85359203231434
168.87200699208105
168.89024296197908
168.90904824854732
168.96242697324388
169.0429984430574
169.1170571060885
169.1674832013621
169.19731662487814
169.20374068532095
169.1549369896802
169.0564694600151
168.9193379341413
168.76926854607157
168.6535276275039
168.62013783224185
168.69827577997242
168.83387170545362
168.94881553864138
169.0095482376277
169.05170921011495
169.11383231753643
169.1913228526643
169.26881427538456
169.2831310475703
169.22432730410327
169.13021887081723
169.03055847263562
168.92995201805525
168.80486239265025
168.64943044002032
168.46388078530924
168.28510113505456
168.12393045164745
167.97099954104243
167.85352745003775
167.78624915629635
167.78395422460008
167.82954576325557
167.91058424812462
168.0329809181438
168.16914303262791
168.28856583285705
168.38276303210927
168.46555318421866
168.51090429660633
168.50509164307246
168.49127005578805
168.49634219438218
168.50777069321595
168.49270564477794
168.4532740220042
168.40640083894974
168.3604411729859
168.34485759657463
168.3662681707757
168.39829573531813
168.40650348793204
168.36548998696827
168.27439001237144
168.16448431794478
168.0734706842659
168.01438743337977
167.99156795262718
167.99911976480962
168.02207886666454
168.06570801832268
168.13832698528384
168.20967935352013
168.29124557597416
168.39769005834688
168.52657436375654
168.65486967448015
168.73826833041227
168.78430673410546
168.83272495435153
168.89582531206895
168.9651055957534
169.02192252913989
169.02254324836082
168.94773518161583
168.8009614757052
168.6087390533382
168.43165206564208
168.31661938488338
168.2620721209061
168.2529478715957
168.27129054539418
168.3045096596826
168.35959777487471
168.42398155727923
168.50317612662624
168.64574801628774
168.8350917868812
169.02776206418395
169.17817317908003
169.27510947810453
169.33956624137528
169.36127027364432
169.29654722282476
169.17611479944358
169.07715843597526
169.03953009136814
169.02704472051727
168.94846498454902
168.75983561567205
168.49812032470652
168.2192346290771
167.97581516210897
167.8490443025418
167.85896944727764
167.9281627353637
167.97043344887982
167.9112852016838
167.73878883288847
167.4923189736036
167.25004577697078
167.08853223616578
167.01877946281942
167.04307286304714
167.13339701136476
167.2273683149259
167.280666512833
167.2920390084788
167.3222436577343
167.40546978011542
167.54095434903184
167.70317952897418
167.84495728221157
167.93289510860296
167.97010155608749
168.00032366479212
168.0381526845056
168.08590327502404
168.12477892561918
168.13716540485518
168.16618356428455
168.2476332659637
168.380166643181
168.5650054452557
168.75989227727877
168.89212284205385
168.96413462413028
169.03935510087163
169.1255910530303
169.20165906890995
169.264360960533
169.33108664275062
169.38742550617997
169.3783445305938
169.33204943257624
169.31022912409432
169.3325745495986
169.392237490853
169.48903670575498
169.60242264375893
169.69116293432813
169.719548948782
169.6768416181142
169.60893028718326
169.5652474421025
169.54158908526603
169.52227463636973
169.47565393511962
169.41471230694322
169.37024041089063
169.3372870365423
169.29695155176685
169.25739136869566
169.2390505793005
169.22086159784783
169.17396467626568
169.11112046216343
169.0622316726686
169.0614391893946
169.08559979307276
169.07012975848167
169.02309637611148
168.9574612607595
168.842339461792
168.6790225619829
168.5011741768175
168.34438771110013
168.25667171791906
168.24966730281216
168.2746173424556
168.2486633593731
168.10732327785703
167.9243128376333
167.82117630254103
167.7894327116142
167.7877348246451
167.79081185436274
167.76772648894973
167.7462336122969
167.8002192709113
167.88189321229316
167.90599399623835
167.89667431287967
167.89980843148282
167.92326584048902
167.97533995809374
168.02191578640458
168.08971954724595
168.19290871285477
168.2931131787966
168.41897865363066
168.6222070971046
168.8629107486138
169.07628198993928
169.26232553303873
169.4213241219702
169.55047666246568
169.65784487504578
169.70361672628795
169.72965418603889
169.73072823288334
169.68965814811736
169.65864280932897
169.64254881759004
169.6571430714448
169.72932987972976
169.8286895306937
169.89753726336437
169.91244156484476
169.86523340513156
169.73477546099394
169.51556721700797
169.2486899285671
168.96719319283523
168.7390428433652
168.5851545279492
168.43610036085562
168.28689388077467
168.1208375630901
167.96031732240516
167.8578699881333
167.8435327155473
167.90624485036162
168.0057030259626
168.1254204403442
168.30353078568388
168.55447432944928
168.80927770556417
168.99340974119096
169.1235369014628
169.23385274091797
169.31639507589537
169.36569787349876
169.39346928594264
169.38473405462568
169.35487445957753
169.3604847843244
169.42726575387735
169.56358303736496
169.74628837596342
169.950107690838
170.17322111093154
170.3376328383245
170.19350202171805
169.44187096218553
168.05399385401796
166.59347843701386