0.0
0.0
0.0
0.0
0.0
0.0
0.0
0.0
433.05640014894476
398.468992082683
366.58843682194566
345.74833132991625
336.6099497988773
334.7586613757446
335.69677271110464
337.36080943877994
339.0782652738607
340.7148831988883
342.1716380740503
343.2582795840925
343.80735540080013
343.81109201647337
343.4967308963622
343.0496505589215
342.5649069368859
342.16702934685964
341.9956866235591
342.07646702398574
342.262230296629
342.37575350459707
342.3412270962413
342.1093380785664
341.6900833285315
341.09999156389694
340.3151586041469
339.3293002877192
338.25486552867494
337.2520478715179
336.45745871774255
335.9408098586684
335.6016301585061
335.36616926901104
335.2178253164466
335.20634946195077
335.3645982867896
335.57147762274195
335.60303028288536
335.38279846602836
334.95604068585277
334.4069556104353
333.87624455765
333.5105023299784
333.4772991441753
333.85372902462836
334.54881027585355
335.4843184991732
336.6364129840705
337.941202293222
339.1977884679418
340.3200815346858
341.3813490251315
342.36460581476865
343.36279071827073
344.33732268844005
345.1999825366885
346.02477999393767
346.74600291707003
347.4456517520538
348.3578008802585
349.37129665984764
350.0818408075479
350.33113070336367
350.3259483609346
350.2302821493576
350.11562790624197
349.91414596550464
349.5858970927769
349.22685133633973
348.8325407163909
348.3955037348573
347.9906224760595
347.7280030857331
347.6429756728728
347.6469688507898
347.80498622968275
348.13573263946506
348.5090826066169
348.6314511431082
348.4024864679655
347.99447719532367
347.48967774222393
346.89497751344527
346.21038572271885
345.47369429620164
344.75417345259393
344.08726123051895
343.51560707369646
342.96890915392765
342.5725601534813
342.4039416333198
342.38919785569306
342.5557777900973
342.92857166039437
343.4161529405407
343.92803576998426
344.3814105101145
344.7086099347997
344.9130201302321
345.0070740879373
345.0381367540759
344.9540086036148
344.70956634598076
344.4592177886188
344.3628134565471
344.47472690393033
344.7775715995254
345.0475290038061
345.14812989142916
345.12295104805855
345.08954553827533
345.1771885040762
345.3933724768984
345.6938062082828
345.989393525771
346.24512493804923
346.506045770792
346.855799003571
347.20876217196087
347.51340446433056
347.67417929379303
347.58808610476586
347.35475797481234
347.14304717026386
347.1383252201804
347.33458079558557
347.65507959042407
348.0926846629982
348.6206499071802
349.19394019189133
349.6629848291509
349.87925555387983
349.8299935130482
349.6228647786068
349.3727980269794
349.0761341762657
348.68852039590905
348.273287720129
347.91812594927245
347.64102468352144
347.4750336038027
347.483225220526
347.6724884379951
347.8946683957537
347.9460813906885
347.7619535861585
347.4643590374409
347.2190177414926
347.126412503863
347.1222640476384
347.21928425398926
347.45033792345146
347.7666327675926
348.01733350841687
348.0584541217727
347.94161464614666
347.776340691712
347.60510252840936
347.49740901290204
347.53461391996774
347.66370704818723
347.721166498473
347.690851642095
347.61925139197666
347.45429229324617
347.3396013249757
347.32845561274644
347.3776418946582
347.4515892161803
347.4660722447798
347.5319143176661
347.5227886230929
347.4290500614458
347.26360738682774
346.93973078972004
346.6976445457551
346.66804774682413
346.79735610426843
347.02817289862014
347.2614780755078
347.4805714139694
347.65216010946983
347.7167807514108
347.63492279266535
347.44583392417
347.23375130227095
347.10189588809885
347.13526093969944
347.28980438878915
347.50685548229245
347.4995597676618
347.31156467387905
347.14492150319643
347.0859808988599
347.12957521334675
347.09961556514884
346.98067293147744
346.9810961582789
347.1872594734767
347.5686320902788
348.141034295135
348.78239257795894
349.4211272016141
349.9134830151427
350.2039877025185
350.3171875160008
350.2247028281191
349.91191404814083
349.4646880728238
349.0303360832828
348.74031792053614
348.735836953935
348.9663600301656
349.3263485291812
349.72636525974116
350.08711907134386
350.3710916912572
350.60615824054526
350.71780218246005
350.7170749786488
350.62121356649334
350.4281608854984
350.14921567068336
349.8663459331258
349.5846860067338
349.27648460605576
348.9577461184285
348.6505515927345
348.36425936104706
348.12824401974416
347.9250252730098
347.7723894214955
347.6811611035367
347.66691391850304
347.7504090867039
347.85948908198566
347.99271940511966
348.09165110351597
348.11344379103133
348.10496480299867
348.1774577172945
348.28280925538195
348.27546563323966
348.1031972491163
347.9225035587936
347.90234008965376
348.02909943354655
348.25587690004704
348.5020351220578
348.69611401649945
348.8733564758224
349.05761952939395
349.1671076549336
349.09125221148724
348.7645249236748
348.2170687460594
347.5156636951809
346.88396500775195
346.3467178735162
345.8330204633734
345.37455854950383
344.97175647707763
344.703919352987
344.61146648846926
344.6832969004363
344.92451573902963
345.25930691127985
345.56761189124813
345.76075680117407
345.77751245633976
345.67110592521584
345.57634057763704
345.62129412332916
345.821183062336
346.077885773478
346.28682588448567
346.4358491999608
346.59327634726714
346.7712907822065
346.94290437400696
347.05252545057334
347.0736159879731
346.99918002682523
346.78957427898183
346.37913296910915
345.7703630560066
345.0943411882556
344.50852035939283
344.2020940142635
344.204936447303
344.4630872656106
344.93652626331993
345.55060608822464
346.2653150777383
347.0553686766653
347.7389581069737
348.25142378330685
348.6591216322147
348.9532583174708
349.19714205239245
349.4158174286746
349.611128191838
349.8009430046403
349.9484820806718
350.0397970841488
350.17581695802306
350.3147523347512
350.351469784864
350.23762524324616
350.0265162528742
349.69018073512063
349.2584166093394
348.78454721147887
348.34205018971284
347.98315090257495
347.6864830349402
347.43962549581954
347.2060162328637
346.98824199153984
346.8762990659971
346.89693722519104
346.93332155882666
346.7927384579016
346.42662160846845
345.99309661311423
345.5985181269959
345.3507062304912
345.3565577390476
345.5589001039675
345.8277880771341
345.9503779697266
345.83740738283973
345.5520683050811
345.1774705792179
344.81647722232236
344.5671696090003
344.3787492106925
344.1208006709504
343.8069299819323
343.5432994107184
343.4599948208686
343.5695228211331
343.739561799992
343.8604587751523
343.8980881036607
343.9398543006228
344.08564544952003
344.2256326790441
344.1959391036978
343.95737675108956
343.5665704803629
343.19568180044485
342.96122065443956
342.86126529156763
342.868879134495
342.9408487626021
343.0802367067034
343.2302569311494
343.4081347341738
343.53005161881885
343.4799671162742
343.34617140972625
343.2840055302217
343.355147040325
343.5914837382074
343.9698825989857
344.4613582678654
345.0054471710604
345.6487645308291
346.3009597642826
346.850088931031
347.34257928052887
347.77306645501903
348.0463914208477
348.1229965363031
347.98376180398526
347.69030662279624
347.2956661221739
346.8101700260884
346.40230562928065
346.16345364058884
345.9317665601931
345.5568648222267
345.0310478534398
344.4854273984199
344.0381302643637
343.7863595802147
343.74813563023054
343.8461136303216
343.92299519771245
343.920490427653
343.82640455005765
343.6307639814483
343.34167315129156
342.93832522673137
342.47619106494557
342.12558675753075
341.88274524553333
341.7158921058843
341.673952639049
341.76864038160267
341.93313127279697
342.06772096872226
342.0895499666284
342.00078018229533
341.8248374843995
341.59922762040094
341.39007003831364
341.2448796228997
341.11141112955784
340.9627325124453
340.8566528704611
340.85639889108506
340.99370344704374
341.23977938846105
341.52389584804877
341.7539451323564
341.9213209324945
342.02103016216205
342.02811292604497
342.0065456905753
342.05283046420107
342.33384651047857
342.80538436873906
343.26870849439797
343.6613650331451
343.9198028618391
343.99401219019114
343.92501624388444
343.83997021051505
343.7790844082567
343.77710525046496
343.8466692336587
343.94576855671374
344.08798411636093
344.2563238865847
344.5150594273908
344.8762536066817
345.2643904019517
345.5824111875893
345.8796884945209
346.0769334508321
346.21384407798735
346.4288331637929
346.6600914995604
346.78949723471067
346.7101107312125
346.51495112041266
346.3770275639022
346.389298625772
346.5017582974815
346.63425634337045
346.8398336734327
347.13192395919236
347.39717508028826
347.51871208975336
347.52056373234507
347.43702562014107
347.3026814818362
347.2122204122867
347.14183068867
347.07726828780426
347.03820520260865
347.0383324458648
347.1308809383628
347.3385268599606
347.50861185288613
347.6041326260773
347.68384614889123
347.85852218433
348.1323536716827
348.4301884546231
348.5827314921463
348.583588556785
348.5516054197387
348.4863647388845
348.34619054593827
348.0286285922306
347.59812397644805
347.2001033515294
347.01777292774045
347.1414038698732
347.4026908029387
347.67877669471955
347.97065922820224
348.23311283902103
348.35215318964197
348.3257259896436
348.1507122692501
347.9646246969535
347.94212359821626
348.0646014063756
348.17913610618535
348.2022882361887
348.1750050117327
348.09310479683575
347.9676750169724
347.88518835503163
347.8035728781898
347.6579853027725
347.37582511854106
346.991137353527
346.5633264954587
346.1743859640329
345.90045646003927
345.73314058825963
345.6860512000417
345.7062495887263
345.75111991397995
345.8302513344519
345.8969894166808
345.9484525615327
345.98867804187046
346.0731138494089
346.25506232996037
346.4839373189086
346.70414249088424
346.9227693473867
347.01458418825626
346.91097913631313
346.8021779764762
346.85451987328463
347.02942390591306
347.2283996798355
347.374014212476
347.3203784839701
346.9824184456175
346.44738997755445
345.96339307849473
345.7143347135912
345.6835825626223
345.85809720239337
346.20533549160695
346.67927089511034
347.2748808292475
347.9081145816516
348.470470029512
348.9147973104493
349.2144797221847
349.29832288117325
349.10675998686236
348.6594603677773
348.1399598131642
347.7575197638975
347.59196961455973
347.6428956176987
347.84021061370544
348.1139966769115
348.4267697147529
348.8016644290782
349.15453944736174
349.33169588650736
349.1992435730415
348.80257231370166
348.28416262855546
347.7576548777384
347.34648482362763
347.13542571120956
347.1058410111349
347.10787125992636
347.0236379471115
346.7785122762891
346.37607679197856
345.92696926265705
345.4648123348939
345.0214954960833
344.6051570500114
344.1793185730884
343.7229329005922
343.27194604268567
342.89067275874726
342.55267116072656
342.2451991693179
342.0237573623919
341.9362698615913
341.92195322883754
341.8127158082826
341.5153809209949
341.058805790872
340.5691219959474
340.11052491659234
339.73371026182826
339.52228681424776
339.5603491957301
339.8883980858215
340.4961167264605
341.29743289403063
342.1418923450924
342.95211538491725
343.73657793530094
344.45757434975474
345.10273214133065
345.66530296753825
346.13515243040956
346.581297472767
347.012516684861
347.3342920450092
347.5985170964652
347.89752080655205
348.3191023402882
348.786875366508
349.11376560351493
349.2362742218992
349.17266271392987
348.89252034043153
348.4221758978582
347.949668014032
347.6356657561795
347.53790150922305
347.5669242070734
347.61778583613915
347.55109345510596
347.3147614994463
346.9952338575693
346.7315494617367
346.5902725187486
346.6166541995177
346.76842817012886
346.94127348413775
347.11865019256555
347.27963111208845
347.4723060787504
347.8256822881827
348.3677707425824
348.96802008758493
349.48973740313613
349.8861710610148
350.16094720852385
350.31145181418657
350.3719023007009
350.36353366388187
350.3845648037057
350.55668675539937
350.8509869040162
351.0840243026062
351.0618416548779
350.7653729896104
350.3448206676519
349.98167785319686
349.77198008551443
349.713750405499
349.6892639643265
349.66176150118986
349.66785430188094
349.75661383389223
349.94305471796224
350.17176995329703
350.3922028201499
350.5676402196325
350.5900836209831
350.44240707666313
350.21493586072813
350.08013336754607
350.0900972394229
350.19617705530544
350.2913614197604
350.2900314612067
350.14667688910697
349.9190127578007
349.7165492921039
349.5549086035777
349.33504056758846
349.0299587192503
348.6653975602476
348.28682791950314
348.0065844329727
347.8636876849282
347.8062592410845
347.8155672300083
347.89538413373276
348.0459191761495
348.28429586091386
348.53134642338404
348.7132452289933
348.8189914712843
348.82038542689895
348.71952681681506
348.60788718966796
348.59141832265834
348.6296669878593
348.6872048763658
348.74495184494555
348.7718332832285
348.78062235555353
348.89039723715223
349.1415810217011
349.34145492069223
349.41136165256745
349.35263509316053
349.1284223750991
348.8238128167327
348.56974041594196
348.34101177636285
348.13234545057503
347.9294491043054
347.7086907236364
347.4373836459758
347.1350987770642
346.88498921059534
346.7586827914688
346.77486956017725
346.86098128233436
346.9106495333107
346.86934240096787
346.8129427059878
346.8455477638118
346.97657635436974
347.1101316867513
347.19782511781955
347.24288989260356
347.3317198976634
347.52542016666547
347.7832341450626
348.0238874695941
348.20249676424896
348.3707896356875
348.55917124835867
348.7094996643501
348.8242853611704
348.9312805755512
348.97839497255137
348.93520256404497
348.792105712744
348.5630983947358
348.2717625434213
347.9573740494244
347.6759232941651
347.47910221048517
347.38042625753764
347.37694248088894
347.46672595109163
347.5598269809399
347.5786377431787
347.5242946198524
347.4233804335463
347.3114744135526
347.2571175203504
347.26098109697733
347.2972032863793
347.36937084694966
347.50892538703886
347.74325100791583
348.0497823393738
348.3622393838004
348.57649494007063
348.7029594446497
348.8124943516705
348.9472308572835
349.0854338510632
349.2659636578303
349.467152653814
349.70771981482153
350.0081265395378
350.30144759703506
350.5299330059697
350.7268134044714
350.8975058080396
350.96757760998105
350.8819989027844
350.6854055983739
350.4465840071812
350.2142387823202
350.0460171180546
350.0159655744735
350.0534511155848
350.00613905671617
349.78105684939777
349.43504844923416
349.1309900719943
349.0359976919341
349.1582558863919
349.3402007615576
349.4418874767911
349.50936152249045
349.55772285086994
349.54525440748125
349.39289686562273
349.1437359741724
348.9096588548874
348.78050269730386
348.8154321544464
348.9674419068067
349.16564283147045
349.3091328645498
349.2697615307927
349.0350880529634
348.7341960684926
348.4631929317725
348.30387893034055
348.33647041741153
348.49291400351035
348.62643180096325
348.6681568064642
348.6560255929565
348.6997945134909
348.8513520836381
349.03050194907973
349.11550265693506
349.07690600743763
348.98812147082447
348.95639008903
348.96283688968225
349.0018908614313
349.1316537084493
349.32254894335205
349.4809616240365
349.54723323699545
349.571137453861
349.6248144171801
349.7257747335837
349.79058837262346
349.7960704972436
349.8049966502929
349.88038677234607
350.06556480769973
350.28836802168996
350.41958907474356
350.4198806667716
350.37198932262504
350.37353129191354
350.4421322150694
350.474352427703
350.32862909954434
349.99371103913916
349.6069218605903
349.307219892014
349.1769607417915
349.23819635085056
349.4320336736595
349.62487226055134
349.74512318606776
349.79549220605156
349.7377023435858
349.53769573992105
349.2472446390488
348.9432207443
348.67815861845617
348.5177345693528
348.53807608429673
348.6729100790629
348.7917342186157
348.86194195306314
348.8706314009983
348.8632016764113
348.9389673644903
349.0941400557332
349.20844929412846
349.1203680278485
348.82379364038144
348.45523813278743
348.1849144357841
348.11174894927603
348.1927819756255
348.35184178492455
348.5316465241401
348.6616165541055
348.70311582684394
348.70511122937876
348.6951468993226
348.6238223754024
348.5178912284893
348.44352062711266
348.36549729824105
348.21796054817594
347.9987845096124
347.81828212754766
347.7296173087346
347.71656332924414
347.75279208989804
347.84754258204407
348.03754533568593
348.29228060561394
348.5727652228748
348.87728946056234
349.1971980770174
349.5404061309483
349.8908597115063
350.23326283193745
350.5768428295946
350.97944649300985
351.4287342542674
351.7818737507032
351.9624081685343
351.9893794664815
351.96368959762486
351.9777961697065
352.0692464569536
352.19848658974524
352.2294068452146
352.0993247905425
351.8735758339561
351.6881840714164
351.55430702751835
351.4515414790226
351.35059471992236
351.13988673399825
350.8013448464373
350.3905399978082
350.0220989885398
349.75495563986715
349.5161629011169
349.2857246093768
349.09328195536983
348.95009563550013
348.9087082128856
349.0041693890826
349.1541266216815
349.2868447178073
349.4037914328088
349.5375211633814
349.702802700347
349.90608044298745
350.05224596780795
350.0252762429657
349.807019106905
349.5296771202402
349.3348900302916
349.26491574272137
349.20850707525904
349.080061817942
349.03466954387983
349.13922359282526
349.2544584995951
349.31953954525375
349.3133103683636
349.2085541329335
349.1204624203283
349.1445232872485
349.21009953689276
349.1894623703729
349.09370731682634
348.9974079178478
348.9448796659872
348.9862677206119
349.10133819734995
349.24890553447545
349.4596879681905
349.73401684353325
349.9422801706325
349.9738787273071
349.86755448332104
349.73457280969075
349.66022539055405
349.6488253319661
349.6692470157992
349.68753637354416
349.6890112248903
349.6672422125824
349.6068270939318
349.51601650267736
349.45139290624854
349.48414746356485
349.56943192764436
349.6485477826272
349.7335681845956
349.8584753778549
350.00293236374506
350.1009957851051
350.1362732809982
350.1400701802594
350.1698719331429
350.2342996060728
350.332992880091
350.46501368859015
350.5564239891778
350.53289908880504
350.38688410844014
350.14467771368345
349.87774201069635
349.6232809190046
349.37770942048655
349.18891472962747
349.0933947887203
349.14197558961547
349.3110028084354
349.4653389079323
349.47827999978387
349.33542455568335
349.1146768276696
348.8454823560423
348.4972034789969
348.14399459766975
347.9010545757123
347.8089302431791
347.84372239451807
347.90764328552314
347.9237079855351
347.87847292342735
347.77470733981096
347.65218045653415
347.5262611675445
347.42800928869667
347.36593187821336
347.3964478737678
347.5275136462664
347.66485358467963
347.7322028295382
347.7511353312725
347.706909719091
347.6108074286652
347.5461011295251
347.546840043107
347.589938465257
347.6588966999856
347.741857343851
347.7815741313945
347.7981469220787
347.7669796588298
347.64725620317756
347.47670259558726
347.25961059436617
347.0478860746392
346.9088246867159
346.86567735198696
346.86558976185563
346.903538268917
347.06105926758374
347.3124213789482
347.6443665282804
347.961150368578
348.1683447087006
348.28313168754596
348.299093700992
348.23716280006545
348.1933800428814
348.18982868067206
348.16876011082365
348.1515379777445
348.25856772676343
348.53907203865555
348.9332716232394
349.3751222097069
349.7975066824191
350.0962222658969
350.3284823988344
350.4967687084819
350.5540304151949
350.4947314120275
350.2899628575583
349.9703923365629
349.6747787668301
349.44560158846673
349.281310226537
349.1564829901446
349.06910669199385
349.0553407927796
349.1080704900935
349.26044360069966
349.56926468780114
350.0669843418801
350.6462806131081
351.16539646634203
351.5997522187674
351.89563670478714
352.02064132818793
351.9702426253467
351.7781098924055
351.61231169820167
351.55312075250924
351.5529752084048
351.54489308936724
351.5733379425659
351.67199229163026
351.8309669134101
351.9816010361344
352.1270496349293
352.2243452344482
352.24253793107795
352.24571009990495
352.3082885142221
352.45537374701263
352.65269073254944
352.8114992586466
352.86085501659926
352.748242644165
352.5184635741857
352.23456889236843
351.9656752862394
351.7614217187561
351.6952530022898
351.72917246427573
351.7013411008083
351.5628087526929
351.35069594183534
351.14677201215295
350.9850663191048
350.81305079076327
350.59385602640856
350.3402193748078
350.1623513787166
350.0818293332927
350.0356820267515
350.0045077311348
349.9659304696965
349.89135274637135
349.7580433896231
349.56636095333636
349.3889414162478
349.32984892698875
349.4514464731623
349.68548723068034
349.93079519653526
350.1670656528631
350.40991600349304
350.6258861897941
350.79727076674646
350.923993841685
351.03869458980193
351.19630313107916
351.41228189873164
351.6560221770302
351.80203156916934
351.7413287080267
351.55001520334093
351.3480980342522
351.202454419117
351.1741630766835
351.257987652584
351.39411556289525
351.54637201773767
351.6754541470889
351.7934311993628
351.9363414855838
352.1003419121666
352.28803437735314
352.4171039099093
352.4202438648297
352.35353081531844
352.3505038428658
352.36231382192295
352.2980717394346
352.16856439452937
351.9710354982964
351.70153312501657
351.3777719574392
351.11696531225425
350.95622552530835
350.86388027342616
350.8113722604693
350.65715055018933
350.38845659595347
350.0492239165701
349.7684883474408
349.6176118631937
349.6064221761811
349.6895353025064
349.8710587381866
350.1503377824105
350.56657466058823
351.15214469756984
351.6910281165018
352.07901480804276
352.3129856993444
352.4785972529228
352.64686890253995
352.78219911409644
352.850203810362
352.8448044887754
352.7929192333255
352.76992838733014
352.7929955097793
352.76901308612844
352.70526041807574
352.67759659108737
352.69812433638117
352.72810578443364
352.766518727911
352.85835808870576
352.99992281755635
353.16641482335365
353.27750849292215
353.2565067605174
353.0960410751372
352.8999951084569
352.80540697621103
352.83227382756706
352.8979208121931
352.9161306882562
352.8359588208157
352.6945905754834
352.6087432084163
352.5686470538868
352.58352223609234
352.7313315561185
352.97821300390314
353.18044440896136
353.22005545663626
353.1262227745018
352.9420267385864
352.74944328815354
352.6099561898622
352.5292747933532
352.5371426934081
352.5100395924558
352.34316535966525
352.06300152523596
351.7731463846249
351.55965183911434
351.45907522945225
351.40703710322435
351.35539143403616
351.2375408139355
351.0072108836832
350.7361858497755
350.51302609152924
350.4016562041484
350.3514937906866
350.3039923832192
350.19679339185535
350.1003279583825
350.06159063018384
350.1491568194721
350.2980792593582
350.41679193484526
350.45939631315457
350.4624855613644
350.37592292154335
350.22567937432797
350.09847060463517
349.97893994174274
349.9657437952163
350.1180065038084
350.3413791503548
350.5196245789406
350.5783311323506
350.5324507358728
350.5114942956382
350.5945715568163
350.7524572235454
350.908943494407
350.9996212040015
351.0535634703628
351.15951109610205
351.3319877127468
351.54766774933927
351.7649994091866
351.9370293727062
352.0352791790685
352.06393880687733
352.0311014816
351.9500041108931
351.85173698469157
351.7392700162867
351.6569688668822
351.6479258793255
351.70627475031296
351.8408243463204
352.0355660590702
352.19691547096704
352.2430542709079
352.2200162873374
352.222492176617
352.3558254002397
352.5843646890275
352.7747357173008
352.84727760136934
352.7608370265759
352.4705902908471
351.98619904779713
351.4539819966675
351.0418894344982
350.8326819020489
350.7735862013343
350.7527574710258
350.7503238127856
350.76207928133556
350.86148013593055
351.02095162891607
351.1874638906272
351.3775284801026
351.5016221545624
351.4909644979466
351.42604227117306
351.35919121937525
351.30535223191373
351.24938952198875
351.23450696805696
351.2954567190186
351.3960132996336
351.5239441929997
351.65036863605366
351.7410946470512
351.74982665484254
351.576684067976
351.1847744268782
350.6824537805522
350.15688703403
349.6399540530401
349.19405457725367
348.8439786597314
348.6312453795691
348.5759934623194
348.6085606861628
348.65512532128037
348.7148155383118
348.78613125959174
348.8233118495829
348.85832129507605
348.97644682615163
349.2442108174549
349.55789300002573
349.82614860122516
350.07595814671595
350.3018774124276
350.4283892136815
350.40582627046604
350.3303839357724
350.3064938833142
350.40409443036896
350.63898322137936
350.9198261692173
351.1930861363279
351.41570044032255
351.52135762421676
351.48514242715794
351.2770833969298
350.94060704966614
350.64757595172534
350.5483056736048
350.59840961656084
350.69736584381815
350.85712544429214
351.14069416187164
351.5162062943268
351.8690211516473
352.10743599381226
352.1988144813323
352.2246731418119
352.3857355865049
352.78364245567894
353.33032528471705
353.89099334066157
354.33928415490664
354.5933314763531
354.6098049869764
354.4034237014345
354.1067951751411
353.86523620755906
353.779631389034
353.87426377750495
354.11601322364874
354.3858826717385
354.6064080024583
354.800999369833
354.96683382349113
355.050527566084
354.98371829007453
354.7505494469433
354.4427228581333
354.148616141885
353.7641925546323
353.234226480653
352.6525695390551
352.1577862201111
351.82252958978114
351.67376066287227
351.6442761598501
351.620321384427
351.5581453775684
351.41989704164274
351.2113915276768
351.0564413744845
350.9689729373509
350.92457523195196
350.93285755116335
351.02286992544117
351.1386168514044
351.2427544857033
351.3054794634453
351.3144409785422
351.21159491386845
351.0119562983306
350.8253443348748
350.7584911337941
350.7936754640051
350.84273272671487
350.82703093453705
350.66742714451743
350.3981961550207
350.09455078925413
349.8113774474356
349.60633039734176
349.4905925664955
349.426105716348
349.4197605301361
349.4258354527875
349.43041787172405
349.54836442577306
349.7339938019326
349.9250792470989
350.1339510520381
350.29896691784046
350.335106016361
350.3107634514263
350.2471051779723
350.0601288685938
349.77620856997737
349.5257255364436
349.39933937175755
349.3655276051964
349.32251302732004
349.22150176034614
349.11727450359376
349.1319102023249
349.22582351244046
349.2799411944484
349.28626918861175
349.26559102189003
349.2208376491763
349.1707833164731
349.10246930125436
348.96856912134314
348.7597026111313
348.50131875570577
348.2582352556856
348.0239189038503
347.8242404715219
347.69733872813276
347.6284801160017
347.5806661101243
347.58249661485416
347.71178843630616
347.97842544641696
348.26287957581764
348.53099049643356
348.84044524444016
349.2015122123156
349.60758919325775
350.0452102182105
350.4758542972931
350.8567598532906
351.12848693243876
351.2847524521286
351.35945356457444
351.38956859702864
351.3672990906485
351.26603092054455
351.133094159398
351.0637664822301
351.1213945113967
351.25262427012075
351.3815945206891
351.47101184348116
351.5955584968443
351.79730146676883
351.95185794061183
351.93197125866783
351.69781913076065
351.3314783987807
350.99242556842023
350.7764602210763
350.73481274285746
350.8697219323643
351.0819430735607
351.27869852464374
351.4301342694096
351.5751467132931
351.666744642164
351.66315148456385
351.6283087263557
351.55877431987903
351.43801642527495
351.2571321400935
350.9936874646526
350.6660934725078
350.37014939788406
350.17221096666634
350.0933141094059
350.1299530853805
350.27706051932336
350.48073517019037
350.5992865586319
350.61171791370737
350.5983256370235
350.601201015461
350.6061707823684
350.60716281971827
350.641251468794
350.72844455564643
350.8527390030536
350.94885590455635
350.97325408501763
350.9625554657406
350.90562455559024
350.81951736911867
350.74049384041143
350.64767287690785
350.50644213348374
350.35296057361927
350.1576455109464
349.8348646442942
349.4162637947738
349.0293921404958
348.74069226075324
348.57343330092067
348.5378920724744
348.5911537762206
348.68562280401915
348.83789753393347
349.0175396814135
349.1118820604263
349.07764552489306
348.96861719316365
348.892585021453
348.90656030761653
349.0686706253798
349.4111141250943
349.85921412298313
350.2927846728183
350.6533994293282
350.85639861242475
350.8240300635593
350.60281796722273
350.33936107275287
350.17424426500094
350.195864205206
350.43460039817177
350.8338605147607
351.2898504490213
351.7016203658408
352.0042250050184
352.12520704104867
352.07332913869897
351.89233112930026
351.5895335876186
351.12758209065896
350.51745354473155
349.9083224046461
349.47338956183563
349.22301635056
349.0818067489005
348.99224205169685
348.9866243125675
349.0967235834553
349.2195455996926
349.29446849961926
349.37878404348936
349.55099421049107
349.76985732506824
349.9762215709738
350.1535884662181
350.3491894885583
350.55481910184164
350.805754542208
351.1056501600151
351.37949026933995
351.5579168431693
351.67822839206303
351.8508695185576
352.0667126843481
352.2511086639528
352.38843365871946
352.4922671087613
352.607884003616
352.725460188355
352.79844161083423
352.7975093856871
352.80729518367787
352.80183729414097
352.7526124342233
352.7554967317453
352.8253945489196
352.8598996557521
352.75695771075493
352.53649909382455
352.3233869753451
352.13433000457394
351.8873726387437
351.61289280381055
351.4142039478858
351.3070565258042
351.28784659132566
351.3385347935736
351.4020847890212
351.35657578324333
351.19869301952554
351.03508170280145
350.8693365653952
350.72278631790834
350.619568235897
350.54151011607553
350.47024473733484
350.48394192739767
350.5865869198335
350.67619589291996
350.694057292436
350.59375377203827
350.43840456857725
350.34574565871924
350.5703575185133
351.3894823791911
352.66137562200515