171.43757597701833
174.59762996381824
175.27794163739463
173.05301959929517
169.4073843162222
165.92057082429227
163.27484530163053
161.3108378096401
159.70313636680964
158.36971730576735
157.3349308118586
156.61727919626367
156.26587105575678
156.2948159082932
156.59849459403452
157.0582866130577
157.59386542841466
158.1381861265296
158.64094592937775
159.1009521089946
159.52440288093524
159.94107737386832
160.43136257544177
161.0823187185042
161.916864802609
162.86581586187987
163.83276472252794
164.70573544407875
165.40241734871955
165.98935294799446
166.5799233751273
167.11474769855528
167.4788222649542
167.69255181975205
167.77552403968275
167.69662211390954
167.54715392714837
167.41704111298813
167.3619341467912
167.40581360769102
167.46692853793982
167.49275474809255
167.44794223322842
167.33028943028066
167.233393674437
167.21376533906945
167.23966291502296
167.3357507022622
167.54223233934044
167.77824287216907
167.96166731644666
168.10882673736188
168.2310819628101
168.2824364430811
168.2382260235595
168.09717587588756
167.87383027201452
167.59777706040416
167.3682101837054
167.29455336628402
167.3745932343347
167.5897601078758
167.89067264219443
168.205241291086
168.52867746402723
168.87428113374543
169.22942087759589
169.54555615494888
169.74303750189537
169.83276465626324
169.87915312662847
169.83230181373503
169.6660333339804
169.48658149169069
169.35494460480874
169.2563550145829
169.21604236937213
169.30263126276898
169.53657543392754
169.85003231005112
170.15740191238098
170.42401022427555
170.70840729367808
171.04174112123022
171.3590287640012
171.60704003125227
171.78546515975418
171.91688073149038
171.93621331199762
171.8189131230415
171.6565448706044
171.52053715015472
171.448784155521
171.48699229353298
171.57626242106977
171.66092294482945
171.80265517459014
172.01775109737707
172.23438360385998
172.4248621484682
172.56041220124968
172.60359835759436
172.5412331925549
172.44522965577968
172.3903570073814
172.3269155481962
172.23137373006125
172.1860411581684
172.15554176677824
172.1076063168863
172.0608574959213
171.92803833037027
171.6594917483339
171.35046492839655
171.09608974802242
170.96658815166583
170.9247548252478
170.87176935971755
170.76603677035072
170.61611291545037
170.42434227322292
170.22715891079662
170.14431885470964
170.18808426193027
170.37391981029367
170.64962708194895
170.88996067099777
171.12382868697762
171.36519215976256
171.62527158551262
171.87700040435087
172.0949057535462
172.32199619907612
172.50299693993608
172.54987386600385
172.56376017405617
172.58055650492273
172.58617868717806
172.58809800892237
172.56874954473147
172.54402633326924
172.53656034867126
172.48743456594437
172.40598870712537
172.38988720734991
172.4108693639159
172.4021017018943
172.36104724570993
172.33751913301563
172.4436850173754
172.63741170944812
172.7850912420301
172.83705888415284
172.78568204450238
172.6876449670205
172.61232821101385
172.52018868936565
172.3779661376439
172.20728161431262
172.07854765955324
171.94335787958897
171.75279717777738
171.5709415065117
171.396349893042
171.1874613319129
170.9703504400382
170.78141434990846
170.59448291916323
170.41329435411473
170.3043979156318
170.29551323335136
170.3313873854878
170.33788918062353
170.33798464717194
170.38820097837197
170.47752146722397
170.61646283618347
170.8438428877061
171.0954463173669
171.3239960432208
171.52143694169084
171.61560908603684
171.57840137507506
171.50032235324053
171.4482878143231
171.4270852213421
171.41266248944527
171.34227230877133
171.24637969573178
171.24555536549607
171.3758055780385
171.55536464946576
171.6873103519855
171.7652340490886
171.79860286455096
171.7853768857991
171.73823618204847
171.70476078788005
171.74700542241033
171.8354474220337
171.94383049478915
172.02386680771417
172.07256569831702
172.1128479181043
172.11365178664505
172.07384851790138
172.02726429388804
171.99189164966225
172.01084324697675
172.09570006514207
172.22280914759298
172.33187277208924
172.37060610280108
172.40590056539048
172.46754345125993
172.53879524007095
172.6268050173496
172.75587086215384
172.92716997418378
173.0858136442355
173.16983302641205
173.20363139469916
173.24787484684302
173.26158627196685
173.17434956679998
173.05676128021446
172.98633017765894
172.87623468250573
172.7438134937686
172.7253550349525
172.74731637777558
172.68278664142818
172.6191722159772
172.5667416792392
172.4039204091912
172.17763872932866
171.98865816391543
171.8179140814535
171.65543366641873
171.49346631759036
171.34680881638093
171.26851059008197
171.17192783144714
171.01663113209875
170.8251883044229
170.6324524429825
170.47703606915866
170.37976011314367
170.33734782282124
170.28091913860368
170.16430733245568
169.99815403857775
169.87754439076554
169.89169127725518
170.02121251454702
170.16680179555428
170.22900392170072
170.21446459663588
170.23389488528372
170.3788289989763
170.63125241136322
170.89474490436973
171.11124225256785
171.29774819826187
171.42184917143814
171.44100199650688
171.3824496067865
171.34729519039578
171.432758188005
171.63366028589783
171.86544272836602
172.04746370302567
172.23442914345353
172.45303588562052
172.676456515673
172.8736806539286
172.9491592380304
172.9245079443835
172.8617704421307
172.752854815165
172.61416718774774
172.5030956164295
172.4056477517666
172.2889558138936
172.17012105752
172.01708438748636
171.86047588902886
171.74836166562392
171.70660487080255
171.7706918466917
171.87740904529602
171.9209781428193
171.90228883451704
171.81382691694495
171.70318643635747
171.6687366387609
171.71244022688535
171.766459654786
171.83362942543573
171.968176299293
172.1410786454877
172.24956575926385
172.25120320401703
172.15450352541313
171.97090439796776
171.78365849128323
171.67663321672686
171.62402382193358
171.61439487540056
171.6459142684487
171.6820593129744
171.7194009920713
171.73007489606746
171.64455198573893
171.5031900491195
171.38148696607539
171.3256116576489
171.3154868720821
171.2661683421299
171.19456255264402
171.13632324007165
171.06147198656004
171.00105282947172
170.96764913276826
170.92009244805786
170.87538776706538
170.84651272024695
170.82654536313822
170.86471542264994
170.94789684884273
171.02029484456966
171.07685311537773
171.16149574440135
171.31678853959892
171.4885864124554
171.63749767366326
171.78634503429646
171.89281257644114
171.9195318361631
171.91055595231995
171.8849816339827
171.86131834667322
171.8943733237072
172.00721552809512
172.12055811959874
172.1538700606107
172.1430762979566
172.13680772094352
172.12966207473153
172.13471892162178
172.15224972513764
172.1182505678266
172.02209703262608
171.91985298493535
171.84035369674464
171.83347121369297
171.86454651497417
171.84391920836887
171.79066956731918
171.7620573876301
171.73890550891207
171.69078403471642
171.65694462900362
171.69887679971401
171.81956228720978
171.9706170928893
172.12176724038795
172.2628093899957
172.38877667403875
172.49041954073496
172.5337881479955
172.4850227807049
172.38622887220976
172.28737515362033
172.19707966659752
172.150092320887
172.17334727875757
172.25149787366257
172.3702239152181
172.4752852267411
172.53123231666552
172.52018129664316
172.39696636494773
172.2015808740535
172.0388049919439
172.0024118124881
172.1216649690403
172.35795433143454
172.62593633545453
172.84624993259538
172.99047344226062
173.0711047807543
173.10988309815016
173.09033858030537
173.04948341070275
173.046876536867
173.094636721413
173.19024517640318
173.3119902796358
173.4347185145817
173.54476511555544
173.6021511391636
173.62534840884496
173.70695873858074
173.87113648028435
174.03348881370945
174.13739426008695
174.26112040626398
174.42953699182036
174.56918835734365
174.5807640879868
174.44543935857175
174.23909111067508
174.00694800913305
173.80135299335237
173.62686846959008
173.46969297931463
173.35884431236184
173.3130020771182
173.2785059894863
173.2151657018593
173.14173174202944
173.05506865029383
172.93651390857528
172.78621438401387
172.61245381393044
172.42708341680006
172.26391716215403
172.1523285976404
172.10076110472446
172.1178728643159
172.1923312704475
172.2726671178923
172.29627177431877
172.28053174170716
172.30124638921873
172.3409659071601
172.3175849343843
172.2447862410012
172.13521630833483
171.99738384851645
171.9129584259549
171.8993872429837
171.92449280490877
172.00452646345863
172.186105169941
172.43130800850548
172.635877035189
172.75187275448667
172.78479077175726
172.7715248402762
172.75988521018095
172.74331193393874
172.69769649552995
172.67331049973475
172.71696255471028
172.7918651439882
172.90189012635767
173.06343809002604
173.20298400520392
173.24737161985195
173.18376435359488
173.0418692322698
172.89583782081843
172.76270095690944
172.57549986794754
172.29187752919722
171.94157816209344
171.6166825827812
171.35293018111915
171.14533536754539
171.03796040890833
170.98856551018866
170.9164496841202
170.8164646754105
170.714873862345
170.62506148193796
170.57334319208994
170.59475108710637
170.68088116482198
170.81588680983668
170.9739604626947
171.12826598432284
171.27116712546504
171.37560164897292
171.4250986846947
171.45607373692025
171.49967369430365
171.57192847054844
171.69565692419184
171.84211800945155
171.96946613875775
172.0784726724571
172.16937837474757
172.23034172807652
172.24115114137842
172.24559413492995
172.27190349907988
172.3100438954038
172.38549495446867
172.45808299246545
172.4734264327132
172.44969395256874
172.45934487228658
172.5206749633956
172.58716221023465
172.63586242634224
172.7125311230623
172.81226809122103
172.84786216478366
172.82932388576694
172.79066309098926
172.71314715910916
172.62789411914065
172.58350133739484
172.60918725193352
172.68804494149384
172.7930362743866
172.91822701758974
173.06432706289814
173.1890639493908
173.22920449886442
173.19632483767938
173.12558787269205
173.06732136135332
173.04294481251173
173.0503550507989
173.07494521432056
173.05136444034213
172.95621072133756
172.85234794095794
172.765667176973
172.70287857911842
172.67209586095606
172.661610289248
172.6574960586014
172.66199054102924
172.6638432546905
172.63703368101648
172.59248131396652
172.55714580795154
172.5228943621242
172.51217552907326
172.56915250497659
172.68255048014203
172.81395690695524
172.96494617652678
173.11002833094906
173.21179266901143
173.27835362734078
173.34658467008555
173.4205437896985
173.45304028007342
173.4032473626025
173.31234510030603
173.27524421477327
173.30961111062004
173.32767532555263
173.26283173475926
173.1629179499301
173.1081124049462
173.10654567185182
173.10089608023227
173.04715593241716
173.01280007079632
173.0551121132215
173.10119697823808
173.12093477672045
173.13282657066134
173.1465195359955
173.21099014165623
173.32846406448522
173.39530770826156
173.384600004653
173.36347384014266
173.37251048545102
173.40535299555614
173.38945501931406
173.3382751344085
173.34523631554634
173.37803045324955
173.38342809599965
173.34973170489562
173.3061730563561
173.28750611316053
173.29980773541755
173.31814756389173
173.27977438771052
173.20439779674945
173.16277636196486
173.13930219428593
173.0626962888737
172.9497046370332
172.85306026984176
172.82271215294872
172.87508282848097
172.88756021015854
172.79607318255938
172.67150679371946
172.54199011171187
172.40268617913972
172.29657127980437
172.23079242981655
172.18896897675393
172.1613714694604
172.1694246261399
172.23158634049906
172.28400271068597
172.24849855134144
172.17791324477093
172.16671695320974
172.18454058663772
172.17595056241117
172.2214173056295
172.33372468668264
172.40355927118105
172.42271486753845
172.38841674270043
172.25947191421358
172.10741914365872
172.03817081543062
172.0027917076781
171.90323626576475
171.78179174855055
171.7569235686198
171.8510804642394
171.98213331362896
172.09981400600105
172.20425213226721
172.2974060600584
172.41536494423798
172.56276539350864
172.6901362053692
172.8036612254013
172.92366415734548
173.03302497365144
173.10906266328723
173.1733679157287
173.23462311824514
173.27249707316423
173.3610290163468
173.45897533642696
173.46857806565802
173.4117519120535
173.36649063256084
173.3511092837385
173.3617121586692
173.41833000179594
173.52756521320285
173.6788562911226
173.8900217853936
174.12075208540702
174.31897781975383
174.50339815483989
174.64913690132855
174.71277998676135
174.75211438136233
174.85856019298475
175.0386358872547
175.21672945519373
175.33865211554976
175.39710990840518
175.4177913265914
175.44451427814326
175.48267578849644
175.54783057704913
175.64264843412204
175.69874469988503
175.64326893274028
175.49044056285214
175.32769940280372
175.25579556837852
175.25193866023494
175.24234281996476
175.20985253632256
175.16189567577413
175.11898945806882
175.1187228364765
175.1466229303242
175.10933411478356
174.99202922873775
174.88495464146305
174.8410747665324
174.79225535263677
174.70173494941767
174.61437749038362
174.52309773927547
174.42489381716325
174.37621977176642
174.3552440238068
174.2922961867866
174.14563493474446
173.95517812676036
173.79212658327424
173.63524972888843
173.5227715965094
173.53183214006947
173.63666859015757
173.70136765637062
173.64125191246487
173.4790718346309
173.2771565473734
173.13182712306158
173.13237611551804
173.2288573761599
173.2924883534759
173.29240249994632
173.2657230224565
173.22156402329074
173.1735129851035
173.12586951296356
173.11461280512475
173.16859265684255
173.24736799726782
173.3030427816443
173.3215821407643
173.32040749049224
173.3280020490702
173.33643466289664
173.33848775329358
173.35322637959075
173.3622838812267
173.33114696312526
173.29195927912394
173.21243831279142
173.07595586836558
173.0023783796303
173.02768419316504
173.0721210778606
173.1132465052172
173.18413667419978
173.25815305898578
173.33711786394133
173.40192197242354
173.4565331955244
173.48144788758577
173.4669636954345
173.45123852157582
173.40330442932049
173.29955598264178
173.17945650499715
173.0690077534725
172.9876109853881
172.95472104199757
172.94589389991503
172.93924051409658
172.9440186795286
172.91058548151662
172.84051673789014
172.75013065903795
172.66289512169973
172.59632023287384
172.57391456106413
172.62592306868737
172.69126456129806
172.7206890871401
172.7364496050583
172.7158996449428
172.69560614310225
172.74436360897803
172.81664828121473
172.90960736711295
173.03760177252093
173.19193579020842
173.37789559960598
173.5033896982914
173.50928479693084
173.48785728214915
173.47877330909284
173.47232028668355
173.47621091500062
173.51307247216914
173.54730917540613
173.5428700621738
173.5160413565485
173.48565845423025
173.4527599856172
173.3788886225347
173.24318301483638
173.05070959582937
172.8739489281279
172.74658457429055
172.6190966754582
172.5128012267576
172.439021468187
172.42330367305698
172.47888516742213
172.5255515047936
172.52551487979292
172.5291586825351
172.5165957402619
172.4717076755831
172.41915858889513
172.35948574558853
172.28315340895762
172.229427876099
172.2278261769415
172.23693184024424
172.20924941964995
172.17188584888243
172.20819667965984
172.31961551444854
172.4847091696558
172.6339636956439
172.6951652772839
172.72865111351837
172.7765965050017
172.84091834597086
172.89096306703033
172.9194067891268
172.97079211330893
173.06691969279052
173.18372516671093
173.30390718531996
173.3872119944103
173.39106733434375
173.35191017151942
173.3306763474376
173.3119107769473
173.2515183390594
173.1761728122693
173.16379457719526
173.19264161017344
173.2200506865203
173.2142332368373
173.19165744403261
173.21749880120962
173.24071622181884
173.13919798311358
172.9392167878458
172.8209806038094
172.84872610609224
172.9347774216808
173.02807934605886
173.07811912213862
173.06960728426924
173.1058241442662
173.17318355030193
173.2647566330397
173.3478925106067
173.3343278216936
173.2910159319128
173.33638047158254
173.42625665488424
173.4862112910227
173.51170916174033
173.55315285340947
173.5975350739683
173.60857966866195
173.5830984547629
173.48763253338734
173.36066610637374
173.2511931256481
173.1796861414648
173.14747243143987
173.1524970874555
173.17935181659405
173.20357885554316
173.25801657044923
173.34615846399618
173.45134991491818
173.52965818794087
173.54114912546137
173.53019545089143
173.54495983784872
173.55606109733606
173.54025050680514
173.52860931894006
173.5602340198359
173.5968963229587
173.6097721358649
173.6574595621763
173.76102943581762
173.8501473222256
173.9114652164102
173.95676296160235
174.06077629939654
174.22376741114178
174.35970689909698
174.45691215420297
174.49732223089796
174.49581680199188
174.49427488403336
174.45230981387766
174.36714947350112
174.29967151719242
174.26915168510703
174.2558719425871
174.20550496528747
174.0968093773533
174.0158200240043
173.9511254069806
173.85965294152675
173.7690372057295
173.6667354271565
173.55688387094602
173.4739553239932
173.41633831826368
173.387668841523
173.40357957929209
173.44553171789357
173.46932977695857
173.44493800139043
173.34572291524915
173.17137119105075
172.96898018504277
172.83198576806416
172.81170443230224
172.852710037174
172.8719184184509
172.85983674595474
172.87369937558637
172.90887362947842
172.954079159581
173.03603048827875
173.146825549069
173.2289331373213
173.27699817374923
173.33461401742642
173.40464282965237
173.49618030854037
173.61388559730392
173.713551366133
173.77186976918748
173.8376237339478
173.96718829393964
174.1055491643794
174.19893134211728
174.3020964437633
174.38652539213004
174.3698942725851
174.2930074147688
174.23457131751312
174.25087361043055
174.34051250802298
174.47830779486048
174.61631545279013
174.6519775523623
174.53691887618606
174.30558930903985
174.04369793104237
173.8744357534226
173.795391750333
173.73487194715173
173.67408852225614
173.60210015988986
173.50759144950652
173.36541628853308
173.1492226755659
172.90242735006467
172.6977033334879
172.6409943899084
172.75454140191056
172.95129851910409
173.12045465528107
173.2201063336259
173.2507664020158
173.2027789101061
173.15725723471144
173.2080730840409
173.31864076558
173.39420176085798
173.41277391208405
173.4033340452498
173.3828635340758
173.38978610401563
173.42772325357873
173.45148931145056
173.42937019031476
173.37777551772746
173.3262166085591
173.28801011188773
173.26472281019429
173.23387411962545
173.18960122667403
173.14627591546343
173.12896966291868
173.16651317553826
173.22393799371346
173.2282683060755
173.13790938695143
173.00221242801493
172.9260139263603
172.93110609413344
172.96134393218642
172.98455576102657
172.98071008685338
172.95430755014806
172.99235993157043
173.10368522842774
173.2384326548438
173.38803467888647
173.49134194389393
173.53216599434532
173.61456807083056
173.7406677656707
173.82890059856345
173.8267461473666
173.77613668154177
173.75205426084716
173.77611825681268
173.80918729351941
173.78002547946753
173.7156395997261
173.68740378820863
173.66869193071403
173.6260495444302
173.58470327498793
173.5209126748223
173.40941040222071
173.29619034113333
173.21382932808407
173.16852374824364
173.15363938416658
173.1425730817209
173.11684728079504
173.05951515102535
172.9993100832948
172.95546335977087
172.90713734606945
172.85902178477343
172.81300915419368
172.7430676136911
172.66785555463173
172.61598014129024
172.61927010245728
172.70813584930988
172.8509613903589
172.99925303507277
173.13678059028763
173.21950678026806
173.22167331576432
173.1727538653691
173.1222943051631
173.08181140176038
173.0338036023541
172.97851662472291
172.9412962287434
172.91099130413232
172.85411154926325
172.78361348791648
172.69372722736026
172.58491711289668
172.51270241195
172.49364412517153
172.51529849024192
172.57697055927304
172.65291534202282
172.75071824004877
172.84720027294895
172.90341151049893
172.9339384177291
172.983540070814
173.06982362770137
173.17372471875007
173.2618535893021
173.33028665746048
173.3896651633935
173.43818905682437
173.48791631290518
173.541326427603
173.53880215472762
173.4620348680094
173.33876141064223
173.2123637634637
173.1628487497681
173.19351834733288
173.22667542080453
173.21089694108724
173.1453653881776
173.11249364628287
173.13335792313396
173.1669855788143
173.1872964347519
173.16266013909797
173.1141897239594
173.09361046270888
173.06918174892675
172.99791333085113
172.90326013814274
172.83832729458925
172.8087333411189
172.7773209503281
172.74682870430178
172.69956710722445
172.6197020089421
172.5492242657046
172.50051291372952
172.44230686660873
172.38179548424392
172.34185651938247
172.339486932588
172.39372963774386
172.45077634379516
172.51241696112567
172.6693819365611
172.90875555815836
173.13910317990923
173.29743101785587
173.35654270316422
173.36046262627227
173.29216340635233
173.14353568039522
173.0373674452699
173.0442078441991
173.12894836986604
173.25376363184176
173.34221426858525
173.3158686491745
173.17196032888114
172.98259353793927
172.8346140914353
172.74386202808194
172.66172101538825
172.5539713745626
172.45043755571083
172.3674569950909
172.3006347264819
172.2460064365015
172.20791929046663
172.19671505733078
172.21076319291464
172.26910814224726
172.37683602206044
172.48532096942392
172.56141252832086
172.62632685527808
172.699221833313
172.75729062396897
172.78797377345273
172.76682734128664
172.68120142755933
172.53311221724348
172.3462706586449
172.1780356575997
172.08474937766766
172.04179972507478
171.98242344329483
171.89323750944203
171.82634369951097
171.78411153010336
171.73500389056662
171.73043357449842
171.77665154535626
171.87413650340767
172.00416798461268
172.12814671776536
172.25676063917248
172.38712817839618
172.49076208985127
172.56422711994946
172.6112569504162
172.6397336525467
172.7090265486776
172.8526007810708
173.01677977947702
173.13553392307736
173.19931668136886
173.21652735420517
173.18688375036777
173.14551213441408
173.14128217080793
173.17394395483203
173.2371211075195
173.3262345317992
173.4042313255477
173.43463570816988
173.38789013186332
173.29897259930468
173.24538472069224
173.27102853805863
173.3524245671573
173.41177909224126
173.42660061806407
173.41992752443775
173.41301659058982
173.38706672352103
173.3057660417156
173.1936856048588
173.0989701576047
173.04287837817247
172.97890721079713
172.87564777591692
172.75668896951512
172.64495000548948
172.54103359483423
172.4392984856337
172.37288645810082
172.33530521529332
172.29757920285869
172.2666201420691
172.26517372310025
172.24794247799258
172.20166091745682
172.15533352066987
172.0636356325151
171.96348170601573
171.91759107183674
171.89956453288627
171.85177495062177
171.72525291606507
171.55047281592803
171.41843281152367
171.3472332831774
171.31095662987653
171.32228833128767
171.38200842299955
171.52059551664922
171.72142091672475
171.91189315775313
172.04575083282867
172.11307195782376
172.19424658574684
172.35955613437497
172.5533000400053
172.74247092932472
172.89801361080941
172.98280699462688
173.0190089268756
173.03880414861135
173.0384423917004
173.07798523688365
173.18724364709982
173.30281769786524
173.3565934732714
173.33526430696818
173.27935677396462
173.22298572828356
173.17543498772574
173.13172231938242
173.06896355329386
173.0235992070338
173.019287318407
173.0112468786753
172.9677134692737
172.908766206773
172.85442420639092
172.79508570745836
172.73937547918987
172.73798615310807
172.82226115290294
172.95115934556958
173.03813535196915
173.06326629783948
173.06627316437306
173.03545081713378
172.98042543560126
172.9474417011089
172.95686579307954
173.01441062180302
173.10239683899385
173.18384758436363
173.2162974027671
173.17871678834916
173.08428208174246
172.9992354933135
172.96736854170376
172.96625146762082
172.93806576518594
172.85451138190234
172.76088977922026
172.63277510153551
172.45753337653989
172.26359616823476
172.08351051138868
171.9483394722742
171.82279239593004
171.6907009619724
171.59294478534315
171.5266722902659
171.429003496749
171.25128986932356
171.0217321630219
170.86612879698686
170.88535450349465
171.0386432017437
171.22190164885797
171.4220594224446
171.67817152056898
171.99063328259567
172.3251348215827
172.6293752039168
172.88103956557416
173.0445990007578
173.16264685611924
173.29253020895754
173.3987728155413
173.4878779670359
173.55823065014786
173.5685701545427
173.52785961370094
173.45718388356866
173.33596899175026
173.1999148801397
173.11906277249435
173.09684421008
173.1207613609457
173.18859677570882
173.30213762478397
173.43525994097172
173.54725238668084
173.6467962512972
173.73914578501353
173.80770166322793
173.83004713395286
173.7957568308902
173.73521545137308
173.70516692725434
173.693899322049
173.6888643152579
173.744409967722
173.8466020637161
173.96979937307657
174.0702506829866
174.16146975839064
174.30178217656132
174.46750290944286
174.6198275586436
174.7649018337962
174.8988253202803
175.03016254532497
175.17376628039509
175.3006997125588
175.37999467436734
175.4187022786932
175.4172182931644
175.35651046762098
175.19810888757803
174.97812416236752
174.76081504836924
174.57135964968745
174.41200427682662
174.2533289684643
174.08354205871396
173.92225131274202
173.8159903399629
173.79092248793813
173.812713504025
173.8495121857282
173.87966029119863
173.86884886169506
173.80667461428175
173.68119199147424
173.54801582269576
173.45689499731338
173.39552368943515
173.34536315698725
173.29180578769473
173.20356880002697
173.05317369175222
172.85004290701264
172.68367753192317
172.60434376254295
172.5957411221326
172.6172553229947
172.6397752766894
172.64150841023334
172.59246229836006
172.5347420689065
172.51002761302877
172.55342158296526
172.65662215988823
172.7340218960772
172.76834789073922
172.8203519194724
172.9173796030215
173.045656763323
173.18342718046236
173.3074207779178
173.3922267192095
173.42889577060203
173.43104341938118
173.4445845802431
173.49724593669507
173.57148744378
173.60503987025047
173.55805182820248
173.44830028840988
173.29642135376486
173.115546552542
172.95717075592404
172.88715399348766
172.9111269972749
172.97818784563964
173.00033166080937
172.95688127114053
172.96118031556432
173.0477282627796
173.17870524389826
173.31327870995938
173.44988881155834
173.61361767287562
173.8048931779604
174.01022008839098
174.196978748194
174.3428628801059
174.45914156366294
174.5329495201128
174.5804375998178
174.66692888627125
174.7902959152079
174.89849495996947
174.97339126284618
175.0270276389195
175.0681333864649
175.11107138860672
175.14682329184575
175.16204864311916
175.11854750915143
174.95934242025163
174.70656932889477
174.45943338413997
174.27644296221288
174.1539010641086
174.08896871045033
174.05724978554304
174.01304896067637
173.95591445639872
173.89700147010154
173.80737405474363
173.7053129085482
173.63463914885438
173.6050770052161
173.5962803732084
173.56385543817728
173.49544936271712
173.37995840911003
173.1625964450986
172.90452699734556
172.7174574162057
172.61465637338677
172.57209061747812
172.57953511389132
172.63171341510173
172.73309944648457
172.84638852237947
172.91497713533175
172.9418667898673
172.95598609541253
172.9548540943794
172.9359644340171
172.90019993177353
172.86934440475216
172.83238802611888
172.7733670897893
172.69197413163715
172.54034643066
172.31131230717534
172.0612949603495
171.8052786155152
171.5634106147258
171.38941851564934
171.30278705748407
171.2804030292787
171.29953784960497
171.34860277976458
171.41638953895688
171.49191897957434
171.56077599507256
171.60478999792906
171.62390936010578
171.67548117875145
171.80343066327043
171.9805291259101
172.17795777558717
172.36207956060056
172.52453085948514
172.68299529050367
172.79209131990407
172.84182522196733
172.8780769192586
172.91038003017044
172.92545920250944
172.9006763886143
172.83101460708468
172.75335818265748
172.68617723955884
172.65556478484513
172.65973170592494
172.73028938352698
172.90453654502423
173.16175830772676
173.42627737441026
173.61837447519343
173.72894314693912
173.73465958882136
173.63831950867657
173.5156694494076
173.4346816208197
173.3822710002335
173.30919898277313
173.23394178287555
173.15472583673346
173.02705870989848
172.8228428410103
172.58681241967895
172.36285339514586
172.15077262117902
171.961316686498
171.81382128034573
171.76014440737578
171.7718989154405
171.76565757703312
171.73372374623216
171.6979987632663
171.68844650677497
171.74108753605614
171.81596096371328
171.86782456989087
171.94094869780494
172.07829010209923
172.23978506285934
172.33995902805663
172.32972138357454
172.27707354525035
172.23166771337804
172.18879290409524
172.13150317441387
172.02892088156628
171.8940860356589
171.79595607477336
171.76397747646817
171.8035382971184
171.91409438050823
172.0679023963521
172.24879243855904
172.44533090193178
172.62919255957848
172.78006602749502
172.8584817907472
172.83524735364242
172.74970229207938
172.67064011196638
172.64685721214514
172.65269417138407
172.62352857195077
172.54839925571918
172.47746085338068
172.42602352738672
172.37831265616495
172.32014166625376
172.23321850919712
172.11747142244278
171.99018112706548
171.91369864279235
171.88827499779856
171.8900478920871
171.96827465225897
172.12495976413305
172.32242194639278
172.50405908605666
172.61388658964916
172.67376620887197
172.7214262664583
172.71892698068206
172.62616655227714
172.47491307518632
172.30503355736738
172.1138179168608
171.86177313410485
171.56267339479734
171.29228215353717
171.0711062488728
170.87930448733016
170.69005705718206
170.478323214693
170.28701205958916
170.1701262569773
170.10092929056864
170.06168121276554
170.10484006446438
170.23022253088126
170.38004740276907
170.51373454058182
170.64801841354188
170.83986266798996
171.1102622994915
171.42737941410923
171.74875090229986
172.00435443013026
172.14518375764058
172.18470424815337
172.17596591982192
172.2241808104986
172.3846923948713
172.63197940315024
172.92911368066996
173.23274643854535
173.46737386659316
173.58959325687303
173.60072531971284
173.5115618941103
173.3297992603223
173.03472708844987
172.64129991350993
172.21055198148792
171.8511931313621
171.9153675223488
173.10464441558125
176.1457772177553
180.67894108848128