0.0
0.0
0.0
0.0
0.0
190.83343689027785
207.96938044872917
218.2950178683839
222.17278170188231
223.01100636239292
223.30728406580135
223.92215893894118
224.63315652645608
225.13948157610682
225.3706163260156
225.41618272772365
225.44985930664475
225.61241243062884
225.97495407892296
226.50829957317268
227.1564668119681
227.87582387036647
228.66488119561282
229.53944485145615
230.51345399696663
231.5966358021132
232.79969021891387
234.0565167312409
235.2615764315158
236.3819436887935
237.49429461556397
238.6409609981498
239.8132416816394
240.90798131937137
241.8966621975528
242.85845757512493
243.86104332544784
244.81209418881917
245.60056870307173
246.29202887287914
246.99404169752898
247.75565584963346
248.5734336637865
249.37150954968547
250.07697502089167
250.68032886189906
251.17567859196672
251.5843663460171
251.82448279066202
251.8794744859159
251.79224489992515
251.47923803607537
250.96250796275348
250.31967272618076
249.63336331246634
249.08134196896808
248.7818798017844
248.73923043061103
248.89030339559258
249.15037013625616
249.48034358122396
249.84904274827923
250.14919766341984
250.31329959320246
250.37486580403467
250.3146672026984
250.11864449277414
249.962064952513
249.97320061158348
250.12517714305554
250.39433143826426
250.77539707882278
251.2782501529479
251.8824783543789
252.53725626858775
253.18624722009628
253.74585600826737
254.2554917421028
254.75795399631366
255.19557254912723
255.5831244211093
255.94100920021663
256.26507182427656
256.56643457017924
256.9104277954298
257.3228455803662
257.73505933636847
258.04016098865117
258.1764425715019
258.11946641416375
257.8398725019491
257.37682509065036
256.8199452449611
256.21924148668825
255.67800912313547
255.35738572229636
255.2099834431137
255.1994269628233
255.31906259840736
255.47179156271363
255.61536308763894
255.78212802225445
255.96971675289478
256.0900261474393
256.1773683701611
256.2894546768312
256.4777470876949
256.8493802028545
257.4082600728856
258.01611577763276
258.5185037917378
258.8289515196903
258.9192372784506
258.8644198787875
258.82835836770687
258.8386006731035
258.8048537635668
258.65451634243817
258.3705168129358
258.00745609390384
257.5816436153674
257.0769750051104
256.5350982048711
256.02548457423296
255.62025483891483
255.35484069792608
255.19830148559402
255.0671052722605
254.90287155671228
254.7752367991688
254.76516095978556
254.88235301463078
255.04955464872165
255.22241930469437
255.41292622121054
255.64622510741404
255.94837639121755
256.28411754156997
256.6203187740143
256.9488722004031
257.3065034568643
257.67997764336656
258.0741267402907
258.52354591539273
258.98160555090635
259.35930065247703
259.6179774408747
259.7668513488628
259.8102390662506
259.73019662305643
259.52568477395164
259.1868713521844
258.7607111706274
258.38280978177045
258.0426438370517
257.7276999687745
257.48667630872757
257.3263148244837
257.2031130642418
257.1285705589674
257.1365356831835
257.1760231721865
257.2351734671279
257.4124439879954
257.75045602256256
258.1719262314892
258.5821836523225
258.9052584864321
259.0983672954823
259.1257014361399
259.0841792334986
259.0594903981191
259.05782222695495
259.0535917383886
259.0470500671054
259.09559165989657
259.18281490323136
259.26110981358056
259.3062452979758
259.26969690061486
259.1559097536375
259.0171762921811
258.8722055340778
258.71258183246107
258.4991632768947
258.2288771669889
257.93986373966953
257.7541271366555
257.7421712774888
257.84502802142265
258.001247543105
258.16025345060353
258.20299919710794
258.0722858747009
257.7896139980969
257.3726399766352
256.9142064664903
256.59407083902704
256.474754028771
256.4323940830388
256.36367939549484
256.27595520828606
256.2150071762411
256.2182178222858
256.32677675480915
256.52182276652144
256.79193687602753
257.1109063720953
257.3955885856212
257.6142839669605
257.78106315189933
257.90801871770685
257.95718964066145
257.88545925850445
257.71686200936483
257.5358240970886
257.3875894897528
257.2876975172437
257.20613978211003
257.1026083282527
256.97574641085964
256.8469681036082
256.7848281571718
256.8084993821713
256.8440229265728
256.80187508274696
256.66902063346504
256.41964542947903
256.10113358184765
255.83803804883502
255.66130851708687
255.52063047766478
255.4126116409931
255.34391815601353
255.26040192552622
255.16039890470284
255.09578572656028
255.03269322599633
254.98981576810434
254.9940377874067
255.0001801210243
254.99950047919413
255.02948009786428
255.08352056855887
255.1800568325454
255.35072278064519
255.60660763652427
255.91639353227188
256.2148708196797
256.4496298375125
256.6593503099705
256.880431146709
257.10641318155297
257.2577363220921
257.302273994829
257.18937405783674
256.86778372113315
256.4380611022112
256.0347669360174
255.69755027054282
255.39099497673828
255.13029487607636
255.0063687059282
255.0124562992076
255.07454571828413
255.15878849212848
255.27724146086888
255.4230187356569
255.54645572715305
255.5804538732004
255.50153273827794
255.28123992185868
254.95480331296085
254.61453840183736
254.34825324715092
254.20423949683644
254.15771954184
254.1520471889714
254.1104822271719
254.0742420964032
254.10738188048646
254.20564371426826
254.3252780432732
254.4401331432682
254.46617230895214
254.405835523566
254.3676287707514
254.3382426191335
254.32556575307657
254.40745470926277
254.58397645596753
254.84611551544685
255.1870006451567
255.57498810951188
256.0012251606479
256.3849801900998
256.6847025905223
256.9387808987956
257.17976190605464
257.4226957524859
257.6596334986578
257.85297556933364
258.0119049113779
258.12798492071136
258.22485513507286
258.3711968976727
258.60893199034695
258.8514624490423
258.9888847057234
259.00373649974824
258.9681617626825
258.90179642470065
258.79017400642965
258.68624409559123
258.6885839096118
258.7708098123207
258.8411762665102
258.8018290947853
258.67980460025103
258.54500367756845
258.4779913389917
258.53184638520446
258.6634470924851
258.76434097992677
258.73380536289176
258.60371767064504
258.42084013775144
258.19344779701856
257.96577266752973
257.7838435308305
257.61722416011236
257.43790982823793
257.31555478073943
257.2796920830393
257.3088287683295
257.39287137225415
257.5181067812099
257.6466096372483
257.7146107614971
257.7339573306765
257.74926029899643
257.80801741931526
257.9239960347666
258.07727041649395
258.2266321804447
258.3125338024537
258.2767822089522
258.13255210873893
257.9730247474557
257.82785334849666
257.7549190827424
257.80459564719746
257.97855095393345
258.1911429204526
258.3247587517976
258.34539202029407
258.2579697771962
258.1137807699193
257.98937836915667
257.90528787244807
257.78482126474955
257.6460858048078
257.5453745032138
257.44207722229623
257.277539143547
257.1257656502238
257.03612669912263
256.9690800998182
256.8821555616593
256.784610937351
256.71658476877934
256.6940208769414
256.7121837903744
256.7416017999629
256.73634955971045
256.73928444776016
256.7981664840968
256.8744328656288
256.863907024272
256.77266128163706
256.61778504239527
256.44134921149407
256.2722557344403
256.1475903759388
256.10492264215355
256.1032642065125
256.13476833814013
256.22556294950635
256.3490854474264
256.441185779151
256.52905777429794
256.61407973450144
256.6278438942837
256.56082936741984
256.4285567316106
256.25159623155787
256.08659819917807
255.9865557035714
255.9302053249395
255.9145855094498
255.96864953722732
256.0802172033481
256.2666627987876
256.5935375399665
256.9678879522619
257.27750100401715
257.4864723418745
257.5730355156686
257.52144120259084
257.37178450536726
257.17501454455453
256.997102903884
256.83375928647024
256.69959145542634
256.6102795302711
256.5710515127378
256.6011522620758
256.69401256721284
256.78389502261217
256.8404790815472
256.85589025202097
256.83627541193744
256.81530352792424
256.75856060264664
256.6147362511137
256.3660527982994
256.0548598404766
255.77832219683296
255.5964602391466
255.50281529664977
255.48828501813784
255.53971978150975
255.6589200199711
255.85595360504882
256.12184488377983
256.4419468110888
256.7862178194151
257.1185895088475
257.40682217015694
257.61532629659376
257.7875615985257
257.9124207143645
257.9443715028845
257.93322531389066
257.95630969026575
258.05064558293094
258.1239726782353
258.13012705541166
258.09026220794357
257.98600864077275
257.80385399567024
257.603676589596
257.43178569163274
257.3300624687867
257.28813026199265
257.25057394399494
257.13220809291477
256.92399263578943
256.76597336537657
256.71008418578725
256.7010429764938
256.73290043812483
256.79466749830556
256.8274701861204
256.786301543323
256.6941043784844
256.63164898495904
256.6080515325776
256.64361626953274
256.72087569637057
256.78165793874007
256.79179432217927
256.71853415005296
256.5636181896089
256.39035081517187
256.23237634687047
256.093273045142
256.0356906561369
256.1183229830602
256.264494037631
256.33972056226605
256.3247673477868
256.2378228556548
256.0933470399012
255.97489745349327
255.9545329837799
256.0120876143273
256.06204087308475
256.02970791548563
255.8957604768409
255.72221246997404
255.58591816722628
255.49224484443826
255.4422570103983
255.40868730599968
255.43438655262185
255.5015028099927
255.54896527118086
255.57969615351246
255.58565923659506
255.55991338975372
255.52880119709147
255.52006470470724
255.50792145652335
255.49751244981263
255.49851360524633
255.47425315369549
255.40441269262865
255.31109108659945
255.28103980552828
255.3380556899483
255.44281636080026
255.54398136032353
255.65683863694954
255.83149759577037
256.02519542217675
256.1975755520968
256.31187761372973
256.4051773533055
256.44631316922346
256.35445000844413
256.1790767397522
255.97780490128076
255.77335653450046
255.61065988701313
255.5037266246091
255.4523312720976
255.44723953486388
255.46665120284547
255.48756526182373
255.49447977837204
255.4983786847061
255.53181325277228
255.58341387937517
255.62992931535496
255.66488018283607
255.67303961728152
255.60776866167566
255.5010143300775
255.3927217107818
255.32746677860177
255.29649105751952
255.33276985939528
255.45368617728906
255.6498328449701
255.94445633812893
256.2634039128211
256.58138804499896
256.8817924757388
257.09842420370654
257.23055443613157
257.32174577762396
257.37193456509397
257.327700409139
257.1676933296011
256.94335350517076
256.7088257160971
256.51766691170104
256.38678517097225
256.33102614338856
256.3503008632647
256.366127935594
256.3278533566863
256.2434965014575
256.1850060187192
256.2280929994247
256.3721042868129
256.570444942427
256.7525984831324
256.8767716513815
256.9623812509849
257.0142159704595
257.04341622382447
257.1012140247765
257.2039417885026
257.3509617726657
257.51576682360877
257.65608378289045
257.769003289216
257.80981310564823
257.79495241507107
257.74094900410245
257.632848369637
257.51889373679995
257.468343662581
257.48324234316664
257.56911149013104
257.66796777810674
257.694145176872
257.6190862722229
257.51350641461363
257.46462421654536
257.5382903339669
257.64310669858054
257.6624563152219
257.6114918285923
257.56197439464734
257.5109754120668
257.46802719086156
257.44677619470883
257.3992885602812
257.3098980403861
257.2478294091502
257.2371785563267
257.25349613958247
257.2973022943625
257.36737753029826
257.51056905893483
257.672781501211
257.72901356726607
257.6516270606148
257.5586312852068
257.5419471938466
257.5826754950199
257.62388991048306
257.58023540860466
257.4439497802829
257.2978066534862
257.20659604019306
257.20453920012045
257.28676527874626
257.41203045814626
257.5311873776453
257.61511312546185
257.67358345978744
257.74052189653037
257.7992352518053
257.84930587903625
257.8789167005077
257.87278106134784
257.84202627461787
257.78026638281705
257.6911535078022
257.58642577797525
257.50583344070094
257.4482737341955
257.35534050033044
257.269816060039
257.2555366161196
257.34474004110143
257.50460549170555
257.67398579027065
257.79644997388533
257.877911577128
257.8942166602983
257.8605299736416
257.83011720461377
257.80225569262734
257.76501300655275
257.70359424628805
257.6530595885546
257.59635919354196
257.5117862980842
257.3707440393835
257.20560517973576
257.0752350292074
257.0296889180634
257.0648274456896
257.16748457005366
257.3214141226419
257.4607606763968
257.56282946665374
257.61303901727257
257.6094802223683
257.5285087579332
257.39144318420705
257.2083681850478
257.0053729498503
256.8832652116842
256.90166197411213
257.01917977748724
257.1904568119887
257.39861680043606
257.60288387607795
257.7033554718495
257.6464702487306
257.4946721881998
257.2975364095918
257.0479310487138
256.80190329267987
256.6782648483431
256.7330404877181
256.93270709375423
257.165139815599
257.3970216261096
257.6199397016751
257.7983916232867
257.94306749075866
258.1084402538352
258.3040931770772
258.5354938171091
258.7791245395289
258.98804322513286
259.17934231129163
259.3081531247892
259.3353540510635
259.2962791895929
259.26680742630674
259.2914232453932
259.3725487018839
259.49135398544604
259.55503684525416
259.4755575703448
259.252346151571
258.95754879293486
258.69026597275763
258.5231847426144
258.49346683673446
258.57525584348235
258.7541792378096
258.94021598735594
259.08936127537487
259.2219504813838
259.3211366846422
259.3533134780687
259.2874699807645
259.08544267607704
258.7694695466837
258.38789542402264
258.0004408475367
257.66181370959424
257.33174194431695
257.03831849986614
256.84998296900665
256.7481779100963
256.63562192343056
256.5305235206016
256.4327345953423
256.3552855551851
256.30737643433616
256.26766826732666
256.21174074483093
256.1315767276421
256.0310200780425
255.96037110921355
255.95482737918607
255.95358584203385
255.91798943846877
255.8813670705249
255.87455440374924
255.87418367363196
255.87869211552874
255.92419902392052
256.0485016745746
256.2714603411157
256.5723177802317
256.8423623689138
257.01531245511217
257.175872908001
257.3678352683329
257.52491415154884
257.62199838779355
257.6628667301371
257.6522607936121
257.60806367236006
257.56546383794944
257.56111215930474
257.57528933564026
257.62842615708917
257.7289918037687
257.86391424384857
258.01644959624525
258.16275755411925
258.2990450361536
258.4265152718232
258.4872267250147
258.4488500621488
258.332469575488
258.19756964655323
258.0438387915169
257.90274367963804
257.8136325095372
257.8216745892124
257.8617271721431
257.8471961121674
257.773805645267
257.69095915386856
257.6422589889071
257.6623673348381
257.7429789382445
257.8523205662244
257.94921779857765
257.98343373503803
257.90790875033355
257.74335320390423
257.5458302799302
257.39838238729794
257.37404026056254
257.4442878226457
257.5486120415501
257.64291910562815
257.7590432304476
257.88005136271573
257.9771312001976
258.05509197443683
258.11040107442966
258.1779744218418
258.3053136615017
258.5093761475463
258.73197726381153
258.9316788851273
259.0267483449498
259.00019274269164
258.9577254242787
258.9749725156831
259.0240511123399
259.04024332455907
259.00406589869107
258.8686924729087
258.68411084346207
258.52439231163066
258.39540135987346
258.27856471712664
258.132535071354
257.9719999396016
257.83054940242516
257.72612190503315
257.62248568676154
257.49138581737293
257.39035007619214
257.3522654824703
257.3620854538273
257.3843549855551
257.4633242981413
257.6102920608107
257.76899087778804
257.88009021895346
257.9335204520454
257.8833692742969
257.7031051153769
257.4098626594831
257.0502002415483
256.6842491938754
256.3758075411388
256.18827242883697
256.18333727605085
256.3540498846296
256.62567260778803
256.9218554096918
257.1513507353328
257.2423765720401
257.22407557941034
257.19199598336627
257.16461414562974
257.1162755764536
257.05658576832656
257.0334881438216
257.0902347875311
257.20503868745755
257.32488632004606
257.41896006557465
257.4981391887395
257.6167336163262
257.85185641921595
258.1599792528175
258.43046050163065
258.63241215724923
258.7608603217969
258.7786318275795
258.68265580378113
258.57260451362515
258.47338470463296
258.34936021147325
258.18314831475425
257.9949248809492
257.8408258969631
257.76708294700586
257.7710546938081
257.83806798417936
257.94898607152965
258.0378221233944
258.09571925629723
258.1921624499371
258.37567872748326
258.6209528016553
258.8501476382057
258.9724253476499
258.97643569634266
258.90133233213106
258.78468076609465
258.6197805165561
258.43105027330034
258.2865080338176
258.20630924753215
258.1740331194414
258.2222797871639
258.3223866658062
258.40907770650995
258.4476333474424
258.439579871153
258.3897205111805
258.2946710045803
258.1595867276052
258.0169114274581
257.89571045412475
257.75884192260554
257.58466855313156
257.3657193243531
257.11463993385007
256.86350503458425
256.57230366206545
256.30462889629075
256.1383768467957
256.0324108740866
255.98112334340684
256.0216990590875
256.1431077843425
256.29999801326096
256.4182969193559
256.4811189941606
256.50176655364646
256.4592265645192
256.38757550210937
256.3809984895507
256.4629321081445
256.5604421373616
256.58403178317786
256.56488043755525
256.5918205681089
256.6158972626332
256.593807936586
256.6112039128313
256.6996938843925
256.860359479369
257.0581555043594
257.1570608751087
257.0995252046257
256.96957640109014
256.8396807846492
256.66290594649246
256.4029413819628
256.0425130737465
255.67743317118254
255.43686431844262
255.36233033604958
255.4598243818112
255.69836806632233
255.99387407018548
256.27165079832173
256.5379923036458
256.76328559044174
256.89531934521665
256.92214355341065
256.8675135654806
256.7541778231999
256.5769055209083
256.3748264779132
256.2298153770623
256.1742696701787
256.20068606644793
256.3134713207603
256.4556253188059
256.5236322303829
256.53550353926425
256.5645273997832
256.59919906675435
256.6102990104217
256.5975852218551
256.56403115601665
256.54808888827154
256.5801189630963
256.6284419688746
256.64212072373823
256.58890658423604
256.5075599014642
256.4333446720975
256.33009225098124
256.2092076738552
256.11775145018754
256.07906264800715
256.07705199076713
256.09413579768244
256.15014548141073
256.25297581447313
256.38425715275673
256.5217609776912
256.63931594589275
256.75251225237963
256.909642120925
257.05097832528145
257.0852748153946
256.9505352164821
256.6784048194772
256.36936949937007
256.0805286532267
255.83501868671183
255.64592097485328
255.51558239924174
255.4142299027309
255.35801952972636
255.34992345690702
255.37496956220596
255.46864345539575
255.6174817916827
255.73679603244233
255.81384835244938
255.8859618978588
255.8938432480152
255.8260523315983
255.79445453025303
255.87388314677673
256.0154281067883
256.11261311210393
256.1495018133227
256.1925813382916
256.2858858509399
256.42393228976516
256.59480772763794
256.80904212615866
257.0773682749804
257.397052897085
257.74781991950545
258.0672677899398
258.34834177739486
258.5788651350273
258.7084292896494
258.7188198851257
258.6427972174456
258.50753363956835
258.3347121811737
258.152124130473
258.01290783230115
257.92145141783
257.90256599536997
257.9247067355353
257.9147175174136
257.85096154156076
257.7839374239418
257.7517822509311
257.77027148791734
257.81526360354405
257.8488445983119
257.86294077750284
257.8340224360249
257.75168841854753
257.64394960950204
257.5362322096763
257.4328918065165
257.28968593825095
257.0966006964687
256.9231479209632
256.75042268115504
256.6117139813939
256.5741223879586
256.66648172655914
256.7919039241077
256.8735441547233
256.8741352317558
256.83187953253025
256.76882718722675
256.66777305070656
256.4777656405945
256.2092761298726
255.89499797136935
255.60017479371157
255.41889328010677
255.39579420177643
255.4705528106964
255.6010989068963
255.8347609265092
256.174946544822
256.5565376001791
256.8972320816978
257.1630825264297
257.26484877736715
257.16962884371776
256.92846110607127
256.61960674072066
256.352193650502
256.1435366119877
256.0053112511608
255.96609111092954
256.06412168944166
256.26191501343783
256.48029317234773
256.6645213401331
256.8078813146522
256.89397617139457
256.8872689353631
256.89817520809817
256.9833034293388
257.0835009333569
257.1472764354106
257.184381719634
257.14572747397057
257.0356695948929
256.9044015981743
256.87105433098526
256.907522071759
256.9891102690595
257.15874053032644
257.3997819574046
257.6914655022707
257.9416734879924
258.14160175119054
258.29070206784706
258.3936018194268
258.5002823706102
258.7281620885213
259.1011271578574
259.5486833252431
260.00543429354786
260.35056064655146
260.49958729127206
260.4927833292861
260.41579869613975
260.34207868865394
260.2566107104145
260.035046534062
259.67308589923255
259.1938232903758
258.6092303651752
258.07732967318225
257.61407874536354
257.2318748885082
256.98825363196204
256.8518548200301
256.7727626352296
256.6515032079529
256.5487307526718
256.4987745829383
256.47422661506977
256.4462680000125
256.4384470055506
256.49776736452964
256.59143100314185
256.7725713939313
257.1379153649568
257.6327489941502
258.06715025437893
258.38105553103844
258.61446742228713
258.85682555590915
259.09509586730843
259.26029575620385
259.3208314169566
259.26697044447246
259.13037250173187
258.9263484417211
258.6786280374218
258.4330261434552
258.1819534757336
258.0242056430559
257.97523959768216
258.0436153737654
258.1629156197744
258.2784759473222
258.31843353999363
258.2750157735376
258.2256407704678
258.1495916544184
258.0033278463334
257.83003138196295
257.65743852546655
257.5429972910392
257.53319814918143
257.5748598581415
257.64012336716877
257.7217193158361
257.80852523370373
257.9039237877328
257.97000107552014
258.0208722333904
258.03393490177655
258.01667609949425
257.9940935648218
257.95406155224475
257.91094135084137
257.90521839887344
257.96193709245296
258.0336669916089
258.034262623252
257.9826859049086
257.96524549740093
257.97362788752616
258.00764973515345
258.07516129326564
258.1782508739659
258.2849722064998
258.35526733211503
258.41197124884064
258.5057805167499
258.58036019963373
258.5170914126796
258.34460686536374
258.1619601810132
258.01165492730854
257.8776678967601
257.7828873386819
257.7147589508726
257.61504256330306
257.5011958970604
257.4157659216743
257.4726388978998
257.69142434381496
257.98321289908466
258.2841179237315
258.5102653602232
258.70764876013504
258.93912968122
259.10025539886726
259.12454965322945
259.044980659731
258.88409720263104
258.670703331691
258.4656871960482
258.3133025860077
258.2172722733802
258.1391123060196
258.05176549328166
257.999124381374
257.9919491291968
258.0401544204194
258.0743089278618
257.98168684597255
257.79526596348376
257.6108447417155
257.4901398956347
257.4732762773425
257.53531242657806
257.60414908938833
257.6764573955111
257.8252546406665
258.0406287042213
258.2129980217457
258.31548141283025
258.40495278116254
258.51270183720044
258.6131215912086
258.65513870186146
258.65470386802826
258.58597127660505
258.3820720800746
258.09457037447476
257.88402308347594
257.80283348138596
257.83313986712807
257.8898930198365
257.90497034210074
257.8949374321828
257.90461500974016
257.96030769170125
257.9966712471183
257.9652138042467
257.92484277965144
257.92273624524785
257.958894597949
258.05015434779943
258.1816903329594
258.3163082499119
258.41060056794265
258.45525574491734
258.4426486080541
258.35950801595516
258.2277191453798
258.0845578664656
257.9686456644133
257.8377773809108
257.6868474421038
257.5699086672224
257.4605015002582
257.3668990255816
257.3341869754008
257.33616823963155
257.3092261777763
257.30024105398843
257.3633682799177
257.46783658521656
257.6030613089059
257.7781864404723
257.9287476088108
258.0469815231178
258.1740500302005
258.28591886772966
258.3813798156553
258.46721906876905
258.53029049794765
258.5025521410694
258.31848421198754
258.0291150023853
257.7751717789866
257.6599567790395
257.6438385678978
257.65654815892907
257.70082931870076
257.77488266604183
257.8104921787238
257.7907322228432
257.76112656561213
257.7489318329325
257.76950603792733
257.812977635659
257.8330810895067
257.8579343660698
257.83217680591457
257.6460717602961
257.3622317569806
257.1208730131423
256.9677516210259
256.8601321355299
256.76893963626475
256.66283166644877
256.54311130571347
256.4972439198089
256.5883398845442
256.74870159590716
256.88586629108136
256.95055283915417
256.9611668790968
256.9799262895676
257.0360777148228
257.06597656908565
257.0659667819204
257.01215802827886
256.85329496437845
256.64473577985734
256.49252839209726
256.496344332091
256.63197357624364
256.7773563776976
256.8851925328604
256.96476372966475
257.00140482492736
256.9820358995273
256.9132776748192
256.7922075598678
256.65371875145036
256.51326189340665
256.3680190711708
256.26210239719046
256.25517835946357
256.3449669285431
256.4560501410717
256.51973341165825
256.56815039354296
256.64774377984963
256.7655097585356
256.8695211219654
256.9622739896312
257.07264841701704
257.1945092400184
257.2955109202577
257.406889776187
257.52387317415423
257.6314935938218
257.7195375671139
257.78475118685867
257.8303098555647
257.82782661358283
257.79468035666275
257.78223491838696
257.7884271532778
257.77174735963627
257.67323151265606
257.5235008394718
257.3499473041783
257.1618872767042
256.99678871138497
256.8900797264198
256.8200416604609
256.7414882032469
256.6756459227441
256.6865230930087
256.7982720167435
256.9866320648414
257.169436379142
257.2952059594545
257.36361468498563
257.38413425365616
257.3691688120784
257.3477615718599
257.362080755256
257.4433867976346
257.54917806641157
257.62810559336185
257.6920066413313
257.7460250804293
257.7678247327477
257.7356320060414
257.70323383444446
257.70326236093933
257.6857350619824
257.5879724579559
257.4123058377788
257.25966145592747
257.19533749282687
257.220434277718
257.2861598726636
257.3408709886308
257.4272817942551
257.55807195338866
257.6476194041402
257.63742873591696
257.5572629065905
257.5121772355971
257.52989392828806
257.61452618649764
257.67696041322
257.68711802387764
257.74158351000074
257.85608368185484
257.9832310172641
258.12405139860624
258.2500761050221
258.3141816812279
258.3323402940647
258.3542281575054
258.37540937394044
258.37526319008094
258.34469175542336
258.2843442054258
258.21790956553895
258.1583662827168
258.142781461686
258.1777108205478
258.1797903922645
258.14445111102253
258.08241144210217
257.99266587524926
257.89791415545045
257.7922327795492
257.6972853876166
257.5528095660486
257.355453910927
257.1303231018535
256.9136221252139
256.7317941453383
256.5969428126507
256.53556561812024
256.54531001043387
256.6229938021693
256.77380602002137
256.92041132779076
256.9895459593606
257.0010725768093
256.9946925876905
256.96881405902093
256.9012627615677
256.84895961871723
256.8775980719151
256.9643670559677
257.04049295191516
257.0319389969324
256.9726619073232
257.0113967779091
257.18171047593677
257.40705999149225
257.64318818989784
257.92416469626374
258.2255905126971
258.48242100198445
258.71134811616685
258.90528526111314
259.08800348898427
259.2677028190023
259.39729169936913
259.42293360514986
259.34788658486457
259.1833614536506
258.9207350032902
258.56541591566827
258.2262865959881
257.9951539586167
257.81896367969534
257.608362736161
257.38633833536556
257.2108531492375
257.0802132709293
256.9465092571723
256.770780576218
256.5838451176857
256.39046749586936
256.2370036669206
256.1350659237933
256.05230151819455
256.00887977175427
256.03085679706464
256.11051939359606
256.18877330070427
256.1748069006974
256.08657618413105
255.98814753792416
255.94315101332037
255.99712092424676
256.11587603494655
256.2214883210421
256.2580273170922
256.24476438082536
256.24568921827847
256.2704132674288
256.25595991391174
256.238974138783
256.2556405085839
256.3063718859655
256.3482615240607
256.34724273519737
256.31090778669767
256.275952190819
256.3163925194546
256.4322852223627
256.5628412750992
256.63263081388334
256.6297473615949
256.6042350213858
256.53718738869674
256.4204563230096
256.3042130062182
256.2560399137172
256.2477871533766
256.23900438234415
256.208956234773
256.17936842874167
256.1888101837044
256.22501150907283
256.2557134174276
256.3038947921444
256.31936647977625
256.2660872229163
256.1922925788651
256.14556886236386
256.1302580706333
256.1942644530915
256.35665512550685
256.55533090603876
256.7463839886644
256.9562780834573
257.2117382805077
257.5135599624073
257.80068058035584
257.96770124393805
257.97294733129974
257.8442010937745
257.65168199201685
257.4530595263788
257.3200265475365
257.26922513298587
257.21669826069456
257.14928546294027
257.0736113429075
257.0435623356343
257.11597373477605
257.19220136689387
257.19995989075136
257.13473916184654
257.03527922542037
256.9488768272137
256.86005694576875
256.69496796040073
256.46516532309585
256.22054660117027
255.99538396354194
255.7570604207464
255.49836470345946
255.2727123314537
255.1148884621624
255.02237018811792
255.00139153906636
255.01857263038812
255.08213518097045
255.20042687675613
255.4210283775065
255.77611946789517
256.19311683337486
256.5700055522964
256.8566883910273
257.0452127544455
257.1472188851963
257.1990106926021
257.23258871109306
257.3056627550145
257.4841586735158
257.7841155448593
258.1893845459754
258.6316989244673
259.06647115917747
259.5484541171692
260.1478238471489
260.8104969321056
261.3476321380107
261.5485666854971
261.3781743272793
261.0401524648721
260.73586302812737
260.5201255977997
260.3580140051498
260.1059230833819
259.67575954804
259.0843403539127
258.42933396385274
257.80580606792387
257.314019314435
256.9553799963145
256.60127452781774
256.18044655911507
255.74191598114766
255.39539811347046
255.2152329825478
255.17239317327818
255.43673532696354
256.34600648625803
257.94882476372226