302.9237997204078
303.5984940047954
301.6341328271219
299.78581812187326
299.78064117043544
301.32018067756724
303.5902067490399
305.78812835511565
307.54882536805707
308.8344633052536
309.75023806493317
310.5494079422787
311.46176849155995
312.5766985929951
313.8335995389338
315.05480436857135
316.13834654098
317.0852363521542
318.031272161815
319.12795290555016
320.37008336539213
321.7023673813184
323.10484529422746
324.57995401600044
326.06918377785814
327.49342047479894
328.7916041551716
329.9029986162264
330.7620066836258
331.4604472460862
332.09665961476105
332.6841909141283
333.201613078323
333.70671630872636
334.27903511391287
334.9468440279703
335.7180612641238
336.61810944531794
337.61532755408507
338.6477126194132
339.6436810808797
340.4899791076612
341.1043172446482
341.473706062379
341.5641632140413
341.4714678258133
341.40641115722417
341.48363652687635
341.6990342551352
341.96973291113727
342.2601036767891
342.5679333917541
342.9051263013884
343.2945946160388
343.7786787543465
344.39504848248015
345.1362291503842
345.90437255731996
346.5887137753153
347.1229255222031
347.5199546050577
347.811706852758
347.99240881277467
348.06775534502896
348.05774331666663
348.01371197110143
347.9601251020442
347.89335106832283
347.8279881260813
347.76016513137535
347.7156805937575
347.69878226725746
347.76697650934875
347.9486890377088
348.1362337782102
348.21875917273667
348.19808859695087
348.0967192852326
347.95168140397124
347.8075690165246
347.67974661244887
347.5370699563609
347.3134792462999
347.01891079495124
346.75127434231507
346.5982854056164
346.6730000121721
346.9549372835709
347.22612684325446
347.412708064934
347.4636816973226
347.3861139273524
347.29645346686675
347.24622387630893
347.1478417535695
346.99609424608076
346.8632417903592
346.7320410247024
346.6448283837728
346.6165273436512
346.55033170340664
346.34070253002574
346.09011401302257
345.9475383171806
345.9852346018249
346.1651988634167
346.3960630223573
346.6082281829921
346.8672092782254
347.2714216978859
347.80809360218535
348.2551746931381
348.52181531968296
348.6936237792029
348.8291913314479
348.9101610443095
348.99706496011936
349.09648484316796
349.20192576382806
349.39300961467137
349.72429385906594
350.178320727797
350.6580004742558
351.06507309879527
351.3332260924629
351.4845036050857
351.5676697253874
351.60858903159954
351.53963631353867
351.3589153292851
351.1325130854127
350.91831484111754
350.675902956172
350.4212933923359
350.25223495000944
350.17751670974116
350.1623875760039
350.18289266808415
350.2370188173642
350.26198168949645
350.21284618417803
350.07961740246856
349.8539819818941
349.5112004115204
349.11879147678644
348.71138865344585
348.3090569900302
347.9737321604769
347.8118582957941
347.814421374105
347.93872145585567
348.09777042245867
348.2084831188692
348.3132686337134
348.41098380082803
348.4576416360617
348.53211433708003
348.73717188418453
349.02236238970397
349.2411143471497
349.378121796508
349.5315994780391
349.63839489119846
349.62304432221504
349.50783296972025
349.33570812933186
349.1802923069986
349.12075880798045
349.20500311641666
349.33610999830717
349.3728120091454
349.28551927201755
349.124283006133
348.90311171073887
348.73927168021413
348.7186014216337
348.8761700060777
349.1195879981978
349.3533855933453
349.56621731460297
349.78578404978083
349.9860113073226
350.0879421320145
350.06672497734735
349.83788926546003
349.5232604233063
349.24481347969135
349.0134490656231
348.9273453060727
348.9790850129023
349.0330822505216
348.98827854310383
348.82988369623877
348.575019952969
348.2195684259943
347.84181280978225
347.54577900939245
347.4883075171403
347.6178384888028
347.7915424625724
347.91817750431983
347.995125890744
348.08487153106324
348.27270666220113
348.5620425369396
348.8175234995001
348.96412416058195
348.9979689845609
348.9866630877001
348.98131587241534
348.9128886631763
348.76038348712206
348.547889651815
348.24551602966073
347.8399094384589
347.4471664244629
347.226785621755
347.27562630162237
347.46090926981327
347.5785688644258
347.53179390024064
347.4022746136812
347.2817958457546
347.2520601519921
347.3541340417541
347.536775048663
347.73309422053796
347.9216799286352
348.1360385031514
348.36418438461556
348.57713815961483
348.76404722350804
348.8925764334284
348.90385588153487
348.78733485865666
348.65205412863247
348.66078400214167
348.8494256919258
349.13398074692316
349.36840670797517
349.4635856748884
349.36390484924254
349.0508384140927
348.5779338194895
348.04065212507743
347.5520345545947
347.2156828316545
347.0960295342432
347.1205299479746
347.2058963427657
347.2809630913106
347.2908167836428
347.23781730593566
347.176863444204
347.20370269657883
347.3984756627758
347.7457696361631
348.07654346595007
348.2555596779066
348.312921616973
348.3384182384167
348.3636511719526
348.43373281342934
348.5134723702639
348.5342087277027
348.51909395398604
348.50971000290366
348.53810541434365
348.6764765538951
348.9288912741571
349.28486603415877
349.6491997510486
349.91489628994674
350.08972278273006
350.1971276746788
350.2346944814384
350.1492957547441
349.9397400115362
349.6610888058985
349.39335677720356
349.23673792445686
349.1958305240113
349.20540108823354
349.25054620198495
349.3318576443527
349.4643290826461
349.65751212960936
349.87656279207926
350.1143362124081
350.351467772473
350.5228668838001
350.6223573028621
350.6961009011178
350.79517198177183
350.89946786332183
350.96488907492096
350.97198032147827
350.8771403940665
350.60895102083185
350.2234430479273
349.8351033412471
349.4485289911424
349.07122224125965
348.72578597618207
348.43794511639146
348.2362347766252
348.1183812991735
348.0583945067586
348.0461855826808
348.09085149739064
348.19910901114235
348.3364489087292
348.4716609085618
348.56928333453664
348.63343587058716
348.68488268528506
348.7127592097116
348.67879235555165
348.5615615247245
348.40013192348096
348.2521947148302
348.15981402397045
348.1068525833799
348.0350178209693
347.85182795834817
347.53449467614166
347.20938605158847
346.99227607474137
346.9397012071431
347.0674670020169
347.23757451268307
347.28998677188594
347.1964131643485
347.02378899316875
346.87857132195165
346.84973516536274
346.961883354748
347.15397784035747
347.32459076610843
347.4433225589423
347.5543292648296
347.7079128812677
347.88122525932437
347.95897928656944
347.97663057183183
347.9941374070612
348.06873078065
348.1391894281262
348.32279886440267
348.6424741534791
348.9960410397084
349.35471387896683
349.67258754751094
349.9589417033138
350.19857298850206
350.3277748182164
350.3212253817861
350.2321486910931
350.19900978061366
350.1941135882222
350.1583253349143
350.02559654164156
349.7843652390144
349.62738983212057
349.5882592623118
349.561699505491
349.5162731762485
349.49854053314453
349.5952433470081
349.8982677860466
350.2727560264192
350.6370946263618
350.86216716759213
350.9399656640656
350.9202940519173
350.7292074289894
350.4153601629172
350.13005595922345
349.8772473496863
349.55371738729343
349.22388813802473
348.96535912280876
348.70096336442543
348.3331915975729
347.93058539526317
347.74291485594847
347.8567976764388
348.1162353147526
348.2919425274205
348.3465867798121
348.32528795558716
348.2577810758567
348.1499527253467
348.054210923833
348.0556375550748
348.197209175427
348.4503563485226
348.7062913463914
348.78617718837404
348.6646926992323
348.42535412851316
348.215023613324
348.07258778299763
347.9535996337511
347.9648967070595
348.0340374106538
348.05559206423936
347.9752686706951
347.8331237882058
347.68084867851235
347.5185446109859
347.4155676798451
347.40516815662437
347.4691384482585
347.66754301065043
347.91557804185106
348.1368956865705
348.36485675456436
348.6360486680318
348.89853124101745
349.0982480207329
349.2935279466735
349.4871595105848
349.6641582277
349.75898981177636
349.7267566681651
349.5740184937502
349.33220669830877
349.0596327080287
348.8606681325959
348.8224542794445
348.91264387837276
349.04235217456466
349.16159008219535
349.1687681366708
349.07643919929467
348.9405192126497
348.7940207183844
348.6685790702461
348.56898532680395
348.54662244218446
348.6569428344058
348.9204740052713
349.3140240647546
349.7824623104692
350.22124871195683
350.4799248945269
350.61799159979154
350.70022231356575
350.67742729181646
350.4708341699626
350.17530487579
349.96045543667
349.79968132403985
349.66748431009796
349.5465623992435
349.3676620003662
349.17609336457946
349.11864588639287
349.17057836021814
349.2593034182975
349.3804052515506
349.4397364199787
349.39090412438634
349.29681961496823
349.17475021240597
349.08788298987105
349.14711546609095
349.2547918922139
349.3369985461902
349.35694214494487
349.3065311094602
349.26705204152177
349.3118957055673
349.4408187449733
349.5904082172865
349.65170850241986
349.6805917490325
349.68613941805734
349.69980803093506
349.71744569125855
349.6718885361911
349.5969942611297
349.5044975659575
349.4134053607592
349.34211932262394
349.2810752148024
349.24029652621147
349.2722444461659
349.30180054005496
349.25146344648107
349.1113952651115
348.87336940895534
348.6891507966517
348.6504287635668
348.66277907337303
348.6061430194053
348.50109319014103
348.50009645262634
348.6058807315335
348.6393364622848
348.5819682632653
348.4963189746427
348.4033258636181
348.32226318631785
348.25960034204167
348.15306648619134
347.9802215076023
347.8956406976112
347.9596335279605
348.09860705100846
348.1855768570032
348.14809437802455
347.9774766444726
347.765337788421
347.5716089003089
347.3414591558549
347.12600916203724
347.062253489601
347.1528517120407
347.31945366142196
347.50710674257186
347.6033703891182
347.5421531362714
347.44997733345696
347.3913624822327
347.32563320175007
347.19457578039135
346.9916313828551
346.8044792214299
346.7077608479786
346.71402740341046
346.80665500436146
346.9357477744086
347.2024773378537
347.4912414342474
347.7055213205191
347.779794735429
347.67570315780756
347.49566128747193
347.40170157752755
347.492441603945
347.7136583837297
347.97878764388406
348.2019699559846
348.2574683153591
348.2464473499663
348.3763502429725
348.72176409236255
349.1536118237668
349.46899279369126
349.58251511304786
349.47846445095433
349.2718399866182
349.12144037019596
349.091580893233
349.1462922236324
349.24691231618147
349.4256972914802
349.67301451068465
349.88145618035685
350.0568730197705
350.2012506042953
350.2809034337592
350.2858936627748
350.1732877413949
349.9181528796221
349.57734781470145
349.1893458363949
348.8783372100572
348.6797028834103
348.57419374076756
348.5282057653454
348.4621475655169
348.37916849778907
348.2559386055209
348.0277413743297
347.7627368580585
347.5390417715029
347.34156140989114
347.2433884506038
347.271048583299
347.39387347039604
347.512686213759
347.68045387364003
347.8086561509617
347.813854152649
347.7719937141442
347.78377308859564
347.87282791560335
347.96313345765896
347.9514219342441
347.82635578913386
347.6156269019712
347.3722390367873
347.14143513125146
346.9148902308508
346.72335069786755
346.60188456222954
346.5390825706213
346.4698274822287
346.39107528578245
346.35173997642704
346.2954974617852
346.18590171888707
346.0577438581664
345.9572733065225
345.87133855075
345.82617579536037
345.9104572519014
346.1500542617712
346.54939439202417
347.07266839666096
347.59254814664735
348.04773037785867
348.42227489799006
348.73010755160703
349.00739301629324
349.2641894020343
349.47848614097273
349.6852029626749
349.86923811612684
349.98246303677786
350.04658916000074
350.0642133449293
350.0384424817632
349.9229129918223
349.7551583141538
349.5962341018636
349.4835664645465
349.3960746732887
349.34925287757386
349.30007185568263
349.15955422306536
348.9324153505237
348.65359440695397
348.38976736970443
348.2004315444891
348.096300399636
348.07386828521874
348.0929042712986
348.1118608144592
348.0984425447375
348.1066521995118
348.17025091038624
348.32219191305086
348.44657000146026
348.4280217429472
348.2456058577731
347.9690630881482
347.6919100530964
347.4442612789156
347.23082755753364
347.0206533984667
346.7546742062558
346.46910649371296
346.3031844721935
346.3074395864359
346.342434462161
346.31611925139816
346.2776802872228
346.3147910525775
346.4354807726882
346.56191460261516
346.5684414961372
346.42206247102456
346.1389574420357
345.846487858586
345.66408555515653
345.62310109527687
345.69529463018034
345.8344771501402
345.96482971381806
345.9754106113095
345.90683731767456
345.84175688507224
345.8400870820457
345.9257690181779
346.0223760984462
346.0265308950083
345.8738757039632
345.66469635246824
345.52666377690736
345.4564082873774
345.4511008962269
345.53916952514174
345.7020763711965
345.8501446530289
345.91346526738744
345.8613747591452
345.74118713051666
345.641053110036
345.6388834895593
345.7477260716851
345.94638253234183
346.19416712038037
346.4565073719533
346.67434734548846
346.86018848821584
347.093588373856
347.38532033081276
347.67532560023943
347.8555458464783
347.92720974565987
347.90660902666264
347.7876910312785
347.6763990886171
347.6071989475389
347.5462039807247
347.5324387988696
347.6522813047462
347.79885974016247
347.83261960213656
347.71967811239165
347.52424471000216
347.3651575813596
347.3140092062731
347.34161333804354
347.43210183011905
347.5410769564164
347.58437667901575
347.5441637259474
347.42960044864964
347.2668947762963
347.12577470327244
347.0506538644857
347.0276195450318
346.98998583219293
346.9240149479069
346.96279083396405
347.0636668392641
347.07661095464545
346.9747511562136
346.711149329827
346.26704978097433
345.7197730196779
345.200523906894
344.825027880908
344.6516942389983
344.65576978766086
344.78165916878936
345.01040249871585
345.32921599936856
345.62829882769233
345.84584582125717
345.9939356587199
346.16280183380275
346.3568129334379
346.55286042518316
346.7606301700835
346.9952374895041
347.2668166320161
347.50341627735156
347.71205548842346
347.88468201992555
347.9747174478542
348.0258933063236
348.06416863337904
347.9985159906959
347.8505770382837
347.6747401959369
347.47068976373413
347.20708631525525
346.92142617455363
346.75533127266704
346.8139037749519
347.0300131076656
347.30354091050265
347.5120369301014
347.5995242217238
347.5986947785941
347.5567089004088
347.4954052539224
347.4111598859226
347.3469648334916
347.29732673540695
347.2886564771518
347.4157254945493
347.6491453563975
347.965622343444
348.31985430037145
348.56466495886303
348.62414992886505
348.61301722857627
348.60273530279756
348.5629690822048
348.44290080766586
348.27329702631516
348.02554689008974
347.7729372323414
347.62350086745096
347.53149105499153
347.40912614604827
347.2347751043858
347.0573986495061
346.8484176129281
346.62009211118925
346.41218146027865
346.2164685698426
346.0650945360405
345.99315944234127
345.97720998397966
345.99541180649067
345.98673697209495
345.9453321534034
345.90819123476194
345.9132854573789
345.9486159828891
346.02843762089816
346.1024952084787
346.1703180294826
346.2547633131753
346.3163859105675
346.34270475008674
346.3838611889443
346.4440354029231
346.4403518412513
346.37539862321967
346.34539317711244
346.4130322037191
346.5362746273161
346.63628651472766
346.65703446670886
346.5751691841218
346.4528740353749
346.29923332377876
346.0777270728997
345.7822352378568
345.5187289738504
345.43504693673526
345.58526432947366
345.94067495542697
346.483721012454
347.13693052892995
347.74847528941825
348.23058884609054
348.6315763130426
349.0449990646248
349.5440102333703
350.1314875287333
350.6612219000123
350.9835521919735
351.0908097962621
351.0505496999386
350.94893816312106
350.82401987410555
350.663237241208
350.4214164786797
350.1282230678381
349.8465073004228
349.59453878131404
349.37166890560076
349.1817722245436
348.9445339084448
348.59725384189966
348.1433232052934
347.7196037066793
347.37454395848107
347.09688901288473
346.86313122001627
346.71978187824243
346.7448808907639
346.882310721124
347.0600338355334
347.15522902905525
347.1392139445118
347.0551341229153
346.94722464791005
346.80647517150027
346.67802063917964
346.60596140264056
346.5711823049536
346.49376373410445
346.3021352987507
345.9896315251834
345.58093380135614
345.1760285454495
344.8440146469072
344.62485158574714
344.5016759522617
344.42295817377243
344.35871582207983
344.2889379218718
344.2457497886519
344.2576737106107
344.3623602342157
344.55155284487057
344.8218504869931
345.1785039706365
345.5444450398573
345.8429995266161
346.1007483905802
346.3436624788232
346.631555845103
346.91694247640334
347.12998947681115
347.31685646941116
347.45498970489115
347.4815121289336
347.39479413913176
347.21437537147284
346.9812742985089
346.8320471930408
346.80667623159087
346.81156689663226
346.8083679089916
346.79251492728065
346.7572057145657
346.7728714163585
346.82104994785357
346.84281610319135
346.8023937961981
346.6994511914716
346.53446398375974
346.32467377884666
346.10308009473573
345.9323994589539
345.8276785985837
345.75769603576396
345.80051776449545
345.99979833759306
346.3185494626301
346.6072010995868
346.77628023180534
346.9019587332605
347.0333852874832
347.1858624188918
347.4110228527934
347.7269673504341
348.020709553629
348.23800195408523
348.3669727986065
348.45639133794464
348.53431470152384
348.5931208548166
348.6349865569031
348.69856584528685
348.82902359247964
349.00283313848917
349.2167368790024
349.4642278925674
349.6705441630615
349.75825813316897
349.67293837387695
349.5071642111419
349.4090133973765
349.41357503123254
349.4484473381336
349.4889410933824
349.5308873136519
349.4891456810572
349.35925835909427
349.20153672646387
349.01422781956705
348.8634724769055
348.8693114882343
349.0007216787902
349.10686783445635
349.09820678458607
348.98487837736906
348.84446804044734
348.82041382289157
348.8606312030366
348.90202073722804
348.9186418747247
348.9388862381677
348.97526424008674
348.98971094530276
348.9859660730016
349.01756930560794
349.0811469835686
349.11812541191114
349.1028454481501
349.08106301299006
349.06502694750964
348.99527115668525
348.88413302652043
348.78599001987334
348.69003541138864
348.6087762271964
348.61866230461305
348.74754113420585
348.99309041718203
349.3097167889497
349.6053430565134
349.7553151521344
349.75107468525283
349.65915879026295
349.433247739204
348.9917170173625
348.31552385081324
347.48562082800123
346.7482783531425
346.2706188437432
345.9937271175326
345.96964411751765
346.1304621610212
346.324676710287
346.49349800751247
346.6210861439905
346.8144889670665
347.13480122464887
347.5177396105494
347.8081684428031
348.06846584553875
348.27464644246044
348.36488599262304
348.4113219011777
348.50996086413625
348.6845088897391
348.85247945736234
349.0016966990968
349.17422172532565
349.3128715425257
349.409124790555
349.4587160165654
349.43863497616604
349.4081815044707
349.37532418614154
349.3268831617456
349.33034258509775
349.4163478510089
349.52712685058657
349.57447789285936
349.56062891630205
349.51042416828625
349.51966926531355
349.6800366127695
349.8827597310284
350.09136125385817
350.229967745784
350.19343419803283
349.92437758046697
349.58279236730874
349.3664615252719
349.32071880346825
349.44698146925435
349.52864021444253
349.3999179639064
349.0746758262634
348.6722175063853
348.352502178349
348.19672245710007
348.2089321362481
348.2124132608702
348.141506032993
348.08236428089293
348.1000747304916
348.19512557860327
348.2698508044523
348.27939344137326
348.21927789903657
348.0974976472991
347.9479284743768
347.87509851472447
347.9023777053279
347.925614077793
347.95897069368584
348.02022791672016
348.07239265288626
348.17847105979365
348.3944884308128
348.6321747842406
348.7648842708194
348.8223587721609
348.87720803127434
348.92210348185836
348.9374193090986
348.92110671965395
348.8928926162234
348.867042118424
348.82074721215326
348.6739976794179
348.4514085023402
348.24495552108965
348.06825933287655
347.8459798986459
347.59131930627666
347.34472031940766
347.2038415690041
347.184566167254
347.28183104823506
347.49911467770886
347.76844955474274
347.9971884763694
348.17120256985993
348.3859318300107
348.67998701859665
348.90020482288185
348.95837748229445
348.90236543554124
348.839938909172
348.77184815622303
348.7749859243023
348.92447922320105
349.2213156399766
349.551070193126
349.76537642367816
349.7964925429736
349.7278151107751
349.6223033588206
349.46162628254245
349.27315443680743
349.1381474387125
349.11033312978043
349.1263991998396
349.10583860000503
349.0296293409389
348.92549305151294
348.88509429594205
348.9664530735315
349.060749064476
349.0866275487864
349.1279712072571
349.16537578091106
349.140322454021
349.0975368199637
349.0244940853178
348.89329289471226
348.77121035505337
348.76475961114426
348.91641887742253
349.153379146229
349.3909471300443
349.58888284833716
349.7448878224718
349.8770105760468
349.96921723951294
350.03705520329623
350.1151978988838
350.1691474709253
350.08898371319424
349.8760976483744
349.69338399204014
349.63928956548057
349.65586021761413
349.67673148295205
349.6238467552279
349.49818022367526
349.3866561457462
349.3320512776481
349.2969998394511
349.1710590332219
348.8967700497003
348.5084345280834
348.1139266399973
347.79300263027693
347.5482870161318
347.3289347038827
347.17133180136307
347.1660235002197
347.29004488966274
347.50459413193
347.7674656629738
348.0736607074845
348.37986045655055
348.60531309678277
348.73602716938234
348.7647769064057
348.82487257618106
348.98267774616374
349.19693811786556
349.40192313787065
349.56322257986574
349.7182150621901
349.93192953407686
350.1196415304827
350.20010964502234
350.15279804661196
350.0628066943762
350.06087583205175
350.14398281576996
350.3331711410677
350.54998815570707
350.66038200017147
350.6206544124882
350.4625361449799
350.2686043815729
350.1179321655358
350.0388119748689
349.98056050281207
349.9586764065718
349.9465129622888
349.97394193630504
349.9665872001916
349.8671442272431
349.743900782399
349.7029566507953
349.76039229457217
349.8858416738548
349.98647956831746
350.0278374292515
350.0154134755761
349.98509272484966
349.9272821201457
349.8140506723657
349.5586422696342
349.1167100385991
348.59284118056917
348.20751351257616
348.00061092996145
347.9227102990518
347.9632749005487
348.09164371450936
348.24752413092494
348.31430788093087
348.2876797580663
348.2241696472904
348.1865766487036
348.19713438376345
348.1803461638097
348.113250990443
348.08603008409005
348.1801583873797
348.35064921193236
348.5310049756577
348.6905234359799
348.79749946782204
348.8650950566
348.93290103223865
349.02330253450594
349.09614826145014
349.1524427169739
349.13890982007257
349.0255248805489
348.89742306431225
348.7561932642137
348.5433626669645
348.3122976477405
348.0953676237548
347.9187595351416
347.81387400386814
347.7479806769084
347.7353356275634
347.7566064834122
347.75910789005314
347.75819446507774
347.7487978775371
347.7573703469902
347.82272112275484
347.9008915717877
347.9775405232733
348.1167102342631
348.2712002268138
348.41150705524063
348.6043396530134
348.84114028610054
349.0752384280174
349.3135229867547
349.55430693681103
349.74265727096235
349.81394486249707
349.81334903045956
349.6825145805965
349.4514760014507
349.1528977013633
348.88600285308735
348.7570956729726
348.77243472060826
348.8626504537232
348.94819983649097
348.96924152828694
348.9126210388858
348.8538183201878
348.85773367940135
348.89551737148133
348.9167820858197
348.94717812494474
348.9622213118242
348.8682695243901
348.73327351677176
348.6508699863232
348.62089999335956
348.6713606956689
348.7957263292182
348.92652732168926
348.9965543357208
348.95979480288366
348.8527431494693
348.7503221390933
348.7366714568408
348.7927912614149
348.85811157922876
348.9165864730072
348.9317512789864
348.96856458857167
349.0880094583514
349.231794503173
349.2979827754036
349.234494464763
349.1132825370755
348.9981679359668
348.91862128116236
348.9671020774362
349.167900271437
349.4688954597634
349.8171450330084
350.1625464824601
350.51173471379286
350.8159068971595
350.9824457239838
350.9943224343981
350.89978307404067
350.7176667028642
350.5257172329944
350.35973688366846
350.214834446165
350.0734064212873
349.8328210364924
349.4859302816768
349.1658479917183
348.98770571575324
348.98018173520165
349.0440168622216
349.1148825679096
349.17114980385173
349.1452994303803
348.9648270524594
348.6935072131379
348.4857887440452
348.3592483073022
348.1987879418666
348.01076999761705
347.8763122517318
347.8435097456349
347.94915552100105
348.11082526191365
348.1872941131526
348.1653886095924
348.1166935252472
348.11076609549167
348.1728840474973
348.2786006097349
348.38316751790893
348.4526406627141
348.5038014107092
348.5381262151499
348.5433632014764
348.4878755069003
348.387118006846
348.3135566696957
348.3772096516374
348.60147008609596
348.87390624058884
349.1224458506288
349.3012188704223
349.4116755645742
349.42284678148815
349.3754389556993
349.41389026370854
349.52397913254674
349.63637734526594
349.7557235711468
349.8711536365993
349.9576476048783
350.0131008638673
350.0454778522245
350.0041738669273
349.8870042654727
349.69301284025516
349.42445201217794
349.07168976227933
348.6612907530535
348.26122168981783
347.92871156557555
347.7063066056367
347.60328897556695
347.57785666485404
347.55662011492007
347.4755994990061
347.3238298800409
347.13006178189977
346.94659886540825
346.77758427691674
346.66345769684136
346.5805188591147
346.46875348795453
346.3467253343773
346.2625090411478
346.20565193540847
346.1359462389341
346.04688796928593
345.9275206622225
345.79142812714315
345.63354173265463
345.4060072976136
345.04888640238477
344.5724774790987
344.0477098386576
343.51496812267555
343.05681525770484
342.7509949789163
342.6726202301089
342.86775224369796
343.30134270217354
343.84211250447277
344.39090207044813
344.86447826894977
345.2673753974341
345.6404903647433
346.0738587197143
346.5877730292156
347.1228990200152
347.6502706273795
348.1701682580848
348.6847301240463
349.1633070215047
349.5349855257098
349.75333369860795
349.83437818223615
349.81317182887733
349.69284718233405
349.4740960847106
349.2142689409454
348.90865001381235
348.58778971435265
348.3089531977568
348.05901024649364
347.7482911150589
347.3376700828136
346.88693643666255
346.4886672686963
346.20685039701004
346.0672089526143
346.083184047944
346.2335996505125
346.4041841945444
346.53942986994247
346.68965619506525
346.8560268860125
347.01671575144724
347.0895558932297
347.0607411918995
347.03605691455067
347.0959585461118
347.2105957985231
347.275435074195
347.2264496948583
347.085406896107
346.95492672663306
346.928593871093
347.00269845194066
347.0739736928395
347.0764493068756
347.0470416315846
347.06101949214303
347.20593910683385
347.4328827126503
347.67254451297697
347.83824460483396
347.9023001222993
347.92148531122814
347.8846882865083
347.8175043145553
347.7954143482405
347.8401838271201
347.90767836554437
347.9378198913778
347.89165796561844
347.7661534104871
347.612969269677
347.46600175466745
347.3504775352782
347.2850200920692
347.27414818442685
347.2960520897529
347.3009945978585
347.2542249131276
347.1189694361985
346.8822787555102
346.5649989069337
346.2157222420914
345.85420374411774
345.47517951857475
345.1453171003518
344.8880417944945
344.67283598669775
344.4873149809116
344.3034025465846
344.1179270588083
343.9460226656157
343.83000167903435
343.8200826472179
343.964701009846
344.2443011738127
344.5960109265603
344.99812833645774
345.5073371112659
346.12099565029087
346.72663184057984
347.1977486024815
347.5368293900098
347.8820041883067
348.2804995233681
348.7043706623169
349.1581851487147
349.62384451975174
350.0528292740088
350.3761612044994
350.5300933277438
350.56292290758915
350.50404380639156
350.2591030998295
349.85423806814083
349.34083657975634
348.8231097881377
348.3992666078674
348.04234705327247
347.7347798174564
347.44216801842646
347.1345537027883
346.83073247313456
346.5863750469771
346.44809225238606
346.4414176281033
346.522406066642
346.6391785131559
346.736419420401
346.7337696841082
346.614849942765
346.5172370669654
346.55678008076154
346.724243368831
346.92967901971963
347.1025881480616
347.2677402853426
347.499343214461
347.7946648782945
348.08231968889186
348.2380904114453
348.2155846960424
348.1352872939457
348.14901470995864
348.29398630255207
348.5054000353302
348.6298603136538
348.579598144746
348.4666004466516
348.3972181668726
348.3851690172851
348.40694776434543
348.36753561443726
348.19788600753276
347.944707215637
347.7015187425262
347.5012912164184
347.3168446517886
347.1417912614906
347.0003960204193
346.92775133339927
346.9467186389233
347.0855658370618
347.30015407531204
347.50947594638114
347.67932001534666
347.825733367003
347.96358521575183
348.06403186443504
348.1122358746096
348.05369915502456
347.9304488629682
347.7670082991416
347.6010000249096
347.45829078226683
347.28548559382915
347.0137348897151
346.6432248027712
346.2133371484659
345.7833365982855
345.43152963290163
345.1727998296833
344.93327120993825
344.7417650377951
344.6321285591174
344.62829322407805
344.6764677695928
344.65606759554305
344.574442418956
344.5178402071197
344.5162651264382
344.55731793145054
344.57803323875976
344.54668921784025
344.56010421515924
344.7583807078114
345.0167692492735
345.1851339286778
345.2521276882984
345.262080197584
345.33555550822405
345.5536371331381
345.8743658376073
346.29682751215773
346.908132969785
347.89474541658933
349.3306387923409
350.8619335390101
351.8602458402081
351.52303843265145
349.023642868572
344.569316687694