184.02196516404786
187.56056891489354
187.72537225213497
185.64803311720743
183.58578004988127
182.0521312562247
181.0439841324233
180.25219929307715
179.4763971668894
178.77818541567922
178.22092731743885
177.87679634281415
177.73790029188112
177.70847781533865
177.7744736625936
177.89243398226822
177.988458733005
178.04109383738174
178.069250238306
178.12980139283536
178.22487132974666
178.3183526955626
178.3714419974828
178.31955221531769
178.18695504954204
177.99550910035921
177.7269704003322
177.40872405770781
177.0359393292664
176.59408876688437
176.06526880191325
175.48544555445048
175.01362151033356
174.75588699678326
174.73383962865196
174.93479736141083
175.25150395444786
175.58891301491855
175.90675054228535
176.13327787840868
176.24555037077175
176.25931910631402
176.16711731374528
175.95143709685544
175.64366471437648
175.33457914915286
175.02461217460785
174.70244746161995
174.3949295558533
174.0514453454449
173.65651951636815
173.2771407248722
172.9678249330326
172.7660943048775
172.7136638736015
172.79392112380214
172.91498994174967
172.98216549720075
172.9533345629003
172.87204051789183
172.8076341196166
172.7866176659111
172.80192830381648
172.83938968791995
172.914392297305
173.00496758393186
173.05466331775887
173.10491402923338
173.16605552963864
173.24852911238986
173.3716957785704
173.46876996254954
173.5173408485632
173.54110095200912
173.53523186577547
173.510297804273
173.52952642899828
173.63326545831
173.79472060752892
173.9448067125999
174.05631373175126
174.17330014267563
174.3148114740215
174.47010936167462
174.63482887601634
174.83618443431254
175.081245196346
175.30392109727106
175.4972035850307
175.67942395147003
175.83796154405857
175.9377217898106
175.9310689131118
175.83551560061517
175.74362476799024
175.69460391410945
175.61786193537992
175.43165695432407
175.1556711694194
174.87706286288716
174.6397090488211
174.4229208284263
174.23044685467212
174.06404546932345
173.90724952628094
173.75696841974062
173.57909593197172
173.36380092559048
173.14972138308855
172.96250554794477
172.80668945795782
172.64943681568892
172.45419241175472
172.27038591550803
172.115106971882
171.99030218748587
171.90109174610296
171.83731168086922
171.84305244764474
171.92787834777576
172.0459916722131
172.181530691121
172.3100068840383
172.41086646193315
172.5244089097248
172.64438309969984
172.7355672052692
172.81079105766165
172.8859723071344
172.9554629858702
173.00232747368366
173.02123067720436
173.01374238238827
172.98063717672358
172.94773707236354
172.9493077322495
172.9834852936804
173.02392189823837
173.08306937867826
173.18538564538412
173.3270540550481
173.4844029165844
173.64195651671622
173.8055163685813
173.94900210561394
174.07222975303677
174.21561798099768
174.38654702751242
174.59086453597078
174.8008945073415
174.9908715808043
175.17168445829125
175.33053300023948
175.46714197781534
175.61766305362255
175.79386867774073
175.98684529420882
176.20833644418312
176.48203318827143
176.7698418660966
176.96530212555018
177.0665063725369
177.16200201850953
177.25506239941322
177.31215327038166
177.31503809183206
177.23839663484767
177.10906380913323
176.94132909974638
176.68004550344455
176.3058229310655
175.89732415898024
175.5195020230707
175.17376283021804
174.86523468663913
174.5799939973406
174.28939690422337
174.0163061550669
173.77148080946247
173.51089970072906
173.2465313177605
173.00634446933816
172.82262006637364
172.70030083912476
172.58067000938289
172.45251763089922
172.3555904192051
172.31726785901873
172.34829664283117
172.41477676072668
172.47321643477048
172.50069333366326
172.46376586037968
172.35193242976032
172.20609239745968
172.05716618441846
171.8936943474264
171.7210942894634
171.57443763207405
171.50079577928597
171.50969142293496
171.58471357916955
171.7199592125194
171.8577748410342
171.98573121943033
172.1078480224078
172.17180765019572
172.1841658813584
172.1897208411732
172.20610565270812
172.25747251026374
172.33382094372175
172.43465968962036
172.59283620189075
172.7631497045266
172.89128291957385
172.98310815929284
173.06113998572746
173.1616843160872
173.26942334839367
173.35921412475724
173.46247594444702
173.59826218246337
173.71880319455485
173.8101710256333
173.876464389167
173.89630949042743
173.91019521258184
173.91930731119132
173.930075737256
173.97534032449116
174.02250472271555
174.0362758560253
174.0073793869184
173.96672322421986
173.91026128645913
173.82093570550606
173.73661648869995
173.69489103351088
173.7041428577779
173.76624423173013
173.81524230120118
173.82058096982348
173.83737318285645
173.88055794532488
173.92949125875538
173.9664672905391
173.9687771322181
173.96854560175225
173.94208865587734
173.85765097244524
173.75661342680186
173.64259781033348
173.52320647003407
173.39789004960912
173.2487854960291
173.10418008375638
172.97823305041442
172.8818846823937
172.84894910266615
172.88438191225865
172.95418851297683
173.01168218557103
173.0313193454205
173.0430380075452
173.0524763220962
173.03346300579366
173.00706124427805
172.9641861686381
172.86681242760042
172.75116935818951
172.64554163697457
172.5678797875247
172.5275059385451
172.49435524466898
172.46122038804833
172.4355399212974
172.37668154556712
172.3160010750955
172.3267958754625
172.43478025449073
172.63797646018668
172.86882147406726
173.04401657148435
173.1621638618791
173.23473384352877
173.26832475888017
173.23929660482207
173.1305157464693
172.98482822037096
172.84170262827158
172.70891346239586
172.62667221345296
172.58169760881808
172.53640096852152
172.5074238828315
172.50038922668048
172.50725057764737
172.5361452946844
172.58441335320782
172.6917051639515
172.87836990118373
173.10787349880442
173.38819963563952
173.69735107938757
173.97061903719163
174.18817293010636
174.34173664409272
174.42204361091572
174.43378497973393
174.38248051644956
174.3086094387114
174.21625067652383
174.0770762966676
173.90129390119134
173.72133310155505
173.5751233469932
173.48712671079352
173.45081633700812
173.43604212617427
173.40482891487292
173.342633464335
173.2332365443039
173.0335010050968
172.77900591471183
172.5501183933193
172.38748165829924
172.29456614708124
172.21092102701812
172.07847092701002
171.90955996293286
171.73133672537202
171.588838438745
171.50800347635078
171.47273599261786
171.47753485921854
171.5204403357248
171.57371720313404
171.62368937358693
171.67736030725268
171.71974253160545
171.7184037325264
171.67075038623486
171.60141026859324
171.56807877264006
171.59760957518353
171.631263019168
171.63658277868143
171.6180721710754
171.62071323566707
171.66269798623298
171.72276671385262
171.79855788488032
171.8714500272551
171.92180835670266
171.968304827838
172.0155223949291
172.11015919955602
172.31876357870448
172.5999775562584
172.88095746135016
173.16771444588255
173.45874970538569
173.72060794184398
173.96527049911262
174.1979255473614
174.4762889804108
174.76552355137053
175.00230678402292
175.2022473133324
175.34472239889516
175.41063353365007
175.42618150727216
175.41079752314704
175.3779637347579
175.31660698993284
175.25302036315793
175.24135933678997
175.27292507179536
175.3146160406398
175.3684146948528
175.4344285205379
175.54584265151487
175.70230870668024
175.86119852977555
176.01210847697166
176.146942993352
176.2490797033731
176.28577261949613
176.22744148971995
176.11522096096556
175.99160690609224
175.89600564228644
175.84487415606267
175.81902404931276
175.85198578620728
175.89926339063527
175.87260418709758
175.78193665186322
175.6882462054924
175.63041469214954
175.63539217839488
175.67855936910158
175.7273766474311
175.7199860345323
175.6278414951976
175.51186446372947
175.39898849499968
175.28315234332547
175.14261950567726
174.9794919093949
174.85814949470262
174.81190154844867
174.8075717461478
174.81137767351876
174.83213555215661
174.89434697041705
175.02653500355675
175.23189644168963
175.48525689750454
175.73160257244547
175.93871231780975
176.11272596408904
176.2016318883047
176.22441480961243
176.22674539802566
176.21043408247027
176.18237030569765
176.1182789863637
176.0068760905385
175.88707545721886
175.79358405873523
175.72486621567018
175.6931891211503
175.67091728520262
175.6215691969918
175.54546123106894
175.4727562938318
175.41649376076032
175.3549231735385
175.2616665243582
175.1678590220622
175.13840474635953
175.1603536118974
175.17678770883862
175.2363183451332
175.35438798738102
175.4870235273776
175.6344960266232
175.75049176188895
175.80980640583954
175.79962715453823
175.7230665741311
175.66483385087176
175.6485445220262
175.64907704196196
175.6638111060442
175.67634943223078
175.69172180386536
175.69750930602657
175.67682171693127
175.65619675942267
175.66007673279168
175.68178003370147
175.72722557869065
175.77255850732368
175.80295441546087
175.86460014191263
175.98140931025046
176.1617497404552
176.3603304905588
176.52320092274783
176.64752564449032
176.70414042624253
176.71596258236298
176.72183493621844
176.69275868013872
176.59011822275215
176.42797837660845
176.26197394979815
176.08910224252986
175.88581254404983
175.72268857681988
175.63695208639803
175.61034535177563
175.65977750540918
175.7779360766084
175.93420945066387
176.10615979241533
176.25496463537098
176.37806089443882
176.46089963690872
176.46668657213436
176.4250705438308
176.3800895414935
176.36184857712956
176.35672211356004
176.31498779887104
176.2553947568314
176.19644096083132
176.1566432366443
176.1511437067429
176.1317857137384
176.09999529300364
176.06041342470715
175.99987520393745
175.950074478982
175.88149715750933
175.77561550471663
175.65989626275802
175.52908353683495
175.38133888799413
175.22541492252412
175.09953328566297
175.01534912875093
174.90543216702105
174.72484009202665
174.4683920388615
174.1636859473118
173.87284783323227
173.6197083723925
173.40808689533065
173.2352364990055
173.10412253456232
173.01398400010106
172.93846261641693
172.87416545820267
172.84195635589705
172.8724244924028
172.98595871844526
173.13302777496668
173.26631057140654
173.3812945599451
173.4805562965842
173.54582885296117
173.57068101480672
173.60271718150494
173.65516340310182
173.73452498373882
173.85347347145063
173.978837135677
174.08531716556638
174.17105663829088
174.2675062472726
174.40816415953444
174.5700746207047
174.71753814522418
174.79231376219633
174.80214363070633
174.82601722954178
174.87394898279788
174.92103278899307
174.9449890195715
174.93786544074092
174.94463832141165
175.00183157354962
175.1115447541907
175.27981208321594
175.48905167549125
175.70883129510133
175.92651288853827
176.13794625862297
176.30299971163828
176.3538671315441
176.27370280878205
176.12621376340712
175.96024104932894
175.82322124622368
175.71020445184215
175.59697522092532
175.53917776918257
175.5241948245837
175.4813090372398
175.40841059247697
175.34217255196566
175.2958289753831
175.24094273475436
175.19257710413848
175.18553992987862
175.16503666464854
175.1154997478466
175.06106104195516
174.99391210601013
174.92350840854445
174.83955831728508
174.7103859222585
174.58720404886378
174.4915782266876
174.4135513656455
174.36938282318818
174.3473032406325
174.3749073545207
174.42680792943312
174.41455216696167
174.37798551393016
174.3938897636571
174.46739618979854
174.56134392757824
174.62453613931677
174.71456408428952
174.81483981692156
174.8460421232021
174.84490052693073
174.84664960685612
174.9060927354997
175.02262359650936
175.0882102925822
175.10505013138868
175.10288322632084
175.09555367224118
175.13803070806898
175.19783318385086
175.22770383578768
175.23796314100292
175.22685999059047
175.24216392795208
175.2808039696656
175.29834412749682
175.29336752109234
175.2554944249742
175.2161241318368
175.1822519404213
175.1058977796888
175.01588054905605
174.9578719372895
174.93160473452974
174.9312552231812
174.8981615866073
174.84661534710818
174.85657280228088
174.9166943330166
174.98899707806146
175.05323336735304
175.14366082711854
175.32615658464582
175.55574260046976
175.76998326045594
175.91967199793586
175.9919035003897
176.0570836485768
176.1312528435517
176.15618414994037
176.14992046410165
176.1038892073404
176.01667057344025
175.9206889915667
175.82472762118138
175.75865628992935
175.75317351096623
175.79655563080357
175.88644305167483
175.99234795197518
176.06343179987977
176.06122209833603
175.9909180647841
175.87374186420843
175.69495744578376
175.4990818500727
175.32698949935798
175.17651648177832
175.07228851931634
175.00331938409425
174.92670436559789
174.83641210849143
174.73478786133705
174.66664901295582
174.651474433653
174.6410669675354
174.63741357091098
174.65129387479453
174.68455806873092
174.74089218086405
174.75226489600948
174.70294345720401
174.62352652081898
174.50515345780232
174.4292306998641
174.45189639704333
174.53519067478712
174.65378165942826
174.78229057688972
174.8721726164822
174.90064995129308
174.85910978992783
174.76100203907095
174.63484024757983
174.51411553149805
174.430274696131
174.34954836399635
174.23684740340423
174.07856085317562
173.86528974492018
173.64069433368508
173.45743930733468
173.34586239767486
173.3344676183261
173.38975673084056
173.4751419187771
173.56037590649825
173.6368028950469
173.6973880231112
173.70499901450947
173.66704000016247
173.64552164087428
173.64923404937443
173.67039781920118
173.73238601046825
173.8329191982931
173.94331421878894
174.0328750589412
174.08268941743873
174.11403741054227
174.11973123339433
174.0936269550981
174.09008802143455
174.10098406818938
174.10725438569276
174.14122666750404
174.17782256604085
174.21675874651012
174.27053570733878
174.3394451462491
174.4256670882487
174.50431670037992
174.57700753611118
174.65507769137542
174.70866513043404
174.76299062845396
174.85491976779963
174.97199986216478
175.11271573595212
175.24910622573924
175.3649982562349
175.46451959114503
175.52602340373153
175.563765638834
175.60085322449834
175.6257794821729
175.65917208138268
175.73180304423906
175.83923206892842
175.93394183604798
175.9542771084208
175.94545632883643
175.95298326558404
175.95617661683576
175.90568871201526
175.8101789753094
175.76290476853103
175.75033230872455
175.6988066326273
175.6228172367092
175.5171383833324
175.3635439215543
175.17207796059537
174.9406757624791
174.7075889392212
174.5090420228693
174.33524419952812
174.1839010472135
174.0373762957592
173.87148491021674
173.7022149394225
173.51711417185385
173.315761087942
173.1582885608109
173.06351592299418
173.018373253052
172.9796487116497
172.89134442340077
172.76505394226479
172.632348638339
172.516614486124
172.41406279740096
172.29455636072655
172.17324100412736
172.04229311084669
171.89307610334578
171.79167380086534
171.74467295551926
171.7404662046478
171.80573520542725
171.8739959432664
171.89733199766707
171.89329232378685
171.88222628845762
171.87926947454284
171.8734651574894
171.85581770074384
171.86063719968192
171.9275696871931
172.08018273650165
172.3062744777184
172.5700666187392
172.86201464471156
173.18515482989233
173.50416148078904
173.80560586426037
174.0556172308123
174.21514897606085
174.33272648995964
174.48549414038172
174.64532858108453
174.80257538864453
174.95968520645815
175.07613519419428
175.13285065536292
175.10722149079936
175.0468592202719
175.02206155388774
175.05586321804847
175.12955552001205
175.2059455711537
175.30651506404814
175.41948848442175
175.481187913246
175.52564361827183
175.5605367636704
175.57246836056657
175.5878307562217
175.6084124391357
175.64559164501836
175.6830674379149
175.68314917610874
175.65514324254323
175.6149101821479
175.52556774480138
175.41332184270343
175.33046929522115
175.28599787080597
175.30614013134058
175.37876063072002
175.4954050231243
175.63075109379736
175.74115780125626
175.82154000253672
175.89320068479793
175.98848829485812
176.09243281350854
176.150577890715
176.13046888171928
176.04958706908093
175.94430020548054
175.81647950248194
175.66960250418273
175.56289874524066
175.52710456040677
175.53912048067363
175.5823113432032
175.61416384325338
175.62000816243312
175.6256350049045
175.60618386467996
175.58067265437307
175.55090581366045
175.47155071803581
175.38864309134928
175.30225292409037
175.15882432306074
174.94816497487707
174.71097081999858
174.51122596186906
174.37670809772794
174.27281989672088
174.17811938258484
174.06067476126464
173.90936446902793
173.77988109095725
173.68780818851937
173.65777684554217
173.69420544080987
173.74668208519097
173.8233270441172
173.9089157967514
173.97284121990617
174.02738021574237
174.06988149975138
174.10570677246102
174.12805436175478
174.13221821212036
174.17053155827796
174.24269788331478
174.3441720242538
174.521354990634
174.73546875986267
174.95694448044577
175.19547650636505
175.42733809740997
175.62479982319775
175.78947997160134
175.93315774898412
176.06777813532284
176.1903277771187
176.31008009802076
176.40833849003917
176.46424622482584
176.4900765812447
176.4762769720231
176.43561826302545
176.3818934813845
176.33386643745865
176.33113404681185
176.35642928695034
176.34413636337953
176.2904312383976
176.21426413116697
176.1395249596357
176.08057722956488
176.04204292659708
176.05549670534677
176.101798300793
176.18904243368598
176.30454388716396
176.40778404408042
176.50824638522417
176.60576037270414
176.6698944472262
176.70909143869287
176.7112033576137
176.69142538130455
176.6881677733665
176.68774500953808
176.67088435656012
176.61243571685483
176.4996692650479
176.37937181773248
176.2185934276418
176.02230330378524
175.81154030032866
175.57565956289528
175.37016923124068
175.2079333313613
175.08458881524945
174.98323555037686
174.88415589969998
174.85176754152087
174.88867879531645
174.9367313110196
175.01681259227973
175.1393770057937
175.2882985865162
175.45108997450075
175.60230586858557
175.73921497123635
175.8194386118718
175.8210831029691
175.7936508640758
175.76027502148713
175.7616572825366
175.78292967288115
175.78035650380895
175.7710060788404
175.7101678002225
175.61472464129247
175.54729730790268
175.5205297466668
175.5261365402007
175.53485425073967
175.54502204293658
175.57089016397526
175.59199612032893
175.60261579244047
175.6261307131419
175.61590477777617
175.57472764353224
175.55541295446028
175.54288158935964
175.5435020429716
175.53200437834894
175.53919910384738
175.55803374883047
175.50456428743337
175.39449160756106
175.28637764999354
175.2480530971049
175.32592460625477
175.46403749815596
175.62064757585532
175.77819424611562
175.92766919843123
176.08459443826703
176.21358037382768
176.30011559559895
176.33009590400192
176.27438480018105
176.19587866642402
176.11470776756826
176.0106057172398
175.93323259093793
175.87006597696075
175.82604447228894
175.9066759847494
176.0954607736718
176.26214130957803
176.41437457883282
176.5729535067483
176.7222374278721
176.8122199470639
176.81231301421508
176.7870495086125
176.74094224307157
176.6571517496024
176.57981935577195
176.5353219709812
176.53916286175036
176.5718098435957
176.60313968760295
176.61923979531332
176.62698440904717
176.64479027557064
176.62380200120285
176.5626363858894
176.52061580011593
176.4717270044734
176.40766020800191
176.36091042093796
176.36635518155785
176.4221882414371
176.4984995319509
176.5744281969211
176.6352759514211
176.62163818775565
176.54467708347883
176.49055932661437
176.51237703948917
176.6219080665993
176.7548890874741
176.88932921077208
176.99148411177958
177.0446980910222
177.04568522950282
176.94810714067668
176.78903590211524
176.61618101055504
176.43330431380062
176.3131031934867
176.2431849511785
176.20512216496024
176.188904692056
176.17505379031024
176.1742271121495
176.16664531797923
176.11112346619052
176.02701843204335
175.92889345954165
175.85729899262654
175.84005802738722
175.8263670838581
175.8178339345801
175.8335497799841
175.88458088318492
175.97431831978375
176.01275884950167
175.9848501512606
175.93360857505087
175.87145013422926
175.80309485681377
175.7034509041311
175.5844795241205
175.45788423674645
175.32752238830346
175.23870969772634
175.17398890663384
175.1316961658794
175.17289134078973
175.24750881160026
175.283019039257
175.26589045804883
175.18799951361146
175.08966134815765
175.02573979763216
175.0196273280794
175.08623474070043
175.1930722592976
175.33752184707998
175.5152624436538
175.67285924675053
175.81991918174415
175.94441369287074
176.04958465806564
176.17786102712796
176.31108042873257
176.4297569095263
176.51386012534417
176.5437192948512
176.5931268844259
176.65786306130835
176.68473339495367
176.64795625402593
176.51760865142165
176.3542993414005
176.17869933956038
176.01583868257404
175.90505566837157
175.8198023696712
175.76447648015505
175.7301916545891
175.67069136279855
175.59734602024668
175.5113049675734
175.41092313428402
175.32654889423813
175.23318602870998
175.1439907206136
175.08726352024433
175.03309561467063
175.01070422145392
175.01827823726046
175.02935962408765
175.0502944144802
175.043992323182
175.03060430990487
175.06049365339703
175.1084268500534
175.17542335678533
175.2711658196942
175.35598062571378
175.40338778419505
175.4042764014989
175.38464194840165
175.42878995550345
175.54885668093056
175.7034517493814
175.84178623531264
175.99599801349285
176.21666246436436
176.45192519978184
176.67273289416005
176.90354899425392
177.18856175868476
177.52464743123573
177.84828669102038
178.1291112791244
178.35054045587478
178.50815612314344
178.62612614650268
178.70609833426374
178.75867911760366
178.80998340985036
178.83297226548234
178.80771198435755
178.7540287523213
178.7192172763069
178.71075175744795
178.69627676404897
178.73822492583304
178.8508901642747
178.97101185943606
179.07989060601915
179.1647487496896
179.2344080339382
179.29439303591886
179.3095452433308
179.27196068989755
179.1819873030976
179.0729478462719
178.97436675843676
178.8958064306981
178.8450126384019
178.82565773295673
178.86841060478892
178.94779592859635
179.06381696964797
179.2258500259786
179.38019299204313
179.4755324805336
179.47900918649455
179.3762830773933
179.2132794020332
179.0170619077786
178.83640784117443
178.68879712063062
178.54384983653725
178.41092873438487
178.25342983905944
178.0752628257562
177.91627227026282
177.79906050071654
177.75458400172062
177.7878683688467
177.92187083089343
178.15962441471882
178.42137348685532
178.64745362176384
178.81486285429548
178.92032258943027
179.01320214646802
179.0638141327023
179.0995295032329
179.11381844129772
179.09102531869962
179.09588573306877
179.11285617035495
179.12798830716
179.14339981897882
179.13472554202343
179.1000912037356
179.06552250751352
179.05918811436226
179.04452300501538
178.99260351801178
178.95738614154186
178.88680702184274
178.7995909898972
178.73080689200694
178.64392571897926
178.5622546048327
178.48964885541844
178.44224559959827
178.41148333805413
178.32353337084558
178.2263476860561
178.1583339730034
178.13298250733078
178.10200910425533
178.04648870057702
178.02188950738278
178.01750530276013
178.01008583762092
177.9799353699896
177.89772258299308
177.78791897026764
177.70369377920514
177.67743268657676
177.69476888531642
177.7094257947761
177.74904399170606
177.8152284089349
177.85542768033056
177.8877749357233
177.88655454813298
177.8559158898078
177.8231439096596
177.79352097237106
177.78851050537477
177.75088232020477
177.63915657715413
177.4784527329008
177.29056207983655
177.12034005415805
176.9540741230068
176.7545537434648
176.58143929943182
176.4621704773879
176.37154473818586
176.30617546595192
176.2367032653056
176.15683581186494
176.0819214586717
176.0205190998864
175.95777590677324
175.87022514267474
175.76371889571246
175.65133478626407
175.52361624159965
175.39256990205018
175.31086839520185
175.30907897360518
175.34788487045103
175.3766744264211
175.4182256103284
175.45934834900692
175.5173279673372
175.6211362860301
175.73554197650765
175.86576323265467
176.00993312451604
176.11058955650304
176.1663582422679
176.18169788118138
176.17258975425472
176.1817947650022
176.19520597302494
176.21800164450153
176.21406617667333
176.12670676411528
175.98832003138838
175.81458789314453
175.68655026330526
175.66526433285523
175.6940453307494
175.72520436463364
175.71802574931016
175.69160381043554
175.72166435367177
175.80801610574593
175.94483265827188
176.11621602122972
176.30246543328596
176.55168269418692
176.84438870530795
177.1017257093646
177.29822958266635
177.45916039227234
177.60899315721485
177.72638633078455
177.76471462809553
177.74635664784236
177.6746782570583
177.54481452871948
177.37463062904465
177.1642397309312
176.96504937386592
176.7900155424242
176.61744505971663
176.4631635897528
176.34601102667654
176.2535978928002
176.11920670424104
175.91927772137905
175.7487577841026
175.63915309447688
175.58355686821233
175.53538103348004
175.44550179753827
175.3285991997878
175.18160631447867
174.99610557755858
174.8189773077408
174.66635234190557
174.51977665955502
174.35381912146244
174.13622766283518
173.9064179613536
173.68101867310372
173.48098614829527
173.3781809880607
173.34138444211084
173.36178067045086
173.46757362538762
173.60841806234896
173.77808250809338
173.95941449603575
174.07496655601733
174.12543011650277
174.1382661776949
174.1705417099729
174.29644099874207
174.5027822985271
174.75566318895042
175.02175258341782
175.24249177700185
175.43410778802564
175.60659062638706
175.75504457054518
175.90028090731917
176.00251762960596
176.07897825718146
176.1279283925643
176.1203715309665
176.12018926764236
176.12275173750513
176.08991499939222
175.96817332133452
175.78133611270624
175.63146775486973
175.52254310679587
175.44353354861497
175.43085851368218
175.4649284133101
175.52181843304882
175.60044772559576
175.6275460552385
175.65800713079847
175.78457068952497
175.99438643570105
176.2354149888925
176.37340796106446
176.43114389077698
176.5050808036133
176.59293524539018
176.69941227301948
176.77760159536075
176.79437526008215
176.75530853923865
176.65050088088265
176.47314700640203
176.24507241385678
176.00740696443333
175.77303075966694
175.53142967626272
175.27190175780163
175.01135637497515
174.77706589179863
174.6169304267631
174.4937359355897
174.38195528793676
174.29606762847246
174.19609355581383
174.08562454838574
174.01922306413215
173.97105475252357
173.95284434525024
173.98687025966427
174.04208416107576
174.146147799022
174.31045028460971
174.53030947633272
174.76197260333421
174.94253571861196
175.11430046237766
175.29060571324703
175.46091089622556
175.69131690329385
175.91676371639863
176.11242125386107
176.3227677458704
176.4915334832229
176.6493341020153
176.7779516116067
176.89876117564023
177.02599455944483
177.0893497469445
177.1324887275625
177.19469358515647
177.2169298855898
177.20995390729516
177.16887511151128
177.0905451306224
177.00340825328038
176.8367403235087
176.62417407334962
176.44256495449457
176.27244641148198
176.09573142667188
175.87633668913625
175.63795850309532
175.42379627221993
175.2406208405921
175.1101500005617
174.95817728672236
174.7666293933682
174.606762806918
174.486836166631
174.44717834141792
174.47375052431687
174.47608741122988
174.48395640337793
174.48827868049494
174.5084716979811
174.62445523909923
174.77169155731704
174.95139290694758
175.1597722024867
175.3220172122815
175.48284744046492
175.6390323247037
175.71348414526506
175.78375535547713
175.84641757364864
175.86124484075793
175.86019680229847
175.84851021248804
175.85417710873753
175.88130551722256
175.96126489282287
176.0879649460409
176.20708295423375
176.27736841489414
176.26550036506754
176.2046484001055
176.17389645022445
176.20979540357433
176.26805543633574
176.28164968819763
176.23226173083856
176.14022234092963
175.9818851740224
175.76930664724256
175.5679142828432
175.41259925820458
175.34854283193525
175.32462869570543
175.3466657121292
175.42795213915775
175.4971254632841
175.59195883495374
175.68594331191514
175.6892908675451
175.65623907141662
175.60862235395422
175.53513512980277
175.47141171167388
175.3775434834264
175.26528020881491
175.17004918398337
175.05787687147773
174.9730853455593
174.89928943124593
174.77064357993396
174.63711544312963
174.4958935372055
174.37890126040008
174.29952338723336
174.1874311231615
174.07888005576956
173.99753256093567
173.9361861924171
173.87882601309727
173.80831975465583
173.79350837386346
173.88042903549388
174.0598026714492
174.3447780558476
174.65204757570933
174.900232321316
175.08985697886533
175.2411208512631
175.470774729712
175.8119972744317
176.1161038335512
176.32837307042425
176.49175147353657
176.65054678365584
176.8228648037645
176.93549798426977
176.97931975579047
176.9984897330824
177.02980324845151
177.12930753553076
177.27110739471374
177.4365725722628
177.5925410584115
177.6714863557967
177.72006586795533
177.7616340650326
177.77935374105346
177.78191962053234
177.7220352935546
177.59497484364405
177.44349168351363
177.30355803840285
177.18004527387424
177.02247459123598
176.86104388607782
176.695209848258
176.5190342009369
176.3405228569647
176.11678657512493
175.87671135456299
175.69405765321815
175.52007068182988
175.3106601571018
175.10952033939594
174.95735731081524
174.87463843588046
174.8473863541218
174.8887243238152
174.99994626798815
175.1130355422772
175.2197918434007
175.3548403901702
175.4898567662238
175.6366153138236
175.77021260257757
175.86399820213197
175.94538010278717
176.0583787207706
176.27642221631484
176.5578140378366
176.7628881936521
176.91955299576142
177.0743345733817
177.20704507058602
177.31768955284224
177.41251836132184
177.48936584244632
177.53662691703303
177.5475511385079
177.52465433460128
177.4652604784585
177.42327411548598
177.41052599431333
177.41950609147895
177.38931151116233
177.27096553720696
177.1074025429474
176.94116667328225
176.75570739030567
176.55910867493077
176.37181666042883
176.23935553526607
176.15070441479645
176.02864227135908
175.85412884333977
175.63033272153598
175.41089390745972
175.35766214005324
175.53580390495745
175.9394799248701
176.29797706689746
175.96895535784452
174.63764418792812
172.70613076412104
171.0262580241317
170.44173193634663
171.33152846822918
173.39782727448255
175.45625437324134
0.0
0.0