203.8161625790449
207.90126056187552
211.50453247760296
213.87699898293764
215.32225635991466
216.34951109736227
217.2690618892942
218.0839071039591
218.61733790758691
218.83636854788347
218.7860550931419
218.5621286536109
218.21471273716216
217.81062662442355
217.4240796675686
217.1188120610766
216.98426195363575
217.06285663153852
217.27251687627347
217.52660692915882
217.8530873901494
218.3042802423658
218.89721496796963
219.6059876503703
220.3687858746525
221.10859955076558
221.8208744773973
222.55494018510302
223.38011736861165
224.33020148957473
225.30089519166577
226.18484145508103
227.01755488907185
227.82705406640787
228.58808143911833
229.226233926867
229.65812638741488
229.86451525321735
229.91395492466486
229.83368058909753
229.5924280028212
229.1763570668948
228.59395793632407
227.85921985148693
227.00316849273202
226.10366964731531
225.2627655399632
224.5188041478519
223.8313526147881
223.2039817893906
222.68498277120574
222.23033433338432
221.80110559177248
221.43508852891978
221.16101208859422
220.94961698681323
220.7530247790958
220.55393607020787
220.37678056549117
220.2422831727751
220.12832630893433
220.03601595639176
219.9411800235383
219.81020039699268
219.6387208734359
219.46105195031754
219.32904362827625
219.21870527971544
219.0797848701141
218.86683148558694
218.56441394713787
218.24441709386963
217.94510883695665
217.66104787128916
217.3879604386027
217.1344715169159
216.88059023900968
216.56941322885967
216.1914879360203
215.79256130499323
215.39206626542617
215.0324915080824
214.73991234016
214.5528465108251
214.5802910284155
214.82150502725148
215.15048338457166
215.47507375757976
215.76718575667297
216.04386386255376
216.36617987553345
216.74170125458136
217.1334553723193
217.56869560428657
218.053638379885
218.56676666850893
219.12540086053733
219.72947712599162
220.30026180100697
220.77556001906933
221.16596442494063
221.4999266295112
221.78545384202695
222.0253961074333
222.22754683474966
222.40068394115005
222.5669529833786
222.67232042305204
222.6415503692803
222.45556846444043
222.1190979907021
221.62752186327816
221.00574488177625
220.31199842135604
219.649659227913
219.07731916576856
218.5957737782659
218.19490402829047
217.8829805000605
217.63435982620416
217.39926208302063
217.15153115674434
216.8868037402592
216.59084973372825
216.26813095667453
216.00899533692046
215.93654582724025
216.09932950216128
216.52529210106627
217.24453858180564
218.21989549458812
219.32518532671105
220.33735703534657
221.12134996311008
221.68169776679304
222.06721039798774
222.30320946495075
222.38515652758818
222.33795612504014
222.2218784156266
222.042454514188
221.7711483837361
221.43254531077523
221.10408503332812
220.82809622694725
220.57299531407486
220.28817108224607
219.98416658339198
219.77065095693766
219.68455396540853
219.6283165481238
219.5068626259606
219.29304698350433
219.01250691002673
218.74115611563516
218.56929422220844
218.54807824947204
218.63775306178627
218.7586355400804
218.91306306866704
219.14539308938728
219.49959290326603
219.95950683939716
220.43519573318082
220.83491608050213
221.07679242913798
221.09167054540438
220.92279564632656
220.69404729967755
220.50457037377947
220.3944098505379
220.3898570664659
220.47649526941794
220.61149961938074
220.748027519139
220.88589661021842
221.02356108125812
221.09507707317462
221.01082413026404
220.75201400706496
220.32589040818513
219.85354406072688
219.53068780890987
219.41779582321362
219.43639577857368
219.50134592762598
219.5387023819617
219.45695176231095
219.29588882986843
219.15591974082884
219.0585148529726
218.9691868760413
218.89508758665846
218.8907377466964
219.0608593857654
219.46790193287978
220.05228255029218
220.70464515272175
221.28989445111125
221.72880620038848
221.9898942911614
222.05954976928933
221.97338725231424
221.77298704199185
221.4774511205962
221.08318342684055
220.63942732801792
220.20409562265252
219.79150390271062
219.43489712548632
219.14379520054928
218.91610416929487
218.71677732596626
218.53214102162036
218.36977784942843
218.24331705398436
218.20105465680268
218.26093729387736
218.4179989293749
218.65788785981928
218.92626417915687
219.20407665581916
219.48922352544832
219.7528249009763
219.9782905605426
220.11650107841749
220.18496915224756
220.2868733198225
220.4515659661667
220.61159054077285
220.73375235351656
220.85758684636352
220.9957455827966
221.1356010325346
221.1997799671976
221.1074239772712
220.86797258311825
220.58213839374085
220.32370673314702
220.0716823326954
219.79472715874132
219.48980993763303
219.22362220645326
219.0385336392667
218.88969207779922
218.72803416700458
218.5854503068723
218.50230922226118
218.47946692063377
218.4782582367675
218.44410090494853
218.3190664619255
218.14575071445864
217.98864317436687
217.85509861445053
217.76885956981738
217.77948781967467
217.91946829324843
218.20307760785636
218.54589542464606
218.8884835394672
219.19056660038274
219.41886746089466
219.53016022181163
219.49857616017232
219.34572957787586
219.13742355006895
218.9579188759269
218.84674205388671
218.77277921719966
218.71973722885676
218.66785502548794
218.57045397047648
218.4090088629457
218.2373341878607
218.12144343762628
218.0763940234795
218.06856795842899
218.0699805821399
218.06075861939155
218.02916012925562
217.99421413161664
218.0026334232578
218.0689464749147
218.24215786204442
218.56803365077923
219.0178274095151
219.5166628231267
220.04822569998765
220.61078190443703
221.14539088631784
221.63782887918066
222.08855435745284
222.52432395225998
223.0124067510706
223.57063356256694
224.14632315506122
224.6809830451738
225.14787936219116
225.54773560559204
225.83469986237768
225.89663025805828
225.68293847625537
225.22129361458713
224.5574632274118
223.74557351787146
222.83742079075685
221.92429935567492
221.07773160605748
220.36539113323576
219.85135812117883
219.53791553380705
219.38433594477345
219.36122968110774
219.3907061959863
219.39481845443203
219.3614013875694
219.30684870214657
219.24814505741296
219.24735333205575
219.35309397454535
219.55155408411312
219.80266012553903
220.11711477320236
220.5117559062864
220.9763803404204
221.46364188579182
221.89131686202876
222.19788893483118
222.3823817817064
222.46521267421738
222.48197265567964
222.47536343392093
222.42503714356963
222.25396692365752
221.94675481089456
221.56891695070635
221.18639765134344
220.83647136525508
220.51006634127648
220.21284971576796
219.9841672424397
219.841844530167
219.77398160629346
219.7773469929382
219.84690828568804
219.9523910096509
220.00729540251913
219.95403132677504
219.7993750208817
219.59761215672637
219.39113994847253
219.2198888175014
219.0681377509208
218.87468083594464
218.58702743729918
218.2442779784144
217.91118937011873
217.6652884732955
217.53494230619
217.44951308322348
217.32225734062183
217.18077240753394
217.11575585230833
217.1820487940607
217.35851510686507
217.58802294143186
217.81893581084174
218.0339836287217
218.23181925313838
218.46346754694932
218.81662704653445
219.24940693614474
219.61416694689206
219.85516815007568
219.98116100567273
220.00035683585162
219.92545090699792
219.80116782105443
219.6703184908523
219.53110633544432
219.34712927068426
219.13978086655476
218.93061156562402
218.7563417036469
218.66958436499075
218.64129934759248
218.60415284329116
218.5313144063457
218.4482196604357
218.4067327673059
218.44355522166367
218.5314153126979
218.60237272865695
218.60212350109182
218.52979661146603
218.38638534534255
218.20950612929363
218.0816277500079
218.07447690730118
218.20729475518218
218.41296731572402
218.59400266530943
218.70844817115625
218.79112280675895
218.83238712646406
218.80274534271973
218.69411993700515
218.48545961044584
218.17001520959207
217.81067399695615
217.48599117542136
217.24244016829573
217.11745021777156
217.11498981628563
217.21700545809497
217.39534402176423
217.59837552808187
217.771845337021
217.8959628314968
217.96610609110695
217.99206165266526
218.0011175350317
218.00809616449538
217.9712045469885
217.86304560630623
217.71654305347903
217.56542053946185
217.4493252315732
217.3866773513871
217.4101328318399
217.567224156345
217.82151635126348
218.05049445909313
218.14582642490416
218.15367994012857
218.21477845201267
218.36461116188406
218.4944423024343
218.5172036987812
218.41767167239078
218.25288655999327
218.12014883917115
218.0368843347416
217.98597626184483
217.92660588132227
217.78669615697595
217.56105148330727
217.31434323202078
217.07484590052644
216.84691249095587
216.69979052819025
216.65977148475483
216.69270082901835
216.73315329160965
216.7748721537153
216.80587437301324
216.85223637593333
216.96157221300027
217.102689164304
217.21760047483525
217.31257930840312
217.43536009777895
217.59271239627276
217.7420390380989
217.89323180677104
218.09825489656464
218.32584867061115
218.48076627984224
218.494553997918
218.36468524964778
218.13978144673547
217.91611311712722
217.75329580626754
217.67630425001337
217.69405275940596
217.7968222982667
217.9820488005377
218.2122954352779
218.4569626700954
218.7408377353035
219.0696214409912
219.40656125664106
219.7156682462383
219.9942680177132
220.25778964536474
220.5511104985834
220.85608955426915
221.10054776671905
221.27623556001762
221.42989611076658
221.56900255206926
221.65383788833964
221.61153290618446
221.45443220843381
221.25945286794558
221.07278090646705
220.93377219048688
220.86386997811246
220.83355935782043
220.86132951164774
220.93459161589536
221.0159240264107
221.05201720886544
220.97248292585488
220.75675237102607
220.46669282007286
220.15639193457068
219.8368463447843
219.4974307780812
219.19811391584093
218.99983907701454
218.88578198646496
218.81350606732292
218.7737792158849
218.7618927650599
218.80986831871317
218.87768784077534
218.92764365448167
219.01305498301156
219.14207056548133
219.23886507156425
219.26685659033495
219.2791998561217
219.33915783267722
219.46146388652
219.6200442592812
219.81979875953417
220.04538053732915
220.21110283448186
220.31716205799756
220.4338052460065
220.59167786065436
220.7738960656886
220.9700543042859
221.1467356042064
221.2424708081407
221.24659964772894
221.233413222844
221.22890579514143
221.21380843800017
221.14742915640247
221.0207542796054
220.852726069645
220.6221440836346
220.31682388483145
219.92964647789628
219.47336946755917
218.99347337106383
218.55889617862726
218.29388864650826
218.17687618479823
218.1372875133574
218.17098133999994
218.24715265791838
218.36471321136654
218.51223745209015
218.6298898366244
218.71556765024744
218.77886923230943
218.83421927998356
218.91628217351948
219.04620276909318
219.21694955682355
219.41892406648103
219.65418565735604
219.8874206556446
220.0843271318371
220.30303709873775
220.59912413426187
220.928504057329
221.24334803902082
221.47854469182235
221.5655809138785
221.53869566622348
221.49467843437452
221.4477195891012
221.3553620027056
221.17353842656598
220.88833569174216
220.5739297984442
220.31400007721322
220.1331298483958
220.0436946953407
220.04469337237308
220.09164175906943
220.1765744254564
220.3179128216774
220.45798453106954
220.5563895012021
220.6374154283631
220.6735684587153
220.62921883553747
220.5279620303233
220.38076597147406
220.19628679821076
219.99838115096583
219.76501112337112
219.5276908553742
219.34969836023743
219.2813357162531
219.34578230972514
219.53255625866186
219.82267342457794
220.13851801495696
220.42494546684588
220.69135581975664
220.94310072014494
221.15277036516974
221.32295647441256
221.4857103281071
221.6405518935788
221.7430755305402
221.7475427675096
221.65946212357252
221.509396341618
221.31218538173516
221.0979427807966
220.90519807173501
220.74478547990992
220.55984504089832
220.30289029634193
220.03642998511833
219.8179489523454
219.63403348952238
219.5386337083865
219.5998115365033
219.8048972197064
220.059873309833
220.2964142084797
220.47336693197929
220.56356172772087
220.5608145786273
220.47659058076815
220.37288909127193
220.30240609720812
220.3023399341306
220.364148259401
220.43558525382625
220.475408385002
220.47659536479622
220.45651029689034
220.49992578387076
220.67272457875035
220.94899456889334
221.2486647303209
221.49622522444955
221.7016335094245
221.88202191979474
222.03697781010212
222.1356299310669
222.14454789868503
222.09857462495168
222.0690046605306
222.10164363011032
222.18043655283535
222.2629271738794
222.29795723903612
222.24261074143016
222.07757366151495
221.8117339449862
221.4757145123078
221.12271905413104
220.7831718046784
220.45580836835117
220.2186777795112
220.116922349866
220.14363292011024
220.24176615388149
220.35485943532174
220.4330114283547
220.4296473248363
220.30780960318367
220.11968269130583
219.94047843409652
219.76543913584374
219.60126446470747
219.50060661702565
219.50511800411556
219.5994907457929
219.7281347061587
219.86239747399569
219.99293880057277
220.1237123771941
220.24715712985605
220.35422815599492
220.41548602278186
220.4181813702312
220.38851291170167
220.3644666022157
220.36100902465546
220.35709954658
220.34583612239743
220.32693477431548
220.34821029512386
220.51131785767151
220.8098903435556
221.13038025119144
221.40550879014268
221.62666188703534
221.728019507175
221.6324432039101
221.36485458582698
220.98975024949806
220.55562494348055
220.1414694189178
219.88379497398228
219.87293491484957
220.0741324721402
220.35931043311996
220.61561049898074
220.77647930188778
220.82931729841877
220.8107831037548
220.73405791046494
220.6161658214512
220.49485862760395
220.3833867964742
220.26454946992783
220.12102798702557
219.96415361094532
219.83484769691853
219.81649804630854
219.9395992782731
220.1380308275605
220.33706823859916
220.53765736145388
220.73330295881206
220.9007861931003
221.03330055246897
221.11343069431248
221.07401030151615
220.89199591703732
220.61657598480747
220.3536006309824
220.20738767543799
220.25895390359156
220.53894896406402
220.92805541112364
221.28239028596323
221.51473109888025
221.57030977998915
221.4233912214971
221.13147708629498
220.76989762413464
220.40230127144403
220.08001666600944
219.82857584884115
219.613012019594
219.43462541695686
219.2884313812075
219.1874140298616
219.19920483200164
219.35161225628295
219.6245331514219
219.98732987539
220.3888491074574
220.79621603620882
221.1707942163169
221.44326771801786
221.55827415611057
221.54449524623422
221.46052607200062
221.31586366177834
221.13661285267116
220.988351528768
220.92508229118218
220.89855366695153
220.83787929855572
220.78675672075053
220.82464271297528
220.9341766387184
221.05386679160102
221.14259410902355
221.20033936849336
221.23505711549717
221.22715165433343
221.22841861656366
221.271228090916
221.29916913440434
221.2953954237137
221.3011973091123
221.3468718855633
221.37622043885978
221.3644144281785
221.34120581962654
221.33308521833771
221.36111531918013
221.4188484413928
221.4006610453345
221.23863201434432
220.94932369187484
220.64487671585903
220.43569442405976
220.35889971576856
220.37470942741473
220.40889796876152
220.460554018851
220.52868609147862
220.62846893013747
220.80786813451746
221.06896666551182
221.34317463452885
221.54175622893555
221.62885071271066
221.60088038484906
221.46430701257395
221.27154678315878
221.05485673993272
220.8162909748405
220.55171307794203
220.24163545702572
219.90217706871266
219.60055622002957
219.39455748923115
219.3024207504292
219.29795128465256
219.37234883835194
219.54944209843885
219.8052741565831
220.11939079442965
220.43928668647084
220.72116845469776
220.94023940349882
221.07613866830434
221.1455538070952
221.18185096320954
221.1871575248794
221.14323065019113
221.0765039307755
220.9865522971793
220.863399292211
220.75276952739057
220.70672912384327
220.7814545702555
220.97804364193792
221.2319115999321
221.48344621912028
221.72401528694613
221.95003323767324
222.12177703508576
222.20309829324972
222.21837973977875
222.19975578366603
222.17672224211205
222.19200895961748
222.26585151568298
222.36543287075207
222.47137293982732
222.58524970886756
222.6884968151864
222.75251151137846
222.68665479335812
222.41274717414925
221.9876716452957
221.49799056176897
221.00739264238865
220.57714853919867
220.22788265982695
219.91159150840662
219.56823077256232
219.24097926374787
219.05022148071825
219.08699504520877
219.31404324833665
219.62725292461894
219.94554632824756
220.23274645106756
220.4664852805624
220.5975532277366
220.60242998529571
220.54079530150958
220.479793048593
220.42866070608062
220.3540270230049
220.2546038599329
220.15687548752288
220.08341043273606
220.0535411706614
220.13999806269896
220.40599374354593
220.75000877454096
221.0267942228052
221.2081807461926
221.30979840992705
221.31839127403794
221.22518035522643
221.0702502785383
220.9315981113461
220.86743909393596
220.88207553406863
220.9760566661999
221.14039022640884
221.34830300349608
221.56256130146244
221.75022217493648
221.84333105039153
221.78741581247732
221.58839491906366
221.264084555421
220.84901821331803
220.37754722431782
219.90255775640998
219.49182150045175
219.18699111346157
218.9845654876985
218.86181040167446
218.82898477218473
218.90218392472516
219.062324203958
219.26881916894703
219.49265336379662
219.70232579710398
219.88107875189056
220.04466658609422
220.19813256295905
220.26845711899315
220.15517654719784
219.91318049023
219.678671431647
219.56190711566535
219.6485094856999
219.95565893278444
220.40561777142102
220.87997730998822
221.300682705616
221.5964799926871
221.70783332609307
221.59953580863825
221.30335611381292
220.92897795898494
220.57356041933676
220.28598483808088
220.04728642351301
219.82690086098856
219.65139700121404
219.51358147174747
219.36983268369806
219.21890414639336
219.06245308092718
218.89792712280763
218.72329689698918
218.5638092107632
218.47311404807505
218.5117622719346
218.67556353744146
218.94644050679918
219.2870481265138
219.63752857396702
219.96875616913496
220.28163077159965
220.59198072484884
220.86504389822758
221.0709793021834
221.18517450167627
221.1505645649072
221.0016115568781
220.88463386700406
220.96153495300877
221.2695755344765
221.70917963275974
222.1517388849131
222.49117341692443
222.66663100573618
222.65246938571215
222.43933478787437
222.07159543704284
221.60363741285832
221.07860484076446
220.60650139117098
220.29997070937
220.13839450128603
220.05815917249566
220.03162750067202
220.08994760711488
220.28545275165175
220.60607233643958
220.9732088360915
221.26052252652937
221.40660628757638
221.40699339257887
221.32471807549388
221.27307956335747
221.2827658322924
221.35998078191793
221.50290138549371
221.69382562775763
221.90960896380284
222.09772547524568
222.21217928657887
222.24541015997238
222.21337088308292
222.1439366720627
222.033423846304
221.83685397025587
221.52439968565915
221.12813847845774
220.71005920702763
220.35275490992586
220.08807554947032
219.86972128284302
219.65376455753886
219.4647198554396
219.33055248937904
219.22030432791678
219.14412165854512
219.1294590310486
219.14108050707415
219.13926612757768
219.1256307412736
219.1415345718576
219.20552222648763
219.27889281101517
219.35367962774916
219.41972686434048
219.4540952625165
219.4653680589093
219.51204232685097
219.61695615664388
219.7709319441363
219.96102806983237
220.1732887515244
220.3723992565817
220.56663759797442
220.80602605902004
221.06917097815042
221.26052641191876
221.2982501779048
221.1872056109506
220.92459213713119
220.51163570213043
219.9973842306091
219.49240167902758
219.11160232463922
218.90560259105695
218.87423381574013
218.92362728282774
218.9609301789455
218.97808008273287
219.00447691685847
219.05869624767297
219.1293171150222
219.16187090822532
219.11454196459633
219.01352429582846
218.91663431207104
218.85997565341444
218.8408048765362
218.88112321573567
219.0005281895023
219.17841143155374
219.3355966203959
219.3946042843399
219.3552078907472
219.29870385435254
219.32288324026518
219.4462175097431
219.62384100274068
219.80790844836343
220.04259075819124
220.45102021408238
221.0810928631941
221.84093619035752
222.5323118971802
223.0262471538001
223.33644163439413
223.4829497600129
223.49595877488167
223.37679438584468
223.0951520575299
222.64574972128543
222.0935467082036
221.5519107216594
221.0919697957219
220.76398982087028
220.62011982481394
220.6371245929244
220.7292544646577
220.78587638062874
220.7554978603576
220.6377781020318
220.45999604502214
220.25543737331424
220.03083032528266
219.79981886582735
219.5963185918421
219.45697543248656
219.37112089975025
219.32212088499023
219.28055025078373
219.2104875774803
219.14227821349505
219.11862667861396
219.15710276180124
219.27519942156428
219.48082706022578
219.7486209294444
220.05376407769174
220.33475170477973
220.5388480841867
220.66055017160244
220.72424602072311
220.75686399888684
220.79715464021095
220.8814310960864
220.99636958651553
221.11702047057827
221.23167580758772
221.29959129081573
221.29119813877793
221.23970296424267
221.20317925827067
221.18869508584368
221.18632766558255
221.26594303755843
221.4832935283119
221.80435613370213
222.12718519533428
222.3888783312737
222.59375977461045
222.73626346384327
222.79994690250382
222.79827764777505
222.79237252497316
222.81500232547046
222.84832272675692
222.89755451396775
222.91273497768873
222.82396985055226
222.6382602760471
222.39583434167042
222.14663255925433
221.9656878140216
221.93214426782492
222.01222236086073
222.10872014278308
222.17147614027436
222.217117646589
222.2096309429961
222.0723824071986
221.8029699691676
221.44361514264375
221.0866641933022
220.83424099251386
220.7472173927007
220.81642886239064
220.935363667833
221.0503961751472
221.1866037754078
221.33844492731828
221.4563002851348
221.48366529509997
221.4136642569816
221.2625217695752
221.04286069278916
220.77293091992772
220.50694566014627
220.3441762651106
220.3542430394745
220.51506369925215
220.73905831934542
220.9649048477945
221.15984077866392
221.3213207376711
221.46301455968128
221.6076068444274
221.7530494036352
221.87493669587295
221.94311826321
221.90995537374687
221.7822409524862
221.5957277281696
221.33339845544987
220.97323418031826
220.56910350624273
220.1992329494702
219.91181901392127
219.69767827470253
219.49287115532525
219.2676321318741
219.05938838184426
218.95561252223206
219.00540221428605
219.18851497941472
219.43926766270687
219.69987750406517
219.9169616035029
220.0840722321356
220.19835486890514
220.28350235004905
220.38411305000943
220.49426868093894
220.5855590012091
220.66467054457397
220.73127842293724
220.75376761289098
220.72575318335004
220.6601681003182
220.5348820526368
220.3290399006204
220.04713507109693
219.78484731301594
219.65490720949055
219.66738780803428
219.7317899381095
219.74710388084154
219.7322276147762
219.76285585030445
219.84662741965704
219.97071289853625
220.10268930154916
220.195429255374
220.23763395454492
220.2072231609784
220.10785246149558
220.00268123970483
219.94136086167725
219.9435295860197
219.98514395132244
220.05264600566832
220.15489053868882
220.26326657748695
220.32962323270482
220.34333976167875
220.32007505507255
220.25194998057302
220.12356742847896
219.967312709317
219.78809896325455
219.5763205968492
219.3431227127667
219.13357204444654
219.00885615907444
219.00763647461915
219.17499127193335
219.5053311145341
219.91413693373988
220.30090846297423
220.63611859087018
220.94119996849122
221.19247548907072
221.32693014613295
221.32545907376368
221.25074219579008
221.1803797100612
221.14394731259856
221.13505307179628
221.15025036101366
221.19005589660716
221.23969597832047
221.26001707775043
221.2573445286496
221.27817988711612
221.35763354072793
221.48832661158994
221.60580910346118
221.64770207072314
221.6095337203292
221.50663287813495
221.312177628239
221.01026432600187
220.65968092659955
220.3425606977801
220.1103047731362
219.9475884824196
219.79268759266137
219.62692956969974
219.47187898723377
219.2983600990982
219.08563308142413
218.88055254652306
218.68590134901376
218.52076120740543
218.4306467534507
218.4372335304598
218.50967107168754
218.57636605459385
218.5199256699491
218.27675416220333
217.9386747974761
217.5806568192039
217.23859002957894
216.9918835814678
216.99036032123323
217.24978874211502
217.63019049912165
217.95369809699542
218.15626048664836
218.30685612732998
218.50421025743245
218.7722412529655
219.06844182216048
219.3337594799704
219.5566593407589
219.72836364820208
219.80639942974392
219.74282709914627
219.537603732539
219.29989117515163
219.1837751088628
219.30040679246162
219.61012231353627
219.95778817230487
220.20074926641988
220.2980022632187
220.2863488225742
220.19909317783822
220.08948645844168
220.01745524963715
220.00857253697714
220.03634833908893
220.0211712437892
219.89306721729116
219.68039420940536
219.47962364517122
219.33813364334577
219.24359705512288
219.14707699769275
218.96297293903174
218.6872157550582
218.37721408740376
218.09061275266023
217.88229769629797
217.81647576733562
217.9451735486287
218.2466576959036
218.62748356618863
218.9606668615297
219.12942936882888
219.1471805284388
219.1156137656249
219.10217314345516
219.12482210660045
219.20659876745157
219.37773211870496
219.5842636245575
219.74546132333492
219.76799406236853
219.64665828502422
219.500646920871
219.47440534399726
219.6101994453631
219.85763921966648
220.18592816002052
220.54245115130715
220.83778066847347
220.99040955243737
220.9688119046798
220.8169595313701
220.5777558618861
220.26472413754846
219.9173301655982
219.5532911905438
219.20665438354348
218.89607869250506
218.61359504266488
218.34231002686704
218.11058259628493
218.00747222832254
218.07318100848892
218.2734866245769
218.5575558449076
218.83617513356984
219.0205132938797
219.0958783384478
219.06616961706683
218.93742924523065
218.73847054718033
218.53519115396597
218.40348801032536
218.4020010165727
218.49041840405735
218.60707275969202
218.77280915107164
219.00294421631367
219.28953257354448
219.62032127845438
219.94236688730106
220.20443347692128
220.39091884973362
220.51661471567616
220.60957812070026
220.62094614800424
220.46211399116294
220.13423965673422
219.7565519565863
219.40069063061082
219.0954278966959
218.8741512553328
218.72335924534224
218.57035813258625
218.3844504314634
218.20995155132408
218.1609730671587
218.33220972305847
218.6781102920121
219.04792579680384
219.37109005883312
219.61519537477798
219.78952045954688
219.9476556277501
220.1129566882888
220.24503102470484
220.27762370478405
220.23260525395347
220.16384892287522
220.0531214181698
219.7953790722628
219.36672256794094
218.8934015533413
218.5281610915441
218.40595863914845
218.5468088507809
218.84197045758071
219.16066587962604
219.42350019640176
219.6112254696202
219.74204495286182
219.8943635910107
220.04419315921083
220.100329983165
220.05823401953532
219.95940709805902
219.8390228531257
219.7444787161872
219.66234499336218
219.55812199083607
219.43903538136288
219.3160988437446
219.22036243512315
219.22887384192578
219.3579254195418
219.51055708616678
219.57250857955492
219.53994198960257
219.46929547035012
219.41899912005258
219.39681994869
219.429078127031
219.54379200087521
219.7200433971284
219.91926641780339
220.13207533446754
220.37251396899063
220.68868182262293
221.12496183943543
221.69215424034448
222.390759839842
223.18249671980038
224.0273215517065
224.88421015980188
225.70094235692008
226.3602010003534
226.75378739382512
226.87842671561586
226.78224325654523
226.52228652217468
226.08980965879974
225.46464919882627
224.70210163325845
223.92646182409197
223.2682842674048
222.78389461603163
222.4792597442456
222.30695009319246
222.18211768414324
222.01314856379187
221.7502946438416
221.38642445574823
220.9241278013846
220.3882371599461
219.7361604554727
218.98655276182873
218.2792558753098
217.76597260430376
217.5150815423433
217.46807835256266
217.41980135764805
217.2942570475754
217.15110412857427
217.02950496348473
216.9549461643756
216.9714362371392
217.1212595595058
217.36396039684595
217.66239991846797
218.0708991546336
218.63194125616621
219.3099385454636
220.03851445983602
220.81155226397246
221.64316397403263
222.51400327881998
223.39900818469866
224.22673759861397
224.88436642022288
225.34737887243955
225.6784802877526
225.8555373368065
225.8072786549215
225.52780126694523
225.07189612419307
224.6140941477889
224.31599502948603
224.17193144104058
224.07415787864767
223.89704379718364
223.5956892564002
223.23888709503484
222.93772399586715
222.75990563152723
222.66477998454465
222.5524123567356
222.3506992922849
222.07028947857367
221.83186228760215
221.74817271129888
221.77824018032845
221.76971854261154
221.63055228477594
221.35871371568854
220.98651620054483
220.54227415863352
220.13120533817343
219.85596868580836
219.71842076304034
219.6552873193835
219.69215791447152
219.89706474465004
220.3014897538564
220.92954713995337
221.67950696324968
222.4113223137955
223.05889516489236
223.62801842221035
224.1376907272492
224.53503790210206
224.76237498349357
224.81165383831993
224.63048161446522
224.16005393149933
223.41293244977038
222.54082543602166
221.69442009612206
221.04547348349791
220.61549397563812
220.13021577627475
219.45183834249235
218.61405187097745
217.34734560001232
215.5073367435425
213.58278099658446
211.7065047524109
209.65445554430383
207.4764460647477
205.35037739435907
203.3522186375481
201.02329838147094
197.58615687492588
192.2997962367143
186.20471621915323
182.18069293179667
180.94651137591606
180.67977830016116
179.47125824305292
177.33718046782172
175.42137399801803
173.54637498000614
169.0257852719149
157.92839508795797
139.85936710774973
120.49128608565769
106.47930508528846
98.02744751583364
91.92052587520232
85.67730498800998
78.86393009239876
0.0
0.0
0.0
0.0
0.0
0.0
0.0
0.0
0.0
0.0
0.0
0.0
0.0
0.0
0.0
0.0
0.0
0.0
0.0
0.0
0.0
0.0
0.0
0.0