0.0
0.0
0.0
0.0
0.0
204.61533435582754
203.24539314518273
198.03607650115208
189.09206292856152
180.54819857821172
175.18754509623182
174.22689061849496
179.37444459654614
188.9598132096361
198.98983644925235
206.30543570820458
210.45686098642798
213.8449193090979
217.55719884525226
221.8681313628122
226.55397489942777
231.30028910350148
235.93850642688642
240.4631977019438
244.96538679037644
249.42164369581957
253.5469035364872
257.0418170243739
259.8498490827758
262.07100467362216
263.8741894108188
265.4632690509729
266.9542444196204
268.347382048663
269.55757703458204
270.5222192403779
271.23589632957356
271.7210039830578
271.99798785319103
271.9743665090427
271.5533780764124
270.7552704251562
269.71214893510466
268.56830269480724
267.435026927338
266.40139899964646
265.39453701740354
264.33034454132786
263.1636999946807
261.84705528173504
260.38845689804947
258.915488382151
257.64110362313875
256.6632584964689
255.9228333116301
255.25578253082705
254.5416520928656
253.75717086351887
252.98820345998624
252.2952991415951
251.73396823677095
251.44962082682596
251.55840059540859
251.99067521169832
252.6096287252171
253.27873697743394
253.88213589609407
254.45413515433708
255.03101743118606
255.56923398539243
256.0370660855526
256.47588469645973
256.929445857235
257.4116066562775
257.8890484669125
258.2591212236625
258.4343219394235
258.4929546349782
258.52004985778575
258.47448558963026
258.3630406551165
258.2979459385373
258.3698907175445
258.6497149954371
259.1270714372165
259.683757078034
260.24077863172766
260.7217453487357
261.1142356988313
261.41103498300333
261.57783784995627
261.5769571358659
261.4452125786365
261.2898589672521
261.19766349009404
261.32443136270075
261.7568903600544
262.41728638412246
263.20876674718625
264.059966826196
264.93962345485613
265.7731321776174
266.4242480553526
266.8250996160653
266.9211158759096
266.6681975026593
266.09811427374143
265.3668339853433
264.6488495398737
264.0464037753814
263.63146819371264
263.40652344804676
263.3318401078889
263.3393923880355
263.3001672258612
263.1104760684286
262.7271194552935
262.25552736638747
261.8178814202541
261.4628719372471
261.21975360624396
261.1065961925142
261.11379139533346
261.27510231006886
261.5772670870517
262.0106352259285
262.55937360907825
263.1224200485135
263.67139252838547
264.2248051461322
264.7923359048374
265.31754466981033
265.6714059784547
265.78028445284116
265.63891040598156
265.30660958005734
264.872891229119
264.39525456091985
263.906944926893
263.50078773081646
263.2314641234232
263.04658828650014
262.85754357627724
262.6177179007354
262.34698104329897
262.12329031844877
261.9580338048143
261.8062559771144
261.66243371170196
261.5664360403971
261.5248838629726
261.5251727482376
261.5765950567786
261.6511022104512
261.6806430570756
261.62158341629345
261.51566768431803
261.42842875819605
261.4227680730285
261.5198402543721
261.7269980059735
262.02302685216694
262.34286467294555
262.6603279743242
262.9674063040293
263.2200522029867
263.39969545904285
263.5942443785492
263.87583337807393
264.2700631251263
264.7632120582963
265.28493067815225
265.7368575880203
266.0695225584601
266.27391038439
266.36610421656513
266.32528321163693
266.11478125476776
265.76214859629886
265.3408673279858
264.93009557414393
264.56219212875527
264.2031747084524
263.83330021617536
263.46974689462354
263.19540393840134
263.05897119953374
263.04722848860933
263.115460932405
263.2782936747282
263.5800274553093
263.9829990666419
264.3479622571681
264.5359238998016
264.497288720302
264.2750495560857
263.9957233809105
263.7528409628668
263.53895579406526
263.36069387967825
263.2244396282655
263.1623978439046
263.19565623950325
263.2720634874572
263.2803540235874
263.1978650606884
263.02648442698944
262.77415978865
262.5062343225715
262.28322079091987
262.1677003625656
262.19678819706314
262.34134603152665
262.5631874844889
262.84189840548044
263.13308587218125
263.3615680419914
263.5098959716743
263.5782953521244
263.60106911852796
263.61920913507356
263.58159603137693
263.4092841606533
263.0750778025322
262.61225995622044
262.1131812291689
261.68567960513883
261.4231734536893
261.37152984967304
261.4675987626342
261.6371823112182
261.843689025338
262.08392536703775
262.35723446922736
262.63357155751385
262.85491562286063
262.9748613207771
263.0112265656333
263.0164989186953
263.01474460943825
263.0199650769978
263.0301277456316
263.0814146437011
263.2049549531584
263.35271034963563
263.46345577740715
263.5173696549018
263.57230539789396
263.70539661913347
263.935606161191
264.1858167492793
264.3968128217773
264.5556100037606
264.6708520782465
264.65657886632425
264.4727172399312
264.1635944323001
263.7568679310565
263.29028528495655
262.8750536286934
262.64666575873946
262.6589981272363
262.84846532817267
263.07516640829107
263.2030642614852
263.1834463105331
263.057524692259
262.8890373445438
262.74489291911937
262.7518631944487
262.9946903543429
263.41039915532883
263.8989243603926
264.3846352553933
264.79704229331384
265.12435676876703
265.39469659795
265.6323527519388
265.82403616578324
265.9341863372185
265.96038402941906
265.8750671532226
265.6316467457639
265.240515087629
264.7953669008552
264.44313751827525
264.2370043522666
264.19577677107503
264.2899529744619
264.41032887848877
264.43857143171715
264.34182448179473
264.1488510205683
263.8879201443617
263.57077664108374
263.25936326021935
263.06117782412247
262.9895563658773
263.00654213193366
263.0855805816963
263.16630154473967
263.1664374266939
263.0259014758391
262.7575437537653
262.4491888455354
262.2189088470569
262.15385878659
262.253155127098
262.44985571944716
262.72438853112527
263.04849579680683
263.3544758875605
263.573534341523
263.6793311591363
263.6902318557718
263.6642119421608
263.6434850762698
263.63809397181046
263.6670834158306
263.77694680413305
263.97246343301015
264.2388573545179
264.5374914062919
264.80950789315415
264.97006337764526
264.9176413710627
264.62328020019686
264.11123721691763
263.4467195946029
262.6772965756019
261.871463325233
261.11008058161536
260.47943657386065
260.058310612572
259.8700625622949
259.88884998240053
260.06541873249216
260.2968235001906
260.5044832276189
260.6493873539119
260.78178010700935
261.00136854512886
261.31556638718104
261.6892195283643
262.05545076799694
262.3506727178965
262.5680176933491
262.7398615560281
262.85334224754445
262.8701173217664
262.7594281834332
262.52752016105546
262.1966251487428
261.79217830204595
261.3311150556729
260.859833302978
260.4457687661136
260.1511364379396
259.9796547536454
259.9163475000673
259.93456844705906
259.99855018409335
260.0677182447381
260.1459400345828
260.3380044584683
260.6829460975093
261.10320678872984
261.52497505930216
261.89798656060486
262.2247378166204
262.54293303625343
262.894855412996
263.292801361595
263.7140397973112
264.1386305712517
264.53509020678973
264.88858986300517
265.2299342688634
265.54676520449834
265.7647521303947
265.8526768238577
265.79949166470203
265.6376671504394
265.44796166722074
265.3025672616186
265.2390087825962
265.23547847134716
265.2535841307267
265.22381979777197
265.0659667468801
264.77035131217167
264.37870583802584
263.9443527135568
263.51606626024966
263.1367912346516
262.8305026862107
262.59317705890714
262.4285838826172
262.3283005268013
262.27697782511757
262.26324880086173
262.2813762581328
262.3595453013729
262.5343115987804
262.77816760337936
263.01253727150583
263.1508102321833
263.16566956928926
263.0794829072562
262.9491836301742
262.8014786017102
262.6046012418429
262.36109036911614
262.14841763747086
262.0195664990233
261.9399790789141
261.8238688632367
261.6307666797636
261.37916756451403
261.14442102550584
261.025758540605
261.04789929887266
261.15636832762505
261.3306392547439
261.5270444565942
261.6696322531634
261.70375324677207
261.6336516923508
261.5018026164432
261.40146370253655
261.40304967274085
261.5274993348704
261.78217185704654
262.11829340910083
262.42642619921924
262.58528833762375
262.5178351596395
262.2642588769554
261.94566738554545
261.7073854399395
261.63012477253227
261.730373312678
261.96546928646114
262.28343047668596
262.6288323368839
262.9443331053759
263.168240304298
263.2715017383656
263.2765105958481
263.22833645576276
263.18703964940863
263.193728591033
263.2591890106534
263.3956561648124
263.59336860553316
263.8120289228222
263.98912053344856
264.12120582230403
264.2650300426599
264.4229259724502
264.54603827321137
264.5553052887019
264.39718274314134
264.06773479908605
263.62968218534553
263.226630449314
262.96401554887683
262.848589583311
262.79604410462224
262.78415632732225
262.852712317159
263.0151374944836
263.27067884919416
263.58845197721894
263.9053305267056
264.1499777660339
264.3056475967636
264.37313985578373
264.37114234020163
264.2781803507239
264.05733049761443
263.7261763614313
263.32434674808565
262.89712492848054
262.5111484603346
262.20047300967343
261.9667711304608
261.82074061285806
261.8251154542265
262.01985547075424
262.37146939129957
262.8088318451665
263.29189498457254
263.8305243617259
264.38277062419354
264.82553354651674
265.0805490967611
265.14909397509416
265.07333383324305
264.9479863986616
264.8903721086221
264.97098699600133
265.21012911639536
265.6152566335238
266.1549009747649
266.7191354277713
267.1654608190279
267.44586507254803
267.54949925343334
267.4198418250948
267.0090825572428
266.33619199567045
265.4499014524646
264.434620008429
263.4047545364347
262.49521949537234
261.8239634052272
261.43134689732466
261.3227066684986
261.4606479545931
261.7419612485887
262.0901814240075
262.4393833363715
262.76894177582915
263.11169854537627
263.50250598845764
263.89233622061994
264.1880151992229
264.3507406033214
264.39449857187174
264.35531625212775
264.24694445917
264.101945276013
263.9494835145126
263.81031586229636
263.7324948845806
263.7176849014388
263.7266357926567
263.7088315642093
263.6531399795299
263.5274411242495
263.28291327871904
262.92775894525374
262.4678241105084
261.95088376124204
261.48108480332655
261.1969077144606
261.1835217413234
261.4011997615331
261.7447358606636
262.1158836006564
262.46057501146896
262.77948115471963
263.03884752333295
263.207354964655
263.3122117348755
263.4325683857143
263.61513407736544
263.83223649862987
263.99565071362713
264.02802685252226
263.91291623771133
263.70656829106076
263.44740505395987
263.1326843291022
262.76658335714546
262.3553438645954
261.9354529873009
261.57001827079733
261.33046454080454
261.2557674786024
261.33762792835626
261.5421579595385
261.78883022728553
262.0420726883526
262.28427383617645
262.44066408113986
262.429899597612
262.2661927494279
261.99720826457946
261.71298554314853
261.5244221564106
261.4710020744137
261.5062483855439
261.5744977305388
261.6224520587121
261.5946582884473
261.4874711631349
261.37198770307106
261.298755615013
261.24958420642895
261.2078031159077
261.1873938921072
261.22170322482737
261.3499682182195
261.5489393285842
261.77464154894915
261.9992196047972
262.2175711814123
262.41971548192583
262.5964459467102
262.763238115243
262.95349815805025
263.1475040839804
263.28383502541215
263.32904448013534
263.29676562115907
263.197144838712
263.00306350660884
262.702929129611
262.3463317523181
262.0028072588485
261.7277697241724
261.55532080008095
261.4733930996706
261.4282984695039
261.3960516168395
261.4006458475769
261.4710547858091
261.6090484824756
261.76127397283875
261.89829854101174
262.03538226170895
262.17719682189846
262.32902199843517
262.48753429374153
262.62009325345747
262.68942282421057
262.69747325851756
262.6805396080829
262.70709633251
262.83718799560165
263.1011110091954
263.5179428668089
264.0307073168051
264.58763412196583
265.20437971740404
265.83693353147794
266.38336035239166
266.73922874284773
266.84978940920786
266.70400140701554
266.3143650813002
265.74641353902996
265.1221887451765
264.5635658195739
264.1352763884726
263.83620858154256
263.6210663952469
263.43383118722414
263.2302945014516
262.97814262125047
262.68217224308233
262.39547819374815
262.16342288754765
261.9999279222812
261.8785679471129
261.81022084040825
261.8154173413807
261.87996690769626
261.9757674112796
262.0780970873618
262.18560856219665
262.30627821058204
262.449451426813
262.5931253831911
262.7197335287999
262.8102921263992
262.8734864358021
262.9263447757213
263.0020375742822
263.1528046162366
263.3817837760497
263.64955341499393
263.9232865396866
264.19346571070315
264.49775301507975
264.8072632639324
265.0253240642167
265.12031036257514
265.11495694083624
265.0604436741455
264.9836824437746
264.8908861419399
264.80782067860866
264.75463192038785
264.6981330686217
264.55333141163214
264.3253757350034
264.0791060932753
263.88025855575205
263.79822592309665
263.8354413100508
263.9394085546403
264.03389259087874
264.10605103634055
264.1673832078908
264.2161505392935
264.2803536025985
264.39340127788057
264.6101003441994
264.9452468294219
265.33174320631605
265.6636550409523
265.8946709124297
266.06077192975386
266.17456301306515
266.1881746388886
266.08203752050764
265.8929117727147
265.67626632490203
265.48366675563125
265.348624819167
265.25969622917324
265.18102189333115
265.0505639027892
264.8084679878299
264.5033652266423
264.2227760603449
263.9554183479554
263.64693708065965
263.3072912844688
262.97876549753875
262.64802254123356
262.26536522408446
261.8571952844992
261.5122011884973
261.2700948097985
261.1185430652158
261.0123258530181
260.93297163272285
260.8586345013666
260.8156910858141
260.83285648700553
260.9222270429523
261.08767460859576
261.30959225726525
261.5678276234286
261.83981465479917
262.0808474718527
262.2562310248571
262.39685919260967
262.5393299811129
262.6780960945749
262.8051953922791
262.9257893388683
263.0455027975693
263.1527910458319
263.2321072075138
263.28182777469937
263.3249899537248
263.3741295244341
263.43168519962967
263.4865317018098
263.5384669778435
263.6125025106649
263.7286268884264
263.838492502736
263.8945104036598
263.8821303071608
263.8243815047702
263.75201650475077
263.7025397667435
263.72088578680064
263.7961271853573
263.91494937408044
264.0670766757564
264.250247062248
264.48573827493607
264.7542108496528
264.97791357245967
265.0536550792484
264.95468638778186
264.7457117709833
264.4931116523254
264.196277003479
263.8562193080397
263.54716303009394
263.337562372764
263.2679649971775
263.3518335043567
263.54028226179446
263.76028318502006
263.9669475101716
264.12574490091936
264.21214940260995
264.2089345946746
264.1211708903354
263.94510698991894
263.701564811215
263.428733590576
263.15015687187935
262.8918859816366
262.72664776638385
262.70155120911755
262.82495507509134
263.0610110210623
263.3437974210922
263.6344738240484
263.90584549764594
264.13794360688075
264.33853207324694
264.5402087197503
264.72178267412846
264.8386519262119
264.83254116366277
264.71164264069336
264.533690110648
264.37162213098406
264.28859485408367
264.2718813349892
264.28908947194356
264.337244030889
264.40058617288577
264.44625816932665
264.46978705507786
264.4704664282315
264.41704224497033
264.29695717504325
264.128264058436
263.95619503853777
263.83270735685323
263.7626375501748
263.6786616392222
263.5590424206948
263.4405245800339
263.38851427923726
263.4313316062635
263.57441427961334
263.7903837644536
263.9858156575293
264.0614960764759
263.9649261252706
263.74926900579516
263.47291158424537
263.16558782128567
262.91666690878253
262.79459141941544
262.78018895292274
262.82138210205443
262.8562869067667
262.88408069566253
262.9548969194511
263.0990625716999
263.2897881173361
263.4745863321364
263.6285899384429
263.74536948902744
263.8037695644646
263.81726552062884
263.8345549270509
263.91254840597526
264.0558301541156
264.247852627283
264.46173620463696
264.6346806727922
264.7567621660095
264.8256115669116
264.8251064351722
264.75416877117516
264.6269276944143
264.50031175602044
264.4612578559135
264.6014429457239
264.93224360585225
265.37925085028934
265.84045943535494
266.1881820766364
266.31984837008366
266.2178410697911
265.92882268364394
265.49671229141256
264.95115338156495
264.3404596601176
263.7141805736653
263.12967929277704
262.64115305141684
262.28467658838633
262.0893935126533
262.0910375170632
262.2960638934431
262.6326199877823
262.9588380683397
263.1579582807599
263.2330078049911
263.23666185503095
263.2042875345433
263.1471150106531
263.08563485791717
263.069639483474
263.12111588934533
263.23227143645653
263.41426939039957
263.6860576783708
263.9954026676938
264.27028086166115
264.47787698516464
264.63209460013593
264.7405235385731
264.83011627999656
264.92726925790436
265.0455042611913
265.2072252755382
265.4079142279544
265.5958287099295
265.75119234915235
265.8611608206291
265.88865103340447
265.80930839381915
265.6163697233095
265.35786285002814
265.067954917733
264.77663613108354
264.5117427651975
264.3223553704894
264.1860453029149
264.04749180237263
263.88847656292415
263.7387235815394
263.6480025123332
263.66186357930536
263.77041067807306
263.914535824631
264.0300688431258
264.08474553324226
264.05220593005834
263.92756212220746
263.70894145145496
263.4172694662475
263.1512088208546
263.0024483508804
262.96664278975237
263.0131020081721
263.13681489264303
263.3025700120378
263.4545277282479
263.57189243667415
263.68417326053196
263.79646370187265
263.8940015652652
263.975936442743
264.0188132630885
263.97093169438364
263.8543097637256
263.7240160873605
263.6456416970731
263.6830458015969
263.8584779545323
264.15718109340486
264.5239440156411
264.8631500718089
265.08494375845464
265.1816289710683
265.21083354899787
265.1877274477844
265.1211959630856
265.0040080603126
264.7801535593334
264.4233333936558
263.9292530570163
263.3554965420608
262.80053855070224
262.30926942791024
261.92112261619275
261.67088605426704
261.584304115389
261.6456334825253
261.8118870876611
262.0582551015691
262.3702037640579
262.75162382680264
263.1766700061926
263.5585509969937
263.8296022359166
263.98064814499133
264.09537709769165
264.25939673905975
264.5179470631033
264.8488493300796
265.1883364874753
265.48426610203796
265.74370151813525
266.0143522641244
266.342846137473
266.73607042415256
267.1504901331898
267.5048286964545
267.71711708821755
267.7189541538346
267.4753290562492
267.0390031438369
266.51740389990744
266.04163075801773
265.76936467870485
265.7344605659658
265.86089392368393
266.04329182636457
266.2063447530417
266.3281161286413
266.43086948993755
266.5396571801315
266.65565684526115
266.7428978974525
266.7551266997648
266.67163670557926
266.5082431247662
266.314313314178
266.14205083401777
266.0279161255103
265.96441523716317
265.966880097668
266.00991794275967
266.0363641202878
266.06405956351347
266.1173338801253
266.1481798083078
266.1014267796472
265.9801232587548
265.815078705387
265.5840065081147
265.26116367208624
264.852550638234
264.4144920223465
264.0165661683502
263.72297476774696
263.5980905260958
263.6503321765607
263.8029899492435
263.97333485432216
264.1522274262558
264.3374473384403
264.5358638712559
264.72716168416366
264.91520846679185
265.0963979946605
265.2231174342053
265.25593818468224
265.24743243100943
265.25960784692916
265.31417162317973
265.39691158332244
265.48349507339486
265.51637653947284
265.446940771995
265.2680329757036
265.0004207408802
264.668692373576
264.3209570378169
264.02362450032615
263.8214012177117
263.721717651679
263.6761416046314
263.6106390212947
263.4688894379081
263.2488061413373
262.9877575090359
262.7686226256685
262.6514904216064
262.6409104662667
262.7561448038393
262.9752166559814
263.22976658057433
263.46055527818555
263.655780434594
263.8025827465855
263.8542744609073
263.79406180934836
263.65300456556463
263.5119302056613
263.4023099873137
263.29236584262406
263.1476026028529
262.97376025047276
262.8071477068556
262.6459159000081
262.4806157430355
262.3165673958526
262.19807916521995
262.1555547153787
262.209480945364
262.36154422483855
262.57853129876605
262.76721748446124
262.8499190013202
262.80912274817194
262.6538406117159
262.4454112465106
262.25442968511635
262.0927662775204
261.9502368685072
261.84068801697174
261.7799394026615
261.77452292331594
261.81219389713624
261.8808419617701
261.98116475328686
262.13550099867507
262.3335177510081
262.53572466633875
262.70526030263477
262.841903568469
262.9601314770575
263.074844524996
263.22978103816496
263.4805593718527
263.8240992488319
264.2131328349007
264.57323859485484
264.8512707834439
265.0759610609296
265.2921390567361
265.47612031166295
265.6232743031784
265.7171354842255
265.7159093251438
265.5765504663576
265.2856673040669
264.9272983911543
264.6339936643204
264.52422724014946
264.6238136590081
264.8481892576773
265.07110665723224
265.1893275984819
265.1947199959213
265.1168243185068
264.9837778621514
264.822811596327
264.65957196827776
264.54590744553946
264.48380738141134
264.42376183575254
264.3195837813556
264.14975303825673
263.93529097382884
263.731953466663
263.5997010622375
263.5708578607764
263.58598127499783
263.57153641836464
263.5039504651987
263.3953161940017
263.31544825943513
263.32318545027044
263.4622805233383
263.7447928619002
264.12295557110485
264.5162785803182
264.86233825713487
265.14323274306014
265.3565474138258
265.4707873616068
265.47528439299543
265.41965501120586
265.3459085584685
265.247686246052
265.1094916791771
264.96559766629395
264.81762519432743
264.6366262821839
264.44837785951995
264.2672308004225
264.11637905063293
264.05186672128195
264.1095285596409
264.2929930636424
264.54121341308536
264.76436017292747
264.89858931924556
264.9624171926914
264.99545012055603
265.0124022999091
265.01963860931744
265.03524645289735
265.0933190658058
265.1941988077988
265.2998347302653
265.3577190371935
265.3342529892931
265.2456241923311
265.1389391700747
265.04902723042545
265.0148750597298
265.12815129243455
265.3992761385571
265.7376416194457
266.03893766640647
266.2488756956549
266.38299903722407
266.45214996186974
266.4604502262139
266.4208993110857
266.3534079061855
266.28727926662424
266.2297934988545
266.1355854746424
265.9805836851363
265.7648210458177
265.5228042524036
265.2689356315267
265.0061806842461
264.73042130681324
264.4626779001919
264.24011103369287
264.0951157525265
264.05525125372714
264.1340444417476
264.35365549320727
264.7207092874252
265.1749415661925
265.6092378822696
265.95145780551707
266.211263075714
266.4161412248958
266.56994450591617
266.6762233337023
266.810543979425
267.039006252926
267.35398143538777
267.6905731673341
267.9600463948881
268.0657341640408
267.9910695242112
267.7502691395345
267.35344046744876
266.8077058840823
266.1276404385332
265.3802788418091
264.66298648603515
264.0250626076215
263.5208109082384
263.1717094934694
262.90573758145126
262.64718387245665
262.4060260822721
262.2018894000903
262.0221239533721
261.85620284669716
261.6627658442493
261.41280652867124
261.1293787494049
260.9148922024537
260.8318342736129
260.90046965434544
261.1556410606711
261.61173138330577
262.17814091532887
262.7365120474694
263.22650753032644
263.6172080623614
263.86330297577746
263.94383775388843
263.8646755859709
263.66207053550465
263.40583391512064
263.18324199526654
263.10198321365635
263.2028553787866
263.4133404142223
263.6458242247904
263.8535220022768
264.02474592837984
264.140997755099
264.21039239674275
264.3014651175631
264.41086797239996
264.43195260930474
264.2871817584083
264.00578391855254
263.66114723498174
263.28635427490417
262.9217146343797
262.6213419197646
262.4079628019757
262.284236958923
262.25373043995495
262.3536256524336
262.58945381581117
262.9134460199733
263.27735298044337
263.67569237043523
264.07931960982467
264.42806006410996
264.66617871699094
264.75325285515123
264.66457682622433
264.44833286905026
264.19464085725895
264.0184825643537
263.96165338157584
263.95247688550904
263.9517453880223
263.94264878303903
263.92940431568496
263.9423644292959
263.94583444557634
263.8960736363938
263.83402210109455
263.8105375368241
263.86169649298023
263.9627190149919
264.0675258748767
264.17726167644656
264.30021925990087
264.47022875459726
264.7262368443452
264.995356284501
265.16328511910825
265.14873411421394
264.9285199290247
264.5464156790819
264.05961754284095
263.5001376836893
262.9320884372637
262.4458701382545
262.0784380599037
261.8330533503141
261.6982647932873
261.6798149720202
261.8179636571341
262.11519953725855
262.5133615321154
262.9031628188188
263.1930432209217
263.3964756756808
263.5347429775416
263.57765083818003
263.5340346445588
263.4723514184011
263.46867482687804
263.5195406078207
263.5813713055676
263.6320411896042
263.66038607133635
263.68439460568743
263.7662768586731
263.9819572515657
264.3531978859791
264.78423335630714
265.16726094262657
265.43075733532646
265.49959595452333
265.38179000884685
265.2052725410375
265.073033631188
265.02542438473705
265.04237608199236
265.0513124708916
265.01498850436053
264.9794191552527
265.01129977308705
265.0954595951998
265.14133692672686
265.0600748730897
264.8583767731716
264.5780432291396
264.3021973182425
264.0968355294656
263.9498128242908
263.8381999320455
263.7618246045154
263.71231974478474
263.7078376922233
263.7514502488425
263.803546865133
263.84573938995084
263.9178011476014
263.9833743911198
264.0097900581118
264.045719406615
264.10653346407224
264.2195282888524
264.4146749472346
264.69091237720005
264.9997338199159
265.2586307990828
265.4435865198155
265.63555875009797
265.8434537602435
266.0117748440377
266.1304938899838
266.2069321882749
266.22081667429677
266.1174712024206
265.8446679072621
265.40148226236516
264.8528538901464
264.3225694142196
263.87725329505963
263.4951592170585
263.10644613850604
262.6646974783648
262.16169448152317
261.6525447920967
261.2635606224401
261.0805654842453
261.1097207277894
261.2913079063359
261.55279435151925
261.84906208382426
262.145039646805
262.4318810658009
262.72596425915003
263.05319569563
263.4196764908693
263.8086489708762
264.1836163331105
264.5049060654505
264.74337124825416
264.89083410544515
264.95422156683196
264.94980241835583
264.92408344110254
264.9570261269992
265.1335217296762
265.4326086747567
265.7534609579162
266.031757510331
266.2569533551501
266.4627670012759
266.66419610797834
266.83074022114806
266.94509267160447
266.98364021012816
266.93250818273515
266.87543790032277
266.956339054488
267.23858495806
267.6530508279461
268.08237974686716
268.4474545081572
268.75412058812844
268.9594882967163
268.94866609354557
268.6884470602267
268.27029215564295
267.79590213213373
267.33701074058365
266.91795010138054
266.50133606855184
265.9903644474581
265.3130087764977
264.50561309946545
263.6916526945413
262.9925027323451
262.4806042217043
262.1846806238981
262.08982425067495
262.1424313066534
262.2909946891084
262.5314295959257
262.9153002346588
263.435319842618
263.987724541588
264.4583951351168
264.8278059680597
265.1651388453381
265.5406410594302
265.9536427742418
266.3618763940325
266.75170434455856
267.0746647166818
267.29068321265447
267.4373244094612
267.4923599481825
267.3925968076544
267.14575467623393
266.84378661349103
266.6047068404334
266.5115722586544
266.55136438251805
266.6457756314921
266.7183209144131
266.7091699102729
266.59227485588997
266.4398610843554
266.30988912480126
266.19948366030997
266.15044488345154
266.1931904549042
266.25280385358406
266.22455874627315
266.0637591751879
265.8268038218017
265.61060046385523
265.4478009551347
265.3334778640596
265.2823405106067
265.3130779291722
265.3770420568914
265.4543281413893
265.52300383219676
265.53755729588744
265.47149432994166
265.3161696831884
265.0749876765869
264.7597676413179
264.39469479477924
264.01963198494497
263.6437302222694
263.2783056453764
262.9316241363412
262.6008500624233
262.26072218800516
261.91227778645055
261.6293459602222
261.4788244404866
261.4710825409635
261.5661862037262
261.71882832183485
261.85739581974667
261.94681285156344
262.03287840772
262.1206321267881
262.17783899447016
262.1682115578732
262.0531337101661
261.8332022570278
261.5489587561639
261.2477145448537
260.912693334113
260.5964202264425
260.4102841329476
260.4825347331934
260.8276199235627
261.3289256346413
261.8316326175294
262.2528416813245
262.636036073967
263.03080886564896
263.4157954604408
263.70610647603394
263.9602170137121
264.35217667193666
264.93162372319523
265.5989806332516
266.20200336937677
266.64714975100566
266.92373799935484
267.02268619664807
266.93093759518257
266.6368590519977
266.15452595964575
265.47751638298547
264.6195498260118
263.6455723495002
262.66262597517533
261.9067465612898
261.55337312826396
261.25778562027574
260.1175627910182
257.2294406611874
252.1072956289338
244.97750092976204
236.68896527813132
229.52989528880678
226.5505103112989
227.87872352427956
229.9560865294996
227.24407312222948
214.18012571487137
187.75769929233942
154.0772910578279
125.10718996576047
104.92399365068464
94.50664591302697
92.50113015990556
94.27002082241003
96.60975138982002
98.35723515544973
98.5629578725735
96.86505416230024
95.3464128182433
95.38786985521946
95.34429835747778
93.7333638387498
0.0
0.0
0.0
0.0
0.0
0.0
0.0
0.0
0.0
0.0
0.0
0.0
0.0
0.0
0.0
0.0
0.0
0.0
0.0
0.0
0.0
0.0
0.0
0.0
0.0