148.92152072003418
151.99353138430638
156.62666038804676
161.15477753909843
164.0319883696953
165.12838894722958
165.2995767351593
165.42051368132155
165.80952979872228
166.41307071059163
167.090085811524
167.72312013915786
168.19601764717402
168.48789436795943
168.66661177646722
168.75326317402582
168.8196086742011
168.95197297758983
169.13148247890672
169.25947356045737
169.26728170184788
169.17525215907068
169.10863810813964
169.1833572271158
169.40299965080814
169.70504253733822
170.06714826653763
170.5121030952355
171.04444644497818
171.61805042480827
172.2039755300064
172.7631297472008
173.22091973294
173.5335846669852
173.70806354723862
173.77344435215127
173.77014085342353
173.73118562328318
173.67870398204877
173.60978716267115
173.5356523816045
173.52035834633617
173.5904001793318
173.70301767460393
173.81748352416315
173.90182015692167
173.98693160038692
174.14844165555448
174.3949365636208
174.65980179585162
174.8502491394237
174.86355638240897
174.70514928960657
174.45626907062527
174.1884690817959
173.93492183288785
173.66679968385472
173.33830185236155
172.94615617433627
172.45535289417836
171.84929484380754
171.20571435410983
170.586256392623
170.06389971339163
169.74275550076717
169.5961623942191
169.5638551729323
169.61302586990968
169.7627150683403
170.0206117472702
170.3191860653248
170.58763383107092
170.82219843255075
171.014967976474
171.16155463966118
171.2686065967589
171.32953182222485
171.3640211818706
171.43652122937627
171.58054367897788
171.78757659475423
172.02133661414035
172.261607841301
172.50233812210783
172.7312712476822
172.935252529285
173.07060320509999
173.10746126614578
173.0520809065302
172.95015327854807
172.8565168976818
172.80485923124596
172.78251182209794
172.74529182523028
172.67708334854214
172.55412681561404
172.40522022426435
172.28391981316526
172.1731511017599
172.0130957457685
171.7948637799816
171.51482909210904
171.1527229938731
170.74455649654934
170.38742357588364
170.1350444872211
169.98362719518406
169.9733951571051
170.10942106901007
170.31728201242106
170.52787084094604
170.72579191109696
170.8963359995095
171.00898553500562
171.07748619537608
171.1371551781633
171.15295722249786
171.1029161952957
170.99408236363277
170.83088128734607
170.65152887882536
170.49178834836027
170.35140327038752
170.20486507061457
170.04602649955038
169.91202060671606
169.8543806084923
169.87368754346798
169.9037558533492
169.9020677280754
169.86568985933962
169.80991415093376
169.7402684800363
169.69422922774044
169.7721126931651
170.02278926406504
170.357606204652
170.63827144652834
170.82223784843674
170.95710211386097
171.07583260459344
171.17857133108794
171.31732319792943
171.53671558374145
171.81319163927043
172.11107317162617
172.39367851537958
172.62186027970247
172.77521804068982
172.819791938126
172.71387978119094
172.4563866814312
172.08310344529528
171.6623037125137
171.28915839044038
171.03410228097687
170.8922194647456
170.84738103913153
170.88984609634417
171.0175414984384
171.2393132189114
171.52761101091505
171.81954613499482
172.0805922379255
172.327648825537
172.56604513793775
172.80035073513915
173.05323829126286
173.3182533593656
173.56431355993567
173.76493700754742
173.87037254314555
173.85900975995182
173.77837239537598
173.65762597989254
173.49558419356157
173.319578869233
173.1263255084366
172.91297651052088
172.69375775636257
172.45162791660564
172.17393654837718
171.92021374217921
171.75817876200415
171.69267259370162
171.70948878593663
171.76068627160015
171.75816916671565
171.63895449863003
171.41912313921947
171.1401912184192
170.8408704281257
170.60227911406366
170.47163417958296
170.41822597069066
170.42514926688787
170.48916400357012
170.61185910288356
170.82542504283856
171.10296638844864
171.3637011171978
171.50750111075658
171.5057918169875
171.4517115736048
171.44455407043299
171.47708596817657
171.4722940291951
171.36020280564296
171.14023662767366
170.92386749042493
170.81739916424374
170.8161001977242
170.8634365405784
170.89589450642166
170.90363756901593
170.8812209368913
170.82255270362867
170.75221841415916
170.67616042202906
170.56843950362534
170.4352585421853
170.33617933889914
170.3075483234523
170.35368633348133
170.48805963781467
170.72141575583754
171.03202214727258
171.39100409109167
171.73706317069372
172.0235991131244
172.24087404006687
172.376688787245
172.4188523914258
172.36568011440744
172.22877008403398
172.04287364723305
171.8425180038649
171.65434128589132
171.51936487161814
171.46726134107757
171.4750039187575
171.49885580951891
171.49643774758124
171.44083074854274
171.2997088667561
171.0702990865652
170.79117943786446
170.49452439968425
170.2392691198343
170.0937420779062
170.08014553364126
170.16236612273954
170.320177996731
170.5814106749276
170.9031145671609
171.18398559339374
171.3732872532225
171.5010922898529
171.62296313832204
171.751275137119
171.85522982055352
171.9278725300851
171.99239620677668
172.03947794659234
172.01899777326472
171.9062004229701
171.74017858346187
171.57414028261127
171.43946968511992
171.34703371737942
171.26427711245773
171.1890673554265
171.13804135462007
171.10490355653653
171.0993766396848
171.13866511845816
171.2180800451816
171.27125719409975
171.22528241357585
171.10399358795337
170.9769366329198
170.85473142929212
170.7339417848271
170.63556687641795
170.59808479405797
170.62556899536838
170.6916397634177
170.8005476869592
170.947274883976
171.0707870011699
171.1483675472724
171.16678599404625
171.11442661622692
171.02703274768837
170.94624975824357
170.89644149249548
170.89904738450753
170.94781102544803
171.0068536838956
171.08195491431155
171.20192364913635
171.35317788327194
171.52948060613963
171.74787109764605
172.01298970843825
172.30011447394662
172.55409858077434
172.7334181148183
172.85117044598354
172.91322521221593
172.88057277969926
172.75832564999246
172.56305539482503
172.33152285571714
172.1412556537319
172.04265320918455
172.002318736734
171.96143955229812
171.91138738444502
171.89563898758263
171.93505912903908
171.99752271211412
172.02484638115016
171.95333401020812
171.74626847419748
171.4270151841467
171.05122669130185
170.6802720048973
170.33477000957
170.0050608507236
169.68616569086657
169.37237600818415
169.1176707113118
168.961197937721
168.87275268867117
168.81300073434915
168.7750724542746
168.77358525796024
168.8431959735111
169.00917568389923
169.2540358208792
169.55243882706384
169.8860596431751
170.22838821127434
170.58135282538896
170.94679925464965
171.2941024610183
171.60043446335797
171.85190604533378
172.0323054969832
172.14151921988105
172.1807764373635
172.13985229435772
172.0110461595231
171.7925747037844
171.52230243872123
171.2666802128372
171.058702654961
170.90127237173445
170.81623537193337
170.78706103071562
170.74874080732786
170.67018885644967
170.57948185382534
170.51661488832164
170.49611151972505
170.504024683387
170.52891613474003
170.5524220067854
170.5848373370642
170.66661174783619
170.77957068949587
170.89168732895158
170.98499707170927
171.0481000403127
171.09251188608943
171.16537747994934
171.3172995968684
171.54240598209736
171.78966574388318
172.0074233608212
172.16634977791813
172.24898701653595
172.2788694808628
172.302449706097
172.31795712038831
172.29759520190657
172.2150058363061
172.07953891802615
171.90702493696213
171.72022080846943
171.57170751402435
171.49049227304056
171.42123242372458
171.29276496861888
171.10418776246067
170.90774183910185
170.73291957838916
170.54230269197413
170.30437692695696
170.06956574560212
169.86523916831763
169.68177930548754
169.52114817246033
169.36904273851374
169.1868601637109
168.98563415128854
168.8378355403446
168.8098875284138
168.90526462695027
169.0727856342786
169.28246070987186
169.51710479920024
169.73757813200018
169.93448144257476
170.1254737540645
170.29367050897838
170.4087065829473
170.49175258933758
170.57553431330422
170.67229109554054
170.7796106410655
170.87097067442883
170.9587832018562
171.07538354983132
171.21384711052505
171.36987162086493
171.53984592660566
171.7126819551432
171.8811743083934
172.01348416755218
172.08284109580262
172.1115765018042
172.14626385299152
172.2141398802728
172.30032452220485
172.3756073015998
172.42426196223545
172.42305670258202
172.36690567380802
172.2683565979477
172.12725726307426
171.9622572758522
171.7967190677228
171.6682494718745
171.59726306163904
171.56420687834995
171.5768798321982
171.66863352940726
171.8032964628546
171.9063445302576
171.94726669280575
171.93708718806474
171.8604360726317
171.6762328538292
171.41046615423843
171.13174853690796
170.9015697212946
170.75061459351633
170.67267034648384
170.6503225581763
170.6822821652521
170.77839901895604
170.91348471138306
171.05627115715617
171.21706027939348
171.39497050283683
171.54875729386973
171.65988281684542
171.75275028891622
171.85105715916546
171.94625925452195
172.0623610872506
172.25607865318602
172.54829397674598
172.88634767204763
173.16599588588832
173.33642027848637
173.42147315764885
173.45190334675482
173.4353958642207
173.3772737378559
173.30231656217737
173.20462842818816
173.06004486943988
172.82850104900885
172.5210784006249
172.21931086091007
171.99201333486747
171.85989534830497
171.80501593116657
171.76855185485726
171.68481278915033
171.5524923358929
171.39637044514777
171.26075647857314
171.20109012477494
171.18165054057175
171.15703158701547
171.13902858722804
171.1908512198224
171.33593089650873
171.5289114602533
171.70873861236203
171.84900743376144
171.93663288053668
171.95938109887737
171.929596187044
171.86629529217603
171.78119289414585
171.71648959703012
171.69534716955337
171.66146393317857
171.63663009978913
171.66346998379322
171.70749979618995
171.7223727958635
171.70736129528524
171.68093198011184
171.64326309880593
171.5556382455341
171.41106963807474
171.2499192269342
171.1314034348549
171.06656424704855
171.02402623016397
170.99774658189418
170.98264490881442
170.99372912267896
171.0854044372241
171.27877750264946
171.53181742395282
171.81075940724975
172.09077954174973
172.30811334360055
172.41111548970488
172.43970253709293
172.4756176055512
172.5452923845014
172.6173194116533
172.6712257287641
172.69514490954745
172.68272965010647
172.64987067763582
172.6196245115273
172.59563819242805
172.53395443847418
172.39570293516425
172.1952428416678
172.00923515632036
171.89593472664757
171.85204447563544
171.83683612969693
171.81193354662815
171.77123920946923
171.6865627813615
171.53668381521783
171.364105356182
171.2057283697049
171.0603021724056
170.94269881553916
170.87061055243777
170.82264006747096
170.74660416728602
170.64183232001992
170.586336062336
170.6247448426584
170.71151378546278
170.80237111339923
170.87223534693493
170.89874043423825
170.88949738044084
170.87012402269374
170.8471930264701
170.8157164905132
170.77725490878413
170.7680200663787
170.81463473165837
170.88820917703478
170.9741854843587
171.06920662944714
171.12516087407167
171.12117867166728
171.07633938976582
170.9909737373259
170.86907058426135
170.68574818823487
170.39951459635324
170.03907146425453
169.6753200037986
169.39437215447674
169.2421333406916
169.21892441740874
169.30899148826234
169.46724998431336
169.64539131779324
169.8633821482282
170.16120694767835
170.52397061361305
170.89482892790642
171.2014845035922
171.37727327877698
171.41388281590523
171.38440463888014
171.3513583931404
171.33152703445447
171.3454942574345
171.43153242596082
171.5779212455432
171.72796283463887
171.8551585772939
171.9855699533324
172.14935822769007
172.31217372015658
172.41038357537946
172.43051931248726
172.39494632274267
172.3054191544644
172.1726772440676
171.99629344577627
171.7653630418319
171.5355550924624
171.36757538738476
171.20941368929738
171.06654488146796
171.004809051255
171.06785532529352
171.22449090989943
171.38024848560113
171.47670310835684
171.52603688980992
171.5440262538742
171.55458359855223
171.62106160550326
171.78722240384684
172.01081390425068
172.24440466550885
172.4910761546467
172.69072619666608
172.76614201980317
172.68051847217959
172.45861988579372
172.18868726854282
171.97989829462873
171.87143219259528
171.8029282719706
171.67644451618975
171.47857536875856
171.2852589894529
171.18115489944464
171.1923805568872
171.2941922019561
171.45764949256215
171.62408509697693
171.74337477430066
171.81493953836375
171.79468885991045
171.64966841749364
171.47023022205096
171.3868313152541
171.45868006118218
171.67605007890265
171.97143269761705
172.26492620404332
172.52208301734694
172.73225748498714
172.88573764711393
172.9632596614247
172.95990828739662
172.87627604146522
172.7314838132125
172.5709342446056
172.41970796806922
172.26307112122223
172.10739526695448
171.9650796374168
171.84178874934915
171.7324464518158
171.61109127078146
171.46157556998148
171.2960725888658
171.11110317932685
170.909508865035
170.72809575252006
170.59373475588484
170.51722898926334
170.50972110874287
170.563684458472
170.66547921459048
170.81160254709658
170.98099465795346
171.14416286993608
171.29559715886407
171.45452111652904
171.64705707871204
171.8453448983918
172.01842209780116
172.16536363569713
172.2884996055887
172.41424593814193
172.53901973301186
172.57275345997022
172.45594301450618
172.25184764355475
172.04995628266565
171.8863282496989
171.77591069952058
171.73416315582773
171.74078849929634
171.73436141567387
171.6666872825189
171.5192787651962
171.30137777836188
171.06769066602394
170.90052411582386
170.857989117228
170.9306539194232
171.0952814233485
171.3168818324466
171.53139008999872
171.69872247410333
171.8496684841947
172.03130150976165
172.22961983997678
172.37700085282822
172.4489071805233
172.45188973219467
172.35794135123916
172.1534467204114
171.91862619089883
171.76528023697568
171.7271835475998
171.73968412581013
171.74074239619563
171.69736777764177
171.58764323432564
171.45025655800802
171.37535581064913
171.39247930135326
171.45740723893175
171.53779366139526
171.591187126526
171.55200777262633
171.4343771397073
171.3345497628462
171.28938655743974
171.23412736806148
171.1240374522956
170.95633773563193
170.7638559566322
170.63582769014522
170.61249624095106
170.65207383262248
170.70066329933164
170.73913958870418
170.7954598164741
170.89488358626087
171.03140231071754
171.199098766926
171.40738366531818
171.67374296413635
171.96517878208186
172.19440841351036
172.33294572249355
172.4394915338078
172.52377489471056
172.56888895565905
172.60028925809291
172.65238973728117
172.70812575488742
172.7060442198488
172.59577305307846
172.33906356770984
172.03253599482886
171.82864800790696
171.78957191633495
171.87127545043688
172.01442366443504
172.19199057671491
172.3546785675561
172.4324035288114
172.4280534410701
172.379598653805
172.273193180829
172.05528358871385
171.72249854423978
171.37013650709252
171.10046261950092
170.9624078060171
170.93303579271773
170.96695684999023
171.06156109270606
171.2268233427692
171.42822325344295
171.5807777975786
171.65233807703663
171.68100518642117
171.72146068666018
171.81317100693647
171.97191935180086
172.22032289200132
172.52880814247675
172.8291196688393
173.08730828169618
173.25249885397585
173.26340237183052
173.1657530406789
173.0581589600556
172.97722067357176
172.90819032360565
172.86064048308714
172.85610701743417
172.85053152571516
172.77855633165035
172.64895037149864
172.5178195592834
172.42621823123275
172.39129146636193
172.3811311766592
172.31556586494196
172.17170811192935
172.03691456710396
171.98164238075552
171.96032095580665
171.90210335416282
171.84513096141825
171.89782763939496
172.0713409386915
172.26639343320193
172.39919525667085
172.4398649144211
172.39075736280392
172.27740154039486
172.1463813457727
172.0205098099609
171.9084043782498
171.8228574346591
171.72921632236
171.6212371022951
171.58475852437678
171.6572958399979
171.77621491341932
171.88876789448182
171.97041927033496
172.02040568831052
172.1006942628975
172.19505991597617
172.21531672864415
172.1994014932597
172.2826447654206
172.50116168657212
172.75796104767844
172.9150351019498
172.91963714817334
172.81846312549402
172.68997040196365
172.6062104301854
172.62081834524258
172.72647408774145
172.7956393155129
172.75208325451183
172.67224264357145
172.58939546238176
172.4532354036588
172.2781323951662
172.13513298941604
172.05921999289865
172.00571958837108
171.92254351028282
171.82853150445743
171.77857571854582
171.7899976586516
171.8339378031393
171.888593682003
171.96819813785322
172.05825720881126
172.12079560167987
172.16701415438268
172.21408582199297
172.2526945112662
172.30391177495392
172.35942115738024
172.38754334200792
172.39139230044316
172.37869537764982
172.35197649702462
172.33757881720973
172.33015172441333
172.26654180142768
172.09099297554425
171.81919397347554
171.53957585449777
171.33252604643877
171.22147642822688
171.21419995984104
171.32368479582195
171.54619518357924
171.8390534769036
172.11750946671157
172.33846956367935
172.5240565300578
172.66588677182565
172.7759819658884
172.879640427462
172.9700619208426
173.0175363451608
172.9995333753458
172.89889562527486
172.70077160456526
172.48041757834525
172.36940854493875
172.36965144024683
172.38648404986105
172.3649204934468
172.2814051785874
172.1567123435944
172.0732318256958
172.04089470088707
172.01061086411966
171.9598415986705
171.87595986123097
171.7546434905379
171.61942730632708
171.46862137836536
171.28440762794293
171.08374837172562
170.9271411095622
170.86428435419054
170.87452839498602
170.89789978826266
170.9460873646455
171.0488216963662
171.18971654518595
171.35346680782644
171.55265818850737
171.7901233611744
172.05005521839433
172.3016508122628
172.5085056412307
172.6817594159132
172.8417862488593
172.99148619783048
173.12351736437242
173.22283716056398
173.3012539670917
173.35976729530418
173.4047313789044
173.46853621805028
173.5742761827173
173.70515295244613
173.82411757548508
173.9013685209107
173.93718986427206
173.9285303063209
173.8700979478514
173.78590578994823
173.70280280555198
173.6290790432368
173.5695434092144
173.53058464829508
173.49197380132185
173.43425499853242
173.37499442791815
173.28555000747104
173.11171178458915
172.8968061969092
172.75064169957483
172.6941456775956
172.6650556602723
172.65814391595035
172.716796521751
172.85287797744863
173.03654077233583
173.22032896069848
173.34807841359458
173.3793035067938
173.35157121449598
173.32315133566192
173.32558684551296
173.37816539736227
173.45793318937817
173.53832923751412
173.64122407338402
173.76528322366522
173.8686842239356
173.90850843826533
173.8709718062312
173.76177731361852
173.60833684022833
173.42988905632728
173.23750337717888
173.0809458446372
172.98158690917086
172.96461490513906
172.99568510252638
172.9854418525522
172.93252677309658
172.8734752973736
172.85317868166646
172.90126431752356
172.9864928118427
173.0441771548365
173.03600581780245
172.98377659773138
172.94343019417175
172.91004821252577
172.8472649855364
172.7695118622139
172.73249749433668
172.75870441132946
172.84419867812193
173.00317064946566
173.22516811267334
173.44969547879322
173.57651461720016
173.5470069976369
173.38056389745935
173.1353310872613
172.86919176536216
172.6569946436724
172.5426390305769
172.49783972774503
172.46393270436783
172.41097725516437
172.3371781276944
172.2498804329143
172.17877770556265
172.13875280408075
172.098239756221
172.0154411621786
171.86965007057893
171.6999370768517
171.58359486090055
171.56029161618375
171.6375742157207
171.81257584194105
172.0857193674643
172.44847603375797
172.85750969149268
173.24532211944236
173.55438500078372
173.77707562591212
173.9516741267609
174.10672198568585
174.23515850167072
174.29454917265542
174.2289200898284
174.05201802832175
173.8664124138942
173.7573677827398
173.71787481410988
173.72449643938606
173.7851335153793
173.89418030302718
173.99671962734817
174.03506118779086
173.98526180060128
173.8588731096235
173.67952923262317
173.50615706715752
173.36879644499663
173.25241548377724
173.15816895138246
173.07566872799038
173.01397213235174
173.02056667899004
173.10952811032212
173.2587579711364
173.39708807338172
173.4576862725866
173.45753595718048
173.4023510613067
173.33846857175973
173.37093325414787
173.53773030426723
173.7795429981999
173.99300820540827
174.06769201168785
173.97849058907772
173.7828331145998
173.55303746996623
173.34521567148352
173.1533508564095
172.97062580054288
172.82196636056258
172.71766364810503
172.65563643855222
172.57687518402133
172.46793731214785
172.3937317076793
172.38780704976654
172.41510888511837
172.44660956128934
172.49787880198713
172.56765666516725
172.6103855937426
172.58930452741532
172.53159559713743
172.48482543435233
172.45746794556612
172.4399170439617
172.42955304395187
172.4222283054889
172.3938676088646
172.35206358993497
172.34497354558192
172.40199093134999
172.5293574091436
172.7043622341909
172.88488584779384
173.01636127543026
173.08147773781974
173.08204576578777
173.0162506180997
172.89164931384283
172.72059609893492
172.55929217154073
172.46045534600046
172.3868034187477
172.26004123479862
172.07363190484847
171.9063209361447
171.85123974530782
171.94631843125038
172.14335476573592
172.39390473983917
172.68660126071606
172.99404316197993
173.28522670463414
173.5678296438876
173.83262898198075
174.04609781061097
174.15158424783917
174.12346741521915
173.9773390617387
173.7342846167987
173.42749430378436
173.12024497117633
172.86369820599583
172.68534533311896
172.612068166738
172.61614886095657
172.66810289597134
172.77870559826493
172.92122826706816
173.0263149461442
173.05177394421713
173.0514643892571
173.11078090952319
173.23451220355238
173.3610256077601
173.45381290352734
173.54215731825465
173.65526316651574
173.78962494377237
173.91289465023817
174.00832138549322
174.0681581678531
174.07401317573425
174.02461921435616
173.8980220609314
173.69518050314053
173.4115196029598
173.05940964682554
172.70343040590723
172.40048921617918
172.1733121134183
172.00829517615176
171.87776378248572
171.77937583547813
171.69843828599986
171.66255951416835
171.70888443818754
171.81448678189946
171.96824709373948
172.19894510240263
172.4871320602259
172.77881211475642
173.01365389709176
173.1579170216833
173.19992087436614
173.139212775543
173.0190093779038
172.87803956425282
172.70458150322037
172.50173451171358
172.32868986615088
172.22760649606957
172.18166658081313
172.1671125170704
172.19311702007957
172.27153363231312
172.36165683127933
172.38104396711935
172.29876558961894
172.17528488521347
172.0791663405157
171.9979630160371
171.90401881608605
171.78414253700987
171.6458357774707
171.52155891796002
171.4352290354449
171.3741067776636
171.31908399425814
171.29036172118077
171.31761150982942
171.39456815142844
171.48562292740968
171.575463788974
171.67894074018915
171.78231540961713
171.87620117980012
171.96949248640564
172.04207775709568
172.0820067378475
172.1195116103895
172.17423595429656
172.2538008287373
172.37628483148217
172.55574574396474
172.8252002992741
173.19854243466654
173.6083837313866
173.9163595136539
174.00354371286596
173.89274237921703
173.70660679761755
173.55466808173776
173.44736081863215
173.3370030561185
173.20467653580704
173.0550177786342
172.91075082722608
172.82056536697007
172.80082978013513
172.82949168611677
172.91585852456464
173.0848891548247
173.34335689291456
173.65569869958193
173.9639794891684
174.2556016467006
174.5286168525837
174.75461058278975
174.9197357344221
175.0226918151569
175.01343971399535
174.8469273164723
174.5600573871881
174.24283410487547
173.98232722696957
173.80816699891307
173.71859229853965
173.67401120541322
173.59506089880406
173.47069249195192
173.33907029313062
173.18675955256901
173.00913507101205
172.82110636742686
172.63227269214033
172.47358471842432
172.34503847107402
172.247112793469
172.18919636189665
172.2127097587894
172.36424463225836
172.62149046020588
172.91873267762497
173.18900015728133
173.37609590234172
173.4973164984518
173.56241176913204
173.53945426962838
173.46595701012788
173.40917020345483
173.38002616729025
173.32917629440206
173.20775393849016
173.02106050278712
172.82599077788242
172.69051485061908
172.64788724561288
172.68452465183103
172.75453729068172
172.77123960738308
172.6885111315587
172.50033941729447
172.21691390932767
171.88944038482134
171.58477352344235
171.32674049770833
171.1238125941805
170.98400500754116
170.91047111063858
170.86502949394566
170.79745310500024
170.73565193417238
170.73825056572335
170.8556913459312
171.07336657801227
171.32817771591357
171.5829349470791
171.8187891840451
172.0070565362426
172.1353769062936
172.21292817687834
172.24591094903676
172.2669175178606
172.3085459983651
172.35203729765826
172.3524199450561
172.27681791651534
172.1675380026602
172.11786342338024
172.12343728686392
172.1251833335232
172.09675333231456
172.00127390933417
171.84483955459135
171.6972838432299
171.59281460949208
171.53452731602815
171.55361032180554
171.69104830452633
171.92895540573915
172.19957157246927
172.4503193449841
172.63620775321414
172.7387593169694
172.8328000816404
172.97568662197313
173.14477102280316
173.33016025673243
173.49475210394834
173.5691878215574
173.54126719749857
173.45128253129877
173.35480405029324
173.25771346089505
173.11534678780097
172.92798977562262
172.75540686615233
172.6363233579024
172.55562916422707
172.47993650301112
172.37780454518787
172.236338159501
172.08578804210575
171.97032806562274
171.9202636247973
171.93198505658378
171.98024098027926
172.01812811764842
172.0062614044501
171.96212271627223
171.9164764585269
171.88314658015804
171.870749740256
171.86636605446844
171.84239185726045
171.77185543689697
171.63611266381312
171.4730419613117
171.38229024702792
171.41327955003925
171.55228230613454
171.78134857732903
172.08323225733548
172.41155327872139
172.69739132991722
172.91453619420332
173.04806162265862
173.09369706024356
173.10527711218268
173.1107555368146
173.06291474209297
172.9237718721286
172.68932901684684
172.39176733031098
172.12722598482202
172.004814025983
172.0409847235623
172.14448482176854
172.21441689069263
172.21154135842193
172.17124328779295
172.14770610417844
172.15397485022498
172.1495977806927
172.08418075199677
171.94489117396958
171.7740177209909
171.63743585570728
171.57956856514588
171.58916297045727
171.6165141253974
171.64605978602958
171.70059632323483
171.7985801123092
171.92358293888805
172.0289848452316
172.1062450037059
172.1888146296079
172.29192030333135
172.41420849806144
172.54935749690725
172.64342278825043
172.6329704050928
172.51881203056882
172.37178204496993
172.28104647974448
172.3307451273683
172.55744962431433
172.84553149519726
173.06247951030736
173.18228761563927
173.23454808885847
173.25090462593707
173.26745051105803
173.28965920992974
173.25816046853313
173.11730204205318
172.89023344811721
172.67672805874008
172.5699944727725
172.60003125010476
172.71488478004906
172.8150450732153
172.84938545118126
172.80956718715214
172.72050131577748
172.63014929252418
172.5414867809427
172.4488235759095
172.38964344869538
172.37496043553762
172.39343746290024
172.45295264924277
172.5756321521699
172.77000639999358
173.00382216842465
173.2231241380419
173.43448185731873
173.68060202897283
173.9241616072325
174.11992301179473
174.26505599071461
174.34150856347486
174.32763190823022
174.24714112687013
174.16547111718276
174.11877259146172
174.10703614424028
174.1153287421999
174.11919463032513
174.11882812607098
174.1327330963488
174.15243190360349
174.14754673725957
174.09683124700453
173.9957948099791
173.85916935822445
173.7149907670993
173.58124242042192
173.4648197272362
173.35977896827706
173.24283541538784
173.12061749064884
173.02595796973725
172.99923120787105
173.0372531048984
173.08398426262386
173.12434652161818
173.1709950264817
173.20388513284934
173.19468740818675
173.13752444733342
173.06042985038698
172.97703670826127
172.8514200049373
172.66201337243248
172.44285559253242
172.25441868076584
172.1419752965809
172.09540955544074
172.1076848688328
172.18439559828295
172.27073835837496
172.3149286118013
172.30463913937643
172.29252525310247
172.37201519410857
172.57448098483653
172.85283453300252
173.1544567643312
173.41355561306804
173.611633819981
173.82620817618155
174.12872858413888
174.51757495968124
174.9560548726384
175.4012728659992
175.7937796378502
176.09145558311016
176.26573491812414
176.33119026375027
176.32373447820757
176.25564477426946
176.09831249636926
175.79648525848748
175.3535608520546
174.86243520781198
174.4326822094895
174.07494594345656
173.72408764448147
173.3792380241132
173.09104125682066
172.87145115888202
172.677122687651
172.46749789742984
172.22940720690593
171.96517628048923
171.68557148713933
171.43060091746526
171.24802237962714
171.12541001861862
171.0445857848863
171.03805534420212
171.16784198910176
171.46946139301107
171.9206322045928
172.4448105915566
172.96095354795455
173.42138827763927
173.8388369746724
174.31117525778495
174.97350482113794
175.85771089393583
176.83831918744806
177.73521730714947
178.46264989781028
178.9882173996928
179.32429233524005
179.50521389098657
179.5096862527111
179.30030092716981
178.87643663656678
178.28733514293134
177.59695458074404
176.8691781191145
176.1740859313353
175.53744102396084
174.8964480218198
174.18929631202792
173.40607440163845
172.54701766754022
171.64107869923845
170.76442809783063
169.99233944094564
169.35720875801016
168.8363939582445
168.44233500627115
168.23959497807908
168.20091068985388
168.1581981834993
168.03230180311087
167.9084347488368
167.93457169974033
168.18983880932814
168.68620489748608
169.40781969195544
170.2687721354083
171.13109721775731
171.9404149195165
172.74438740375996
173.56320905438648
174.3496804022027
174.9956726759244
175.42723125578743
175.6263376920685
175.67062136018808
175.67837191909786
175.7240695467785
175.86354831231506
176.10725088104812
176.39676418748633
176.682309671587
176.9371738164603
177.1706161942946
177.43179107844685
177.71534257221583
177.94198066437613
178.00404444394042
177.8513566391974
177.4921434876162
176.82870802333807
175.65092426668602
173.9107277888374
172.0845515107671