168.903869092884
164.24411016517774
160.80182276219608
162.2488345956434
166.28807399534793
169.4266024041679
171.1942735145291
171.92547155530204
171.92703642447592
171.4449448657625
170.6797136518602
169.8763167091287
169.24818946104372
168.8512886141554
168.710870581206
168.81931290765624
169.19298268885808
169.68264911544833
170.1295549174234
170.6015654964395
171.1739515727564
171.72429371349352
172.14233105904432
172.50583567215668
172.92225563318513
173.34687877771162
173.74328565269516
174.1412255178671
174.51324650905687
174.8832485182997
175.25236081605158
175.61136959245925
176.0741002510289
176.72931151871617
177.52945493100242
178.44508784614547
179.46003879304416
180.52723010432
181.56850673221655
182.45782858234546
183.1647357592334
183.73961903587139
184.17719638695743
184.40067557178926
184.38448399098309
184.16212828593822
183.7807728605583
183.30045645411985
182.72149850044366
181.97018004813458
181.05060672987284
180.04200032643524
179.05609456604964
178.220025893335
177.61908297839256
177.26113179103797
177.03701961755436
176.85237551233726
176.6756945053225
176.53383853894076
176.4610850686891
176.45067189389206
176.49203882476678
176.558701022231
176.60232788481565
176.6373969950041
176.73511326792877
176.94204951559036
177.26103610471807
177.66185453829067
178.07021894347048
178.39417536343285
178.59347664646256
178.69072636001513
178.72323785085212
178.73920694076958
178.73775035704875
178.6709288246325
178.60751846947284
178.6179837281197
178.67993198795202
178.73095270831118
178.73082957993992
178.62882545295423
178.45456472466847
178.31837957336433
178.29663988829958
178.33152759092343
178.3678882240676
178.38089635251646
178.3572714888919
178.33159932669048
178.34702535313494
178.38742030647083
178.39470533035495
178.3918786669435
178.40072231405912
178.37967605140682
178.30826108255397
178.19132925511485
178.02774248535732
177.8575121598045
177.7069326976557
177.49110915661134
177.20402027526043
176.96138285215025
176.80367219719514
176.69751416807742
176.58585148647177
176.45490211101242
176.31310472837845
176.14282267275757
176.03700092286212
176.0551782875255
176.09285630831215
176.0764592827852
176.05441816573227
176.09383474521627
176.18167921938016
176.23966236413918
176.1940099764369
176.04179976920045
175.87419269125624
175.73762755572446
175.63562149540223
175.57435160913184
175.53953478210923
175.47661488342396
175.36266902003553
175.2594545506743
175.20657595322032
175.20099429498498
175.21427268571645
175.2200031667836
175.2626189763674
175.34752267533912
175.47029652138326
175.65316782438722
175.87618294428654
176.11079022253313
176.35131740304445
176.61956440391984
176.94139012900396
177.31073313384167
177.7075741007637
178.09018458621927
178.4637476173616
178.73024433442822
178.8647135006959
178.87198751284558
178.74464611160545
178.51470018220326
178.2123928197736
177.89066631829462
177.61865754708452
177.4258302174601
177.2247137076406
176.9900883360801
176.74911419401434
176.48331744128646
176.23023749271093
176.02035358746758
175.80015134440578
175.67177956930658
175.6095766495404
175.47216503533872
175.29113299562943
175.05684746827973
174.81362158759327
174.65710582597825
174.54534509629244
174.52079840505627
174.52057340765694
174.4621903072288
174.3879495315438
174.29718115081727
174.24446436858454
174.32998244971378
174.4978690024426
174.6373581951486
174.72146345554296
174.76993595064158
174.85607704392083
174.97954728043857
175.13643297217084
175.30702311571724
175.4597333395237
175.6410453089262
175.83546791701963
175.99865496094867
176.18138449562713
176.39732604446954
176.60308425891856
176.77682018852727
176.90334996616824
176.9268817160828
176.84069948742012
176.72145682398966
176.6239525136629
176.57203662614273
176.53872593952616
176.46170251941726
176.35107607608722
176.26057716731094
176.20588446843794
176.17534688710873
176.14443668169028
176.07585120417394
176.0116333019932
175.98774825503426
175.99711694247
176.06769355426215
176.1802943875957
176.31494707568876
176.4676316430839
176.5717863569323
176.64951233909574
176.73883518544747
176.88980622948569
177.13250679534963
177.45124458037552
177.8711678678328
178.33171613849507
178.77794086786065
179.10793679450376
179.25596395543425
179.26259863495855
179.1340855752187
178.9115845176912
178.63248077802592
178.2765430054538
177.86615691405856
177.45145537531198
177.1037593461435
176.9631475006247
177.05981715515694
177.2571186118227
177.4772984351052
177.7207282865736
177.97137326939915
178.20770394955912
178.38332710578845
178.5043722767292
178.58745933575543
178.67840557140204
178.8193098354372
178.93853351995642
178.93323609980035
178.81910654317022
178.6576801495768
178.50110694752578
178.38773761688887
178.32436632631092
178.21993335574052
178.00396312376674
177.74307694407725
177.60573748612592
177.58028392714354
177.48389488514277
177.275348980127
177.05981880625052
176.95415090271356
176.95779776813643
176.98792672823302
177.00820245647697
176.98440287103986
176.92113087428666
176.87143507259464
176.82438029875118
176.7251497849193
176.57928624791276
176.3725188421222
176.1424456204991
176.00582869645535
175.97086545087927
175.99422483862952
176.0208251627126
176.00400437156674
175.99477524712677
175.99930020367668
176.00452208862367
176.04451699293443
176.11374595345754
176.19298299667474
176.25109401662954
176.31259896921128
176.35723867082606
176.45014617157466
176.67943963515677
176.9144675667361
176.99346634120303
177.01489557807773
177.0430964926081
176.9946134091257
176.82544723572803
176.53635291597539
176.3323468005525
176.2889712041619
176.30390310006572
176.32048474512575
176.3477200594469
176.38288193106436
176.3590649638097
176.3016052359132
176.24912517208762
176.20393442349524
176.11812095102684
175.93480070092286
175.7016151683987
175.48439835966593
175.28455504787823
175.10406016599853
175.02605265281386
175.03969772682203
175.08207311304477
175.17598599779967
175.36308797689864
175.6689714427003
176.0357263977391
176.33408930050183
176.4764403868139
176.47910026514097
176.42363939459557
176.3192696505734
176.16601071918035
175.97985932789612
175.75336582900508
175.60230904245245
175.56267587335518
175.54873069321923
175.55661747094928
175.60112889492703
175.58454802328552
175.43934916587472
175.2111306021576
175.0293539738058
174.900872008742
174.77125318582102
174.64275326683858
174.48215377298033
174.24681749718303
173.9574252650042
173.6257526289595
173.29261435733326
172.99110380165905
172.72732724291427
172.57901707093401
172.60280933424033
172.69828155559634
172.79224205565748
172.9088614293861
173.03067500805616
173.15671630576452
173.27276968008223
173.39448489762427
173.5623984629023
173.75359522467448
173.98245261805062
174.2725341292208
174.52606880883198
174.66026985546327
174.6967149699202
174.70900669576315
174.73318646972575
174.73832921693514
174.72931402117555
174.75503359846346
174.83430735132941
174.97190750296534
175.1390974288633
175.34548669453636
175.5699424264447
175.6902563816225
175.74867366077956
175.8428375813632
176.0049877487989
176.19046037028087
176.31312003046574
176.3369753537963
176.2826629281685
176.18894762052884
176.0644108398604
175.9061686622973
175.73877422158301
175.62101933578876
175.5158596921192
175.39376321551913
175.30490314809612
175.29314696159003
175.39460310445824
175.56874467619448
175.66951695865487
175.62790217929376
175.43610548490835
175.14390938045048
174.84405136946546
174.58853073484966
174.38411624361208
174.21305932502793
174.1349788272396
174.14539682784294
174.16916342644228
174.17697451997265
174.17630207239188
174.1396838646926
174.03000764699243
173.9139559820499
173.83796940323904
173.8972360940349
174.08624801559392
174.29491418080772
174.51254296622596
174.74412276397402
174.94635508699668
175.07710860032253
175.16661966526152
175.30750609501587
175.52497014922312
175.7556966880591
175.98171361700344
176.24123371577028
176.52421369378104
176.8370074990196
177.15551580857408
177.44613220683453
177.70923513938197
177.96376810029685
178.1545639647453
178.1847279407066
178.06001137185854
177.86413171826428
177.5981338691988
177.24541572038058
176.85781127736504
176.52532088804014
176.26961181421396
176.06260807257712
175.8690866394964
175.70882213942394
175.60849019742355
175.60592506953884
175.66001630254235
175.7579565457748
175.8507320741153
175.8753150161415
175.939005083131
176.06068440942562
176.19833378958066
176.32958682539967
176.38391189121137
176.3877933856861
176.4264230462393
176.59610352523072
176.83845875313557
176.9730506194046
176.98419130900606
176.91520080229736
176.8038215573702
176.67934615858687
176.519359283095
176.32362311156822
176.1756186196647
176.1031352690149
176.08483901503837
176.1418950231923
176.30267350779934
176.55480852444705
176.83719930007146
177.17344923451066
177.52798649491768
177.8243114910568
178.0692258992852
178.26126304003583
178.43704458108337
178.5185151170319
178.49839171683786
178.4837935070409
178.519661567505
178.54116315402322
178.4512995268048
178.32567484642342
178.22097403277584
178.15138685282713
178.0700293931954
177.92647671672643
177.77372652076588
177.71871471715062
177.76214098648998
177.83475111514318
177.89233372099164
177.85701828998754
177.80372536731474
177.81349832636266
177.81616399057663
177.74171171442526
177.59006762077917
177.4251437482071
177.32419469850288
177.2834132743273
177.2716652972402
177.1748762638186
176.9483502910721
176.64370863002262
176.37629876024758
176.1423366517861
175.89452139950254
175.75316600158288
175.75432040261464
175.7788267124996
175.70194252772248
175.55616821138696
175.40920792997986
175.33014870319238
175.35019582264297
175.41083988622444
175.45437544183193
175.42992360341938
175.45545333407642
175.61939831136638
175.79973295853603
175.91929637825018
175.9800782275853
176.02028494662483
176.06840397590244
176.04962329911825
176.03709502971577
176.07076943840343
176.05408539276232
176.01008427620113
175.99862151877716
176.03184715730004
176.05100488350067
175.9850891894056
175.8835550492676
175.7832002567701
175.70768620192982
175.7240464346291
175.80039859853704
175.8692570223705
175.9681076615377
176.08926610769606
176.21314532569193
176.29473314894645
176.34275342304636
176.34921783051385
176.2530854728143
176.0385249265907
175.81030573674707
175.66401416426314
175.56588024688904
175.51487468482378
175.51543139017463
175.5350106261555
175.52348196809373
175.50520054587224
175.45240310386595
175.26591636008158
174.99785062687963
174.76822798853414
174.59230369549246
174.44683254873792
174.32609308874618
174.2479130434731
174.19966799319823
174.13365302362965
174.0790775640985
174.00155597043883
173.90293969027664
173.84176058210454
173.81241319385327
173.81833339657538
173.84510939672612
173.84441833598424
173.8215825916397
173.75251889588034
173.61799544986695
173.51657348356588
173.5607333697255
173.72554758911323
173.90688413007194
174.0307471413138
174.07981622170712
174.11130657762882
174.19300857747385
174.35278101726442
174.54599658867065
174.70436398702452
174.80661022158708
174.8602635434682
174.9166253971526
174.99665471703315
175.08515879013058
175.2609784172949
175.5138647130118
175.70655201146693
175.8149948004919
175.87385461121755
175.95543021105695
176.03617430868601
176.03273734084422
175.93553720853163
175.79828768522475
175.68643125031048
175.5767082173255
175.42055546777692
175.25344134655188
175.0934721036693
174.94312225554975
174.85747850238715
174.82777085138378
174.8289544800629
174.83819299304815
174.76594981127323
174.6889579918337
174.71716854489134
174.8064468601925
174.84287936585304
174.78273449381183
174.70174632701853
174.6845381261299
174.68176270464792
174.6029260980331
174.40864419278236
174.2258389603894
174.14139586009895
174.08776353504086
174.05023995171803
174.03870441745914
174.05540901072365
174.19584992376042
174.44917456439816
174.73343609608563
175.02277331704985
175.2147648359696
175.28477261781535
175.3371548849172
175.34698593078772
175.30802696968416
175.23125720099728
175.1352382661047
175.07842266034433
175.05689774874946
175.05841383062636
175.1230829577141
175.18732564233983
175.2081770268717
175.2315067870849
175.28126915180465
175.2931919656939
175.23361421815395
175.10187701504867
174.90314721653644
174.6803992760293
174.43380319082468
174.13047549898542
173.76483442263233
173.44770158034652
173.2197133082183
173.04419725763893
172.9485387757345
172.8908827917623
172.8645853186857
172.86383555422356
172.86642316330654
172.91631628155855
172.99316183034932
173.04593667894582
173.13687225443624
173.24998873098988
173.31967565692457
173.3086746293021
173.2538390478236
173.25271323703905
173.3340601298763
173.45265712529206
173.66787773111923
173.9178307716324
174.11182027275433
174.2688206724373
174.48474029124364
174.8270015919959
175.1842115303998
175.39757869115883
175.5590829171865
175.7142814045827
175.8212071921288
175.9106020140341
175.96174777055765
175.91817337559482
175.81506266308546
175.71996021192803
175.62367439914942
175.53132909410704
175.4153922390234
175.29971228857164
175.20241238957902
175.10455052636695
175.04748160384347
175.0667569675365
175.1476011846231
175.20177565949592
175.1282191543245
175.02066241550446
174.96641289472302
174.96963962107247
175.05351389022988
175.17122224674662
175.2638310546791
175.37312206485856
175.39769241721982
175.3620605431505
175.3405926460975
175.32012960342368
175.31175672288026
175.29877231828056
175.20007564037792
175.10309010400306
175.0761336939936
175.1354043093391
175.2230315326089
175.26641875353567
175.28923027846105
175.33889330744714
175.43957039020538
175.50176679962442
175.4442477919773
175.28045420216867
175.13445962477866
175.0671972213579
175.0463826027722
175.0998851863165
175.18263706993397
175.27912425038863
175.42662597517074
175.6298577337239
175.79006187981503
175.87808458257612
175.98278331260005
176.10051182347567
176.19855055512437
176.31055304765684
176.35499379512606
176.29531029623493
176.1825006305619
176.0590429661231
175.92265818814582
175.7772761770386
175.6489091223829
175.49414118923332
175.30278191869994
175.1032215170934
174.9081754772468
174.7594439579452
174.6377297090501
174.51733150688494
174.47013527109488
174.50400661090163
174.53308561937664
174.50457859995626
174.50332957560687
174.60719641279098
174.70630365652283
174.74503676143013
174.82893708336584
174.95212389507273
175.1362350089617
175.37032362929875
175.56253768218704
175.67836881487676
175.73243098752621
175.77798443547857
175.88586172540877
176.04988891637163
176.22006516667156
176.38091141216808
176.4754520879031
176.532465773932
176.63850109654635
176.82782719010393
177.06460526025018
177.27262231356337
177.4501662430608
177.5842867693735
177.65247790296166
177.72323056945382
177.7568431585501
177.67960950572274
177.5363741002837
177.38914203107117
177.32633184496234
177.26360535011915
177.19312152589828
177.10362476943587
176.96205831181157
176.83627830479378
176.7841299195007
176.8032024820614
176.89791219568798
177.01973100654487
177.10077840135875
177.1092183013671
177.10945514766001
177.20791263108254
177.34889891813
177.42775106534017
177.4413064676636
177.3569671971325
177.28148973099263
177.25017286873327
177.24004214001945
177.25952561085865
177.25972299084066
177.22247141823942
177.2164564736214
177.20633243681544
177.07430863170984
176.86199881814485
176.7181299214735
176.71581766560143
176.86066306975908
177.0808135639876
177.2808515275145
177.44877410871268
177.53958901706304
177.59862213043237
177.69069806814827
177.80347651092234
177.87562494238858
177.8597633268021
177.74872405093316
177.59295491807853
177.43177815496804
177.2644978843099
177.13999661561303
177.05892222188828
177.04121377418502
177.1001875696822
177.16532985084226
177.18385665666105
177.13520342684325
177.10842953656785
177.14025992746537
177.12441449448588
177.09351461765038
177.13121098797387
177.16492701284784
177.1270193202861
177.01597099393155
176.83098664779106
176.65986285684022
176.57932936477698
176.5588632008333
176.60543867567083
176.66532770661223
176.72427725624192
176.81475693123917
176.93645502650813
177.01443190366547
176.99826429032532
176.96239713211884
176.93117816893187
176.97798453081816
177.0910215727782
177.14529917419
177.1638752659095
177.19985971478067
177.20553981786836
177.20778515020305
177.17788519755882
177.10931723610844
177.0807691964102
177.0479545681135
176.99606951334187
176.95423277479617
177.01962896190875
177.20890281412187
177.37037678920643
177.5106077707947
177.65299995159768
177.74747799610245
177.77025480021547
177.72419857786127
177.59851865987716
177.40013381295012
177.18568700684096
177.02128621622074
176.86991066698855
176.79637043068843
176.78970343293537
176.75889115056958
176.74487722712624
176.75864951096773
176.79107610855246
176.83202220602885
176.83174077055713
176.79192201334314
176.69230701060133
176.54996171768155
176.45724647864608
176.43757546959347
176.43296310745473
176.4258077882842
176.41963012486679
176.36560535862412
176.23600378947413
176.0817282570428
175.97146828907623
175.8988119779329
175.8788272135379
175.94723067329704
176.10552051577022
176.26427229668434
176.3040715161832
176.28426873302035
176.29321799256283
176.29973477076834
176.3169002505872
176.4009187173887
176.5230108053066
176.63194722174583
176.72640217352466
176.8587622601909
177.02291468875478
177.15770338530902
177.2402231248114
177.27725317078205
177.324287444011
177.41127678815099
177.51273283586005
177.59308311157108
177.6212233676871
177.6996213271957
177.88737133723131
178.06593405743624
178.10404360830216
177.9977209365059
177.83469109838614
177.6465833325761
177.43510481657967
177.1847205878445
176.90199298719315
176.58046092899295
176.28106643139148
176.0910878331254
175.99673107463062
175.95729262681655
175.98947575239816
176.03240376466877
176.0741995456198
176.09217524923284
176.05810709947022
176.03401737595152
176.07433909128855
176.14607659770763
176.21226330227688
176.33059964713902
176.55990712489216
176.88352466067244
177.24295866491224
177.57096688481255
177.86813252863496
178.11056474794856
178.257461198327
178.3382412180352
178.3075252720967
178.14036326667645
177.87162344779
177.56100765023652
177.3034699442914
177.08606340828624
176.8314850406221
176.55977201768007
176.30553437476703
176.12889135333853
176.05215313352488
176.0195133261098
176.0396027202118
176.089285566666
176.10338101193463
176.11215898358626
176.10877219959417
176.0902776141407
176.0547453753176
175.94251725115623
175.79705427689493
175.7406070453366
175.82613687161498
175.98630460914268
176.13053621037878
176.26703261093002
176.33427589953718
176.35100535091507
176.41463781329122
176.54407436813
176.64418897949673
176.6839706742074
176.77855973895163
176.96895750199312
177.1268300930497
177.17340608289703
177.1633335786156
177.1583812717934
177.13113747434656
177.0633693407551
177.02559043905464
177.04767318977804
177.07492424760878
177.08804263478447
177.09134738763987
177.0426223788324
176.93871489519736
176.8217460244725
176.77803897839297
176.82556075248485
176.94859007624973
177.21341408344307
177.54357179054642
177.8144084201111
178.05004249066235
178.2318575822087
178.27112859176927
178.13401141386632
177.91447930328025
177.77540768586712
177.68138867757506
177.57990589503387
177.5152553238973
177.46062530829312
177.41775772989692
177.3937621218461
177.36912286641464
177.33442628182877
177.25720941152937
177.1916354579028
177.11390985689707
177.03482261056328
176.92180717907127
176.7202739507476
176.50689165267113
176.3422119919554
176.21061652384407
176.08079575697528
176.02045022642716
176.03856125956966
176.0518839625099
176.0473377140471
176.08611678182325
176.15653681904809
176.19402822530748
176.20157917876386
176.19373688783773
176.2527561059356
176.35278903666855
176.38815135972928
176.42573446045523
176.55924232222247
176.78196241152625
176.99641323944638
177.1523518056188
177.26366323931876
177.37184915251083
177.5033491657724
177.627243303598
177.67001701668568
177.66048896982917
177.67298911363198
177.74024136259538
177.82866417041998
177.904572791582
177.9533454870191
177.98640935010252
177.9840554610934
177.97678273613457
177.99792094776765
178.0151247978072
178.05158664991075
178.09382279655986
178.0498888601557
177.8670146682369
177.6117831657811
177.4063227278716
177.2797392965241
177.1879099489295
177.07550666410458
176.93514638657484
176.78107136569244
176.65690194430167
176.60728501130998
176.581728809777
176.56247522936934
176.5870987866775
176.6626095167317
176.82735686282166
177.08250918555905
177.32353962136648
177.4670499495181
177.55780462296917
177.642191530482
177.70875548375926
177.72313764265715
177.67712658852713
177.58687895158815
177.48636909737132
177.37711100359556
177.35652679101344
177.4565310575699
177.59928989877747
177.72244575936273
177.77976260328742
177.72640615903862
177.63870427127335
177.57188576688867
177.49101564271322
177.40679349593057
177.3702968090201
177.39806770149193
177.51091174108856
177.7114042107748
177.9556928876358
178.16545144958238
178.33950435101303
178.4390831168319
178.42833880895412
178.38743608806507
178.3943157024885
178.52015658493454
178.76223821686548
178.94432832372215
178.93780228686063
178.84878963120386
178.7038860336856
178.5054225723912
178.3136831395486
178.08795542807405
177.86193400447206
177.65795993990008
177.53027352782303
177.53233933777926
177.5396183521579
177.51780642938058
177.40452190387407
177.28329364891772
177.27142757988474
177.30618220430722
177.2789952012003
177.16140290795352
177.03699034282363
176.97237582051477
176.89978143884377
176.80117428184167
176.71318532797255
176.67095004273338
176.69148508207562
176.71995195714615
176.77816244639865
176.89179102871432
176.91769692148614
176.8128668059529
176.70876235954677
176.64709522970108
176.61743077901917
176.61882320721625
176.59854310643095
176.53251822108803
176.40016936369278
176.2509891243984
176.23582469703624
176.37100589193312
176.52450960246233
176.62006287314185
176.7270228397627
176.85401808795896
176.90778435622198
176.96646367351516
177.02051084966186
177.05852704418882
177.07836198718763
177.07647887814824
177.08663218103783
177.12676336697314
177.18992159466745
177.21812520193907
177.18479780189693
177.05967350467864
176.92430379490523
176.84713073057495
176.83755985896494
176.81598825085683
176.829630906282
177.00856911363667
177.27262178303047
177.50923641274102
177.68476234340469
177.76288652533594
177.82627828882733
177.94578978093492
178.02759520227204
177.97821965366265
177.83796751807557
177.66943801649592
177.50921355825517
177.3160874284615
177.16235563336
177.13724698058246
177.26868985608763
177.4759925210973
177.70110891565247
177.94594836334372
178.07352944440493
177.9948042355793
177.72717118288483
177.4461130722384
177.2657347991194
177.08567341332514
176.85943833890602
176.6380841617269
176.47584792806785
176.35488158355574
176.22267072906428
176.19733084919727
176.2790340071719
176.297124374613
176.2408905826441
176.19197416956877
176.1519183390502
176.12348416388406
176.1488028569544
176.2094146000025
176.2103762718815
176.11451454777927
176.03331594543067
176.01182630109489
175.94390710437375
175.82708516275906
175.67992355960422
175.56908144700424
175.54496752681405
175.53923227510637
175.47576042377693
175.37745365828272
175.29178701519228
175.15930846301308
175.0312825269926
174.9532221558634
174.92647850885433
174.9263374922866
175.0182644511882
175.23845453886833
175.47324265618101
175.64440766509279
175.77591291669142
175.91408602323034
176.12508671835064
176.34888759490067
176.46973686640268
176.4250428759857
176.28329936671142
176.12491245967206
176.02066689195738
175.985046119459
175.8798869486621
175.77713757944
175.74137629419093
175.68414679915216
175.60568115144036
175.51539236224298
175.41605198812726
175.3675757152838
175.26047072331693
175.09468217748673
174.97186131246056
174.9070704683378
174.9272230297136
174.9858808304985
174.958628959538
174.86090803289045
174.80275669483223
174.88313106188014
175.0314898868681
175.1963808225671
175.3850730616425
175.5061236559684
175.55485174110208
175.56512811589096
175.51848937785442
175.41380508333285
175.35137855014688
175.37356791955244
175.43431627914524
175.4768867431605
175.53143047120338
175.733198556571
175.91479917651296
175.90650158246768
175.7741861899162
175.62811597336596
175.53565167177578
175.55822028845654
175.64654089087537
175.63099773678303
175.42703896689952
175.23952498810556
175.14188328696088
175.10094892009755
175.09362101439552
175.04656221905137
174.96980189082143
174.90807830356135
174.9102589915009
174.96198588880878
175.06865702807158
175.19602389421107
175.2692384577594
175.26907790786416
175.30572176880932
175.4603012363915
175.56823583696968
175.5772051604638
175.44799119636835
175.1887019711203
174.94916467230573
174.77914281686975
174.67663688539452
174.59587834574467
174.40804811812774
174.14069799633214
173.89719719878389
173.779044385919
173.85081044978708
174.0203410725476
174.21175611638904
174.43639329747845
174.59051682754352
174.60954849771872
174.54787024377052
174.5286173703396
174.64413333429
174.819874999172
174.94172577323445
174.99062091752432
175.0693633701789
175.2511507720683
175.5121913286634
175.74881127502465
175.88208660354542
175.92301752186114
175.9598374827621
175.9913819924357
176.00845944782367
176.01656672859949
175.9389340142219
175.75358212943894
175.52544795247317
175.34630362894603
175.26758319483775
175.23684812292703
175.2261263162772
175.2493978836767
175.31259245321712
175.3493859404747
175.38445759646413
175.43248928184488
175.44548046752502
175.46482048703294
175.4609194355269
175.39867224846395
175.34870613320413
175.3227199097424
175.29685179531506
175.2965006015899
175.35793137268655
175.46634761968562
175.6234076505354
175.80790695447763
175.9429016701562
176.00999561606423
176.0223617536544
175.98906422912194
176.00492089578
176.11649066298554
176.219681522516
176.25348060074168
176.18432578447351
176.13755731640038
176.22593630980595
176.32764742975877
176.37338536357717
176.38129140134038
176.31184073277598
176.14917100354313
175.94643290576872
175.77619758789376
175.5476020177086
175.2242901813111
174.9461980136691
174.7521814927674
174.5983306824928
174.49843815010212
174.47054562768412
174.5087491075183
174.61021824105046
174.7098082535859
174.76642198244608
174.77926340261465
174.7325352656855
174.6941910140899
174.7159009362695
174.83405365801366
175.00673767147828
175.11045512598415
175.11647570507827
175.14744544259733
175.29357077635413
175.47420469542044
175.61059731288498
175.62076928870118
175.54614905779408
175.45169873447625
175.34442201891684
175.24635235647042
175.1492693714839
175.10952202264275
175.02001198613704
174.8340075707116
174.76511096775778
174.9311235433124
175.22031578956887
175.47361441312177
175.63896696485565
175.70970623848575
175.71902619378628
175.6092545025133
175.36567225483623
175.05253578792107
174.76416533527203
174.51358476367713
174.23522351192273
174.01124976927164
173.85111716942825
173.78882655966976
173.77504944413118
173.78496498162787
173.92823038348263
174.1590688075268
174.3738702402798
174.55437590233973
174.71605464637918
174.85095182464602
174.9646119038256
175.05026379660092
175.14445607878378
175.32397798052838
175.52495888371465
175.6574349905383
175.8170928184125
176.01654495351937
176.22311713347077
176.38267931816011
176.42020871098038
176.38824689311406
176.4010424853239
176.44531254540877
176.45521187280102
176.43800248851937
176.43590745470226
176.38045702070514
176.21907333809236
175.97894131754651
175.6951782076208
175.41062121891005
175.15507332864254
175.01732138985466
175.03783371142708
175.1071615755681
175.1726602292627
175.23352473144098
175.28126014912385
175.34898662076708
175.43516542065004
175.55654085922114
175.66565762835063
175.6816592835445
175.6085615207428
175.47351871046163
175.383891415734
175.4015854147487
175.4554514382241
175.45501441530413
175.35538610347052
175.19470074529778
175.06041619483307
174.97092830376351
174.9196720152624
174.92990151123678
175.01885763655235
175.14358240255308
175.17208730193227
175.01543139001114
174.80065692796794
174.69377786350177
174.67574798355577
174.63293080189734
174.51421186378795
174.3280521927719
174.06841823909488
173.81411043152173
173.6921787268655
173.74984984312198
173.9675396553684
174.21225326061355
174.33928240131743
174.34481441134795
174.31424369128345
174.32982059063417
174.40514628403588
174.43666995342772
174.38837202945336
174.3299710581769
174.30570511039323
174.3293777736949
174.4281739894525
174.54228202058397
174.69118548630144
174.92183401680887
175.1521639366943
175.29826719312325
175.2860824170986
175.15698818048236
175.0320611733809
175.0002990857258
175.01721361505042
174.97713148416238
174.9151880138011
174.86901551293857
174.84941882604858
174.90170976179687
175.067671674891
175.28347831709013
175.4418718110722
175.49507492294174
175.50220522735887
175.53177588932516
175.46090559173456
175.30019053504128
175.14634494008783
175.04459013804384
175.02951922676016
175.06913500139353
175.08671802180297
175.02588450467323
174.96991005872968
174.9614928873355
175.0640144392339
175.2332463292376
175.35891943935732
175.36792109191515
175.2406471945483
175.05778385054626
174.8389032185573
174.66769043330692
174.58776067036632
174.5444859970926
174.53466449485347
174.59608953300466
174.66242662101314
174.66566429569446
174.6683644016045
174.64198357613708
174.62021129190032
174.6620135781268
174.7311908504543
174.7924884431304
174.92390563847093
175.17887434952905
175.5115154006983
175.82551352502475
176.0818118913419
176.31913049235015
176.62632073642573
176.88869019564643
176.99307297205502
177.0592906853616
177.09949195831933
177.21533245824196
177.40628107350705
177.4864501044621
177.4107601949965
177.279752591239
177.1229800356988
176.94829554186413
176.7757944208226
176.49709615278363
176.12358603251866
175.8599101216687
175.7294840823369
175.6255002464633
175.52798339934026
175.28623374818883
174.70735588821884
173.57728380943433
172.03517981377232