196.93767419045264
196.87714039279894
196.99929809487264
197.33394016062357
197.60042868302372
197.6163421995776
197.45436832114552
197.36206092328086
197.54231951187887
198.04734545339758
198.80371851881543
199.74508683342518
200.7589887474833
201.74958859445854
202.70956364891003
203.65793667524065
204.63624760287087
205.70152258034454
206.64117293392906
207.2839121511817
207.66034471313927
207.85475529164177
207.95919623613077
208.0499129848357
208.22475079675917
208.56382004047956
209.09117355271607
209.7935083655156
210.6189266285592
211.4923386578511
212.36012247946502
213.1969417926323
213.9867670322566
214.73286741124588
215.4418234197783
216.1242497576332
216.8265301986807
217.61599137472564
218.508068376354
219.43454943663292
220.31515470128244
221.0789472265427
221.67708556382334
222.0509330131609
222.19574348730578
222.13826848106075
221.93139078319797
221.64602485708153
221.3428713065535
221.0252896937817
220.7008990735995
220.40296065684856
220.14292979115905
219.9289051004819
219.78052155914096
219.6977219424508
219.6702430518646
219.69622885627965
219.74432636288822
219.78268356636246
219.7766118219016
219.68066649492388
219.49838882466634
219.30189699403584
219.16843994420466
219.13005653499067
219.16482135710305
219.26462190573943
219.39334488513344
219.48134507487237
219.52103279101544
219.55805735938108
219.63626822095085
219.76154960692455
219.90435253282098
220.0109470616963
220.04380309402947
219.97918023362342
219.88277139207776
219.86672910857467
219.98239443235292
220.20578441336224
220.48406432634016
220.7446860569072
220.95784979360366
221.14759988718254
221.32995995023958
221.4945253623188
221.63805555380256
221.78773594953475
221.96436092875
222.15693426832453
222.3671255403679
222.6078233475156
222.83755174046354
223.02632801771415
223.20163878445305
223.38801410801665
223.5286802023519
223.56144998197328
223.49488339596758
223.36228554289434
223.17338506432105
222.96475048753825
222.8202080009789
222.82621049515274
223.020872585983
223.3740579474582
223.7735610889165
224.14556634274197
224.4622676819733
224.70908441923083
224.90843197227986
225.08854834718537
225.2553874541596
225.38709183574093
225.474735329534
225.53433122223112
225.5833960754563
225.64166614915726
225.69617170844398
225.7204316583859
225.6376822336967
225.44689147200992
225.2147102062774
225.0011896228664
224.82247880260508
224.64586247159994
224.4414571712627
224.18618114957138
223.86781480320124
223.51592853929793
223.19028896528738
222.94969026980237
222.8184678141967
222.78356292069367
222.8033200508915
222.8399016982374
222.8647989236068
222.86214425465369
222.8711036342312
222.94288652472014
223.0915788048034
223.2963174716281
223.52505736012247
223.74799687649892
223.9691963774373
224.22945967389148
224.55693602199327
224.9253381839901
225.293591736876
225.61972713446949
225.8276250557298
225.8673325144373
225.76954514442693
225.6379428715383
225.53817237654044
225.45732813071714
225.37059162161898
225.2512609400618
225.0704774305865
224.83017974292875
224.56437070371027
224.29513292924625
224.00567160460636
223.7104654514887
223.46425179711886
223.27773527403843
223.1409169945622
223.04646014736858
222.96417211812113
222.905532978161
222.89796409748706
222.9876299158746
223.18076009780117
223.41151284132079
223.61903158950747
223.79048977568794
223.93663879352448
224.06468445923454
224.15966312610797
224.23191451036868
224.3209776541531
224.43470699340378
224.5877425057391
224.76824273200455
224.9632103685668
225.15215317923682
225.27298597987595
225.29017138022198
225.2128858786436
225.0829116056762
224.94621989174016
224.84187429967727
224.79103755054757
224.77304427143864
224.7480633614118
224.69441124045127
224.5876358341999
224.43017599589194
224.2898971668737
224.18527091999397
224.11990106791308
224.09811988155604
224.07463549230428
223.980566590848
223.79223322038553
223.54828243082497
223.28653994698783
223.0649377269503
222.91296562686935
222.80076533573828
222.66720864260873
222.49565667598208
222.3121084399324
222.15493475837434
222.0264828182921
221.92479568393986
221.84653365906019
221.76717650421642
221.66909527994534
221.55338155046843
221.43481671806475
221.3340574359297
221.28714263933423
221.28581860390068
221.29493844342673
221.30814500608807
221.3111401424602
221.3188751003941
221.33891125647364
221.3567723882967
221.3683046603793
221.37887739351294
221.38107923176736
221.37980695329492
221.4158028969117
221.49374714876444
221.5686476612413
221.58805637119013
221.51956885232624
221.37286571995634
221.19386265750796
221.03020172847448
220.9251206015834
220.87336373068302
220.83340063865313
220.79741866988502
220.77976324139308
220.8185875492299
220.90006268830112
220.977818016197
221.02498374324765
221.03673934893277
221.0195629488497
220.95935150721175
220.8601767547654
220.727018840349
220.5495840197742
220.3177142229574
220.02664941881133
219.7091567770869
219.44881904858894
219.33181323635606
219.34012024041144
219.42706307340794
219.55657500295177
219.70909179416975
219.8432293893911
219.95925624670105
220.05096760763254
220.12759676445197
220.1606453462981
220.12623000484663
220.04314971679685
219.93904713527536
219.837457184749
219.7921695828882
219.82029946516084
219.89482606759316
219.97165814680795
220.06405090616067
220.15722489985092
220.2041121209499
220.20471211735568
220.1697285712231
220.09878838995257
220.01909709286127
219.92250341902886
219.82419863689253
219.72239888118602
219.60122135670383
219.49463508555044
219.41088200157196
219.31979965311103
219.21481108864862
219.08467509952473
218.94045972860067
218.81093426397476
218.7394185363982
218.73782350955938
218.80183821009948
218.94194095655007
219.14623448562583
219.38734536174783
219.6360526267843
219.8830877412063
220.13118173963502
220.36214613316497
220.57291905612067
220.73742013757357
220.8476419467281
220.92714899462487
220.97830775383358
220.98156464260347
220.94769677140934
220.89317558182552
220.84102168360482
220.78761293558898
220.72346657321737
220.62747766061128
220.49487203557476
220.38101025341228
220.32792876277847
220.33984551490005
220.36623928833563
220.3432173443809
220.27403059533987
220.17140704299322
220.08652540741818
220.04253600229367
220.08648771487842
220.22527274102066
220.42957687590044
220.6730261652276
220.91276830684615
221.137643289593
221.36181217067747
221.56803893072694
221.72690893070757
221.80248408972804
221.7735869915801
221.6351884338446
221.38343468719458
221.06134428542506
220.76457409020605
220.54816329991837
220.39236824396204
220.27046930593886
220.14957984283677
219.99169604419123
219.8262147044113
219.72125932947648
219.72464537212088
219.83680375463464
220.0211000935792
220.24616186429137
220.4958289073402
220.72117460143926
220.86363885477124
220.92741802433915
220.94419057417872
220.92472477795332
220.85680744822972
220.75052354050484
220.58693743016622
220.35983146033166
220.14256714197816
220.0041316194214
219.96975217860955
220.04664861771812
220.18674557824204
220.3473080408289
220.51916430126
220.6934832509525
220.89745270962055
221.148311120678
221.44573178867358
221.7660859585137
222.05814796969187
222.28653528756126
222.39718544537178
222.35801996553644
222.22201179090393
222.05819355107985
221.9316413152523
221.865228678427
221.85288577831795
221.90093759629784
222.0292817815533
222.1488383850034
222.17714609070725
222.0935029212326
221.9039193762605
221.65735194730195
221.41661989025317
221.21921156065196
221.08989146536692
221.01761684610233
220.9672731676023
220.9375429282715
220.9150172502146
220.8864426910934
220.85548343958914
220.85073513521945
220.87543253479916
220.90674559762073
220.88805677410028
220.78897788829138
220.6195699331168
220.44084962149498
220.31511968586884
220.28013396787435
220.36403112620036
220.51277780816014
220.6489373169408
220.70614412205867
220.67746824500284
220.6088541131765
220.50827430713233
220.37959430431025
220.24007553909064
220.05838606221377
219.85272572650658
219.63568729607923
219.43938466447045
219.32624047302727
219.32284267450075
219.38928743622822
219.47361798126374
219.553315975089
219.60805312504576
219.63511408329055
219.67399520689779
219.73625998307497
219.82175720283297
219.90374042997098
219.96181715198958
220.01223243873142
220.08239312761867
220.1565692788691
220.24615066173925
220.31735785624824
220.33533468988284
220.27710142265695
220.17111950964878
220.02379429028576
219.87074668901664
219.7527075403077
219.653313227013
219.56344292258572
219.48035661842763
219.42387880879818
219.40776520201263
219.405947148885
219.39506795155756
219.36685820667597
219.32825897336247
219.29866926278402
219.33699060640353
219.46918815766082
219.63696211482272
219.78621002487938
219.8968845951407
219.9582481606264
219.9985354366758
220.04437044021643
220.10355542547444
220.176707470461
220.24427264380512
220.25656143077455
220.24265103429886
220.24102292779085
220.22610314293408
220.1620812481932
220.0731674443596
219.98824501820536
219.94791605916888
219.98987592287182
220.121445967426
220.28155474206383
220.42210759829928
220.53780346814156
220.59400278460157
220.58424899944902
220.52677054057244
220.45525350510252
220.4140822737969
220.4129250872009
220.45917113880344
220.53084310641057
220.61149226292895
220.69652484495566
220.79602994909806
220.90325461705237
220.96557273607573
220.949568301789
220.87657864169068
220.74622535302552
220.54428875135662
220.32175654664454
220.11916577365068
219.92392576880798
219.75060392340964
219.6157654093263
219.50873397634936
219.3841288065728
219.2620639619806
219.16123780856077
219.0360522492581
218.86933899830603
218.6852934547498
218.52821159527122
218.449806500899
218.47432739038615
218.56620752370043
218.72506163362803
218.97868321522958
219.32632814181127
219.70675677732942
220.06825511205355
220.3782586910821
220.60258985573927
220.71760405325034
220.71321497840253
220.60198230268344
220.43487981548714
220.2779997507125
220.1551111651059
220.0893940413396
220.08082261245465
220.1185880961626
220.1599166053941
220.18987590966645
220.21253745041815
220.27207072350956
220.36306175019263
220.43933629688138
220.50374466481253
220.58877766221474
220.66510094006983
220.67975208583005
220.61327625589198
220.5051358541407
220.41037320348877
220.33363771984472
220.2311556832796
220.11968505096857
220.06499217357182
220.10901076681117
220.25654354986693
220.44607576416092
220.5999015464274
220.64347795558143
220.61181553987436
220.56110769307395
220.46295881665037
220.32231854825133
220.177034032981
220.0221434394703
219.8669098894884
219.76583346368386
219.73050504339628
219.7141362580908
219.7077764052634
219.7389376372641
219.79087311498822
219.84805363952296
219.90297234342137
219.9708796957301
220.0393638178594
220.10822804781253
220.14368833570884
220.15183306996755
220.13766942199206
220.10003246425543
220.06866177435785
220.06331119349636
220.0765622843843
220.11820604480727
220.18832289059878
220.25833546665052
220.29574746550992
220.34993091218007
220.4091613155851
220.44925741986395
220.483799925213
220.4949864085875
220.46139360704527
220.38747130892523
220.27193105364256
220.1492583307171
220.0807697512479
220.10061990537346
220.20531698490495
220.35803112768144
220.49865499392052
220.57089095495567
220.54257836736255
220.44531936564707
220.35155577391248
220.3091067550042
220.36233327771828
220.49419440491374
220.62847962616044
220.76071822230796
220.91005305087816
221.00095033194117
221.00638650822606
220.9729645587973
220.95023482835626
220.92275513046422
220.89697289439135
220.88625058315705
220.87628746083223
220.86918482141772
220.91274443639762
221.01563263152877
221.1381308965826
221.23924284873038
221.2828534907688
221.24876602885308
221.14595152041858
221.00260391541886
220.89444539721498
220.86171480102192
220.90656859639094
221.01021870197522
221.12791883092723
221.20123222006075
221.20209425063126
221.15545521690268
221.0975324166732
221.0446304366655
220.99161125923592
220.9417283333479
220.88971014348746
220.87938179116625
220.97281629183968
221.13646475712477
221.3154694363313
221.45718127683327
221.51964079908905
221.50365941009005
221.46428339222288
221.4253565350242
221.3366186557172
221.19731645161346
221.0493466537703
220.98384428637357
220.98368438346475
220.97700140960322
220.96685534871534
220.98644199681695
221.02462238219988
221.0627833365397
221.116469757154
221.1963801930295
221.31869384776553
221.46399185716126
221.57315754122354
221.65138185829386
221.7204529294681
221.80835769334976
221.91223133400322
221.97683620740193
221.98055951513186
221.91426827403524
221.78515639842897
221.6036253343967
221.41288735097663
221.26249197310946
221.14419039562236
221.06307672142054
221.00158946085017
220.9708858593005
220.99477102840743
221.0795148875136
221.2064970036127
221.34718027638422
221.49449592614965
221.67711273731885
221.8733002086516
222.00555662317984
222.05054726775103
222.0353449932303
221.98486499755322
221.91219095829024
221.84799410790453
221.8017925671233
221.75405821725525
221.66204687235472
221.54376282440322
221.41448119957914
221.23403563617143
221.03376316944934
220.8593392181357
220.7268757817195
220.63513021000048
220.5890556661508
220.65829408727038
220.87440185698813
221.1599412175283
221.46460530401092
221.76742758580184
222.0043542547864
222.15015702876826
222.2155974033975
222.22974389799884
222.21473313422797
222.18711326983444
222.15096453407352
222.08954624462297
222.003106783178
221.93172175036727
221.87587679359027
221.8156567864046
221.73544817079792
221.63214101882193
221.50789814041917
221.38832030500367
221.27129311971152
221.14826578742438
221.02041497013866
220.89488958729004
220.80136368115984
220.77074886997664
220.821642139195
220.93714525148326
221.07535118841807
221.2076643721059
221.33348089840666
221.44979470523336
221.55594202561159
221.65231962988878
221.70040899278462
221.67098221370213
221.58771035916865
221.50994279282642
221.46288826577194
221.43549549863246
221.42667608732893
221.42825116593065
221.45142339851583
221.51222173306255
221.61819433521813
221.757205931153
221.90777976573705
222.07566241988422
222.2479749099737
222.37720699179488
222.42111721905155
222.4025279437669
222.34055108486598
222.23026689079353
222.09724225247615
221.97365620391864
221.8749307039366
221.78388600738666
221.7051568382851
221.61381795461847
221.52209849725276
221.46344886836837
221.41326147575126
221.31836880415278
221.1946869630177
221.07437345897608
220.9706757045155
220.89344649731106
220.88625097066284
220.95939374946093
221.08136747688712
221.2157832763306
221.3491375951043
221.4742497977842
221.51472117941333
221.45528381619147
221.37620713438952
221.35820707860177
221.36800310970105
221.35331669808684
221.31675316558363
221.31399080975947
221.35749200056281
221.42875311059043
221.47568811258552
221.46589448646571
221.4468229183579
221.47179210678942
221.5273422417011
221.57436174262
221.59427469630117
221.63306995280175
221.7290593282177
221.85034205250014
221.95278477089366
221.99905923308978
222.01204867403177
222.005786685852
221.99172028062225
221.96528899244151
221.93652771486447
221.8975387461563
221.8529390736665
221.82159689051133
221.81082697977158
221.8126347631976
221.8099364160086
221.8184643403036
221.8373082084383
221.85821435832838
221.84520523210708
221.79707678706762
221.73870769932591
221.69354831999468
221.6878450950277
221.71161295498553
221.7815627348791
221.89566304753188
222.00581593059886
222.0594780037011
222.07588572590225
222.05644217121372
221.9909979201986
221.86282975510323
221.6830516281982
221.4895304132611
221.31738920051183
221.18480600696955
221.09093960649716
221.0594492621011
221.10632845197094
221.23155903603785
221.39439632587948
221.54721211330968
221.68990487285876
221.8490702625477
222.06648127830246
222.32777653823916
222.5819169491395
222.76831722168455
222.85277972764408
222.84035125886908
222.7581790210235
222.63068157410999
222.4712262724919
222.29892980908502
222.1358740366213
221.98491674074347
221.83912678111358
221.71291522774263
221.6074100102253
221.49730936035064
221.37730443129934
221.26476520167643
221.21425083820787
221.22759359831443
221.31618010584972
221.49935339436342
221.76056128580728
222.03816484083623
222.25647887544005
222.42110847264627
222.5211585202945
222.55230123922604
222.504223573438
222.37214838840876
222.1859597029993
221.94503934676067
221.6452575488127
221.33674016768845
221.1007795307321
220.95182836509295
220.84167914031178
220.70604257944746
220.54240160735657
220.41328521472096
220.35328993403147
220.38599550987766
220.49506592960464
220.65115038719387
220.81649763594774
220.9901109133354
221.18603568163326
221.42359607481615
221.7212501936276
222.06125029210529
222.40528543275803
222.7351403664673
223.01597515049198
223.22846722863378
223.38068906454535
223.45910089402128
223.45462729334469
223.35847518281946
223.20782876277318
223.01752140855
222.80330529883759
222.60963672817036
222.4805181011308
222.43639024950974
222.4716548072078
222.56109028991312
222.68335743062144
222.83053407669482
222.9897457752524
223.13254387914802
223.2312061760876
223.27723417105534
223.28074078652966
223.23664597816474
223.12736385360742
222.96841873081408
222.79064652605072
222.6164155035552
222.44567581533687
222.27494730598676
222.11776819133075
221.98643731560713
221.8606602188392
221.74461547439833
221.67625813677242
221.65699468886444
221.63869062311423
221.60390747703332
221.57164884241584
221.54342385992413
221.49169383889796
221.40863838495133
221.3334587301204
221.28631673464602
221.2751413923636
221.31244762476632
221.39459144872552
221.52313895902503
221.68747168735388
221.84012901151493
221.9923791477735
222.16415071443816
222.37995980540262
222.63910050305705
222.9107257552892
223.14322968756787
223.28621400656624
223.32264297387468
223.26113829737054
223.12407736841683
222.9576709451122
222.81801637995622
222.71075037384873
222.6481658670872
222.61867544113392
222.56507777644435
222.47528949703576
222.3507108057588
222.21461508704806
222.11339491263527
222.10135283528425
222.1865183630677
222.33446195408624
222.51252829161257
222.6714100790941
222.7787655693773
222.81792283417712
222.79237065812612
222.7112619171494
222.55409245950102
222.3365389558149
222.0887482422239
221.86403077169794
221.6545271665818
221.4449965935536
221.2518312014489
221.10505932859306
220.99221963757134
220.9249710939303
220.92261484774357
221.00093957882535
221.11817086540492
221.23545512129797
221.35958930381906
221.51067382021859
221.6820891457479
221.8428936727605
221.97410256644034
222.06068453997747
222.09109671137537
222.07278393541804
222.03619214563003
222.0389119012451
222.10632520469503
222.22745094811464
222.37853260176294
222.5416183041381
222.7170089986596
222.87654454939923
222.98331208543541
223.02642917845318
222.98921679124388
222.9002667180152
222.77763192427045
222.66498345474045
222.60256762379905
222.5855919569506
222.56680803684281
222.52846558916872
222.4794761004215
222.42330834018458
222.36768616034556
222.3291360338475
222.34945648079645
222.4687195099816
222.6353742651018
222.76256995534757
222.83247592173268
222.84648177761883
222.80210887967516
222.70476772151204
222.59374137728818
222.49994213203627
222.4362555827782
222.39374100858544
222.35913273374445
222.3340992506175
222.3146929224103
222.25349085419242
222.12596154583005
221.96834149830465
221.8344389737082
221.74012521578157
221.67802499078985
221.62332945458897
221.5624637131384
221.49888181669218
221.45593722833652
221.44807258360697
221.50056151812453
221.60464826194038
221.73867710926487
221.90029789740686
222.0680003705212
222.18759661541446
222.21136479609868
222.1462019783588
222.0567355439986
222.02772783202886
222.05381480646838
222.10586653960763
222.1565305423506
222.15145428815094
222.07173210347304
221.95217419372244
221.8235799814859
221.70605566027461
221.59680764408955
221.51895248648512
221.49411835611374
221.528485977872
221.61816112255747
221.7504660546715
221.90489943736938
222.04459988207887
222.1361774399851
222.1836669437533
222.21986051997965
222.26854804008525
222.31977639068364
222.3356093260946
222.31249209604107
222.2768259528135
222.25490227734048
222.23955960409864
222.2189226892487
222.24444744831732
222.36305355040986
222.56035146193
222.77173344317868
222.95808843023173
223.10969675192462
223.1888108871703
223.1725067070958
223.0916916937249
222.98980727604362
222.90502437782686
222.86213935205075
222.84183529277354
222.77825698058982
222.64836694921965
222.45125679854812
222.25717915311785
222.14051961965592
222.09873835586487
222.12081078759718
222.1654767400657
222.2371343392492
222.34148568632784
222.43897933596548
222.51574188854173
222.57166279128074
222.6131267957178
222.64502713147326
222.65789077221046
222.60812781752702
222.46949579769102
222.27121615793106
222.0570208107814
221.9045348453075
221.84114102352842
221.84163178313256
221.8855894662767
221.97156301715088
222.09237735976558
222.2239847715876
222.34053983016835
222.46240949652724
222.61412355586455
222.76574648638524
222.88270027629633
222.959767074375
223.0082759009588
223.0202024560884
223.01668951014216
223.0345853445309
223.06496910847636
223.1017125968147
223.15573323184958
223.1922747620035
223.1640305715168
223.06923744044116
222.92706263581522
222.77029266624993
222.61680737969172
222.44107173055824
222.24923176364885
222.07250889714507
221.92425197474554
221.80223376696114
221.68924491639214
221.59065379242293
221.53614758327186
221.54035737406193
221.608440099458
221.71981558302514
221.86177578448232
222.01941660800014
222.17363082040148
222.33787943433623
222.5301612144028
222.73681542861704
222.90276938147605
223.0393151034384
223.1781955450541
223.3162898727528
223.44136011186856
223.52075658433063
223.5628370193386
223.601189807855
223.65664038126417
223.74181898273332
223.86636554084626
224.0237588505895
224.17012179989553
224.22742564762302
224.1688242070885
224.038911053319
223.89592534368347
223.72422258294108
223.52220429246012
223.3178770059018
223.15338882741145
223.04302707693307
223.01073342850952
223.06405656129408
223.16079454981906
223.22491004748528
223.23739545955235
223.2197293995373
223.1772520310452
223.12718974226283
223.09655058180778
223.10321657718492
223.1577080345615
223.2321709036799
223.29613389234643
223.3241667366499
223.32893255822634
223.3101612910791
223.29745460119778
223.3069747826727
223.33492830096571
223.36891267675645
223.39483276873682
223.38542317580482
223.34570198064205
223.2894563224717
223.2419388829412
223.20071700415633
223.17452050544358
223.18748935059938
223.26618337160187
223.42080073237975
223.64759079393417
223.90316359861694
224.1023317312101
224.20159938915975
224.1788726208478
224.0317914823601
223.85293652066505
223.70148457170123
223.56792405469417
223.42162485957485
223.25103927051023
223.0672000885358
222.90519601391372
222.77140485810762
222.66376662305214
222.57953921420153
222.50387650172655
222.42270146396464
222.34256916479166
222.2737343532938
222.2264035274289
222.21289461163727
222.20031305040806
222.16788387696587
222.15556856203887
222.15522123130324
222.16003004931886
222.20275618615204
222.2837746680469
222.4034059282279
222.51671782201066
222.56598783477972
222.53898510388456
222.4583398566955
222.37400505226353
222.32699657151
222.33861988436226
222.4005606946562
222.4652256888608
222.53527505245245
222.61972091781644
222.68348757119495
222.7168200430011
222.73481593336047
222.7552860747027
222.80952809259983
222.91739400039444
223.06747642014977
223.24437989907162
223.4281351045712
223.60209996348186
223.7530018436375
223.845298782903
223.84150216683565
223.75201646885617
223.60959561857354
223.44052100571776
223.26682973097903
223.10799084837035
222.99061001184285
222.9387499420799
222.99319816328233
223.14327853112738
223.31348624507135
223.4588002497586
223.55269983925788
223.58805292654486
223.60601641501836
223.64132262537984
223.6951067006301
223.75842288023821
223.83100889322185
223.93228884025407
224.04583872225032
224.12254342748105
224.08885527146703
223.92963092920644
223.67292179822678
223.34552398617907
223.00019481693968
222.71089001497387
222.5023021913252
222.3344306089959
222.1878513749767
222.0959659534212
222.04997665612606
222.01181963853014
221.9677848409332
221.9311813251619
221.9145486534292
221.92996238507254
221.9839244579851
222.0673129174825
222.1623256138336
222.29271579164157
222.45491321332852
222.6101673706799
222.74756297239475
222.876310930569
223.01753862586926
223.17330704922534
223.3103046631197
223.40468940823376
223.4634416007206
223.50161984597216
223.54159953621266
223.581657844606
223.59517153833772
223.56902474602913
223.51620638757143
223.48886748020803
223.49462701046724
223.5058706599894
223.50646654958726
223.49935022426308
223.50078537877278
223.534754295383
223.58388183106857
223.62162360851192
223.61769232130598
223.58147205464815
223.5322807523024
223.4840472621964
223.429392887981
223.37989690398825
223.36632990172802
223.36414460126025
223.34082317123153
223.30964317279253
223.27721723406032
223.21664615524165
223.1207164591702
223.02687472403784
222.96959291208103
222.96598519500884
222.9916361014283
223.00101517793266
222.98696013179602
222.96014441988552
222.94623563981764
222.94782104104377
222.935416894116
222.9324899198441
222.94690807863276
222.97708570007768
223.02781637245045
223.1135954494153
223.2112304710339
223.27450012007608
223.27981418054858
223.23222272556458
223.19063209769342
223.18608729222672
223.20001881581203
223.19192152502671
223.13142323632033
223.05141908549086
222.99961492876236
223.00805505427473
223.0779373420804
223.1809246636271
223.3027245236391
223.41655531000464
223.48994813137864
223.4950739290525
223.394392102881
223.18288326842563
222.91374091064773
222.60303526780598
222.26108866525817
221.95161081305525
221.71516204814503
221.54675403412912
221.44416051532744
221.3622415542548
221.30141243946656
221.2611852024433
221.25430513261645
221.29204117257757
221.36567706952601
221.44741694672413
221.53015604378842
221.61969893445428
221.7136935698445
221.8442167759589
222.04052063739414
222.29699237857068
222.57251816246662
222.8307740775353
223.03206533814927
223.15134909088619
223.21128829637428
223.24603202015058
223.27219302797724
223.2868951573248
223.30186007768316
223.36752247993073
223.51147511910932
223.74631843248156
224.0370400812884
224.3351855689865
224.59533022202828
224.7895768065634
224.9011074642958
224.93061343425342
224.84230431632338
224.60747663247835
224.29770234881994
224.00768057563442
223.808497377154
223.68565660214776
223.5962627510874
223.52956007080502
223.49769912108744
223.4731803363539
223.40057648339481
223.2997630182259
223.19307512654322
223.09611071992643
223.00383125500744
222.85395580264668
222.6359175433177
222.38360330233795
222.14217859979055
221.88405901867276
221.6061831739191
221.351732077731
221.16048595009434
221.0788923053786
221.12413448225334
221.25667834183983
221.44919829611626
221.70063330327463
221.99798900812556
222.30280610532415
222.5832660658403
222.82641839399366
222.97347217320342
223.03343314873578
223.06032423358653
223.10349246136207
223.19775939284293
223.37306721641198
223.56576400307074
223.70759527094106
223.8076685278405
223.9023629181559
224.03320985666412
224.14677681736745
224.16175575674623
224.10068171327976
224.03921258085532
224.02294815767527
224.08483971967075
224.19394599381042
224.23367443302394
224.16049318135595
224.03371836490885
223.91602539277181
223.80474279349136
223.66524505548122
223.45784301770087
223.2302894013982
223.03671179783953
222.87054978346814
222.66837128631067
222.43762311696753
222.22106265296065
222.04766765274138
221.90069811079297
221.7684497073905
221.58917270902808
221.38099073939208
221.16665868336764
220.94281354211023
220.74054071378373
220.57928471992096
220.48976237090574
220.5412597129059
220.71690777975934
220.98463467608366
221.32148981074099
221.65680772422797
221.93649150425242
222.1328934669012
222.2745605953642
222.40943129298464
222.58790199093372
222.84249956962438
223.08784326940307
223.28066299683547
223.39521228640376
223.39064574672744
223.27295684548682
223.08169877820362
222.8395969953071
222.56075040496674
222.28667876940258
222.09772159298836
221.97515204640877
221.83556213925942
221.5976838995467
221.30283651749474
220.98594593072994
220.636847000613
220.24792626063078
219.81850088884917
219.43617809633926
219.17788593978725
219.08551508924342
219.10310968468804
219.18331027216624
219.31310488001935
219.4924217087579
219.70595214854356
219.92334516020142
220.06482209376472
220.03945841294524
219.85384074382404
219.57102682425938
219.2422328412093
218.89920872336552
218.550218824443
218.21163518756168
217.90260353512286
217.68042815719826
217.6324110725045
217.83000866011523
218.27767319941506
218.86579916619672
219.49901283809504
220.1657718092696
220.90779033095143
221.75692094283025
222.67270395357477
223.5505641261909
224.30501436712484
224.86843612037694
225.2598286131893
225.58261232716205
225.95082566155654
226.37628030094416
226.72510324530575
226.8207894296741
226.57291854519113
225.9941230393727
225.1719188198616
224.17722382359224
223.007852366984
221.72275354077345
220.49195253335068
219.4448630803029
218.78585002980986
218.49260788118528
218.0861652183579
217.14349368531896
215.70037200961337
213.91142978762346
212.01242083015822
210.34596637165882
209.30911151645523
208.98926519467858
208.68394197786128
207.80268224543101
206.42733873059387
204.98953870640625
204.58544991358337
206.25214117561825
210.50883886154946
215.95245239648074
218.8371226846373
214.49636358178472
203.1435665423789
191.09394517057868
186.50670046043973
201.89464713358618
242.98352632028912
293.1651610879547
328.30554682700335
335.69183167513216
319.1502183411052
295.3731474322394
278.96587331248037
270.4804210660275
0.0
0.0
0.0
0.0
0.0
0.0
0.0
0.0
0.0
0.0
0.0
0.0
0.0
0.0
0.0
0.0