319.54260482572596
316.78879615918845
318.30353621574864
320.4996542157074
320.30562259719454
319.50380560660517
319.5683526177126
320.61204521665877
322.13709307455383
323.76842084508974
325.28828174514
326.62429994821036
327.76564747697864
328.7535174968163
329.6919873894989
330.6418853973114
331.62809377264716
332.59507700136186
333.47895186989456
334.1740307607205
334.63932531724885
334.8989080065696
334.9775589151436
334.94574657853786
334.9793012333948
335.2302401847175
335.722049878877
336.37888185975623
337.0901540692178
337.7997829521494
338.5271010248978
339.336656482954
340.2723808321556
341.3157766272247
342.39064046180795
343.39430043007206
344.25485258684154
344.95962761187286
345.50227202223687
345.88529407073656
346.0709558417467
346.04291560517817
345.8999661866603
345.79832642553856
345.8534998134978
346.1070305347854
346.4417314211423
346.745531274778
347.0319868557252
347.3803287414702
347.8749895337023
348.58583586907184
349.37456753413505
350.104571916879
350.71340702121705
351.1608091176301
351.4169064485267
351.53367922131383
351.6698167755898
351.8174317148014
351.79363742882157
351.57137327293987
351.26446342645545
350.95480491495834
350.7097002866327
350.62060145154777
350.6944397835614
350.7598618643201
350.71918396879875
350.63780195097013
350.57927500422716
350.5487233808562
350.547517016518
350.64446707946627
350.88916788873917
351.22100887479434
351.5724402218799
351.88247142387
352.1270598832507
352.2467690642968
352.21923290130815
352.17149255996355
352.2179972446298
352.3370913240385
352.4589158195111
352.5111717534281
352.3817372057557
352.11134949492947
351.8364437594811
351.6695133942576
351.6409590380204
351.7650633954188
351.95361530015214
352.1115267017144
352.16836134534617
352.0947483908684
351.98029146795386
351.79000930565235
351.55612157548836
351.342152499212
351.13288145000286
350.9419467515862
350.8075650765706
350.7639631695017
350.7999602906092
350.90191973958963
351.06363355228353
351.17355599343557
351.12027958456355
350.8991540516317
350.59024775215534
350.30614190990684
350.1135937714048
350.03063413676244
350.03706794910073
350.11617028560045
350.26869227242446
350.4992000115081
350.79018472514736
351.1276930977862
351.4674235735034
351.7832353855207
351.9908108839709
352.0590416908706
351.9993889050359
351.8336894498007
351.5663982474956
351.2163032848384
350.9050845779425
350.72882643838585
350.67241166585507
350.6127947532257
350.5123097372996
350.4757661066971
350.5656802842905
350.7790526628976
351.1043851511435
351.4337462086554
351.6277285717285
351.69234143225384
351.63106487896795
351.4511284834963
351.18522826435014
350.8482400933622
350.53229471706317
350.3927698028815
350.4629287112872
350.7024241196757
350.96090689930804
351.1382765229278
351.206606696027
351.2158288486131
351.22076236176474
351.1651575199666
351.00930702842396
350.83561880767576
350.66933885399374
350.5534054192656
350.48475999971754
350.469464703105
350.53156886630535
350.6056030377428
350.68353292637613
350.7980125648245
350.885023583372
350.8477923386313
350.6486660083667
350.3443679363039
350.0155921463095
349.65771057679524
349.3505882590349
349.22511445844907
349.24846697351757
349.3999826068677
349.6726821258687
349.9950548308849
350.220959904647
350.2370371765919
350.08723489437887
349.8312927717051
349.50720254870646
349.2337267654983
349.08716226158197
349.10967473022123
349.33100290646007
349.69792075602743
350.13819374425856
350.5876805728693
350.90789823644167
351.0814401712918
351.16850063596655
351.2209718362917
351.1911204506695
351.0061297807875
350.66251062633364
350.21509193496536
349.7560952469868
349.40104448565313
349.3002834648488
349.5766143266062
350.1307875901707
350.67492605920245
351.1159404068647
351.4934373158394
351.7732980992554
351.91879136242346
352.00194935850215
352.07953569278766
352.08683542458823
352.0923276589097
352.16506532743927
352.2499403439644
352.23112218489416
352.1019438487115
351.9285001104266
351.720335344102
351.4667658994405
351.24119919307793
351.10619875206646
351.06099320676526
351.1434134451786
351.3059099081704
351.38763750408134
351.3060903954963
351.18882457155274
351.1064240160544
351.070968620098
351.0773407467474
351.167182137785
351.2996133598609
351.430227357542
351.5247871710363
351.60171873868876
351.62612809072743
351.5384452999959
351.44265722972347
351.37521566817236
351.31824938514984
351.2800076680704
351.3726888344478
351.65641739192563
352.0659152799087
352.4265245881126
352.68859927353066
352.83568077223134
352.8319554015483
352.72083427920455
352.5782529909732
352.40611243040325
352.2654569191094
352.2563161712552
352.37978295103056
352.5773767642656
352.75541481432253
352.8594204293091
352.8666394440349
352.8655391589459
353.00147318675306
353.23713699332586
353.44058230859514
353.56956582422265
353.6466185992499
353.68106855108215
353.77196527826715
353.90998297809995
354.05019552633087
354.13718196263073
354.13045500799683
354.03905616907707
353.92524962583155
353.75705012420616
353.5021381681221
353.1153829509947
352.5828017987686
351.9951735043894
351.57948038748407
351.4956441670646
351.7008860875433
351.9763033447817
352.2110392560223
352.39545426746815
352.5870395213839
352.71635868208665
352.732339593731
352.65834551067
352.47358566932604
352.1548649914849
351.7863747719383
351.4336788246129
351.129920249538
350.9471019661492
350.9404704641597
351.1299696032803
351.4346748457302
351.765055955692
352.0506738061324
352.21539531068277
352.27511422741406
352.3331127814233
352.3575556067972
352.22184526790335
351.9108737663839
351.54412470692574
351.29851911014305
351.2433858929299
351.3193340482434
351.46783779287557
351.63470188546967
351.72363051232225
351.77094992606897
351.7559461902593
351.5957259688996
351.33897605158563
351.09979818102795
350.93126990421695
350.904044813967
350.9705550939297
351.0190488442772
351.02754082896763
351.01459964049013
351.0611058213346
351.1523888734042
351.2202514877845
351.2651176807715
351.2575555018344
351.1387063784628
350.9266932627416
350.7692129623284
350.7103205447904
350.7368049180635
350.8634811177727
351.1049364900605
351.44280934048214
351.80104008930806
352.0608331247037
352.15479008819085
352.1253797132342
351.9695533473762
351.6932512137199
351.38634143971194
351.08282689088605
350.80979836577046
350.6833437061772
350.7334086438609
350.85200854586066
350.8937881670976
350.9135112346131
351.045616202623
351.3213094342751
351.7388960382125
352.2279603411156
352.5829732685729
352.7787489439048
352.86720895531744
352.8706195883101
352.72718800120145
352.5202707154325
352.4047147326621
352.3886548923891
352.4146432560264
352.42225160572013
352.3757534505038
352.3226301867112
352.3216644381377
352.33450482280193
352.30046826981953
352.2765404626025
352.2218833730695
352.13168196940927
352.05302039742804
352.0255175578674
352.0414916102538
352.096791998659
352.22689762828713
352.46427732281
352.78416666120717
353.052813364642
353.1289558976384
353.0308980342194
352.8632678190912
352.59488968780465
352.2012527626287
351.69964075344905
351.1014843907086
350.4880394909775
349.9424731537591
349.53572675950056
349.3999007917872
349.47367757459097
349.63520935330473
349.7841996618927
349.868683529943
349.94970512016494
350.0968380511016
350.2702039624782
350.37585785753095
350.3821793967571
350.33302332914224
350.22939183991105
350.08084596217657
349.94556481978606
349.80812357082976
349.5858788547318
349.2855594596505
349.01944358194066
348.8912959374697
348.8938887362574
348.9924784564981
349.23579730413724
349.57686226436465
349.9443123835651
350.22983699745714
350.4069096954345
350.524454275587
350.588682652085
350.5318441153391
350.34978072251295
350.08323692468986
349.8085735676835
349.5577021522365
349.39893691738206
349.41093861921956
349.4858884867891
349.49314010686913
349.36257367969637
349.21653044275973
349.18379159435835
349.2723886403668
349.44432360391215
349.67073183529874
349.9005182767388
350.11476166344244
350.3913610470829
350.79470260877997
351.2148811558605
351.45495575712766
351.42437855538526
351.1498569731979
350.7487697461861
350.3206244128128
349.9314939832736
349.6052981208684
349.34085954053904
349.134590995082
349.00210428505363
348.96421041309384
348.98923157838834
348.9869689381218
348.8791378843073
348.6855191535171
348.4799107092899
348.3229024316481
348.3353991636968
348.5637714593722
348.9294965044055
349.30760179903535
349.59878140429396
349.8240213192871
350.05284076489954
350.2780365724435
350.4490890450234
350.5749115601369
350.7227193192415
350.93043801752685
351.13897174961704
351.22261735603763
351.16313090282733
351.0625839065674
351.0132849992609
351.0610302741576
351.2496024922501
351.571623083414
351.9103816630172
352.1759962659814
352.35785250625213
352.3983529402081
352.3825997386427
352.50001118901963
352.784097710933
353.1025169159788
353.40269460852295
353.6325646078702
353.68668531176957
353.56002256383016
353.3062951068462
352.96482516278525
352.6245286071304
352.3961998413256
352.27525338394946
352.22388393369323
352.24112436455243
352.26530344601076
352.1815273212905
352.0298886994764
351.92696026621337
351.89367618517605
351.85755438791756
351.7521183178188
351.54710893510264
351.2496302220561
350.9474327566134
350.7816736476746
350.7149449743819
350.66455614810866
350.59324765717906
350.5735187576211
350.6736335867813
350.7949120252687
350.9044969315434
350.99289831878446
350.96676438436714
350.8176413150895
350.6317019683822
350.4838812943121
350.47820343285133
350.65510989820234
350.9821802353633
351.38308094788937
351.75131468316744
352.00075511502905
352.15469153999595
352.222671815275
352.23520807475427
352.2930408733579
352.39312209039747
352.42382356556527
352.2892725748334
352.0052131028688
351.65502822693986
351.35979635857746
351.26305602211426
351.47486635737016
351.94280623792395
352.4832827827104
352.9777222439569
353.3251696109277
353.4655023673046
353.47232247024823
353.4399548558531
353.3861694692815
353.31976448496994
353.22893917704795
353.0723405742203
352.739070407651
352.2001142442383
351.5427084141784
350.89906117847033
350.45778929733694
350.2870661584843
350.3831481657105
350.6279655799797
350.9362428527396
351.25430691366495
351.52042161806247
351.7655852729949
352.04498733253047
352.33190600447006
352.475378216507
352.46790087730614
352.4607117894874
352.5484989579375
352.75277777045153
353.0086902023033
353.1994648916369
353.21021896401027
353.0099347966633
352.70792735178446
352.3396448642101
351.9818455392692
351.7897836723723
351.756526717238
351.8200808298024
351.95367718989314
352.13607684598605
352.31428648563946
352.401340294605
352.30558339834516
352.013738187011
351.5524227421137
351.02919901250937
350.63778803342103
350.4834024714912
350.5891792046279
350.81875244738137
351.03760968346865
351.1602604237934
351.15219293739256
351.0421927098468
350.79953655841723
350.5028236494934
350.19751497807346
349.9597274702014
349.85456736529443
349.8700076225156
349.9361110728229
349.96215250297996
349.8862612079615
349.6769197377851
349.4241501546793
349.2567412757487
349.1880888324025
349.2939475071584
349.5295322702018
349.810483512732
350.06667074487007
350.33806928490503
350.6709905942971
350.99708011389504
351.28907950754507
351.5595181493891
351.6570009625761
351.4627466640135
351.0571017819532
350.556776460061
350.1180643227574
349.83500809723887
349.66901194850493
349.56729389164366
349.4644537831562
349.4973535310006
349.85070269385585
350.5583474130975
351.52931169670114
352.6153520859475
353.67095146423145
354.5613941842179
355.21034677876054
355.5711033493622
355.573315989994
355.2228151953002
354.651277563004
354.0180693412305
353.37964287509215
352.75689391695255
352.0249823601687
351.2307818502037
350.55275809265163
350.1234262827662
350.0371710480348
350.23730416781785
350.6017366579747
351.0339678854093
351.4742240086182
351.91248828283994
352.286795798247
352.40645705770413
352.24214847505743
352.0172724390368
351.91304143785726
351.9564049694493
352.1557427626771
352.5138007997656
352.92154449393666
353.2421206257852
353.39261778377585
353.29802669049394
352.90711534197567
352.2789790332498
351.58389189723624
351.0291089894835
350.7043419091046
350.5773633024845
350.55062280879355
350.65912056045306
350.98133594490264
351.5245781543896
352.2248126800556
352.864409215777
353.208560085593
353.2747398179697
353.20410782453615
353.058534982217
352.9464141331132
352.85627415233927
352.66726929822846
352.41515418001603
352.168432555566
351.9849311223406
351.8356078061107
351.70435139522834
351.55040474436566
351.37781457833216
351.27006313121063
351.28354060112804
351.4577754731598
351.65278718579265
351.74148059265616
351.78033339586074
351.7516850145476
351.6755458042941
351.6246412616126
351.5993887857294
351.55084603064535
351.47737289219094
351.3825981048559
351.21986279717953
350.9512684761547
350.6577344458988
350.45971248673885
350.4924952815271
350.72488661315504
351.02490960962893
351.32553501677296
351.5768426434943
351.8024283259397
351.9701546433812
352.0009393486451
351.8842173524259
351.7111423644243
351.5819943301892
351.5177683026468
351.427081494366
351.1829773021041
350.6738026717609
349.9577586053116
349.1788991773714
348.4685699728765
347.922218872028
347.57696383483693
347.4843353223712
347.6407660882304
348.0550080111849
348.66593649053766
349.307143270085
349.8275184028231
350.17111344428884
350.40194473079714
350.6181884092422
350.8456048305454
351.04651194654525
351.2055618079577
351.32839247273193
351.445335970704
351.6967570779007
352.0528929932443
352.2894064440731
352.2439968977329
351.92601378525353
351.44859696115407
351.0431639930649
350.83221627789106
350.8308592457507
351.0293808852823
351.3363866986959
351.65988408674167
351.95504436079443
352.1722051255475
352.2340589540386
352.1802560068878
352.05972707245314
351.93311282051263
351.8974074097146
351.97371697317834
352.01386731826483
351.92630976975477
351.79066409431175
351.69625951430504
351.7136504746243
351.87770016161033
352.12898004249485
352.3631858081698
352.49944857734164
352.50850198004355
352.3668281206661
352.13615376986013
351.92772135122556
351.8061868666899
351.7042227951071
351.5771450705078
351.38954146875557
351.19013774035767
351.1228994770611
351.3064838254047
351.66565388845964
351.9623767385399
352.0377018873424
351.9465858522061
351.87730700151974
351.97341519345014
352.2736199504814
352.7246965998451
353.2132118250225
353.599953637817
353.81171346074916
353.84068332979825
353.69061183977783
353.3989683745919
353.09372277054956
352.8889454551453
352.80281478390674
352.85698299211276
353.0075647901176
353.1936621746419
353.3505251693683
353.403318887655
353.3037618445384
353.0609182105089
352.68945458864283
352.2624014950419
351.88692703210427
351.71061402065396
351.7599517050224
351.8650463470468
351.94815581833353
352.0903288310459
352.2788207814527
352.4424727273734
352.5376782655598
352.5060986250563
352.31949785218586
352.0786551480142
351.95390600878926
351.99115654480687
352.1258300772315
352.32193538822503
352.5341776109228
352.7323799130617
352.85017856529805
352.8516222251853
352.71493727264203
352.42336001838686
352.05702369864724
351.6836969638215
351.3431799763033
351.0665418361348
350.9241501711556
350.93384849956635
351.0669955901679
351.37921996795626
351.8595712574547
352.3895781826669
352.77118747983843
352.9862521405725
353.0950820817343
353.15890457358944
353.2913493343836
353.41423225424546
353.42144025716635
353.327078597989
353.218203334769
353.1298822807796
352.9867088751371
352.7448681647428
352.45994742817936
352.22621139988087
352.04773928688707
352.0100576160329
352.1235963144141
352.3287917278215
352.61368785415425
352.8528462365042
352.9534323104262
352.9919756500166
353.05854594498305
353.1036195615726
353.06469962255443
352.93179426921165
352.77770699744633
352.6321229284968
352.5639652678002
352.5475320828764
352.51090042689486
352.4437857163856
352.4263041444972
352.4444218117023
352.47356989084335
352.5223927861773
352.50765367074786
352.3518129601812
352.1330777036822
351.985732281097
351.97963389813657
352.1069503604144
352.3149097582939
352.46848955865363
352.51025054813016
352.50339763363843
352.5977234186724
352.8685500566754
353.1994478604339
353.4404727039196
353.4617631689268
353.2412577523126
352.90306384628786
352.6270127772633
352.45119556749
352.35913366945323
352.36927608140013
352.4399710315448
352.5446625190921
352.76626742632686
353.1081939847903
353.4487403511091
353.69524848738513
353.7847761143728
353.7475352063161
353.58946442465094
353.4060552250678
353.20244819767754
352.9441964175928
352.74896104955695
352.68742010756387
352.67991111353234
352.6773026508051
352.69474370853004
352.70850388500924
352.7134693446797
352.7753079158665
352.9075695825138
353.05293363584866
353.12803098180177
353.1492523711214
353.1420402481421
353.15500415865336
353.17443317264974
353.1320500616513
353.0591745644976
353.02266838827336
353.10022822826863
353.26707154429096
353.4473355451406
353.6348857424117
353.7675702588372
353.7942409086033
353.7920592871856
353.75654129228906
353.6868599875251
353.57160445568263
353.4071567150927
353.1718614969577
352.8976267453035
352.64340126154275
352.42053111261623
352.26463953523574
352.2573739479813
352.3821269990045
352.5426282980978
352.7255151617926
352.9885849713249
353.2820605915099
353.56727743720404
353.80842373228165
353.8855750085793
353.7862056817576
353.52566819366336
353.1244995789066
352.6192151256379
352.06362294589445
351.54676633348004
351.2043784983276
351.14924651619873
351.3049434582675
351.5830815288051
351.87827434546557
352.1015998978657
352.28406137362595
352.41416749743604
352.5079115591792
352.6185150399926
352.7025224275149
352.67152446639966
352.51354084171476
352.3316649199039
352.14367231903464
351.9207914649229
351.7436159949529
351.71841729688384
351.8161151291682
351.9346506216368
352.05051296851184
352.19086950156793
352.2905064992947
352.3925372770211
352.55811956464623
352.7576819161415
352.9354836307111
353.11663234460997
353.32189240102724
353.48024593148216
353.65798596925214
353.782274248249
353.8143781408556
353.8287244421968
353.8641431482173
353.83051555253826
353.6853695298912
353.4300886109203
353.1147961045486
352.8069674747891
352.5368216104432
352.3420257752133
352.2028875987737
352.1988368882662
352.3702438504938
352.62381461517504
352.90616690313715
353.2080325021924
353.5476585437775
353.89024905529527
354.1756111029772
354.37890396508624
354.42883940882757
354.3014956304464
354.01328707779777
353.649534805805
353.3115917280556
353.21234942096544
353.42501149504267
353.7670971153702
354.2100438541781
354.7136923374483
355.1839021974169
355.6064432483837
355.9396295323324
356.0345776434858
355.85418838869583
355.4194657996633
354.8227110247367
354.2367803131505
353.86922650802353
353.73536193175636
353.75888843092764
353.83623040259016
353.8447653249089
353.8099559585811
353.82539311874353
353.8595991106801
353.76940816941163
353.4871245344274
353.0860699893937
352.67511105935864
352.4112688550449
352.37450725657686
352.51254584034
352.71526827463686
352.9150811153695
353.0443381728626
353.0317516158475
352.9394058826134
352.8254855489079
352.62356149691414
352.3527331290894
352.0516019988072
351.7449741661203
351.4570079357983
351.1395771248016
350.8060641762948
350.55056788622335
350.46076071744244
350.49470111025676
350.5347371151872
350.48867494413275
350.32414858021707
350.1432519555194
350.1508946954805
350.3971066355307
350.70846053733374
350.9013916390781
350.9901716659024
351.0023816977348
351.00218641045143
351.1584414443716
351.4699374278802
351.8781340331034
352.38557985411296
352.9203288135388
353.36433384028373
353.662199312962
353.7912799952654
353.71954420118146
353.5839863856047
353.50572118711113
353.38348180509445
353.14620734292794
352.85806959996506
352.6639437782124
352.5323346788663
352.4672301119658
352.5853792457067
352.8569890295789
353.1692095026336
353.4108469896519
353.49787724628425
353.37926342975067
353.03846569989537
352.6312170124226
352.27704221331277
352.11688081773167
352.11172520376954
352.1733240430567
352.2121452777226
352.194205989835
352.19967736320916
352.2353692151979
352.27673015484163
352.3223950307958
352.36775249652794
352.3694156822214
352.2877586365323
352.25890116151925
352.37020295128355
352.5731931037822
352.77031761952776
352.8982446323016
352.89986259409
352.78490541248857
352.6294746103563
352.4882806158597
352.35004188095996
352.2131618762053
352.0228697752761
351.73290652627463
351.432336160917
351.2779548834164
351.28501689603524
351.35106815679643
351.462934938176
351.65696555066063
351.92656560620856
352.2476488869175
352.61947340455316
352.96176414957114
353.214717424176
353.3634479111296
353.3761972678907
353.16322507866244
352.73519408884084
352.2064627958646
351.755723721788
351.45706501136715
351.338541662111
351.37753245339917
351.5940534757874
351.87207335016865
352.08278575433366
352.12199984223423
352.0342521496124
351.9779032169008
352.10415100829016
352.386142583814
352.66269190240484
352.86985766348994
352.93960926526614
352.92442279250497
352.9343172547706
352.94768394741004
352.90437079971537
352.80899601598736
352.6693159965839
352.4633232706742
352.1968671853057
351.9338167929744
351.69394365909835
351.43873519823376
351.1937256948963
350.98177453478115
350.8475578935732
350.82571704583296
350.94009497861464
351.16915585049816
351.502895587793
351.7709645861808
351.8590329155302
351.81435099532473
351.74038706234677
351.6824600351092
351.72240214574896
351.76893157688374
351.62977422824656
351.35356304626316
351.0648646561303
350.8204754983063
350.73749767312484
350.85171742351406
351.0718592535762
351.2187137615034
351.2446600401781
351.2423487049287
351.24848061303135
351.2296557385105
351.12986577174047
350.95801075005755
350.7992652496347
350.7691262066813
350.8566714884112
351.0607592196759
351.35159755891436
351.67032703194843
351.9882390083453
352.268877255186
352.5047448782325
352.72873056960157
352.8765546829526
352.74724016711343
352.25626732402515
351.60417931165523
351.0627022332845
350.77453779273947
350.74865875337434
350.94926645137537
351.2404092271297
351.50796966437406
351.7138006016427
351.87053712692364
351.97854802257336
352.0335414033962
352.09502573793895
352.23387021505175
352.35442063364246
352.29652931265696
352.04460431883587
351.6202101567939
351.15935846113973
350.75431457912725
350.44976720914116
350.15156795377834
349.7955652727751
349.48753886257134
349.423696857648
349.61567786719866
349.9063961144104
350.22633798318776
350.59652222024835
350.99253598300436
351.30470824287346
351.3890818074102
351.2768450191638
351.10036976970423
350.94424561026455
350.86095516393266
350.88697496769333
350.9073064861001
350.80656091132084
350.6295178594512
350.5012356312957
350.4619223363754
350.5758881331508
350.8017746610908
350.96661595475274
350.9364978886793
350.7049816650159
350.36236484188106
350.04537425996466
349.77229850804525
349.57671338856176
349.46780352938254
349.5239794793792
349.6829528393662
349.8679181315256
350.0987083963861
350.3376571343287
350.5125475767803
350.55692494360807
350.4936781189929
350.3518117730407
350.21272923822187
350.2540618251219
350.55537457498247
350.9363735031661
351.1934107976373
351.24121302728184
351.0915674893455
350.8334505577162
350.5790045438631
350.3827254396305
350.30584162931046
350.2694966986749
350.1410780459506
349.90944663532787
349.6616619651561
349.4571028088803
349.4319910036597
349.7085750582936
350.1768053175522
350.6784378035635
351.1032045954799
351.40218179216697
351.58048480190035
351.63751742641585
351.6137705160616
351.5337560807641
351.3778892627695
351.1832537181685
351.1301209636853
351.2938104233439
351.5714451182214
351.8335210580541
352.0085304173914
352.04741276120245
351.9649348500385
351.83073254746523
351.67555826106
351.4586091854733
351.1368591827646
350.82113176227364
350.60197296551144
350.4980556465109
350.46917595966545
350.45855620942604
350.4566914818688
350.5216831948353
350.6843749833476
350.89967055407675
351.10931928822623
351.2608824021049
351.423204929081
351.70140314685153
352.0736692011387
352.4153763032861
352.59199749112315
352.52939988814603
352.25896884096323
351.9471309909604
351.73891908958274
351.6029126991163
351.36871350330046
351.042568332533
350.76530464979726
350.66254355192535
350.7800160896187
351.1043993059099
351.53391061151876
351.96131338490136
352.29005068883
352.4874688620589
352.55457365211066
352.5472790360051
352.5916018815128
352.74151586679017
352.88302205347986
352.8797080050341
352.8278430625986
352.78366666717426
352.69743210658385
352.57360226100303
352.4568270529853
352.3179574050125
352.1549395092505
352.0027983624935
351.8260279676617
351.5681459585623
351.27701084970147
351.0840869231468
350.98545827820317
350.97504920923166
351.09087875482857
351.2422656895751
351.3126690767315
351.2789076704328
351.2111461908115
351.12326702486814
350.9315187227422
350.7236906981854
350.5690236148142
350.4442576798948
350.3557024667309
350.37701725153954
350.57577701158806
350.9090548729032
351.2623055707128
351.6124877327731
351.89868757969634
352.0152610235394
351.88909461856167
351.56172546633866
351.1630456476538
350.8413762098508
350.62156257640015
350.50942968159467
350.4903554788766
350.554222037527
350.7658253382732
351.19912083691423
351.81505793444626
352.46024108068355
352.971743401284
353.2888410535446
353.4052562984569
353.3948897051697
353.35904083073876
353.28781725647605
353.1714276568939
353.01677601644127
352.8828380611876
352.73077152562695
352.55717317429844
352.45651797888627
352.5008104433926
352.6828166474109
352.86669867801703
352.9113094131134
352.680243021944
352.3004260959492
351.9742428612796
351.7686200238155
351.63150100094674
351.55362801835537
351.5462295039967
351.5379252756877
351.4976950802719
351.505839725304
351.61160789395024
351.735343219028
351.79070677644177
351.70638766066605
351.41724461378345
350.9541538202737
350.40250385615195
349.8039873568715
349.20888710501345
348.65678149890635
348.210669135405
347.8967733871077
347.66946129040053
347.4963880865945
347.41518058801046
347.42357151795477
347.50743503114325
347.67928601503206
347.9648160351254
348.3973502749811
348.9391093072585
349.45603731131274
349.8749125215485
350.2119787513388
350.48980715884113
350.6887629958675
350.79353205591866
350.88507378811846
351.1126290328975
351.52022583692656
351.98400216760115
352.3844073629062
352.63558603747754
352.7588027291339
352.83472370496844
352.85245844232594
352.7452280580123
352.5622298854082
352.44506947478794
352.37726487362477
352.2756016906514
352.15152312579926
352.0964260684958
352.0366136767011
351.89398933063904
351.6366869549224
351.2775016155707
350.8307740183149
350.42486531929865
350.102840331621
349.7743306744417
349.416074815308
349.0608562305182
348.7179897202281
348.3587882027176
348.0043773535319
347.678310104691
347.45078726190457
347.4377259547882
347.61385383227037
347.8326733912468
347.9670045123156
347.9549184953467
347.8070563215907
347.59784851059516
347.44267011539466
347.5151266602553
347.8929343018193
348.4801989584348
349.12677255501137
349.7674138002287
350.3866875363175
351.0234967403428
351.73502699305914
352.4389508187305
353.0251522295302
353.33682081041604
353.36689690960236
353.33597036814524
353.4448402886604
353.6624732531541
353.87634857689966
353.99996409508935
353.9236758054759
353.6502953053002
353.29892736119905
352.8940464114218
352.39298495591055
351.85639794919996
351.3924611771152
351.11314646202203
351.1000868350942
351.3407631282364
351.72834944063584
352.1874680275583
352.69917177042265
353.1665454743847
353.487382561731
353.65543697600896
353.7459871466113
353.7552540435811
353.57565659896943
353.1887908726335
352.6000933468646
351.9298538085072
351.40939858362873
351.15552367302814
351.1225102978899
351.18022340721905
351.2226828127092
351.21149644170663
351.09029042071467
350.86430033626334
350.60986545138945
350.39493056899727
350.23358061237514
350.08265441885976
349.9002220099452
349.66482145113935
349.4261573346556
349.23056681755776
349.1540107343925
349.1975974487952
349.26925471398727
349.3243278788422
349.37308566042236
349.42028198077026
349.45902771283903
349.4336657970425
349.39075586118787
349.367034444644
349.338402013611
349.3680237637087
349.5776785082197
349.9908695169107
350.51797236486397
351.10727599271286
351.830499125548
352.6906568338339
353.6387962374232
354.5291136097112
355.2708506697928
355.78781684398825
356.0778371952229
356.1927033239268
356.20361284642297
356.1218340165568
355.96468341064275
355.69706673669424
355.1912122347215
354.34946624959844
353.2321926125328
352.0253744296432
351.0248335612788
350.3848450525025
350.0831188547621
350.0362281594148
350.1158796133791
350.22344808291956
350.3053925355358
350.44902205803794
350.66393083395377
350.8749933858179
351.0247609808074
351.1290776594053
351.1872102322294
351.0975770836307
350.8515602198481
350.53457637995945
350.31780961756044
350.30994548676586
350.53157530888495
350.91509143981204
351.3374549478224
351.69562556924143
351.92437921861864
352.02677767892374
351.9533625629553
351.73531168849763
351.4984655662503
351.34188388315647
351.1898263903608
350.9584136754541
350.5853317509604
350.06729075726344
349.4296608323562
348.6838241816072
347.975192880177
347.46119921219827
347.18236284044775
347.08323986011754
347.05908502702545
347.02368722523823
346.9608427989356
346.9425112153506
347.00991978176955
346.9815521701653
346.40689564486615
344.7339936244266
342.16006643621984