168.63115090865014
175.4790076554599
181.18732016734035
184.32329805743979
185.50557338842822
185.84426526574327
185.9479992642447
185.93777360030165
185.8306175037903
185.66104301351632
185.4449219118309
185.2526810194801
185.2006465979864
185.2948451723094
185.51460180199615
185.82845098774322
186.17558225171211
186.56837587551797
187.07249250585463
187.7123466805075
188.42841748321857
189.178713394579
189.91122454258283
190.51851431186194
190.98075144090814
191.3246757040476
191.54846204945855
191.71303316437124
191.7774580256346
191.69677848069466
191.37709426975792
190.8668453758531
190.2143619072499
189.4704180111747
188.67272311633897
187.70603008367544
186.5796411695598
185.49771108301724
184.60865568251282
183.90864967603972
183.34936954996692
182.8741190623766
182.48806988026328
182.21972258621474
181.99229625059132
181.79717297500065
181.6649272409029
181.57515160276068
181.4725626674499
181.41793485943276
181.5322361227159
181.82436895665134
182.20650969273964
182.57364684999854
182.91389494519908
183.2548490509406
183.57063149024626
183.80971461313308
184.0455259425935
184.4059301681313
184.8795276931951
185.3385088758917
185.73147095763596
186.03329637669668
186.27986929169495
186.49926320394493
186.65759391661118
186.74094118145393
186.70069842540522
186.50388918193693
186.11410774198418
185.52861327044167
184.79498253676908
184.0469403265101
183.34997468835448
182.63408419743655
181.84239191558495
180.96174574375195
180.0274875385271
179.13628721278056
178.40806186148734
177.87454493607333
177.4563204931149
177.10815953810265
176.79242938534045
176.48025684417462
176.17610075991428
175.88333375159203
175.64809867963217
175.49827707113315
175.4100170791907
175.3704154912824
175.37219889705014
175.3502254925114
175.22743699376426
175.01726710922688
174.7991935741788
174.68743916575494
174.68067454399323
174.7000539994782
174.71047779599033
174.68804214858434
174.60553078239425
174.46824656584195
174.31406259947124
174.20405984836526
174.14998102619404
174.13397117261445
174.10716353873153
174.03363562808897
173.97644857189147
173.9278501581093
173.83761251116266
173.73420520024257
173.68717490851355
173.7151981796256
173.7839145977615
173.8257252417026
173.79960482592662
173.79910405595598
173.85738138638888
173.9408746393791
174.00127839138156
174.04531135922178
174.07856024002072
174.0690219815288
174.00888129101122
173.8800805829561
173.7406952750824
173.6639398703955
173.6687044947831
173.76239193747193
173.93678231565733
174.14903063377136
174.34450854528203
174.49889319704255
174.67535683709303
174.91027570260772
175.09080338532806
175.12709550301898
175.03997273096564
174.9151134024114
174.82713644883978
174.73060300418922
174.56842256036316
174.34142214397522
174.09106655779402
173.87441685756409
173.75090805406543
173.7295925376688
173.77571731722537
173.90439668347952
174.0874113860473
174.24757343068543
174.3819137965027
174.47904426996837
174.4795564524866
174.42670347141325
174.43547260554237
174.55233580165932
174.72943707207466
174.92114871799498
175.04970614192138
175.05978923953975
175.00647964071425
174.9402900267904
174.8282187870135
174.64654958401243
174.45989181691624
174.2866767818458
174.09631835625424
173.91017432918125
173.75233859638587
173.60133463147554
173.45049303292552
173.3161591771405
173.22173184329523
173.17220381945123
173.15024511908695
173.17968834268896
173.32870856129244
173.56487786662217
173.81013805341505
174.05116572628611
174.25687087510678
174.4169683103178
174.56301908191898
174.7106115213437
174.85353417833832
174.9489206368173
174.9687480593357
174.9355106224065
174.88136565996442
174.82182422052938
174.7495209627711
174.6995871281882
174.73165109358735
174.83802098053468
175.00212004725518
175.1727561809697
175.214224762884
175.15395497722912
175.09295010602744
175.01924919319626
174.950568213127
174.9536912316758
174.99888500902676
175.04507835264948
175.02337463276632
174.90467323052098
174.77548194241496
174.7135587706921
174.78650610880356
174.97738686484007
175.20819758497663
175.42572891879354
175.6138046604065
175.7985479116966
176.00830441706844
176.21749809009225
176.35461629499295
176.3826960114042
176.32713192077503
176.20059007305196
175.99724914780018
175.76721715169137
175.56702577161184
175.37445163305637
175.18705271373383
175.0259533984047
174.90107359663676
174.8371276126045
174.7801342047832
174.74960310103936
174.77437598502098
174.8192041874462
174.88301382789336
174.93377841647552
174.99154415661178
175.07867431898234
175.19469259378312
175.3328971843492
175.45763785978363
175.51437392542826
175.5433713594851
175.58651519085583
175.59510658814793
175.59813534291644
175.62435413142867
175.6247575101937
175.60513781498838
175.63585330812242
175.72899991223053
175.8014283026763
175.77999980984174
175.72373471926758
175.68442149183767
175.648294703177
175.55755319287937
175.41923273929666
175.28314656359194
175.1394514735033
175.01979000759877
174.9748986899026
175.00098194952224
175.0443953836457
175.09526435062799
175.1815406145946
175.32845742519984
175.5070883389097
175.63703815090963
175.71892358002904
175.7790974038589
175.79786809681906
175.781424252539
175.7495164180995
175.73959079908224
175.73523111869693
175.70384395380242
175.6810382879386
175.68956388736268
175.75403380644235
175.8571391278986
175.98571875727245
176.08924065704466
176.10896933652947
176.0733074255673
175.98563573496187
175.86442938033844
175.76390647133718
175.60092139644746
175.3395581741509
175.0758247563969
174.8710778614383
174.73026933149862
174.6655011545683
174.70955715525741
174.81907961844246
174.95111448022345
175.07496089524207
175.15173475111914
175.1550842618331
175.10731334989202
175.04530047198847
174.97636777187188
174.92491501465608
174.84068717561863
174.67531026678898
174.48944707101424
174.40833185380922
174.46951633969093
174.56483966518516
174.67420158845772
174.81898899722762
174.98579955427016
175.12194386247438
175.17189150703
175.09020652012265
174.9692412725424
174.92121345290616
174.90840994803085
174.88888255085416
174.85354972424068
174.89068050485037
175.01044466688373
175.1440986782145
175.2764592028562
175.3397774365042
175.30838207903673
175.2422628991119
175.13550242812474
175.0118150892544
174.93782764307835
174.9057082522665
174.8908408471702
174.87405455569004
174.8479391901683
174.85549382384025
174.8708575653319
174.86919725681108
174.83310819839537
174.76902817864288
174.78151467391564
174.8923946397726
174.9949475073405
175.0540499327786
175.10491073505483
175.16292919502231
175.2154260122784
175.23513080450732
175.21332073671672
175.16943267953837
175.1136153297606
175.0380546264136
174.96160845151655
174.94656961376708
174.96498120237442
174.94456777665164
174.94635646944633
174.95437426706638
174.94111370210624
174.9304501084231
174.9308653981144
174.93414134266465
174.93723499077717
174.96488152635442
175.00587026542493
174.96869484052434
174.85565059075915
174.73486993612786
174.61477802342012
174.53204046697152
174.51148053952733
174.50259437314946
174.45689417990312
174.36226523421234
174.21964603962536
174.09391676902845
174.06559639930305
174.15999905012694
174.3026481609845
174.3819720886321
174.3821640263905
174.33871431288
174.2640155755365
174.15040621354703
174.01736109326856
173.91262163973337
173.85591605373435
173.79125961347734
173.68903540056115
173.568208870528
173.42223436783883
173.33334697085238
173.36461957284402
173.47873433472876
173.5965378903259
173.65359077607678
173.7055740493513
173.8549718052949
174.05152305715262
174.28957208854808
174.56564026428472
174.79357361007197
174.93361510191383
174.9596391795184
174.85370927770208
174.70742185410361
174.58477416699992
174.50856637003906
174.46175613979085
174.42263195240548
174.4020210099392
174.39103419581917
174.40669817962907
174.50226236655504
174.66259459414584
174.85070677622593
175.05581350166574
175.2618064560011
175.43655877879016
175.53413290540857
175.56149493241253
175.59709164303732
175.63519737631975
175.60918279214118
175.51409535413927
175.40496606295437
175.33913180986696
175.26216823734876
175.14602157600024
175.0400942983313
174.93087137560258
174.82715572805222
174.7720132920434
174.71198146945528
174.63422311896903
174.6705053007109
174.84865616162347
175.07802140650722
175.27761923531347
175.35512529744517
175.3700801419883
175.3886421969621
175.36041149043857
175.2798749369171
175.2141938366444
175.20139178372978
175.19803476083896
175.14832530136354
175.02209216966784
174.89429663911667
174.75846510272257
174.58857001092073
174.45994237457776
174.40559320625425
174.4546473358419
174.60208166272042
174.79358438119672
174.96650654438378
175.12518317092562
175.29086002838307
175.47782616998558
175.6968955918793
175.85942001434023
175.96262588403698
176.0530736953194
176.1185756633554
176.15156134221036
176.13123919124945
176.04431651009156
175.91974352381197
175.8781176400663
175.92195556089155
175.99399630672826
176.05329537938516
176.04554731469315
175.9340545652874
175.77161235310962
175.62717726341072
175.53291251088018
175.48667122034857
175.48355108683552
175.50128026956276
175.52604868833106
175.54929988353592
175.62899855272735
175.78081960438666
175.93526680932177
176.04526387323514
176.07064732064762
176.0351397313232
175.95963237782715
175.8249542474681
175.67974872800193
175.5559771634934
175.47983638961492
175.45121121104552
175.43839789759983
175.37427932743782
175.29285338553643
175.25740838384195
175.24329835620767
175.22906629583358
175.14401515102136
175.03756778488753
174.96597406414932
174.92861618245135
174.93394154398192
174.94255223290958
174.90472671673785
174.85318249252288
174.8134853115169
174.75193969189758
174.65438974830613
174.57422607507905
174.5620762495417
174.5360262959059
174.40664413186136
174.22952143480595
174.11667503088242
174.07545353160089
174.06433449481722
174.06792041477107
174.07400359671976
174.07813100980252
174.09213072928878
174.1128606534898
174.16182461412882
174.27076143494074
174.43427810882653
174.6052061643023
174.76512328342056
174.89289901964068
174.93665260586758
174.88470849270448
174.8317144348905
174.84844166966644
174.88077110604422
174.85795160958912
174.79098383795414
174.6914102257594
174.54348514084634
174.37435871316066
174.2369780873051
174.14822740620173
174.14820325304638
174.21645877752206
174.25269529787147
174.20954620462788
174.14455459012402
174.10503658103474
174.0092656439981
173.88487776981475
173.80539092277132
173.78466055143394
173.75583504151786
173.63076025519476
173.4882785419859
173.37600774190207
173.25845205003907
173.17629659183424
173.16967256424448
173.20584176185355
173.24111688339016
173.2678633895365
173.3317688246608
173.44559674362637
173.51153096103906
173.50358171512227
173.49024695216116
173.51962329652167
173.61374516115404
173.73103137350466
173.83736915292116
173.9596711402286
174.0967194572167
174.2342800166403
174.35794890886825
174.4728448515154
174.6248122456673
174.7546075437423
174.80803925826427
174.83783208704824
174.8474474936241
174.85708419094385
174.87834860658174
174.8580266297015
174.81730051731094
174.76583748325837
174.66440939926648
174.49618601398015
174.27925532721775
174.05175572679636
173.88206506710316
173.78035764739568
173.67501319216208
173.54863813460616
173.49590781066414
173.55352920190325
173.65165495104688
173.71157365217567
173.73967587545854
173.7862539920525
173.91040796284338
174.1061670337076
174.3240567756246
174.556573276852
174.74347086068056
174.8352118998353
174.8575228574153
174.79759250614592
174.69267731954932
174.5960928796677
174.52453393148244
174.4520968137383
174.3233570411064
174.13458257332258
173.9619500794223
173.8673459616747
173.78560437105557
173.6710845619609
173.55532158595787
173.47145900769442
173.40783804368886
173.34829046789432
173.3178594103781
173.32066934087922
173.3491042856059
173.3999057163711
173.436216141028
173.41291912944618
173.38769730666343
173.39219030464258
173.3816460807252
173.35687818368038
173.3078222240381
173.26309175833208
173.24597963557596
173.26635157254742
173.37619683823402
173.56951531418406
173.75040096715645
173.86660705076085
173.96630010300208
174.10200225259126
174.2411662817774
174.3186454344218
174.32628513054124
174.23465547218757
174.02566176956745
173.75881848438726
173.53877113540386
173.4611347525863
173.51664235483872
173.65738570752904
173.8197698731501
173.89220621701912
173.91183166397252
173.94900123507546
173.9503308966253
173.8997647505277
173.8600662222692
173.85838598916618
173.892449283409
173.93016824427423
173.97529891863002
174.06291563492547
174.16471808264475
174.23982962870022
174.30239149699187
174.34097576331527
174.3628616522972
174.42149211845435
174.53172594068974
174.67402526624767
174.78802184421164
174.80877629901318
174.76473171839385
174.7180061189286
174.68715249267777
174.6361352487451
174.5523353598673
174.4914538205969
174.47910729182996
174.5107608499216
174.54523464808247
174.53193997382007
174.4918376398512
174.4356906192615
174.4021769529835
174.41167981919054
174.45031761838902
174.4978929063767
174.50698502264666
174.4466608980361
174.36089203352765
174.29930930576657
174.34677889670877
174.49203133490033
174.59065661564992
174.58324418238155
174.53186646589222
174.46540929549306
174.3632357834727
174.1761589011316
173.93318005561366
173.67830031781364
173.45060695196236
173.24737063445082
173.0256301756076
172.79294324345562
172.5912382362199
172.50637152181736
172.48082898472455
172.4099433000292
172.3017704461942
172.24190586124064
172.3020500901372
172.44011076646095
172.54181651469187
172.622279035274
172.7303555281879
172.86247399299322
173.02566676439247
173.2432114601341
173.49217105518622
173.66136637063698
173.69593035827924
173.64616748822465
173.55937230648817
173.45868273167898
173.37275848428482
173.27089513560324
173.1354064953988
173.04086337392567
172.99807767249467
172.97582326566396
172.90682762017244
172.77965638268537
172.66679064176117
172.55806548324054
172.4448190111556
172.3101310363001
172.1265788819365
171.93727328148535
171.779786331497
171.67941299974376
171.70081992668014
171.85894939111017
172.12062754564082
172.43647735271443
172.72290872760675
172.93888171785215
173.1187363006912
173.30463357593982
173.4848517331055
173.66847699859
173.8313582128858
174.04920291188225
174.3651343985593
174.69732362564625
174.97874571214498
175.18103017378388
175.3112853471762
175.3997383914902
175.54099580703928
175.77417899490558
176.0532755774677
176.2686437907437
176.3408840410441
176.29590160025748
176.19624431389602
176.06740981544002
175.87641713431316
175.66104286085397
175.44617730795164
175.26165396457876
175.13253998025687
174.98340729404626
174.79241305742983
174.6284416481283
174.52209657990701
174.46304827566237
174.44092086133884
174.42789162436497
174.41228436127568
174.3972660456577
174.3832227138223
174.3982281145662
174.46223254319835
174.54131735109024
174.58102326811309
174.61367828013672
174.69919139429493
174.77944502805258
174.78194325317145
174.755664553482
174.73576871342496
174.7321378602984
174.71977377963907
174.69177991256078
174.67022596393855
174.63607084589898
174.59417181020632
174.56938304940297
174.55181759882714
174.5556394551301
174.59750062049955
174.64036682920113
174.64755501880296
174.58090688842475
174.42927860470581
174.2410795809592
174.10390309203407
174.06490004168754
174.03577080736767
173.9416944536328
173.8928851253619
173.98514901975742
174.18405884449473
174.4153025578487
174.59511224578353
174.72625910619803
174.80489612980566
174.80549710670692
174.76550037668636
174.68869750896593
174.57618247836032
174.48114072461894
174.41746993819697
174.3750451549792
174.3879304796701
174.47848067068543
174.59417234419791
174.64821833861942
174.6505788529525
174.66287780610082
174.61892947499263
174.4875038864187
174.33643701168617
174.2237225156968
174.1483096203582
174.07205705174985
174.04649098427973
174.0732273560987
174.08363208215508
174.10610447411548
174.20196519876475
174.34026600858832
174.47320805738366
174.57939852809818
174.6250846336833
174.6340202161258
174.63658011974263
174.68282588941713
174.80247895701288
174.95178859289703
175.10644009030588
175.2067069082339
175.1979998050457
175.14773750946458
175.15691436134247
175.18165758408594
175.09629580506828
174.86575461997688
174.52188150261205
174.17847292938566
173.89304525146144
173.6887548744276
173.48860574375138
173.31065159035398
173.27743877659853
173.37394285441917
173.5103839976077
173.62873486380903
173.71763496401988
173.83071640475237
173.93552089579194
173.98273895673316
174.0048632773155
173.97873835366306
173.9067515587697
173.8399491624273
173.75470751489655
173.64838077645945
173.59795391539245
173.5943646920995
173.54428953446865
173.4417818738564
173.34817760005143
173.30626676019307
173.3379069123165
173.4106128493613
173.5069852398379
173.61495613317388
173.7278314170203
173.8190301739566
173.7664986447026
173.5595475183103
173.26305145777187
172.94715061603725
172.68623227916183
172.50022280855745
172.38212176629798
172.29669106322584
172.25914920515427
172.31724839737774
172.4279249624148
172.5111561642089
172.55583234532327
172.5910222649336
172.5895070725926
172.57818319189775
172.58920473866448
172.62315067192338
172.67918135006886
172.74818050004694
172.83943183351994
172.90929601963109
172.88630831577044
172.77658144914972
172.62857098750638
172.5056591585585
172.4408862448871
172.3541321126005
172.16393609632757
171.97085678439055
171.83996938886406
171.76077703623946
171.7127943650074
171.7112596767735
171.77378836905254
171.86336834341444
171.92889309746408
171.96086609807065
172.0063556859929
172.14275035050662
172.3793737175959
172.59455398560982
172.70587078927122
172.75715473974893
172.85281426244237
172.96518852437111
173.06501645038588
173.18381783146452
173.27426168423355
173.30488880848193
173.29058891939226
173.26469171509927
173.2454111495179
173.2168587528397
173.11870253033416
173.00236937849866
172.9981625283383
173.06215180347186
173.08130203041708
173.02396429607938
172.92511445316788
172.89707795094444
172.93684887143226
172.96613242360465
172.97425830385586
172.96663606618816
172.94942630798647
172.93623860964416
172.88861727473474
172.8172215591028
172.78833603218814
172.81372431903196
172.88912753252757
173.023249885751
173.15642363347743
173.2685634675134
173.34336398979116
173.35175973427482
173.32518897096958
173.2982978598625
173.27940359135033
173.24062833347446
173.15516938442465
173.0780378512703
173.0165607280942
172.94766322542597
172.9261892235771
172.9158668517144
172.85553678018027
172.77715037150392
172.71907801561994
172.71266782281631
172.75353703985996
172.83441733796167
172.98293938578158
173.17110473684667
173.35339237412103
173.53120069192278
173.66968840256257
173.72883826018577
173.73952340018303
173.7128936276931
173.63177836670712
173.5041182078307
173.30685557316195
173.05486916212058
172.7884755958116
172.52234083556675
172.28008886317977
172.08213525301525
171.91843991799828
171.79102274866636
171.72611735003053
171.76727681457314
171.87423455255816
171.9802794697993
172.1142591036098
172.2427745299549
172.32592026300483
172.38619141772023
172.4848904942562
172.64949553980028
172.80925679563197
172.90184898412173
172.9453827504949
173.01601538476118
173.15385289505275
173.33558359655453
173.45909031457035
173.5265117767891
173.65363114149622
173.78102640775103
173.8560645221129
173.92414365198715
174.00225241595095
174.0728592792
174.10774011344046
174.0651755540809
173.94859822423018
173.79155100101778
173.60089097515154
173.43827168059863
173.32398952209644
173.20704198899267
173.08251504914054
172.98360179835373
172.91669582168473
172.89958937384452
172.9323633422185
172.9911874213015
173.04752468078712
173.05594004341512
173.0106536722117
172.96719031325472
172.97804015234837
173.04090768129353
173.13829357464283
173.27339857154047
173.42119093226228
173.5734677206696
173.74078944115843
173.84110785995972
173.8690504100169
173.9072906364131
173.95436217647688
173.9854500599912
173.99967385696758
173.9929131007695
174.0233647870496
174.13400766372382
174.2818908784937
174.43572657185246
174.53731872339083
174.57643911135912
174.54859152513782
174.42571069746663
174.27831957224674
174.17870491149043
174.073949779379
173.91257160093346
173.71733796958813
173.56638484029284
173.48208277404163
173.3642776535906
173.20278332884027
173.0792549486859
173.0312117502727
173.05176056310052
173.11243071478677
173.19154208019233
173.25282494403524
173.2629336440042
173.2265333711937
173.17073890243077
173.11044965601633
173.081887675271
173.0870497057733
173.04253277989247
172.95421163479546
172.87377292619135
172.86116825510507
172.9608885176542
173.0965949320695
173.18830767976834
173.23523948768548
173.23762495410176
173.20973272916495
173.17429056992336
173.14138024030683
173.11534984633144
173.12286656451602
173.18742001902396
173.3128926880352
173.46008398412238
173.5581713009516
173.58799714379168
173.58390965522463
173.61859997320286
173.6689581556394
173.68635612392552
173.72702789951325
173.78359379988657
173.8034220804485
173.84148092714733
173.94386455557193
174.07492987553857
174.19076899165194
174.29309830188654
174.37778730770492
174.45299570634796
174.5393192553468
174.62559094400575
174.68316965176015
174.70905193349614
174.6848712402793
174.62955465422485
174.61233815109898
174.64397812421203
174.62300318585875
174.54456914450083
174.45398349896342
174.36536149475054
174.23445804609355
174.02413738789784
173.8293692733056
173.69976166311585
173.55619294475935
173.40593793907883
173.32878406593642
173.3385902500687
173.41157137915584
173.51193645191202
173.58658075315944
173.62017157810388
173.63433027897736
173.65950335151612
173.71816719314987
173.78705466278518
173.8265444112915
173.82930406226387
173.80463289055785
173.74871982301738
173.6698745780185
173.6025263200718
173.57030038582428
173.60883764981952
173.69893513767033
173.7663837909466
173.83549101878887
173.9155738982965
173.98932023465323
174.09197634818145
174.22156272516304
174.3587342652874
174.534732348634
174.7536870268467
174.9275136427392
174.9701462559455
174.92486140025116
174.90205072647424
174.89416848108445
174.8768403990592
174.8906278347303
174.94358877988998
175.02324935092895
175.10961540159454
175.19405627874238
175.2849022962643
175.33791523001747
175.301823898769
175.2409925673714
175.21692193229129
175.2154752983233
175.20226903419663
175.08962949047532
174.8355154454311
174.47334112929627
174.08542668919617
173.78788826284506
173.62997320390977
173.54237945380555
173.46823009055947
173.3976164004531
173.35836973561928
173.40672382728877
173.55176904465407
173.76230090929778
173.96545946598604
174.13200595197355
174.3090619451317
174.49959444191816
174.66699951973825
174.81728310409537
174.99642525887967
175.16899955324266
175.26458691193858
175.29643213320185
175.30046031630053
175.33476406817326
175.4333179662558
175.50315881900733
175.4808704315727
175.46955339595362
175.4921931939765
175.4641843411123
175.37399444029154
175.28143251991344
175.15565411093445
174.9379590243001
174.65852802945338
174.39903843202404
174.17216262692997
173.94740380165598
173.7726925366793
173.69838129496148
173.7073894597082
173.78204099755058
173.93112240405674
174.14689628371028
174.38419180316907
174.62406110513743
174.85112687337215
175.0541483409149
175.21566747392768
175.31215476835382
175.3652461056494
175.4272087439528
175.49438226564178
175.5511390516261
175.5943297605513
175.63598643283456
175.7339461049087
175.87847933302453
175.99279956842526
176.08263461870757
176.18191295893666
176.28950922784267
176.349346515466
176.3360218729798
176.304012415772
176.26293690536733
176.16064987439495
175.99701208271046
175.82917510961656
175.66891245055325
175.50443010042946
175.32785652745756
175.20037448977655
175.183253717541
175.23762106510108
175.29885459420117
175.30736754904498
175.2521029177602
175.1957246348177
175.15125178847586
175.1455157658526
175.1821050467642
175.20235574872976
175.1962008009695
175.1646506830189
175.0943672297531
174.9917575230096
174.88336417292436
174.77425891948326
174.64536948702957
174.4851759828527
174.32195110613117
174.1907239265853
174.07597393151138
173.95049381135257
173.8023905505338
173.6932658061069
173.6634254986243
173.6528171071044
173.65467957025842
173.71008813714406
173.83078668122437
173.9900956917841
174.13889101887926
174.30382657202952
174.4826746591279
174.63871122936737
174.77100663153345
174.8439528245026
174.88978884308526
174.96763147755837
175.0626878171923
175.16966933341396
175.28219553003171
175.3770671282111
175.4827049191275
175.5710070384273
175.5597200397214
175.4670323760896
175.3652663648424
175.34656437341658
175.36990598964434
175.28749057544474
175.11319007730532
174.90839840680536
174.66080764159307
174.3800861852865
174.10176534881776
173.82388134791955
173.56445719436124
173.37368658129145
173.2496589646529
173.14832241249707
173.0207906273754
172.85270080527135
172.65906523987618
172.52305230597105
172.53398048757774
172.65538930265345
172.79705975037035
172.89640594931376
173.00929561377546
173.15890542451783
173.2756027129157
173.3225277604916
173.30622722583837
173.2526933681707
173.21235449007258
173.1995539692423
173.20099433320567
173.15664606525178
173.03754084334855
172.92447974496545
172.87599615314429
172.84172651491252
172.75512011874503
172.6350971321801
172.5143475323624
172.42528515211723
172.43998543589106
172.6102535393859
172.8937834963944
173.20337957177054
173.43746383374088
173.55372245210904
173.5905293637444
173.56844859862767
173.50414982284212
173.4577541685328
173.4594770858373
173.47122698978853
173.48726724675168
173.50085002487086
173.53756391517697
173.62178086274906
173.69703855011403
173.71857607406196
173.72715537013585
173.7868377668528
173.91238313352005
174.0802480259732
174.24927941274933
174.3914238067544
174.4830366663685
174.4367783682016
174.20267541328914
173.8287393531488
173.42031412089153
173.0862166209185
172.90601941246956
172.8466269207305
172.76017852088893
172.59245054918017
172.43771777867403
172.39509599689063
172.4565283960617
172.57789346063535
172.70216681260112
172.76564759316773
172.7971742420105
172.85737937316202
172.94160200299916
173.0066358734327
173.06222222913323
173.13440080064453
173.16022204514462
173.0977468330378
173.07581668577888
173.2315045925577
173.54026021827406
173.8523167962286
174.05243357817136
174.17546767330816
174.34314940483648
174.56281193049375
174.73905638458893
174.86441084621447
174.9535937247128
174.97168312955463
174.8550619409231
174.62722605405054
174.3979871135137
174.18549020914705
173.95921301748092
173.754444401964
173.60175463161596
173.48299319810627
173.3769712651685
173.2738294153536
173.18567908376528
173.1035282363011
173.00708595983616
172.90768606185406
172.81199957672058
172.72552591598557
172.6436903956195
172.57898232898043
172.54708774328202
172.53037165133168
172.53199567635224
172.57708228459853
172.6296264516282
172.65916698198765
172.746364339857
172.94595592778052
173.18340009878335
173.40842741111038
173.59333319477378
173.73635943938575
173.85418725700958
173.91385348612866
173.92374390778426
173.91674380172657
173.85382460850104
173.66821962884407
173.40764342003519
173.1587117671614
172.9740897263551
172.8769783236828
172.88394819281015
172.99817074992038
173.13527038980948
173.27934772685427
173.44974620693355
173.60548057425024
173.73391468166534
173.80453527179301
173.76534539203698
173.63873774821963
173.4945708853627
173.39967411153825
173.3501058695765
173.29800684316695
173.21197167377076
173.08480112762476
172.92261690689017
172.7798816909517
172.63016625245078
172.46576206198395
172.36832651182132
172.4051469276155
172.56980483478173
172.72007315146246
172.78424011995705
172.8409827081796
172.90193524633176
172.9417354771876
172.96042797779484
172.9658787517218
172.99807409425088
173.03114148809132
173.0111770086016
173.02382124030066
173.13086969375283
173.29119460500453
173.45073366826608
173.56618191843035
173.70576446338984
173.89573264856494
174.10065168046793
174.31036524296562
174.49626372795413
174.65413978330025
174.81997752649846
174.9815974562323
175.05295011903848
175.03061629373855
175.0211232494545
175.06537478673522
175.09516085326533
175.06257534480793
174.9908814881632
174.84846641462545
174.59738487637776
174.27578545713268
173.94338493117357
173.6303091096657
173.40050161834677
173.26595987219534
173.144023316111
173.03694546059558
172.95799964289068
172.8829157726207
172.77661710066383
172.66495572880518
172.5849041211173
172.461063828955
172.26994436443638
172.09650726910965
172.0452825370086
172.14744837812063
172.3420992992569
172.60771265416867
172.94310456353548
173.25633945681113
173.48967161098724
173.69212393583837
173.8996102973523
174.1614114341853
174.487148690036
174.8037270033857
175.10908602404407
175.41999958290998
175.70144789231077
175.93723036889506
176.11170906098636
176.26114238564682
176.4011311552334
176.51209241551499
176.5752955106209
176.62167611456397
176.67272928677014
176.6909183725979
176.65200056320523
176.5752473006113
176.43850064833282
176.24282076293017
176.06008330736796
175.88612362047448
175.68815141484367
175.4501671784974
175.1150588927235
174.6662317061485
174.14299055754543
173.59597203284255
173.09877199213173
172.71829303311654
172.48283198583346
172.40061789110422
172.43124507477722
172.55436474743271
172.76792928042826
173.060714673196
173.4530160118369
173.9377874119227
174.4800727162189
175.0343020422402
175.5508396067692
175.99731736607643
176.34642260343196
176.59932708961287
176.78524200151801
176.84669339633035
176.73477124590448
176.56823856722696
176.46238474891535
176.4697892977299
176.53052269405393
176.51895656036595
176.35402004692617
175.94972289829906
175.37000315784067
174.78448430862835
174.26504485757715
173.8246411609302
173.43719993384673
173.12755024975257
172.93604808192035
172.85608210526942
172.82142649164734
172.75979852220388
172.66369946529406
172.5731908043835
172.3849673633733
171.8075613497664
170.49401757227906
168.2541966671055
165.68294638867474