187.00403098816054
186.55568639314083
186.29789432720875
186.44688910453178
186.95209440120703
187.68198325665446
188.5404298181104
189.45725405347065
190.37417307088424
191.20549741612223
191.84799958569658
192.23734356303
192.40107932553028
192.4152642896715
192.3377119280866
192.21368714326354
192.13595548359945
192.18318365078716
192.35297924262866
192.6195102774581
192.9665863734782
193.41570022584708
194.06169505960148
194.90725452133546
195.8014462805381
196.61420837128742
197.3324059191182
198.02547273831283
198.7407403311501
199.4277363336837
200.00932814421148
200.51902341090698
201.05088419151315
201.68427398604314
202.4480580911649
203.30138425966805
204.17877027278038
205.04953893100242
205.93357183117945
206.80569741275477
207.58157468150915
208.1777880625766
208.59885691353747
208.93161973616384
209.25529712099706
209.63824721349263
210.0745421163264
210.50168483443073
210.9358728596481
211.35442542714208
211.69444358420367
211.95593022307278
212.0931506004057
212.03482395181288
211.80505584315048
211.43166691498485
210.95894963264914
210.46708190087878
210.01801990726125
209.70656418558065
209.55712745531295
209.4989470825401
209.46190547108205
209.4439858994553
209.4783244098719
209.55643622473787
209.63393385961868
209.63924914699038
209.56878510732693
209.50520844765435
209.55560490219196
209.7765609984404
210.11377767093325
210.53501065299167
211.04272082972975
211.5746800167944
212.06994400710468
212.55155342887406
213.0567442224695
213.5545890878388
213.96488224193536
214.30332700807818
214.5808748979033
214.78714362574763
214.9408654813478
215.01366735152064
214.90194873033295
214.562169010251
214.10048437078504
213.70872764732698
213.4675244658181
213.33275334431806
213.32400042853425
213.41512354425114
213.59638341625484
213.84016591843465
214.08217297711897
214.29033317995362
214.46435798957032
214.60109849597126
214.69524072128286
214.77365480859623
214.83481322342828
214.87298421065344
214.9196311809982
214.9967798712264
215.05531664621248
215.06869001355065
215.087763362679
215.14486673214085
215.1598432234536
215.12517030652137
215.08329112069333
214.97314158889566
214.70552340590493
214.3127136960582
213.94153112351643
213.7471910472833
213.72329019889474
213.7738681032102
213.83011645176845
213.86291551963046
213.898670861124
213.9586422033869
213.9679690749675
213.93256279518977
213.94741238308455
214.02569651161159
214.06460678455122
214.05392399914592
213.9959484359499
213.90485090870462
213.88258716820712
213.9734773305835
214.14048975971446
214.29641270716837
214.40790728563618
214.4521164781309
214.42367299908994
214.32222088467933
214.18559179166976
214.09474747553068
214.06476556697356
214.03147984597575
213.9770794817431
213.9355589617445
213.91375410631662
213.9235954368101
213.9478085353329
213.95184268390517
213.8927605241452
213.78450792685493
213.6777256855492
213.52878217434477
213.27257206950918
212.964882504507
212.68556594616032
212.47244892889157
212.34021845603627
212.2443898997758
212.2140184270478
212.31491704920253
212.5824946585348
212.96933375054837
213.40866814953603
213.8751354711772
214.33872114113996
214.7474826778086
215.10784950366985
215.35906144749126
215.47628196441272
215.49774097799312
215.4763630047236
215.49824040671479
215.60929122010418
215.74904055742476
215.89381488063168
216.0719951594162
216.27824931279076
216.4615566257881
216.63641142766693
216.85346507362433
217.11248749602015
217.36893079511202
217.55274110860321
217.61536133279276
217.55756655357712
217.42048132903696
217.22537812215813
216.988339372746
216.73518062981324
216.53595344303807
216.442965590702
216.4152641399963
216.33142173780772
216.15879502778455
215.94451056174182
215.7509776951616
215.58190564923342
215.34671398416805
215.0064266906079
214.66385791977547
214.4155347055024
214.23544241852403
214.06997717598819
213.90204013341315
213.75059561120582
213.6123697912643
213.4883871809136
213.37548387423533
213.2852560974331
213.2680897580468
213.35301015219795
213.4784558993243
213.60973449331763
213.76767311653057
213.9179644858177
214.03296710645427
214.13184578164098
214.20612232616608
214.23412218391843
214.21606451524121
214.14281135283753
214.0173845654209
213.84411191396953
213.67453518901772
213.56316513036532
213.55078901507625
213.62467740095778
213.70099134850648
213.7174779644158
213.66155870610726
213.5213133256181
213.30955777183055
213.09110689826298
212.91668744696517
212.77815629581193
212.68698388725338
212.61225761781364
212.47624424879868
212.34580974414382
212.32908217932442
212.44757363586348
212.7062267125717
213.10004268546638
213.61448289067684
214.18715906512
214.762191566423
215.3195316224353
215.85355686487182
216.31124767974967
216.59751106613328
216.71033180282808
216.6704525439669
216.47572302279283
216.14101007628267
215.74626245151367
215.42335888145317
215.24480704673
215.15124114245424
215.0793866195058
215.01414761707417
214.99098644719083
215.04570412473848
215.200251138384
215.39397063109675
215.5565271740599
215.67058835827677
215.7981570572839
215.97348429875484
216.15749169978784
216.32935716010317
216.45558364668915
216.52498590462753
216.56274313066945
216.5595022690417
216.4609050910468
216.25068112390966
215.96864470200654
215.7202703686856
215.59438384433184
215.56869133604002
215.56507693446338
215.50545724208393
215.38974823107702
215.2281761193797
215.02359966294273
214.79538669808375
214.5734383675446
214.4233819664538
214.29122923995556
214.12848881380935
214.02592081619588
214.0199220280532
214.09959070504857
214.29354963470232
214.5373854534846
214.77381912380866
214.98206682269182
215.13459703883277
215.22161229622472
215.2450895296895
215.25041559022068
215.25682001759589
215.2509929456566
215.23667414642875
215.22348137232103
215.24836892206042
215.24550644715154
215.20839409438454
215.21321708399142
215.31011839741558
215.4620974675447
215.56669431841703
215.5586275009524
215.46596476310384
215.324148013206
215.1816633060111
215.13901417890148
215.23525457689152
215.3810488655537
215.434607428629
215.38682897850595
215.29845709822683
215.17569636902974
215.04587473892494
214.9156954099531
214.7198813647031
214.45538091826893
214.20755743636872
214.01476364476875
213.81606448816038
213.64066675587472
213.5551220867867
213.5353347334008
213.4800032733027
213.38682870712103
213.33917833387673
213.37797444054982
213.52865257089655
213.70665981664752
213.81714248254073
213.89597847041142
213.94697539507246
213.91056230770195
213.8137004928683
213.70716768443643
213.65449357052242
213.70679007591562
213.83674502247317
214.01021812084582
214.21602319212806
214.48007549912433
214.75193547399158
215.0668126542844
215.44110351281654
215.77003528667325
215.9919349857941
216.0850656432118
216.07866363188714
216.02574439267227
215.99491294355204
216.0227129008959
216.11099169617762
216.24799064642383
216.38772862949727
216.45905806005035
216.3961350718119
216.2177137546774
215.99878686905504
215.7649921531576
215.47119064728696
215.11053514805138
214.79929578738944
214.59390777191467
214.4674459010385
214.39724629942276
214.3723017769713
214.3637400430855
214.32868851077131
214.22688369946067
214.05477385932417
213.79349286835415
213.47789558840424
213.19231459848368
213.0119749687981
212.91692978399823
212.851303640992
212.79764813797678
212.85405704189736
213.02254132156898
213.1951004956802
213.28355562499172
213.32896082765404
213.3951770857238
213.51138382828523
213.6483248748952
213.80311749316445
213.92832186566915
214.04201570970093
214.11307897431914
214.10303304965274
214.00447724459886
213.9086460356349
213.78870476050497
213.6096893062482
213.33658715595266
212.96277879540997
212.4925307232953
212.00410245376796
211.65513197419563
211.46213320900955
211.42979045589172
211.59878408045114
211.95433853136433
212.35050694970312
212.7001193425062
213.0128795871161
213.29827273062548
213.56316698547045
213.84568133207276
214.14318066622425
214.42454628625768
214.5961853161778
214.65809549885117
214.65107983324933
214.53416849504504
214.40257217298063
214.32687571524457
214.26818135481557
214.22182423197359
214.1961923934322
214.25056854407157
214.37278989829582
214.45707052915282
214.40880371395156
214.32115544318913
214.32771675629743
214.37814777923145
214.34856065225958
214.22930468177861
214.03438789518194
213.89659814529426
213.78528894287274
213.65389922848289
213.55787379201058
213.52530056643732
213.5159068456564
213.52311854900609
213.61186323008343
213.79230209368828
214.0032517879248
214.17895184756244
214.27967115003918
214.2782439838697
214.13387236229943
213.84078892872878
213.4040690213115
212.86787702335835
212.3309255364156
211.93739981149773
211.76359158502817
211.7656895223812
211.80840553165586
211.7970042338419
211.78057085820316
211.8155028788053
211.90987849571738
212.06488979531767
212.2792173917394
212.49138122274005
212.74752462933532
213.06542665137738
213.33530983362218
213.5886903587426
213.86846413100236
214.08555853422308
214.15641591474883
214.1001350004816
213.98112219125505
213.8760028492071
213.81090730366924
213.73833608120432
213.63386528681556
213.5813278016053
213.63948526780086
213.81579013647053
214.02537346969822
214.15019214052575
214.2423023178685
214.4360614587261
214.65593134753078
214.77396029460894
214.7293774920143
214.5338494516629
214.2585201820512
214.00817373573315
213.80230796040033
213.58752801318957
213.4017491017373
213.31907146645563
213.2939518417287
213.32923955731064
213.46486347675912
213.6764035185824
213.83198945253346
213.89637344676956
213.9184306031691
213.90103267817972
213.83365536514714
213.74114709798621
213.66730348217655
213.61032049982958
213.51994798517165
213.33490820489516
213.07127962946493
212.85242319056755
212.7465778334227
212.69066610404835
212.60995929745542
212.52647832114525
212.51450865560093
212.61195929672755
212.73929087844942
212.85204211028167
212.91186893054925
212.88892832944114
212.7892316263214
212.73895242534516
212.7775625467298
212.87983638964076
212.9911434015869
213.04611727941085
213.02605957407275
212.92076643340184
212.81826841921048
212.79920759414557
212.862207891668
212.9063463400117
212.82200816821677
212.71126604391736
212.64882235717
212.57159531070926
212.43924826386942
212.20641718097488
211.95975466962943
211.77438612078686
211.66395932037844
211.65124933349344
211.77632888712654
211.979279526623
212.13293581142898
212.27523202953756
212.46116584917377
212.6384115781656
212.7451931305887
212.79961151082668
212.8383001031702
212.8674273199202
212.9012159816766
213.05880518532805
213.31608579684377
213.5075051215656
213.5712356330959
213.59218668559012
213.6269179193068
213.604850685014
213.4662497277511
213.3031817849439
213.24756884767157
213.28326246586795
213.37863954415735
213.5153457204284
213.65018734891402
213.7650708890369
213.86983701289654
214.00269483900144
214.1716719292188
214.32559596977882
214.48369697409805
214.6452092711302
214.70190699003905
214.65014637495167
214.54772818750382
214.39660402831885
214.26274080655648
214.17960618736686
214.11024167769907
214.00394409666455
213.8813658426661
213.70451896216682
213.453623130271
213.26912166013645
213.2040641599062
213.2240527224792
213.35690554513118
213.54305360004705
213.64122101509116
213.63054825124962
213.5893672152946
213.64038832798423
213.72404122308632
213.75498513756696
213.76755398904953
213.71487193331433
213.59485172226778
213.5126275460086
213.53954462238573
213.63887146781812
213.73435233740042
213.7020372620784
213.59698115572084
213.55788942111036
213.5083643070348
213.43060536145566
213.4415481439962
213.54709981255985
213.6976788754531
213.7973484169198
213.8077419672057
213.78515061140558
213.7732227624485
213.7528185655738
213.69954477233824
213.70836460426278
213.72659455585168
213.71168000479202
213.68348470917454
213.63080553502274
213.60121272719698
213.6583931833159
213.71518569599414
213.63510087987123
213.37121795555313
213.0352445502237
212.7845019220888
212.66827342401132
212.63314815617176
212.58869672037915
212.50184572857262
212.41505945136822
212.36435550655125
212.35968209014374
212.39288072352278
212.37015134258428
212.31682390655527
212.33930549778592
212.35477984683263
212.27011876312923
212.0801662234457
211.8329100190344
211.64160192974907
211.55197873293304
211.5207526492121
211.5479711649653
211.59227604507316
211.60969815337177
211.60944669273238
211.59461158275516
211.55123173800482
211.5120631891038
211.52554462804622
211.62974737522583
211.8134910831569
212.0496392257757
212.31176322086503
212.58023120657109
212.82348648304128
213.0523782531762
213.21227992754916
213.2916620476177
213.2942818644916
213.18169697053372
213.0196297016301
212.89578846709472
212.83216437402217
212.8011004599347
212.81864987586627
212.87546695498605
212.9252596038521
212.94507546922284
212.98882240725706
213.10428503367484
213.23145162054158
213.33759492656014
213.40220949511064
213.4053649426557
213.3855537143143
213.32617029154696
213.2197938981799
213.14861922153023
213.13559251804946
213.1486549822016
213.1837882861591
213.25016132856877
213.26909477574955
213.22374909068995
213.19006249185028
213.27272150921948
213.4476555719397
213.67157855861532
213.85325409594776
213.86737900513242
213.7584096355161
213.65454323228118
213.63495417524913
213.64586806299985
213.59224966092316
213.49226504243475
213.45972126943332
213.51166682112287
213.59331959793752
213.7187568452424
213.89033061502073
214.09112370773434
214.2589222831212
214.25312473963166
214.11012039043678
213.94136189512545
213.78803363120733
213.64625430697131
213.54825433787687
213.54108340911023
213.56543487848347
213.53402895253456
213.51464143777113
213.6245691683999
213.79055032978383
213.92012608410116
213.9902251432511
213.97532835522225
213.99849947886472
214.1215634220413
214.20638651583602
214.2004095039511
214.0529381603909
213.86582746653124
213.792193653425
213.76406854692883
213.69327187609574
213.6016507192477
213.5858809813469
213.64311669362917
213.68701448391528
213.71362898306
213.72838934595268
213.68742666172943
213.5771518410602
213.4897730873332
213.4115007314855
213.30292889134824
213.20502014849498
213.17922757833418
213.2049709264248
213.26469398278226
213.34805686720318
213.39081905756416
213.3340095702972
213.24535865572938
213.23869479570317
213.36303619313333
213.53963585579788
213.6620354933203
213.714651905237
213.76059936317145
213.8645340019885
213.96596444387598
214.01497559981024
213.9988979931522
213.91064807808092
213.78013496823087
213.62084839051636
213.47540223094657
213.369747516767
213.35492403562324
213.45151188674635
213.6174985313949
213.72802376485345
213.79520591823504
213.93222603022124
214.12172282441009
214.29259367388778
214.43491940025
214.52821783191325
214.58580945223932
214.69328331906846
214.87264313666788
215.08516685989466
215.27309695091952
215.4197848649104
215.5697552414954
215.65272885931267
215.62453896563736
215.53358360982395
215.43340981127082
215.3120141796107
215.13888402132534
214.93065633712126
214.76045208149577
214.6486453323938
214.53380595990805
214.345105171236
214.12169569163007
213.90678523644152
213.70386840043955
213.5538597175715
213.44101216592995
213.34316268277658
213.25683947954946
213.24412939449894
213.36045735664976
213.52018036807533
213.62539512797187
213.68060902487522
213.73853370831867
213.81162980567564
213.79778352483385
213.67143020131687
213.42340064351868
213.10136012510443
212.8124761276363
212.66075920010778
212.62522022171595
212.62522406178886
212.6284279288804
212.59792415729441
212.55777222153245
212.56218648850728
212.55064940998952
212.4875748879381
212.41397473102043
212.42528425656113
212.47203577097287
212.47415208306748
212.4514245747435
212.398569011638
212.36921985481018
212.41050745837208
212.45011335581165
212.42307949380796
212.39802114078265
212.3807409119028
212.3300148430788
212.255739803189
212.2664596382582
212.38314574309373
212.5643050584441
212.7089322726972
212.79549668730456
212.92934035652837
213.07887201862013
213.17529338704406
213.25046556647186
213.35432167274794
213.45547962176227
213.55422571728477
213.65774811336172
213.71898974476693
213.80726060336184
213.8176783260985
213.6746640221068
213.46437598410185
213.20800836697296
212.94552398005544
212.80272196538746
212.81641270496235
212.93388893438205
213.1993061889746
213.48414225805257
213.6905081228315
213.8149349607588
213.93435180264981
214.06119296265985
214.08431880428412
213.94939705888078
213.7862061576002
213.68579406794657
213.58796059343413
213.50241928283123
213.4174940412628
213.31942704808284
213.25798332164044
213.26799068187862
213.3361449590609
213.44094380486243
213.56266120435578
213.68559238283743
213.79400533824614
213.82903741045163
213.8203358149661
213.81722445721277
213.82145221170242
213.86410933451197
213.92885428020585
213.97574694335717
214.0346311509582
214.10571661371
214.21088943804784
214.37919358596372
214.52902268922122
214.6202156115845
214.6734344535057
214.68519297161194
214.63991120730486
214.63729905565046
214.69886982290052
214.80789592006627
214.90017356016753
214.91400717969012
214.91205516065264
214.98421573494872
215.08167239287283
215.11048909253472
215.0679566863972
214.99799215974593
214.99432546373657
215.08077631204125
215.21904088479462
215.34541865340668
215.36821738951957
215.3323165831655
215.34382814050196
215.35765323754796
215.31998869253061
215.2686425860278
215.246771455089
215.19541912166318
215.0929985969162
215.0333992366355
215.09499764857958
215.218334448823
215.39143230266453
215.57135802977263
215.62081736783887
215.47346030393484
215.23091107809418
215.05269515008456
214.91050940120965
214.81013902252377
214.69337422149925
214.4882425381128
214.22440893631492
214.00649284271952
213.88182966329975
213.80911674644665
213.84023853158848
214.00309500232902
214.14590052556264
214.183785860531
214.1559278533049
214.0900186639341
214.11806009781932
214.2578565093704
214.4252568095743
214.60805423918103
214.75116144659063
214.88124690549023
214.967972116343
214.93860634865894
214.89591092051336
214.90891985020434
214.91093564264867
214.83315437207995
214.6976854690684
214.52226739681583
214.3277899384159
214.137378427374
213.96190756006666
213.82335231373213
213.78773765330686
213.83998066285383
213.8853062342676
213.95410704989104
214.06509069809914
214.18547253940272
214.3307573031755
214.52510413500272
214.74767112129476
214.91132096648687
215.0048770358732
215.02099626527507
215.02722858402447
215.04699177361707
215.08896377447627
215.18216588248583
215.27604485372166
215.31602539490336
215.2583306219521
215.15718666450624
215.0867942989167
215.03692378009873
214.99907502593982
214.93429801909986
214.81353569140236
214.62629060882506
214.37706042107777
214.1126861819718
213.94767042030114
213.87310064228424
213.8404396468431
213.83335669742172
213.81374125104108
213.7928859099677
213.77038919856926
213.73337426491278
213.6843998740611
213.68091756067088
213.67976886106743
213.67176038460403
213.70129798588346
213.76960355198608
213.85758225547696
213.96996839553384
214.0503464918291
214.05314693404935
213.94562255810217
213.77591103714437
213.59890970102305
213.35523210262548
213.1092190380337
212.89186962694083
212.71577412271967
212.55152658370108
212.37854936354276
212.18110164190026
211.95296894725774
211.7532570363902
211.64902941209664
211.60169047217596
211.54502097103892
211.53121797131632
211.63037953186372
211.8096103038563
212.00261618718963
212.12327858430763
212.23613967572362
212.39555422306952
212.54882387564908
212.73491051376672
212.84654551606866
212.88332803602495
212.88103594560744
212.82622005029808
212.75443772361396
212.73413711614694
212.74999349536893
212.68189652208932
212.52737538611683
212.30773428001595
212.03811404165432
211.78642076236684
211.65296165656935
211.57127904509417
211.43540378206052
211.25849548866503
211.13076770533826
211.05405723092343
211.0951239253213
211.32385881391426
211.5820579271528
211.76488921739428
211.83755299174317
211.79963760112483
211.75183684896325
211.66307840514577
211.53759773643986
211.49222085316603
211.49263271458415
211.51727835403898
211.59951178436552
211.64726291501995
211.61700373620528
211.6313710261619
211.72618546949226
211.81159735301406
211.88120860916723
211.93826266390306
212.01230665565737
212.10614531193323
212.13039851072182
212.1381678033722
212.24404234971922
212.3725851682624
212.5217361353565
212.65566982722703
212.77346414689015
212.92645921424034
213.12668529888572
213.34221970304384
213.54337277471825
213.72108397238912
213.83501472399692
213.8905990258065
213.85223175947561
213.74901508196882
213.60818805675078
213.47103319407987
213.32746579939587
213.1933728818538
213.08601109763242
213.00241776835907
212.9833714226315
213.033458358868
213.0436112667936
213.03140054361222
213.12290914349643
213.27119281787802
213.44478351796374
213.6348901901106
213.78973230027242
213.8889801911889
213.92131022368065
213.86121638811323
213.74700407033765
213.6164796683062
213.49038641345658
213.35561054257457
213.19611625581572
212.9455085851016
212.65374424287165
212.4104290428604
212.2198124289782
212.067224219471
211.99061996418004
211.93973278716757
211.92135823425372
211.9891126690195
212.09578597982713
212.2343498401866
212.33585256072126
212.40400283950052
212.50560444431102
212.66987040331327
212.85191492779293
213.02960071500314
213.2077083219271
213.32265012715692
213.39181918746033
213.4103720554227
213.4157513962691
213.39236896912752
213.34420886595078
213.27098781579278
213.1722778746886
213.03592251470425
212.84171720056213
212.68948261594744
212.68241653857177
212.81728824607603
213.02325421760082
213.22830813153251
213.31833880941602
213.39592462577045
213.55205383903422
213.7472357495976
213.90342283221483
213.94014405909803
213.9626535815323
214.05390128311964
214.21056549899959
214.40753193643448
214.54242293287894
214.58135034840797
214.57800413926142
214.64836103293612
214.78209234308844
214.838046210437
214.7974010164753
214.7295730652014
214.66225776877081
214.52321455419
214.35130411365628
214.2833346078636
214.2742463019372
214.2754178849705
214.31828975492007
214.3904016118879
214.42072225696882
214.39347874035457
214.31694235190207
214.19652569941178
214.0828119418031
213.9971858541992
213.9196678394354
213.80363217861415
213.66460669312156
213.495009181138
213.28780794429937
213.06508287272715
212.88926185115668
212.80989519819428
212.8620616948454
213.02055569425826
213.22167974918867
213.4040566405163
213.58399346523473
213.76147859707336
213.84445901760068
213.74435751276258
213.58218699320508
213.43011910502366
213.30328428764122
213.20144012458042
213.12454514178523
213.10308700455485
213.00192338769966
212.86997568019046
212.76768325593915
212.7061125599123
212.7333296500221
212.76001394210093
212.7641160869631
212.7091199628611
212.67845800552192
212.74219353989136
212.7934478923177
212.80531126738595
212.80866062563993
212.78813691343672
212.73325566848683
212.63130931057407
212.4927553788924
212.39677694902974
212.29345197490272
212.2481563242393
212.3049463361614
212.3950141266669
212.48452188224272
212.55173175648258
212.6126454323867
212.68495730636266
212.74351034867658
212.7558185522795
212.72946525178472
212.73450694225426
212.74487892890662
212.79032532622554
212.84323622641332
212.9157625559294
213.03679161415482
213.13101343483055
213.17581654826157
213.20822124445542
213.21197375722372
213.1649335324452
213.12596730258346
213.04224493461174
212.90016834162418
212.81457254513015
212.78232621476752
212.68816093391953
212.52265082797263
212.35779683267566
212.17490129088142
211.9488256892625
211.65861275260832
211.36038970582712
211.12018226978262
210.97192018263036
210.9268593121572
210.9560422054057
211.0437787816181
211.22018149944515
211.46705853380564
211.71830593433128
211.95623731118772
212.20512401390076
212.42557923772085
212.6322709027244
212.8928235230635
213.15847271134754
213.39799919491668
213.57710448120056
213.72690722427848
213.88342267371323
214.04174403350905
214.17623513442047
214.2483819052176
214.244580849838
214.21807512500448
214.24507025909324
214.38318539054552
214.57991240841304
214.73317147095952
214.76162787678985
214.63941031224374
214.37529576160338
214.02260503963802
213.62411780683826
213.22667551334578
212.89689177731685
212.63542099500916
212.45134117561904
212.3657290980428
212.32489688897638
212.29083972854949
212.22577133468474
212.16487550790936
212.1597155951207
212.18474437201246
212.17408157285573
212.14564642409132
212.1766187638875
212.25289150185765
212.33695397926536
212.4499095827449
212.56741817753885
212.6692100925318
212.72897065604403
212.77996085245056
212.85705292728844
212.91141405169515
212.8734166676516
212.7378212564084
212.57254210003984
212.38468191736845
212.15862834265505
211.94175452664115
211.74603013768288
211.6223659045665
211.60767500586417
211.70382079546715
211.89246182336612
212.11922488358806
212.34414276710964
212.53918176378065
212.69401503990855
212.85293881756957
212.99014179206918
213.12712093730448
213.29626333086375
213.49196536655015
213.68015011271086
213.7978581889698
213.8477501322294
213.87168813129233
213.89064546907795
213.88236327808383
213.84515621369417
213.82510568216387
213.8504980419239
213.93301655034205
214.0543895828468
214.18493095341103
214.2669260033375
214.27438100007976
214.2245120993443
214.05752923255807
213.7307270280122
213.3225154821484
212.89957776526046
212.51518581343964
212.2388659614495
212.08935753516582
212.05273047642604
212.04640621510742
212.0373193014415
212.03105214222612
211.99005416005951
211.90047371198415
211.74409178018306
211.5083480571336
211.2098604818159
210.90802509784652
210.6267805786185
210.3859011140371
210.17429348012706
209.96603276477012
209.78134160700932
209.6377675666635
209.62573653966047
209.77158343535467
210.00783958837692
210.2434461849564
210.4697167671955
210.72033633909183
210.9723849007542
211.21232190636067
211.50759593042665
211.81307322533507
212.00797974722448
212.0990210339663
212.1133981297191
212.07513266798676
211.99188987640744
211.8679146150443
211.74121834832363
211.68175413537426
211.66992534627423
211.61626944187944
211.50737973484982
211.40268134759526
211.3995650161702
211.50747011141777
211.69252786621072
211.93771966811806
212.25387144816034
212.7204447998152
213.3333030681246
213.9449273376371
214.46422753328233
214.85022009168603
215.10538624364938
215.2268344570759
215.15610176544703
214.90265889876034
214.61767041111767
214.43657599683272
214.3455968476277
214.26230372739744
214.17745320010914
214.13155757341264
214.12117738655672
214.08000898071296
213.9806567254986
213.83245067750647
213.6847637818833
213.5416818024172
213.37383386554112
213.1668783843389
212.94995081406438
212.77566302125433
212.68711040651735
212.67048402328277
212.72324883602315
212.859518483773
213.09538307214171
213.3834317402752
213.69627632553585
214.02599930579441
214.3176883080149
214.50100991009572
214.5409607707859
214.44564674463845
214.25228323693003
213.97947141323863
213.71482967191298
213.5117468660723
213.34040707929344
213.18738420231307
213.08873031371346
213.12583554759328
213.3630511721493
213.7405113786384
214.12724690388202
214.38556611429127
214.48227523405697
214.47019998676393
214.41954087155364
214.35116165725756
214.26135199165014
214.12015160075958
213.92202062277144
213.70807585561786
213.51139815905907
213.41333761450417
213.49395365962152
213.78010176655152
214.27164364763328
214.89385385074553
215.50834241295553
216.10887077286574
216.7356823212366
217.33205175213237
217.76707212276412
218.00046945766198
218.08367606513434
218.06189032223335
217.9774451964555
217.90709019871116
217.88797922108054
217.91655532375665
217.9294801858258
217.84000626059097
217.68127389788754
217.4864194202854
217.27425146760527
217.0481232593006
216.78628085620429
216.460513011085
216.05990060398844
215.6204541632198
215.12472494353648
214.59693262059272
214.10009788791123
213.65945618696523
213.27911207398972
212.89696937685423
212.4482388929843
211.94700949077594
211.47113338158618
211.11846250423508
210.8959587551069
210.76300441014774
210.7461560508712
210.82700792491968
210.98594115280622
211.29049444779773
211.85502504662418
212.69133618580491
213.76637276598365
214.96856652315395
216.15917367127628
217.24174278120395
218.18540495264608
218.96498564115154
219.52704176331565
219.88567104329948
220.07680603786505
220.15278985138548
220.15978433131815
220.1126919544357
219.9738034582298
219.68830670489498
219.3281280819098
218.96147299087397
218.62570397844087
218.30121351191832
217.95093382562447
217.60910404421296
217.2304874625715
216.73441814597024
216.10819460192425
215.4584371654957
214.907731598517
214.44562769667604
213.98263474134754
213.45377591557386
212.94408350039524
212.55592278012162
212.33655536919932
212.36238469373464
212.69419993760667
213.32728791843158
214.11810969561895
214.85452411963402
215.40432927051705
215.80011902867292
216.0807877414403
216.2220589906996
216.21352132695876
216.12727671170882
216.05338133172228
215.93398047091597
215.606840204266
215.06197181679048
214.30605100232214
213.34043599207945
212.23538099514158
211.05356669075036
209.75187256011756
208.29740747860066
206.87070973329867
205.65044307362925
204.54799585159972
203.26196510813173
201.69367233932257
199.63930356283754
196.93660110804927
193.7993486782409
190.68050644664072
187.8698554682282
185.59597459776725
183.89289558868157
182.562667145212
181.12529509746764
179.37690956794927
177.93185569113874
177.18834563600024
176.83620163806683
176.54926681689278
175.8251060760621
174.7420121432864
174.27005239111634
174.33462980748405
174.38412801299302
173.5265661859426
170.38283629008433
164.37463349911286
155.70033954677325
145.2174873450336
0.0
0.0
0.0
0.0
0.0
0.0
0.0
0.0
0.0
0.0
0.0
0.0
0.0
0.0
0.0
0.0
0.0
0.0
0.0
0.0