0.0
0.0
162.81652779649733
174.79694446258992
187.33695053258074
197.41373544026015
205.87711456034575
212.717933762854
216.4743965527636
216.77323941280346
215.36014117567788
214.06412438697984
213.5043413336645
213.63203488773274
214.23314363531074
215.0297082770046
215.79886282444065
216.4482761257079
217.00594527403996
217.56658424901195
218.23898874263998
219.06234814083734
220.02067300007215
221.06264073178022
222.07582314394375
222.9420928347127
223.5176573763598
223.71042793894674
223.47143016740992
222.81306679298044
221.870600874756
220.806795896194
219.7317812148815
218.72611482860316
217.91203516270167
217.33674854045822
216.92895049537827
216.67438060333282
216.5882340277346
216.65448850400196
216.78881119924628
216.88448284361465
216.8799562337317
216.7460480717998
216.52196076366238
216.2709697512866
216.04679509721453
215.8609483500932
215.7046052719155
215.60385924169532
215.61690600074252
215.7822653990013
216.09879972259333
216.5024158734882
216.8984054184058
217.24895206541623
217.52842454868411
217.7303612646033
217.89277725609645
218.04609827148812
218.22811457641524
218.45908280813472
218.69103787407454
218.87402304805565
219.00087439905786
219.08631937186598
219.16064074147437
219.23974683065236
219.31860390071236
219.38241472058155
219.42598984628864
219.4439049905049
219.4161719778476
219.32685731254446
219.17401388892216
218.99179073074714
218.7766026979047
218.51710897847818
218.20491460068376
217.88171620738524
217.62953067165225
217.48903648940106
217.43928695912487
217.4723135824253
217.60643776194865
217.8453818589522
218.13298815398488
218.42114366355918
218.73368950083912
219.12218268496812
219.57403669111955
220.0400731965092
220.46115435608593
220.79294524876184
221.01772107278805
221.1435469898439
221.19506494242822
221.20904842426748
221.208324105203
221.17894687847496
221.1090550684114
220.95169172496674
220.6851161620944
220.33600558950565
219.98675059488522
219.6807074660804
219.403572655381
219.15112479909033
218.9290884312344
218.7202864881801
218.56581794244732
218.49015637421047
218.4814513218252
218.55220179131655
218.690603873778
218.86639894120802
219.0700025279281
219.31102588215123
219.58062354772864
219.85508342109975
220.09374579197498
220.2954564683559
220.4517292137574
220.54227590864056
220.5792050781261
220.57698535954336
220.52815691634672
220.43509578293458
220.2993960284934
220.09190430934217
219.8344995788226
219.57255737852333
219.32206870137475
219.1191277634539
218.97773319996904
218.8958706494287
218.88569325543216
218.9759356134184
219.21026860034874
219.5792060941283
220.00359302009497
220.40719236945714
220.70074458298663
220.84899275590706
220.87415614057792
220.81843882119168
220.67014522734328
220.46148481174353
220.24056206877475
220.01650800722845
219.79014993249277
219.56760910527777
219.3799775956407
219.24714202576072
219.16648010508365
219.1737112764514
219.30206301039647
219.52122662461568
219.74312429635899
219.88364992507374
219.91599120737533
219.8721486351839
219.7818947134794
219.63484258364656
219.46512239068622
219.32536836023326
219.23568852389582
219.19616370365614
219.1874056980974
219.21853508158534
219.30294683435
219.4702393031826
219.72431556845547
220.00696119148935
220.23515881149163
220.375474707068
220.42458617755403
220.38785292806045
220.2930663086031
220.1544331327243
219.98495444644018
219.84890254955056
219.76186142502013
219.7128072125701
219.6927230997791
219.6806896439142
219.67388884838627
219.6496832247422
219.60797781689104
219.61475612817185
219.65952181094
219.71012985094302
219.77039465719105
219.847431588056
219.95123858427
220.08598997830308
220.19807138534236
220.26124441478612
220.29107046925725
220.29239752272701
220.27287013258248
220.26950763652954
220.26727362577913
220.2331655537315
220.15047740929134
220.03488515772455
219.94713581677206
219.8977655264217
219.9098806770794
220.03009779940317
220.21287800438736
220.3902266107524
220.51893282115117
220.58768605991546
220.58537636225057
220.53526049889965
220.46736421995658
220.40684704458914
220.3397878610024
220.23938989553213
220.0754142358535
219.864308810382
219.6328964174784
219.40488367136743
219.21329324376626
219.0943306069334
219.06348892069826
219.0860524394061
219.09256074494976
219.08131076473853
219.07912818914963
219.08355603004065
219.0607906675943
219.00904454625854
218.94350995866523
218.90442119732597
218.91009145356594
218.96094019982843
219.04714255128795
219.1783068067184
219.40746228345205
219.74149887968036
220.13631388791464
220.547547632514
220.91083783517257
221.15908126875195
221.28029923682158
221.3085527682121
221.25910364549182
221.14534710184046
221.00581050279192
220.84623130238572
220.6627316029486
220.50495092487284
220.38767431454446
220.3023375550829
220.21164791894347
220.09680013074853
219.979063623401
219.84927696017297
219.72773688304792
219.62983787349364
219.53840193153457
219.4465095610958
219.33438441593285
219.17769730291454
218.98943322082016
218.81942876104029
218.69477184994082
218.64383705574056
218.70081267256438
218.85049780626449
219.04908659897774
219.24733271575434
219.416597993163
219.58502351014963
219.74800276838866
219.87331871145523
219.899660602668
219.79748407215223
219.59736106332022
219.39699996298674
219.26611543226218
219.19656284783974
219.1563765164243
219.07841690666686
218.9286083342476
218.72477887407302
218.5181295576459
218.35529721330582
218.25187544736067
218.19762978849485
218.1753731313229
218.14656710244242
218.10227581802204
218.03872854149614
217.93431406110153
217.89662955482422
217.99169867754188
217.9975205732239
217.87778653617738
217.75353144694589
217.65060163655312
217.5319259932098
217.3869925167553
217.23007052221396
217.11821497376002
217.09569005687962
217.15181246911408
217.24209466510038
217.34357079784183
217.43073732362257
217.48827999808702
217.52406304199462
217.53089247475583
217.54647152508556
217.56143807638477
217.5500012987577
217.5070524220145
217.43807120694038
217.34527668214915
217.2518778378709
217.2023993394031
217.22348510657733
217.2911145248365
217.38026288142115
217.4953839014188
217.6059992900688
217.65175470848106
217.62291261976134
217.56285881983982
217.52734964473268
217.5283261988916
217.5164550453026
217.4844466247403
217.44865268104306
217.4228343525874
217.4016245515449
217.38956418194607
217.39595476949862
217.4057847546046
217.42074134305147
217.42996832967216
217.43043170501264
217.42901948637953
217.4123511355058
217.39508077274257
217.39128064859844
217.39180848686146
217.38700341017872
217.4135216878412
217.48526890831084
217.56896094825174
217.62175331653867
217.60995860415485
217.5833107172769
217.59378674283136
217.61711798974102
217.61583298860526
217.58337418778783
217.4981898086274
217.35535253233815
217.14622059903502
216.88477535764724
216.6208023820294
216.40608591200748
216.24795933354056
216.13152859053582
216.0660351862702
216.04660754334978
216.0335461647129
216.02604735082588
216.03806964518702
216.06198761202555
216.1150331054991
216.2267426560818
216.41181827489754
216.657886888115
216.92190914908582
217.18257241585445
217.40872403818076
217.5383767776107
217.53992679696555
217.42832549193201
217.23798609668853
217.01807434454696
216.82099757347157
216.69261597235425
216.65533342949266
216.70932324560388
216.82056126279005
216.95532518987056
217.09281427888442
217.19622826988598
217.24277176205575
217.29685243839327
217.38861594301048
217.48444773465351
217.55066296470238
217.60965666948456
217.66903478647166
217.6921716767646
217.66665204251942
217.61326739800032
217.52937674843332
217.43724504227418
217.3701724951115
217.33146753194356
217.36832028396006
217.47734936125403
217.6135537413757
217.70316170144173
217.70759704819102
217.69291246177792
217.70634737198978
217.7382504966277
217.76035544298594
217.77992404598038
217.7755822899763
217.74285364387163
217.7067285610672
217.65616836812993
217.55682953529302
217.41500076863045
217.24684316204113
217.09403435311313
216.99516454844849
216.9370915584402
216.91195264920282
216.94693276741856
217.05311326736185
217.18394817879292
217.2842667307135
217.3346700777546
217.31938587953383
217.2470274165496
217.1706041378112
217.14030553403379
217.17031014749634
217.25445613983365
217.34923015973482
217.37467026797248
217.333077708583
217.2786792073568
217.2430960993704
217.21201105499193
217.19754062687184
217.23922977310409
217.34390055012327
217.49597134702285
217.6426081544157
217.7571904676402
217.8419088067181
217.87650838537456
217.8724346517314
217.87020979874777
217.86578657228995
217.8579130388282
217.86898326403843
217.90895016314516
217.97537505896847
218.05832482036556
218.13091204250065
218.17204602315775
218.15955958303414
218.09689963540845
217.99158560840337
217.85745622808102
217.7146171079945
217.5368792316215
217.33231980178599
217.12518443151055
216.94091795715332
216.77274017631854
216.6077351638045
216.50111347754046
216.4693659211385
216.49378596062408
216.55485748520192
216.64081771625268
216.75794176343908
216.87021230084736
216.9443652416751
217.0015353936682
217.04340914987245
217.09772813801806
217.18480687786933
217.27954962679752
217.3648336079008
217.47262480154035
217.6161273525759
217.77772566674167
217.91874974815153
218.01958030628288
218.13796699467437
218.26519668101633
218.348654833901
218.39005058424283
218.40151031366938
218.39828044756547
218.43051428630392
218.48967285241503
218.5401147131335
218.54125749022865
218.47600253211758
218.37754761384022
218.26173745164832
218.1188376272816
217.98636512558798
217.88812428753482
217.8149069352078
217.73374312388194
217.6060571600384
217.45227106872008
217.3103629312568
217.17975113037022
217.11075879828127
217.13789733983137
217.2155432535814
217.27169187675537
217.26242995680843
217.17950350862742
217.00670709024718
216.77486945853025
216.5395264137546
216.37571684729426
216.29243110331092
216.254955935128
216.24548521554598
216.2563276611717
216.28867125628057
216.37126448293517
216.52360132858647
216.71322951329893
216.90085591017987
217.06628950841687
217.2089025931278
217.32485505294477
217.408613189557
217.4508299637195
217.47232326602287
217.50571196948002
217.55606384673922
217.62512067149135
217.71963758179396
217.84166715549327
217.93893843815738
217.98383484174315
217.99719387357598
218.03005276934675
218.09841805752467
218.17888492830852
218.22351057420838
218.21215879663376
218.1574651242493
218.03466887056402
217.8714933671378
217.70742006530935
217.5817220448721
217.5338732030117
217.54364528819147
217.5714629349642
217.63358161983408
217.69605826171468
217.71238018894667
217.70872603950383
217.70390496117588
217.72633134732462
217.78879854619817
217.87587964299897
217.94701807490887
218.00351240090862
218.06469642055316
218.1386361172482
218.1856837268145
218.19929120954504
218.22444620281783
218.2809247732388
218.34144213552258
218.40881454781777
218.46560524188465
218.545815610784
218.65610763893636
218.7288968644966
218.70938946296013
218.5971334969
218.44110115779284
218.24383482389018
218.04206166331363
217.86390960133207
217.6725863940013
217.47238733859348
217.30973483435253
217.20919552480066
217.15426001732374
217.13675095627633
217.16268485158866
217.2173957405129
217.31187032029322
217.4411895424305
217.57958592404907
217.69571414796582
217.7890529956609
217.87469613347034
217.942471823571
217.9466640096355
217.91853311730827
217.88199631452244
217.8324053090311
217.7827991365874
217.7279076378575
217.63793901609728
217.50993774367114
217.3829202969972
217.28032835678266
217.23725525701212
217.29301293189758
217.4414575501775
217.6531648399633
217.87812116421432
218.06086027718703
218.19654125931436
218.28875479937378
218.2966440329664
218.2240500166553
218.09542809387594
217.91581651940828
217.72046220260603
217.5795924534945
217.49211639517557
217.43534227410734
217.42241376562265
217.44915547370516
217.51630456780745
217.60755981687376
217.65789130177367
217.61750915383718
217.49882172869985
217.36476579205475
217.25387478221185
217.17628457813905
217.1264961249177
217.1418357912434
217.22001392183347
217.32927583909682
217.47533565219229
217.6656437814658
217.85821585664178
218.0103525990362
218.1127696127528
218.1729712095052
218.19982987257546
218.18527226185884
218.1278168700666
218.04051989889481
217.9329533530058
217.8364583159898
217.7440337845331
217.62605965487447
217.47752093407013
217.3381769788495
217.2513588249605
217.17573175574853
217.08186429983604
216.9762472215623
216.8600713715818
216.76445366079963
216.74130890671813
216.8097582565139
216.9434839738119
217.09820303321868
217.25925955514023
217.39969498402235
217.50313793480672
217.58205383030224
217.62421625423588
217.63486108993337
217.63662806635654
217.64410139919005
217.65274327695954
217.6583700680413
217.6831407026021
217.7386404061677
217.7757236768563
217.78361412126426
217.7923453481258
217.8038135991419
217.79163879182198
217.7574097382824
217.7243262984088
217.70676436973022
217.68613240027796
217.65987763929337
217.64148191940598
217.60686177055732
217.56340252664168
217.52740352460705
217.49843513845832
217.48782575895592
217.49707133096945
217.54284548758832
217.61045357733323
217.66438649707322
217.69176859178913
217.72840813629057
217.78145394649385
217.8464946976369
217.93122695190445
218.0391715622919
218.1599631673636
218.30571551107016
218.48635877989489
218.67153704391342
218.83359797048192
218.947032620305
218.97089327463132
218.9051928141878
218.76482974014644
218.54565125417662
218.27097262574267
217.97565164261354
217.72402091842915
217.55886581439825
217.47742039033866
217.4721466203772
217.52818349494882
217.62121892378786
217.71362217890766
217.7767701056755
217.82112676040134
217.87655359492115
217.94624186176736
218.00997330212803
218.06672632313646
218.12502730455023
218.15956642708733
218.16952680814518
218.16646249534713
218.1735977602852
218.19850295246837
218.23944500501517
218.2997353509979
218.37742513714483
218.480709212499
218.60324647733694
218.71105780870616
218.78910844739585
218.8573990509184
218.8965852303044
218.9244182064413
218.98684846570944
219.0751610522178
219.18330411492303
219.2873012263853
219.37263566306805
219.4252891547967
219.42602482418016
219.34956968212177
219.19996460196745
219.01587344480555
218.84808966410304
218.68766005317366
218.54259385561215
218.43967279759752
218.3763804372913
218.3548115236068
218.3865194981928
218.48021397485695
218.60740978660488
218.69944151048276
218.71194592968666
218.66948508755235
218.597667735652
218.5311414558371
218.4819262821258
218.4244225759993
218.36161985208275
218.30735643623495
218.28669658250345
218.32599052414702
218.41286509179852
218.49360382174763
218.55149747834844
218.56561109584322
218.52943352808853
218.46863327147597
218.41657052776847
218.34305210800326
218.2446546037452
218.17655736452164
218.15801818178014
218.18709206757862
218.2344784378591
218.2970403443828
218.37967834365708
218.437769637446
218.44736250870224
218.4048883142662
218.2799915587717
218.0988434770917
217.9382564312504
217.8370454936976
217.81869447303478
217.89500970165795
218.04305866965092
218.18120944562497
218.2731851306699
218.31246975061688
218.30740281348488
218.2415596943469
218.08302785882478
217.8953795361995
217.73421418092227
217.57630800385095
217.40135062697345
217.23075096163853
217.09167848776417
217.00358124767337
216.96456654827665
216.97270258599292
217.03206841501105
217.10735622597133
217.16424160019596
217.216329378137
217.30355683096087
217.4229745198189
217.5522342992284
217.65641121268087
217.74514385632153
217.847676122626
217.9799890157065
218.13439317411067
218.2617442524274
218.32244799733257
218.31999053375242
218.2487672698632
218.12003598131503
217.9630255147782
217.82428910889314
217.7325962797265
217.68922443649512
217.67457800760198
217.6876259367523
217.76042309355444
217.91843073776084
218.12670466048647
218.32290869245838
218.47926171221917
218.59414233023824
218.684908951125
218.75561967328554
218.791653952827
218.78221720115275
218.72706609664388
218.63050027849604
218.51710283473832
218.4218674497487
218.35579366603955
218.33457660016185
218.3684645319152
218.4597860249692
218.58856921543816
218.71318157103858
218.7562270429567
218.68978735354983
218.56200061477386
218.42397762413225
218.2800831975024
218.13844030016844
218.0285530069021
217.99543093899985
218.04511834986167
218.112891742097
218.17592370204687
218.24925027408665
218.34454968836252
218.40414617656037
218.39744199712308
218.35392016707104
218.2819106669249
218.19095204157728
218.11203953522266
218.07830874100648
218.08704467518606
218.09665540122566
218.109860721712
218.15800042083578
218.2730631615911
218.44148110423848
218.62692127900368
218.8051431362801
218.9471513887855
219.0566537532234
219.1374013974193
219.1762045654902
219.17399877490385
219.1210422056884
219.0371226210351
218.9461164513564
218.83971305911945
218.7194598288687
218.62004524078299
218.5692509452087
218.57036220912954
218.59478069619206
218.59645968574557
218.53650494037845
218.4056988314833
218.20193756226638
217.98073210256175
217.81475622569508
217.71546531361497
217.6398790815269
217.5782142205309
217.5401916880262
217.55205522785812
217.61743500814075
217.73262164594962
217.90437512105783
218.12132261902087
218.34842510886276
218.55337898903775
218.7400236572015
218.9118622893389
219.02646656011456
219.09411206253583
219.1474487703968
219.1902627068087
219.23166874792776
219.2700005900022
219.26162320685543
219.20772655592887
219.1385620171048
219.05646134586803
218.94588422314808
218.8365955473189
218.751087443614
218.65572639119807
218.56780125790021
218.50553783012015
218.48664275813377
218.50521577522014
218.5184625717524
218.49912273478157
218.45578621967823
218.4089688093169
218.38020725435481
218.35595723423245
218.34088076275697
218.3555426748693
218.39547808789342
218.42466631125987
218.4291528264276
218.427583595153
218.43505898176443
218.44839244746666
218.46267687339278
218.46789282848255
218.42988678953776
218.35227930452274
218.26294733286954
218.17974996233383
218.11310430824938
218.0621356148807
218.04765991872867
218.10074498911325
218.19200360181043
218.28303317685834
218.36416296334062
218.42826431263018
218.46738433784788
218.48537142942504
218.4913978466493
218.46418717705473
218.3936819810164
218.31716276188507
218.24708370513355
218.20321760309903
218.20671987615356
218.2659397807505
218.38739237292458
218.54820373020323
218.70067827525384
218.83407998620578
218.98066222834922
219.17591042981473
219.41934869771174
219.65677637960474
219.85079032310057
219.9714972555998
220.02070108974476
220.01375328444453
219.9672811572622
219.8880573312998
219.7594169430003
219.5923817188272
219.43603969949163
219.2959183402809
219.18988481890202
219.12226147773055
219.0802928870782
219.05685718431278
219.01247579147326
218.93567174976488
218.85738260888962
218.801133258702
218.77661954165478
218.79365365127495
218.82392959517327
218.8668099220506
218.93844975953647
219.0207558527111
219.08681182992368
219.13026466538975
219.12556825884676
219.036184048832
218.85389553063538
218.70351014747263
218.64738880617614
218.6349259444499
218.67519866270146
218.78574347288253
218.915479293656
219.0299494740325
219.08224760326885
219.0815945104238
219.09682947420885
219.18683775984601
219.306503672961
219.42079036438906
219.5335927880652
219.64048346561168
219.7424581140595
219.83336430218995
219.88257682869735
219.87750941636648
219.82536711614839
219.72408101907405
219.55930630617064
219.338341606138
219.10731445736627
218.89081855527044
218.7016344805826
218.56717190082313
218.5136304660469
218.54204619460373
218.62804848832758
218.74182998711916
218.86816473020772
219.00220688487366
219.1314547308711
219.26847482063332
219.41747386055619
219.5804191652114
219.76782915945844
219.980070318619
220.2007088786492
220.4073002799127
220.59377162490253
220.71059042725756
220.7401265872223
220.66440139885518
220.49432776382275
220.28905631201616
220.08385306220225
219.88614886537795
219.72153201992262
219.5977821094973
219.50472006757334
219.45171137918933
219.43853911908954
219.43349979589564
219.40321437532478
219.2993409396125
219.11835042123064
218.92385032771017
218.77408290990343
218.67833536652103
218.61795036334289
218.57071253200132
218.55172642275537
218.60359680700208
218.7443806865374
218.98395069267872
219.26150421161452
219.50994280974118
219.70885114981687
219.87590707239153
220.00963032294544
220.0896453282902
220.107771771652
220.0739135301085
220.00504469388923
219.89828946953975
219.74017973769529
219.55722878065646
219.3833142184206
219.2430270769685
219.1120198630813
218.9884759282427
218.89515327863123
218.83713642913062
218.79772384904237
218.76258466291267
218.74432574630117
218.75460010437877
218.7752272273426
218.7828460052966
218.7708206635523
218.73078688217382
218.6687970262818
218.6198970775374
218.58376466050106
218.54879914549934
218.52758632035028
218.53919397411528
218.57195765155177
218.60246382349027
218.62575944242752
218.66957157083368
218.7480005117435
218.86541103954033
218.99492462701505
219.11463302612844
219.1947805032188
219.21001869882784
219.17824256440704
219.09627469148464
218.95748935586911
218.78458543549942
218.59320541944038
218.44031287899062
218.34426845110644
218.29866513422144
218.29761064014454
218.30790373231875
218.29758776165735
218.30356165989446
218.349896136093
218.45585536018652
218.60588240915763
218.76852295001413
218.92892821145927
219.07695821002153
219.2430815956624
219.39786710697896
219.5020405599053
219.49296496778862
219.361586654157
219.1678969691671
218.9576446766133
218.76723310172417
218.64689201069095
218.5959221719554
218.60270144310456
218.66493749066166
218.77778946003087
218.93288334791293
219.09070639656605
219.21996461632816
219.2939580626924
219.33178221913138
219.36462120426023
219.4107749343559
219.45337091474335
219.44084009212892
219.34283857511195
219.1799644762279
219.0020165689264
218.84366398532939
218.72270512070773
218.62631189652384
218.5427141625564
218.50138032121015
218.51643806940953
218.60923129584907
218.76566725615797
218.93654403841595
219.09807073721726
219.2792025180133
219.49869920345867
219.7130066513082
219.9053731387463
220.07922604107887
220.21384409633123
220.3075674777598
220.3697281517019
220.4057500353442
220.4667347928393
220.57929227776512
220.7532004272125
220.94885117999291
221.10942820290694
221.17392966554542
221.15185836944377
221.0424491956158
220.8209140514955
220.50450496710096
220.14610700813517
219.77761539668808
219.43053045246123
219.13040910241446
218.87838118034497
218.6991086358117
218.6045132735784
218.57162265727175
218.56296101658174
218.56522837370264
218.57629482934715
218.6101351742003
218.6813737067716
218.7721498647898
218.8942659543215
219.05080584533673
219.20830543903136
219.3274881796145
219.39968130846842
219.44529058502997
219.48304052346663
219.5037855510319
219.49680493458536
219.474069096453
219.45529131953978
219.447973863392
219.41936767791756
219.35335862138766
219.24532978988015
219.0983184756737
218.90946234065927
218.70906923376566
218.53760836531205
218.39759422203906
218.28184598895746
218.2108514257965
218.17405710407016
218.13414089771743
218.08409922452466
218.03374373359918
217.97468593470293
217.90817942212703
217.8211755081985
217.71150015699828
217.607966383632
217.54964432054217
217.56771181368663
217.66436741261575
217.8207408521365
218.0166759203631
218.24291937800635
218.48856553537001
218.74546530123982
218.9981340271393
219.2085231925298
219.35274772725248
219.42002442030363
219.41992846198517
219.37168592798855
219.3178461892354
219.26466153601177
219.21289593977133
219.13708585523077
219.05392559650608
219.04519974156
219.14890307612336
219.37726676455995
219.687978421752
220.00871892420537
220.2988105823112
220.54301834124945
220.72943205853483
220.84467674843415
220.86953129653673
220.80335818357742
220.62262898749134
220.31861101232687
219.95777374980906
219.5965533342011
219.2760000140882
219.01643889819107
218.8348297154311
218.70253620482703
218.61736189972265
218.61220026212465
218.71507093499687
218.91470001898776
219.17846738468958
219.47523580132116
219.77072874444661
220.01717551408615
220.1719838941016
220.25172540689226
220.3136797654504
220.36421697742347
220.4004396348762
220.4468143356521
220.48075703648755
220.49414231405478
220.4938992192853
220.45457276663927
220.35267001804255
220.2099587291091
220.07018844641703
219.9580782594615
219.88245876590412
219.85147208898462
219.81596590839496
219.73217855948363
219.59243736635625
219.44759516691943
219.34318743273076
219.26843447036134
219.20953585539797
219.17821307354018
219.16888042287866
219.15316837649615
219.1299640820738
219.11200908164471
219.11805576877308
219.16199453489028
219.2241052693834
219.28836237712412
219.34706686189134
219.42069515127451
219.51598809549876
219.63350550126884
219.71750129299753
219.7500062894312
219.7040167233023
219.5804159671373
219.40272225905682
219.23786914448158
219.0931478577325
218.9762827063911
218.91711539285583
218.93025270120026
219.01144172171996
219.1308933009302
219.2775960384996
219.44632688408365
219.60307713683116
219.7122611723836
219.78878709907403
219.84191984975035
219.8800025254825
219.9020560961851
219.89630644311555
219.84090533515618
219.72718301286005
219.605393224732
219.50704150475536
219.4270175351404
219.35583181362756
219.29523076912517
219.24862525235932
219.22673035206262
219.21415992142872
219.197322081467
219.15289653994782
219.06296209453828
218.9688445685895
218.8877003814359
218.84799666744183
218.870407672941
218.94580188756697
219.0611887582586
219.20085634301998
219.33922451254628
219.432733067128
219.45357648292597
219.41425443961194
219.33614018829155
219.23854606381266
219.12454537845136
219.027822942836
218.99920288850043
219.0547029348157
219.1949717414939
219.37650978601096
219.57609672343202
219.78340646733153
219.96576863620533
220.08947907800237
220.13882326211476
220.0819433595503
219.91981664550298
219.67538284744444
219.38788922027078
219.11955605897782
218.93505510687584
218.86066468583357
218.8811922302893
218.948404488477
219.00529180025
218.98369199494937
218.8550554958333
218.6716108657701
218.49559015566186
218.338965488724
218.21832489069277
218.1489862439932
218.1156420415092
218.1067717223302
218.12220389432287
218.14545875677956
218.19197248609157
218.29323042299845
218.42929708782427
218.5640156788807
218.6589739145169
218.69348486352592
218.69666571377792
218.66569442165707
218.60210064043497
218.49716257351963
218.36123912838713
218.2299614711327
218.13436802768754
218.11892826003552
218.1798373052011
218.26287337966934
218.35091759436605
218.43930360128866
218.5239870960629
218.6006265739593
218.63664912683146
218.63331934045166
218.60312642650285
218.5769252349667
218.5815103388415
218.6228301933961
218.70891123518788
218.8304441858573
218.91611359239775
218.93018234751523
218.91426595639166
218.923047160453
218.95081324728145
218.99697095609557
219.06386795472463
219.15878435926828
219.28142814391236
219.40676175277878
219.5233437587419
219.61725293996255
219.70718235895606
219.77380174749402
219.80358781029756
219.82739294350566
219.90162729188796
220.04427234175606
220.23092446598173
220.40084164988667
220.5828859645731
220.80017707534017
221.03695021729584
221.2475685520789
221.36725705881042
221.36796291006993
221.2592448747308
221.06686608440052
220.8260187336382
220.5482146710335
220.25993154111265
220.0113432941549
219.81783498425523
219.6957903560104
219.62507801686567
219.5677272948588
219.49736686561187
219.44325106422914
219.4538287731067
219.51200082250625
219.57997919281408
219.62561865770414
219.61723915407532
219.5639931662251
219.47524090788076
219.35393396937687
219.1948399451471
218.9858004492946
218.7720009333798
218.60345808207154
218.55361469076013
218.63100960943302
218.7914374614091
218.9985856261669
219.25781126664373
219.5289430375552
219.77051914126085
219.94719556895294
220.0461105490223
220.05643745686828
220.02794982445707
220.04795786880544
220.15868681087684
220.32145382015258
220.47882775673028
220.58430034286556
220.6412560234129
220.65600540783353
220.62611934023315
220.55236613136134
220.4505603817753
220.33549502223462
220.21762142776103
220.0842340774325
219.93814828262592
219.8143335819963
219.7408080471167
219.71764541481903
219.72981008370567
219.72852572678627
219.69891765386097
219.65356368779373
219.60559796157466
219.59807559980604
219.6501603803989
219.69971902894
219.68813967422716
219.614402578846
219.51028949090002
219.428626556026
219.4001680183814
219.41166768515458
219.4554583080052
219.51626275010807
219.5646520832192
219.57818949952912
219.54618320112044
219.47649459401305
219.41025262677437
219.38613059734456
219.41526663886862
219.4999689529946
219.62443275845007
219.76587281387722
219.90943907866014
220.05363605029726
220.214880302701
220.38679681126783
220.51923519269542
220.6294482841128
220.74466345124117
220.85690215987444
220.95655789830963
221.03755467854592
221.10593540275062
221.19891142995004
221.33124512931516
221.48056501183868
221.63217724419707
221.83086881273962
222.05662985854497
222.24411857816128
222.3691510552468
222.43481356122425
222.42434296653113
222.36210907489658
222.24459021905753
222.0512661607822
221.75908337529398
221.41603876780425
221.10843379488165
220.85208048893102
220.59287640236846
220.32884895700866
220.12120493530261
219.9767288076454
219.86414082927308
219.7733225358303
219.7355004009068
219.77824373359957
219.8716346397969
219.95751038805372
220.008786620151
220.066864416025
220.15470780631642
220.28194003560006
220.44436061329674
220.62722114694898
220.8118138830759
221.01085962309313
221.2343672589279
221.5081092515084
221.85212929571298
222.25307290359348
222.71203657007396
223.22256656755752
223.7546137133288
224.26293287773237
224.76438304469644
225.3030834987838
225.88498075058527
226.459646693759
226.94966599033484
227.286594283145
227.41245055880933
227.13275354723228
226.10939565625037
224.11680887060157
221.70791828547723