0.0
221.02010513479487
225.4230882686534
232.83758749177744
239.8862613020552
243.69814676676023
245.03392220859678
245.79062834768104
246.77520014457426
247.9272430505346
249.0757100139158
250.152445182677
251.12808165876737
252.0421747257655
252.9399360119315
253.81219373444213
254.66000439684314
255.47826062662125
256.29410833842314
257.10486788120386
257.8865197783301
258.48630663100477
258.76542911389123
258.72577885308016
258.4964509880581
258.23935266058936
258.1216028564488
258.16563774882593
258.2822039202731
258.39174989740013
258.45816886592075
258.4998620841185
258.56249654267657
258.6570938251907
258.73018072032517
258.74764415420736
258.7612837121153
258.7794860879613
258.77898784813704
258.76669590646236
258.77157888951444
258.8821494669477
259.1413742775251
259.4578485380218
259.71609335863053
259.8765591205729
259.96967259969364
260.0936572587596
260.313563923217
260.59282570011095
260.83494307207036
260.97547408149546
261.0196739810182
260.97025981008744
260.8419436903239
260.6609120620436
260.4934172091791
260.4105765169694
260.43704713684707
260.5788087457414
260.8927101179987
261.3739473407421
261.91015893689405
262.4293578936496
262.9176819031533
263.30900809297714
263.5732097616202
263.68163902858225
263.6407990320306
263.51496757693633
263.3734317798435
263.28517141191395
263.3006468910313
263.43642073472915
263.6306559674967
263.7580246921657
263.7583755064287
263.670325213678
263.5407737082876
263.4012534681633
263.3083289586252
263.3090145499312
263.3948182566018
263.51660413261095
263.66015595441735
263.7655991236561
263.80927844326385
263.827312956083
263.8278054812206
263.8091942023014
263.8112145901716
263.84949555101986
263.855269004672
263.807033974766
263.7612535149242
263.77257343588
263.83768465993893
263.9096157169539
263.93290713229726
263.9063681048483
263.8716915201577
263.83801166504554
263.8113320889061
263.7637158424951
263.6695148351449
263.6273324643446
263.73409553438506
263.94512134249374
264.1885883302339
264.39000452347625
264.4841442586313
264.4636152027315
264.3813884809068
264.26984242362005
264.17076924147966
264.1233279317453
264.1146284864516
264.1527720490062
264.2262596473526
264.2954173060855
264.3535659890736
264.38936260140264
264.4258941252189
264.4980900858951
264.55493944756347
264.5290557127262
264.4393324845473
264.3190881407911
264.1806503384427
264.0976316241391
264.1240081801485
264.2118576414586
264.2967657640785
264.38635098642516
264.53027726707177
264.7271443402911
264.9316537506377
265.130777466577
265.29423559873965
265.3658241527244
265.34669215989334
265.2539520269717
265.0958806932408
264.86821663414867
264.6063588099031
264.39420117193885
264.29306567633597
264.2876499186493
264.3508312991387
264.45705756007027
264.58243193791975
264.67586595034754
264.7222027344189
264.742122523273
264.74970404117425
264.7450073358968
264.729518133396
264.7143501982805
264.68388063860283
264.65180207444746
264.6354632414525
264.6016837480267
264.55122472500534
264.4837748413135
264.41044830456144
264.3259151382519
264.2044584565535
264.0415727329149
263.8937153332631
263.77383000102174
263.68389419118444
263.63545572383185
263.58215330493437
263.48091295842283
263.36077587973875
263.2816289903793
263.2323915660842
263.1567341578279
263.11342932584034
263.1886559516854
263.3606166177374
263.54162232491683
263.70889433905114
263.8521256904497
263.9075678635013
263.8798403359907
263.81674833824616
263.7173203272499
263.60137515078645
263.492478179858
263.39707791573596
263.30223853328397
263.193612950798
263.06929700102967
262.92918112464685
262.774697536613
262.6251214875926
262.5260948826986
262.51157808634366
262.5628809283555
262.6210451158664
262.66917420576124
262.6911089156454
262.66619493512883
262.63124252171247
262.6325272331837
262.679275344924
262.7764884634661
262.9306298509478
263.1097738534559
263.30440490755336
263.5027387558692
263.7201700870656
263.9665390773707
264.1633270255274
264.2643747900669
264.2800709846837
264.2037923190582
264.057856714291
263.9251541741819
263.86585264185027
263.86705131771373
263.8429209262466
263.74911258061474
263.646698631636
263.62154638110565
263.6466216561317
263.64010247774587
263.5787514979863
263.43725845920335
263.2407270032851
263.00115225040497
262.69845278584575
262.3486086133553
262.0110984964847
261.703692146701
261.42282128285996
261.2083200436628
261.11180679051853
261.12929471753927
261.2476521000003
261.42993548633785
261.5825686081132
261.65012029830905
261.63415159760336
261.55636575425655
261.4150707705898
261.257361323311
261.10944304695175
260.97720253313656
260.90136809154075
260.933259170473
261.0818270001696
261.2911460257228
261.45937766646426
261.5433466319255
261.59431595205183
261.6535898610109
261.70749617376396
261.75396833748226
261.7966246422432
261.8670860684265
262.0067837879722
262.2225181081034
262.47647874521977
262.69224187900767
262.8659398618982
263.05015956343834
263.2443963268945
263.40238813155383
263.46647813521656
263.40987507716983
263.29066179710117
263.2073384460836
263.18437998431637
263.2207506813504
263.3329830431999
263.5276659191994
263.73363307176476
263.8151447685998
263.7144743614087
263.4617100811947
263.0914900774655
262.66558278755076
262.2555527800181
261.86736411587594
261.4705474799993
261.1115058816905
260.8701994810193
260.8068254180861
260.85437538362686
260.88882057737146
260.8839728550304
260.87088134914507
260.888648331421
260.95055363647316
261.0113348443547
261.0537591438086
261.1122977417565
261.1990364234565
261.28725975652895
261.36232122452975
261.445426247347
261.5707567486822
261.71657781667943
261.853345371144
262.0091655748039
262.19282254457005
262.34872917769525
262.4466709813365
262.50027006911404
262.52631757255523
262.48133216362345
262.3599776048722
262.214983485611
262.0813662202147
261.9769470471953
261.91348217043316
261.89076118029345
261.8660916415544
261.80034943325836
261.7026061521661
261.57409853367596
261.4181313537187
261.2663299657812
261.1577977921917
261.1256642721779
261.1762175678191
261.270695494316
261.3214674278776
261.28383983165423
261.2018229520767
261.1594446729436
261.1419105276
261.09499204087246
261.02240727959946
260.99170915033403
261.05974987015946
261.2134426164504
261.4059789826433
261.59677619123164
261.76370680705674
261.886381559343
261.9464224222173
261.9624329243616
261.96176944106014
261.9614081358071
261.97382434213404
262.0232704891117
262.09128565206436
262.1461569509839
262.15581579647835
262.1339719778959
262.11383278938615
262.17618132230245
262.3470260298246
262.6229920160008
263.00276117489597
263.47786145355394
264.01441816050027
264.54665832489934
265.0261007760562
265.43788560717684
265.77538826527604
265.9769773566468
265.9878776756312
265.829551205279
265.5637669608326
265.251168158339
264.92787978251226
264.6038857519008
264.27137990629984
263.9267081545511
263.6037068184113
263.3612963847969
263.2217449635397
263.14693221001676
263.0999889511367
263.06345545022214
263.02378974233375
262.9797750131339
262.9490093761262
262.96027903592864
263.02670337921796
263.12611425989724
263.2129696320378
263.26134953452123
263.28210506563755
263.25121460141196
263.1867270262685
263.13411467361624
263.09239564048426
263.0267401599148
262.9541011255487
262.90935966025603
262.8969819650751
262.8973632352928
262.9054373735496
262.9382031164776
262.9891732886563
263.0311822951867
263.06427232947766
263.10108518382094
263.12021330401836
263.09664561923057
263.03052657372876
262.90594338785786
262.7190431888895
262.4974113176803
262.28963191288153
262.1297343490332
262.01733396604396
261.96327171417477
261.9331543579586
261.8962218471745
261.8387831906732
261.7500075459811
261.6488506654644
261.56832892977695
261.50940005810173
261.422349287856
261.27534788427465
261.099023475409
260.9385709211221
260.80341390235003
260.6908743879916
260.6003862076071
260.52097824673893
260.4450320591546
260.42711374672643
260.5191414407722
260.68350871815835
260.8843679134266
261.1320168724486
261.4196641795011
261.73486701664035
261.99578455255653
262.14553538587535
262.1838275681961
262.1646652874432
262.1168013486462
262.023246188241
261.8594913499609
261.630288184009
261.37650400342477
261.13466736689713
260.9341843655424
260.78316743985204
260.6784104068365
260.65068059303997
260.732648080869
260.93909325325785
261.26440633193357
261.6357254777772
261.940828906894
262.0861561517821
262.0591828322527
261.9245392381391
261.73453731162465
261.5140495994461
261.2840277209647
261.0625467365349
260.86200295664963
260.68641861193805
260.5194345006329
260.37375200149654
260.2538723702831
260.1639585439185
260.1561964985035
260.2602679292647
260.436059689477
260.63976893756046
260.7998517708155
260.8766448349205
260.87339979845905
260.82735711811495
260.76628274947393
260.68663301213616
260.622285981597
260.58953095212405
260.56580717144783
260.5024810968103
260.389474862808
260.25496205522757
260.14391988418913
260.08165841651527
260.06391153723223
260.05704649725305
260.06855264667644
260.11582049279855
260.2045096928086
260.2916294938218
260.352398848808
260.4234103958366
260.5396503085542
260.7143223123663
260.9132667800824
261.0834119571881
261.20544794821603
261.25648905079015
261.22403338751633
261.10226249203805
260.9266075137392
260.75642861796234
260.6370757624874
260.60433179539785
260.6485077428765
260.70553725332684
260.75670698062993
260.84912065524327
260.9599740589756
261.04720299953294
261.123853089143
261.2123927264267
261.34357237930516
261.53626873823623
261.7603106474966
262.01602819424994
262.2964533736937
262.5583707549671
262.7802246853657
262.9437893948315
263.0411016589858
263.0667008517221
263.04037418849305
262.9601050536604
262.7849127964841
262.5327916930752
262.265761509925
262.01657160785896
261.7803990334789
261.538593139798
261.30593650580767
261.11842909924115
260.9799499101139
260.8625684775696
260.74140182156634
260.5835024507699
260.3955648884164
260.23162668895014
260.1278395877114
260.0903478414923
260.0753896306162
260.0476854832461
260.0201522451291
260.00389171308393
259.9865843585147
259.93648186055907
259.90663154266497
259.9462316182611
260.0289090722573
260.1244839464779
260.23084318615577
260.3763338904322
260.569484195326
260.77342290512985
260.94013638323537
261.0535182209723
261.1463744221044
261.22619364400106
261.2640155432422
261.22181610900446
261.10830651815445
260.9722785099528
260.85232152529767
260.75667948316783
260.67910079254773
260.63697846120215
260.65938214596093
260.6908728214918
260.6655868384091
260.60090441181217
260.5401459563036
260.4793949496027
260.38517109199256
260.2509698636622
260.10015493068175
259.9605610849354
259.8373375143298
259.7394543401508
259.68421907303195
259.696509302873
259.7710556482365
259.8336255771384
259.8389850742557
259.78769822636167
259.711062510641
259.64120377682514
259.5734471543863
259.5076783503607
259.44386497192295
259.40911049455156
259.4144723030946
259.45615982161036
259.5290417361907
259.5937863685561
259.61994523246653
259.5990227528711
259.56280959333
259.5498335935296
259.5736737998439
259.63213109296146
259.7001639994568
259.76090489564126
259.8248672031145
259.8901030601803
259.9553293275354
260.0428331770453
260.13931297521646
260.18998909007746
260.16367498626107
260.0794179731465
259.9652531893233
259.84180681438306
259.7065596688011
259.5781131036193
259.49903205895635
259.47907935568276
259.45672796600394
259.36836907214075
259.21070558344786
258.9912169540603
258.77266028744725
258.6245363393854
258.52466890133695
258.4488763381829
258.41887334619884
258.41710126666425
258.4089988726854
258.37765842430684
258.31779992927454
258.240175399322
258.1617492194665
258.1004202439625
258.10016357846115
258.2121080084796
258.43548627227415
258.73816953728715
259.08548428774577
259.45955848171803
259.8480524509989
260.25435593052435
260.6634795353827
261.03118731807194
261.3193908637577
261.52939615194146
261.6825846009934
261.8044004820308
261.8964855934742
261.9582613385688
261.9894695897265
262.02373053868666
262.0813425275155
262.11994228891376
262.1570659014809
262.237185947352
262.35726973815196
262.49045066992903
262.6116304261328
262.7179421405037
262.8053746938013
262.86697894634483
262.8911562184298
262.8503349352185
262.73954734502513
262.5894519352734
262.4424091444639
262.3459832210376
262.30358482158783
262.3190996483646
262.4026123438781
262.486046945658
262.4966165763395
262.44516638274206
262.4211025643796
262.5032853602024
262.71290326506966
263.0133521657646
263.32630790000275
263.5469551299937
263.64433976216327
263.6820249170069
263.71254751357685
263.74033177230086
263.76503174784284
263.76138905771495
263.67951656228956
263.50638803139236
263.28686989277094
263.07795641374594
262.9176957718625
262.8139408462646
262.77166754729546
262.78703074543455
262.80193487654026
262.7663656146917
262.70641455711757
262.6565007313358
262.61730044685976
262.62179884708524
262.7031581587313
262.8666771621169
263.0426505423968
263.1648619833245
263.2293236958275
263.2471136938693
263.2035709980623
263.12917687000095
263.0413859542191
262.9362879649343
262.83933874540975
262.7823696002658
262.76674819497117
262.78084120358966
262.8092152849892
262.8399471066654
262.86355980237994
262.8714903992833
262.90909569425526
263.017966632441
263.1954728865016
263.3734742806216
263.479727893622
263.51725340422433
263.52805631068685
263.5242781076654
263.5064064368182
263.47742393315775
263.44306286847564
263.37085881527025
263.2433283537506
263.10075346111313
262.9834324935402
262.89709758540613
262.84147268619085
262.81064269184134
262.7685317161605
262.71092031687306
262.6925277262774
262.76407928760415
262.9203645004376
263.09288048701177
263.25563269456774
263.4030944731386
263.4987057315873
263.53420589954027
263.5333188720033
263.498179684682
263.3849791607551
263.2275492238624
263.0852668833088
262.9701119399716
262.8735805844708
262.7963419325981
262.74483004571005
262.71593828837206
262.6888192188159
262.6650490501142
262.65737401386536
262.6477819936488
262.62155587358575
262.5644043874738
262.51036275412616
262.4897400825572
262.5133873120426
262.5493407814839
262.5737674015563
262.58493544257374
262.59683699824933
262.615504656192
262.6156960165412
262.55374534154237
262.43303290493975
262.3023661161005
262.2103023928032
262.15369341135124
262.10371687255207
262.0575601959028
262.0638015060092
262.1557506765438
262.31029178542144
262.4776042306356
262.6601801102743
262.86052005085577
263.0122834640228
263.06736773373774
262.99704531016124
262.813536536029
262.5791880414509
262.4020677421037
262.3453910867631
262.38567974759343
262.4675709397986
262.52647429720184
262.540068280214
262.54556730564735
262.5914923924389
262.696760681826
262.8734776751795
263.0974028199753
263.29119011412865
263.3916319774696
263.4180242087304
263.4085284233421
263.3679013472986
263.3059486125561
263.23416863103387
263.1421259122629
263.0270342171547
262.90527687967653
262.79155944197055
262.6771511649541
262.56031681697647
262.46569470347873
262.4098375660185
262.3674387463804
262.2861086352205
262.15636898080743
261.9626671925199
261.69915681273244
261.4559272474745
261.34352466820496
261.39415541449654
261.5352001372682
261.6682936223089
261.72402878771936
261.67451819203654
261.54013629319684
261.39711286870124
261.3299676897732
261.38485346569314
261.5145174451355
261.62985734691415
261.65105307561385
261.52527261019134
261.2679423778113
260.9289099220242
260.6065753331827
260.3773554085806
260.2578947807732
260.2238729870203
260.22535316727385
260.2243656475639
260.22344745662167
260.221766603508
260.16682234601626
260.04190156133336
259.9286493172839
259.932454937776
260.0820107015888
260.3151857393642
260.55594372279097
260.79948832662694
261.0336045005524
261.2194952496063
261.3012512015714
261.2522505133809
261.1154354619082
260.9696619950065
260.8672695282226
260.8305795688718
260.89495269768605
261.0579853697135
261.22333785619816
261.29419853041264
261.2439290012976
261.1224735700926
260.98619789692907
260.85675887673756
260.7411848572902
260.6681673245922
260.6611869546575
260.7237892421009
260.8199929269673
260.9036824356491
260.96117978272844
260.994201583328
261.0423320975424
261.1486400093031
261.3029344570869
261.46668029546845
261.59346207459043
261.63967151259044
261.6117051633619
261.556442393611
261.4967811384855
261.42478822868054
261.3541300323658
261.33693014286945
261.41232451934957
261.55168451495274
261.64601881095484
261.62947879452474
261.5766821315641
261.5433001019112
261.50498489986904
261.42045719502494
261.2957148852471
261.17045707388183
261.0967891785398
261.0943992612101
261.1377488220052
261.2312523045997
261.39193421689185
261.5892028932798
261.7555029492139
261.8404967965979
261.853167673863
261.7788304609806
261.64336466149376
261.52618477443093
261.4860325360804
261.49301699639886
261.49300160029486
261.4986453101064
261.4943030370246
261.4549176332615
261.36374582703064
261.23431804030383
261.0769689663787
260.88628493324165
260.710274487276
260.5736637493385
260.44641039018177
260.3482545457876
260.31632260656795
260.35486374008116
260.4359994759202
260.4763124117783
260.4792720516754
260.47619383617393
260.4494245938338
260.4011559473362
260.38727691520677
260.44628848579407
260.57686941523997
260.72836360857434
260.839475849876
260.88864451557794
260.897297267734
260.9142137341687
260.9725496007499
261.0707480100202
261.1759711139945
261.25310626856754
261.26548821017934
261.17746938595616
260.9971354179987
260.7548225428787
260.4886655662417
260.29150710457947
260.2351531843227
260.28703730686937
260.3724266496711
260.4266902879932
260.4264928904354
260.35755876989174
260.27071923690573
260.20328907843697
260.111954472046
259.99724349234765
259.9209667522541
259.9250212109179
260.0070941494657
260.08946141705434
260.1340740714883
260.1349483870705
260.08973278975384
259.9869167724549
259.7932439467098
259.48243480019653
259.09735566129194
258.7523881199036
258.5393392808308
258.4670837492131
258.5013674783525
258.62973928614406
258.8264810516306
259.0644557060202
259.3178820650472
259.55818016897376
259.7485163006334
259.87436927240395
259.9327795126039
259.9579586764361
259.94764836641053
259.90542667640716
259.86940829395263
259.87113393307453
259.92205334543576
259.9779103363531
260.0039041860138
260.0170021389826
260.0362374776814
260.08614969737977
260.1855563521687
260.3130776252705
260.4379794300503
260.55698218456985
260.6406783590998
260.6409102650528
260.6061555251573
260.6313195788736
260.730315919735
260.85954435116827
260.9794025325732
261.06566756892437
261.1170078470336
261.1057148805381
261.00843334962497
260.8615588245316
260.67674195233565
260.50059908989215
260.38886217281424
260.3166670481508
260.2383445461298
260.1251288014937
260.01677693367594
259.9498133913092
259.91533697186713
259.9323562891233
260.0418255673883
260.2501021136057
260.50692784854914
260.7443859814529
260.89197914811257
260.93642139966283
260.93733865462286
260.93332762308336
260.909460225572
260.862583776815
260.784593201907
260.655923549671
260.5038057149335
260.3785156898371
260.30225678416133
260.3073645927732
260.4105995487453
260.56679872603786
260.71128436144716
260.8222178279332
260.93532346543367
261.09875960205096
261.32557296678186
261.5848609992304
261.83742239077606
262.03038210038017
262.1295679625149
262.1704951950129
262.191153344443
262.2140878027143
262.21855153923804
262.19748378610427
262.1971385692452
262.248612345913
262.3506221293599
262.48549595735074
262.6222599601103
262.712548949315
262.69504196339267
262.5537465026809
262.3498201654797
262.14667035559194
261.9651305377383
261.8319777750056
261.7899524640195
261.859217997792
261.9922840136616
262.14100134923467
262.28034763173605
262.387203354167
262.45090774530456
262.4753797482221
262.4559680680419
262.3870732087401
262.3084272077551
262.26224259072046
262.24977840862846
262.2342942239457
262.148543312362
261.9859882006226
261.8125586198472
261.75498943025434
261.84952080411216
262.0076985298298
262.16277851462837
262.3009361217103
262.3731787989027
262.34817865043686
262.26900577911005
262.2223695118178
262.2627333051086
262.40208184462165
262.6184810178496
262.8480076569083
263.02741813444106
263.1331390913447
263.18854841417607
263.19692673569784
263.15899331524486
263.05594885467326
262.88822531471993
262.6869570994496
262.4820500446061
262.27074181968123
262.0734784751144
261.9647756234521
261.98853134616957
262.11053270350044
262.29233849590304
262.5200478983434
262.7919383541649
263.0643600089515
263.30012750660086
263.5057528950688
263.6570811397249
263.6826800413067
263.59517118277637
263.47846076461644
263.3802463190504
263.25394520824796
263.066190232086
262.8414989696347
262.62619712478573
262.44927029022784
262.35858716783724
262.38976653924215
262.51137523154586
262.6419071807747
262.70480306451213
262.709723031095
262.7040333133131
262.7216461686693
262.7446548489518
262.75242125189277
262.73640436112197
262.6857242986039
262.60898957753835
262.54054141531657
262.5076710009022
262.5145222487959
262.5797943734032
262.6949265751947
262.81228028476016
262.9052518118713
262.9794316510536
263.0327193985811
263.05475186426423
263.04838464151413
262.9848971984305
262.8530733764508
262.66521818828784
262.4630105237756
262.29653252750467
262.1950034694902
262.1585571456126
262.15014634644217
262.1695938377266
262.23019965050173
262.30702359279246
262.3831255083827
262.47911420486264
262.6090225446817
262.7535659656107
262.87475734675934
262.9407846966237
262.95058296549007
262.8423316234217
262.5686074689706
262.19171343800053
261.8166823845128
261.49603555269226
261.244596712255
261.0640192169558
260.9603751712406
260.90278520904076
260.8590072272692
260.8022474610933
260.7182937493229
260.62428796701056
260.5633379795247
260.5872886940503
260.71215785632694
260.8778277386782
261.0426938550113
261.18533852587916
261.32289776788855
261.47908129107265
261.6383548990787
261.786112414377
261.93491609372103
262.07365011666553
262.1622775582273
262.17092303486686
262.1011692195251
261.96286641709844
261.76978243463896
261.51455013031887
261.22437264254165
260.96678029031307
260.8049049057612
260.7585807660295
260.8305141456188
261.01968323968225
261.30013606099095
261.6286272224846
261.9585990721677
262.2144603216053
262.3443768292565
262.334740793716
262.1751099421703
261.8889931568608
261.55229356132395
261.2501104840975
261.0167938346641
260.8436411904544
260.7084240040953
260.62667685484183
260.61819439822716
260.613123769595
260.57802199315523
260.55174276684863
260.57525682943594
260.6554106680884
260.75235811653374
260.83191837129766
260.8581830405694
260.8221622645868
260.75486909644826
260.7259631624011
260.7775626399595
260.9117957689756
261.07696708557467
261.21329939689474
261.29792725508554
261.3531883912401
261.4398420897088
261.58119029128136
261.76382095962924
261.9718810974282
262.16093980222854
262.26875266699506
262.2868605071317
262.2775788543073
262.25028462134287
262.18881746976945
262.12620628390476
262.1043416275902
262.1698065935512
262.3252290241144
262.51015138939937
262.66048807068546
262.76222482770424
262.8119113849216
262.81416865139613
262.77785521496054
262.7421078900207
262.7440119987257
262.7428074899123
262.70636552875766
262.63069784645813
262.567891769515
262.527108771744
262.4769010812093
262.43572266710083
262.4152730025977
262.39427722080507
262.3464417014819
262.2661575011671
262.1643511872089
262.01601602273576
261.8279652040575
261.65073734465324
261.54050523402884
261.5073569093202
261.5087942049676
261.5371333829101
261.59683733107846
261.692261857223
261.804984680463
261.9150949575306
262.03495962093746
262.13318404284684
262.1667207251228
262.12454553502494
262.0372491265529
261.90778993849335
261.7523982738473
261.61105299514327
261.4854353519448
261.3672768272808
261.2434383740533
261.122687853362
261.05464256582053
261.055170912711
261.08036998536716
261.0947601727178
261.0865098202338
261.0374263955905
260.9592811041577
260.89472367968807
260.84917137884395
260.8137209650348
260.81826449493957
260.8665262777888
260.920907489383
260.9563815234738
260.97084057882773
260.9435490988735
260.8672876664339
260.76750496686844
260.68439495662756
260.6740725152282
260.76478288298796
260.90520929865596
261.0519296432562
261.1856977168189
261.2950768018339
261.3715956172563
261.40682124436375
261.41826701291126
261.41329548234694
261.3834399205947
261.29750460674995
261.15819778506574
260.9762233932391
260.79340177634094
260.6827314491127
260.71094332041423
260.88346694619
261.1283711760399
261.3796916213739
261.58237458391307
261.71158640990654
261.78315643224545
261.8223144788588
261.8577784096185
261.92735558498174
262.0308596597311
262.109406241301
262.10164345714685
262.02830720916364
261.9540391453027
261.8986470674129
261.83477282542094
261.74716543030877
261.6523215433967
261.60536302776586
261.64381489908214
261.73540327002013
261.819505308847
261.8702931367197
261.8647388783004
261.76202241200156
261.5938716872481
261.4561115189384
261.38625796877596
261.3471249522935
261.31699732651737
261.31236862805474
261.33074125272134
261.35068969131936
261.366547120993
261.3594922812686
261.2977676733075
261.1552558626686
260.9771715552966
260.85185416436065
260.8813214713321
261.10533696245324
261.4742333395064
261.88436566704706
262.2478997157601
262.5154564214129
262.6619451523433
262.6811378580714
262.5777077872574
262.37573677134156
262.11291716572174
261.8179653335267
261.5252643982473
261.3151231324962
261.2615992666332
261.3680247001283
261.5597319353874
261.74241635121024
261.8684654646151
261.9281622011757
261.9019512928077
261.7850533479992
261.61332602211456
261.43762928086
261.2765099237689
261.1528516680662
261.1278477452039
261.22503032346395
261.4113517890731
261.6356576008907
261.85134684260385
261.9973584703341
262.04850105495257
262.0386360205375
261.99552063622673
261.9399297881149
261.86464473381983
261.74028562996546
261.54545718508
261.2954598253938
261.000379323983
260.6786677141731
260.3816197275467
260.16512142342657
260.07195065491817
260.1274160984527
260.2949428231907
260.5241782426907
260.77781919522033
261.0105634554235
261.1641034659947
261.2375501206915
261.303449156492
261.41302311937886
261.5196653009456
261.52563159934414
261.40269685576726
261.2369705333359
261.15593923255074
261.21538560154676
261.3727671930226
261.55009711529897
261.7259258779284
261.83249611115275
261.8001318727524
261.66211915858617
261.51678894912106
261.4036282699717
261.3167256186018
261.2671272310584
261.2390350151721
261.19882048993367
261.15239457600865
261.14611319479735
261.19782981632676
261.29774454802185
261.4022707519432
261.4893018368494
261.5397340671371
261.5325425896738
261.4790694660037
261.39429089171983
261.2788637110067
261.1334017023265
260.9593160863134
260.78409267759287
260.61653578698406
260.46255448295585
260.31278847024174
260.1238801986992
259.89524544859546
259.65151244473805
259.421180636133
259.2517327360266
259.1942783094845
259.23575744466837
259.28753467274254
259.28994420233556
259.22921384492616
259.1501055174275
259.1162211842371
259.1811377541445
259.3686147564725
259.65516713290646
259.99805428731463
260.3940534881942
260.83632729791236
261.26927218993745
261.6928688854824
262.1225473048922
262.55468995843927
262.9984369473609
263.4825792775541
264.04099954919997
264.6346769648319
265.1833948885044
265.62819110511236
265.9561394839543
266.1636119237886
266.2537038275044
266.20804541710345
265.9365638323566
265.4081397362859
264.6937812116606
263.8484759604071
262.96063568789475
262.18273519625177
261.5917126283951
261.1819094103099
260.89270025672107
260.6617669314686
260.47499226323964
260.3315001354782
260.1844621179963
260.0098041203788
259.8654628641965
259.7807554945622
259.74376962360157
259.7580257568743
259.7707099298523
259.7230184462678
259.57713963647626
259.3446859706188
259.04676897084926
258.77532981431887
258.6262720367034
258.64061968966723
258.8511872560393
259.22847776509565
259.72514508294205
260.25591914534147
260.7020066748742
260.9581848382571
261.03452450271493
261.0069643533572
260.93031507853004
260.88428713561575
260.8515154563071
260.7517335132103
260.5908536997107
260.4500422035393
260.4023076628848
260.4230744087665
260.4339036274268
260.4029106109023
260.3499034949142
260.2817589270338
260.14285965400927
259.9050014701414
259.6315397387683
259.3770201443646
259.16621669594906
259.0172084399859
258.92133624246037
258.86252671369766
258.8483034511482
258.89349892034204
258.9695055571042
259.0363197257824
259.08251229943704
259.14467019230364
259.19803898041096
259.18089336510883
259.0995795418546
259.0025375796091
258.9937258175041
259.13808826856257
259.42417129638227
259.7772722647601
260.1760031340625
260.6947526881853
261.39534334319666
262.21620992074526
263.00875439573986
263.7163684911653
264.351539977234
264.94301636629206
265.47932622878875
265.922151387077
266.2294873545442
266.35639107478147
266.2589525090575
265.92675661660036
265.3945716484949
264.7565497629458
264.13815139082624
263.62657853455494
263.24520884418376
262.9300974537825
262.59742373415224
262.2165185371802
261.8274012952282
261.52120745526906
261.34241052120444
261.19793233172203
261.01137370975965
260.82912827982136
260.71616773678613
260.69030606718127
260.76780070350065
260.9222417388734
261.1315856829418
261.40787771111195
261.6974127149285
261.92507641618687
262.11130345736166
262.3005516554162
262.43338642687013
262.4204596013733
262.1785395650984
261.45534505401235
260.01362769244287
258.3889272231915