0.0
259.9929984001909
261.8865764044933
268.0403171840522
275.90925762789516
285.10644846323015
296.2657927895272
306.1443371153633
311.6214281975164
314.0696936011286
315.6419011175103
317.531061365324
319.940274295687
322.71804838952767
325.5997994900305
328.33904285720206
330.8225044790695
333.02393059027514
334.89450970595993
336.46502658187933
337.7613366088268
338.6966762012746
339.2957026218279
339.687783283879
339.98459265213137
340.26046878592393
340.51146642669994
340.661584027939
340.6161593528092
340.3549622675622
339.93568407544785
339.46779535676353
339.0976570971077
338.885418469624
338.8271889225406
338.93262485088985
339.21734734803
339.63711244227045
340.13166577133074
340.6579515699553
341.1729748090312
341.60163163473885
341.8695121479736
341.97786643989514
341.98050504326767
341.979853155527
342.0695241872072
342.29413135356447
342.5634178611091
342.7876666726148
342.8876865794962
342.83084298648475
342.6986015044656
342.5533956818418
342.39673231549085
342.23544207400823
342.1092858401302
342.0062206471187
341.92346686958535
341.9243356618335
342.09629028379305
342.48294035712604
343.0900463717569
343.8850612382578
344.75618012669383
345.56138312181156
346.1714562801533
346.4891600248709
346.5227981768155
346.38979892590055
346.1677940859072
345.8903331053031
345.6001702396418
345.34221324373647
345.15419290773656
345.05321648049005
345.0154531758699
345.0289633731898
345.06680531508636
345.12253772356786
345.18054015020795
345.1977063155401
345.1575664217032
345.0832403149104
345.0623175143867
345.1823815300705
345.4073684042478
345.6171111517927
345.76728475097235
345.87096186316904
345.9193854038989
345.8810982271709
345.73265593054884
345.510026901596
345.3199263534592
345.2522906284092
345.33498289974733
345.51183090343557
345.69243618347457
345.8001081848961
345.81622763265193
345.772809445096
345.67756890667846
345.5211495830889
345.2963968681687
345.0591496906032
344.87099853452713
344.789813216473
344.78128780874533
344.7721998401248
344.7479049337411
344.72646616153315
344.7354167323672
344.8091452371828
345.00151805322827
345.29614374697917
345.589482901552
345.7887669841595
345.86985692394484
345.82959252465906
345.6745060802983
345.4272813698117
345.1509088557037
344.9319328518136
344.8397446054063
344.85728609171457
344.93351944462296
345.06292729257683
345.2712464885138
345.5505106813176
345.8272009520628
346.0175557201818
346.074454008432
346.0250843395622
345.9502223757713
345.92677013461605
346.035256702781
346.2882165214436
346.6075628012398
346.91512617999706
347.19433390074977
347.4195457363524
347.5700235455172
347.6574279933635
347.6682447085141
347.6200084191817
347.55845831463637
347.5008265853938
347.42036538225807
347.3244293537092
347.2617017431571
347.22939009955405
347.21543369976445
347.1991119484754
347.1569636875654
347.0889513069652
346.99630050105685
346.8804287999478
346.7594885559221
346.6714228530539
346.6254688073774
346.57187195158724
346.4774177936897
346.39418108112454
346.36563681777875
346.36181576193496
346.37846693914423
346.43173964934425
346.5203949473695
346.64058580348075
346.7570892755917
346.8169945785685
346.81784125770656
346.7866365246017
346.7389472089236
346.6686393283618
346.5584470929073
346.3836735807142
346.1290936624239
345.8474032004261
345.622298843324
345.51998754291526
345.51514806085527
345.53523964745705
345.54231516562174
345.5483450775329
345.5791171364199
345.6424419630962
345.69144314153505
345.7006723806826
345.67929777471943
345.6460934363091
345.63417551889864
345.68422191296804
345.77841525045284
345.8697863886712
345.95763896989234
346.00628551609094
345.9729562489397
345.8787928646176
345.8305718559949
345.88700417493624
345.9825401396953
346.05621743118354
346.0650296520983
346.0026031409951
345.9223824764707
345.86627766387323
345.857055447882
345.9027316312676
345.98099265968153
346.0417985612871
346.02408081186627
345.9106571576422
345.767657107868
345.69611505886496
345.6831604833323
345.6243928011755
345.4040872876899
345.0838456780988
344.8560020536331
344.83372752230554
344.9828252203603
345.19617649354063
345.3686592293007
345.45627085855097
345.4872869512854
345.527375228914
345.64827723530533
345.7997697353672
345.8522861922618
345.7457858326774
345.53795298863844
345.3202872108862
345.1824552260355
345.1475118439479
345.18791970555026
345.2833503649498
345.44730536308174
345.6647849624542
345.91234760624684
346.1524806185587
346.33984719160327
346.4315183500827
346.36563887941566
346.1543611083198
345.93561733332086
345.794360197311
345.70886714915514
345.63862004606955
345.54446542472624
345.4625007503545
345.4311851775641
345.4568123808159
345.5896287016566
345.8335679540874
346.10041824651205
346.3013417526047
346.3678865086227
346.3117356136303
346.1790394702813
345.9744051930489
345.71976381056766
345.5203428875343
345.45100053159393
345.5128455443769
345.65343915735207
345.8165104589683
345.910591302594
345.92118683529173
345.9309454286189
345.9699925669038
346.0185012969095
346.0458177833727
346.00179487139235
345.84870579847234
345.6166306989716
345.36610794907307
345.10889967818093
344.8910728378495
344.7535070485852
344.70497364095996
344.7443092854285
344.893561586514
345.1269911787664
345.374354499141
345.57578908367583
345.67221358963013
345.61475258639507
345.43385502852254
345.1849770069089
344.94281972691
344.7610569242557
344.69852502544734
344.8146931074416
345.1657261713602
345.71468636353336
346.30503043269437
346.7649615367185
346.982710679798
346.9643511344136
346.8109114412748
346.6242872690496
346.42233363557693
346.1511415334295
345.7967031908148
345.41139360395243
345.0424497337872
344.7037202167464
344.4379519948751
344.26868945095293
344.1940642641475
344.17049867716946
344.1659375586501
344.20317586397255
344.2761488419976
344.3465078225786
344.3715129234617
344.32132149289475
344.22637350021506
344.16855669009857
344.1572217205665
344.14511558311426
344.0910605483323
343.98256402823756
343.88208463410166
343.89077832868315
343.9890302165237
344.08542732315664
344.1013471225299
344.0207412921724
343.94548352674803
343.967356939694
344.08417328502867
344.2351427344557
344.3456275799495
344.3709553523939
344.3474051306586
344.33523804803684
344.34669820253123
344.30688675827236
344.1313255724981
343.86325238348275
343.5883874687929
343.3845793501867
343.3126996104217
343.36753251314104
343.45481914247034
343.49136290675864
343.4620340788976
343.44755514466686
343.51410941033265
343.645999467348
343.77060165976525
343.83191936041794
343.87179167044434
343.9746426517851
344.13430223573323
344.27306430659394
344.31706969113054
344.2636042640512
344.1676946976245
344.1306527921793
344.18746267612914
344.3119808699437
344.46688389874873
344.6342638883058
344.8271525762965
345.0567717632389
345.27703142861657
345.46309536035096
345.61526317816174
345.70905596485704
345.744851132088
345.7248588305236
345.6720485647312
345.60435702463957
345.54229329759124
345.50499557231615
345.48302975361787
345.44951646086434
345.3894351960033
345.3273334658825
345.28768021158186
345.334498746861
345.5512834322758
345.9351850641332
346.3833878738549
346.7853528311018
347.04670995626657
347.1890981325289
347.21798655644955
347.0955030254264
346.88844330014774
346.6609433384738
346.4796335133854
346.41094153990093
346.4728992855794
346.62141196662327
346.791324899743
346.9425197096835
347.0687752324737
347.1434001021034
347.14626406767303
347.0950708951071
346.96889308231476
346.73923380971706
346.4279764248095
346.0783358886621
345.73553275462405
345.4431372504429
345.2154098809572
345.02796809021004
344.9235109255586
344.8982766601148
344.91496068204583
344.90123452544805
344.7777050074083
344.5123019942042
344.1294027636597
343.7311426973434
343.4390367736846
343.3405084904409
343.4576845466954
343.7238004107238
343.996217592324
344.1451518210358
344.11834559121337
343.9525147186365
343.7208286122529
343.51436197482707
343.41557281448604
343.46890751642997
343.6716760447111
343.9469589031824
344.2259388371434
344.46499683123847
344.61009073694976
344.60811069956094
344.43190729930996
344.200343430172
344.1007122825665
344.1628262836385
344.2502584385534
344.21404364456464
344.0367121861851
343.7833863219423
343.60658547837625
343.6033790685801
343.74623341927395
343.95551224373065
344.13407701925536
344.2073053179555
344.18646870183915
344.20100995970654
344.3357013867152
344.52825354684353
344.6652215641888
344.6122609748597
344.32678129026556
343.8865429551954
343.4706594261163
343.2390815356841
343.2030203738756
343.2563624636798
343.27655970259366
343.23290671063774
343.1822587880703
343.1792948540714
343.22626581356946
343.3154658702864
343.45149912602454
343.63268537177265
343.85988474971634
344.1171944989519
344.3446760470282
344.51823647325426
344.6542228343472
344.81097399988175
345.04801508433127
345.3857774176019
345.775901106542
346.16517100605336
346.5140161841909
346.76439984169247
346.86788278618286
346.79073105802706
346.58663730759076
346.3783481078043
346.2783166305636
346.3037327023596
346.3547771397901
346.3246225685899
346.1492433644261
345.8232947367526
345.37500428191333
344.808283087301
344.10087796065784
343.33158969833016
342.7122585435379
342.3820388412304
342.3370894123768
342.508686236838
342.81279821277764
343.185776606915
343.604197945766
344.01683962816503
344.3887765492554
344.68802946988745
344.8854963639376
345.00066128676775
345.0749441550134
345.1651959129488
345.3033275060068
345.49691366217826
345.7473663484122
346.04982118004955
346.39064321621765
346.77385144695444
347.1232915223417
347.35390637108964
347.4415383228038
347.4299700476555
347.3429341505414
347.1925724515246
346.9840718389837
346.74242749334803
346.54312782763293
346.40868796891345
346.24073647971557
345.9613680334562
345.54397832186265
345.0569164086952
344.67686006962776
344.55963191256853
344.72904593351114
345.01379521383876
345.2123172071002
345.1975807822178
344.9736355826186
344.67237879452557
344.41305710455777
344.1850810857394
343.9447217005271
343.72773154354957
343.6396899878257
343.74472732357253
343.9643423969384
344.14259639189896
344.20382374065133
344.1471283475802
344.0104638025325
343.84788788895435
343.72313336695646
343.66362032121873
343.6270130259004
343.5993390358003
343.60027321976975
343.66046504712466
343.762428877121
343.841156796814
343.82633175543884
343.69385302834206
343.51606164038026
343.42233999563297
343.5131676087442
343.80252477177856
344.18312272203804
344.5231496678892
344.73055407638276
344.79441078041134
344.80382929335013
344.87897733497124
345.07319931786026
345.27790697861127
345.3381395628597
345.17775054912136
344.85304029741843
344.47723488612905
344.09992441515647
343.7693631486763
343.5665908285639
343.5369955598623
343.6869205847118
343.94978536374475
344.2090299912355
344.35660935323995
344.3472186859244
344.2180585378401
344.0359855076237
343.8832910369782
343.8205728487222
343.82517270385193
343.84511665997195
343.8046316184189
343.672269784832
343.5144111356525
343.3799953453822
343.2356741492563
343.08371797494215
343.0002368205799
343.0153104703846
343.08279809474504
343.1745742280853
343.2576472723731
343.35363338412185
343.5465714203811
343.8721022673327
344.3093611454056
344.8975852870198
345.66740619590985
346.5630948835061
347.4843662315697
348.3756168873553
349.19169820107317
349.8336809292289
350.1611928140616
350.1634736469896
349.94955352824485
349.67235483316813
349.4299156350411
349.2650345515707
349.2162910332925
349.27190236967147
349.354728274493
349.400352024629
349.35951129110595
349.245821482125
349.0989465623038
348.9609260889847
348.7931433494306
348.5693723915921
348.27524796708843
347.9146693016411
347.48928487938946
347.0330453240584
346.6216590805287
346.249279957408
345.9417403723484
345.7438585711701
345.6887122916778
345.76513431039746
345.93608381895837
346.1312927377684
346.2668856932414
346.34276033264734
346.4190667867659
346.4278137394674
346.2731537059391
345.9870582255776
345.72074415705276
345.6406824253508
345.77555356520116
346.0329054858293
346.31807754824104
346.55882988885713
346.7138885895189
346.7470569674758
346.6636306501611
346.5208258098474
346.3866439112254
346.2885499718784
346.25756426687724
346.3255726261718
346.4744118182857
346.6450917487015
346.7676348611979
346.83319229484886
346.8355139271719
346.7690765575587
346.6618534854405
346.5453615450867
346.4158099527058
346.2341864927362
346.00562505966104
345.798995586137
345.6475143048523
345.5725206418587
345.5672843008183
345.57212205889806
345.59332674561585
345.6172121692233
345.6347901261319
345.6176690708684
345.5671058941524
345.4697631571961
345.3327750485207
345.2700131871012
345.3593407380282
345.52779700385076
345.65795934771717
345.6749674281478
345.5671141926295
345.37066369096374
345.1806520441116
345.0956404335282
345.12014173999125
345.16381836738174
345.20132580152034
345.264958534853
345.3333367609825
345.35299597301577
345.3102983684273
345.2747711808623
345.3402116801893
345.5486887353209
345.82609416458024
346.03297742755524
346.1074735391305
346.0624029055905
345.91525910189426
345.6868252484978
345.408600657661
345.1379361872246
344.9679470226789
344.99785845134085
345.21552840909413
345.47351524271534
345.6124964778444
345.61330198184726
345.5456459479959
345.49977954688745
345.4716948809356
345.3924456382458
345.2731294100424
345.1697223073155
345.12064829022927
345.11662002626576
345.12538118284647
345.15324940727623
345.23591681239094
345.3591063728579
345.47649023973065
345.5574426742324
345.6507017966446
345.89061751727655
346.32702808520577
346.8213940257824
347.2589610046562
347.63549905047273
347.94066862052165
348.1656491975405
348.2640860969997
348.2180305164158
348.14580338731025
348.19775499180923
348.43915907606475
348.8107749568687
349.1401177935346
349.2791368832433
349.21399908243853
349.01949963238434
348.75079884681656
348.45393510567044
348.1913729406335
348.0463802370734
348.0289629579999
348.0573760442868
348.02750776963
347.9194064779712
347.75034174800135
347.4752691809706
347.08035402429095
346.63944831409265
346.27014725330287
346.0550803923114
346.00047413397044
346.06535865712203
346.18377688287654
346.27852036783065
346.2877393648151
346.14573145036866
345.8580555693378
345.5213009236992
345.2892319946019
345.2367405763981
345.3615354840013
345.53271002906354
345.64698578001844
345.7041789412493
345.7034625991578
345.65741071407007
345.59291673137676
345.5316686427292
345.51025954803436
345.5313036396175
345.54451350137333
345.4705390038781
345.2911484944773
345.08329691041257
344.9016671011003
344.8153456815061
344.84583250488424
344.9436856499244
345.0083976931502
344.95575034091456
344.7877148684237
344.6348745474608
344.58336451207975
344.5819922135824
344.5498913640123
344.42386803430134
344.20719157311726
344.0070285900364
343.9176314214655
343.9699737883906
344.09543288902347
344.2377743882433
344.40050277949257
344.56731610393274
344.7097421152198
344.8145601515979
344.8977883194245
344.9810585273742
345.09613626355093
345.27770945064844
345.481225592061
345.6295916290921
345.6930994481535
345.70635000580654
345.7043840981395
345.67143542020693
345.64701913381157
345.67892517496426
345.8219089834629
346.0629654475127
346.2492830915676
346.26843415173016
346.09307917625114
345.8365863113725
345.6623310070482
345.6616457610478
345.76214730864234
345.8052503737511
345.73794384550337
345.62774252095903
345.54751912437825
345.50532936670373
345.45099310766545
345.3590765055829
345.2718566090168
345.1794677505849
345.0582434951244
344.9051508387405
344.68195718615175
344.4177896487063
344.18976709392143
344.0475027552231
344.0470984951965
344.1922658797722
344.41855236292423
344.6322747636811
344.79648454781506
344.96288358445315
345.15539275792526
345.31507348255934
345.3748260916458
345.313350382864
345.1638104150831
345.0074794901105
344.92340454664657
344.9135014365514
344.93465804584457
344.91039568376766
344.8095530009029
344.73961675836034
344.8112782617674
345.01470131587763
345.2493113181104
345.41188328451574
345.4707921014147
345.4576300142471
345.4242286813329
345.4101470529758
345.44737653860943
345.51295911153795
345.6022965414722
345.6690783406708
345.63288765934163
345.47766010630284
345.3073539875942
345.22011022971054
345.19989160342436
345.15150008927424
345.0403620803945
344.9200359373706
344.8929651901304
345.01708765790886
345.277492249533
345.584099161872
345.82623391335096
345.95812778152407
345.99634310528586
345.9472982799416
345.79013373368053
345.5368025068491
345.25947806907203
345.08420438268286
345.04676217291455
345.1087127107676
345.183662423337
345.18021342579624
345.0452682890326
344.8239410078771
344.5836551490789
344.3496057961926
344.1356394131626
343.9840519112506
343.8910070650706
343.7827793421746
343.6406219512343
343.5314824936485
343.5681466829504
343.81932125715804
344.20265925257115
344.57351638350536
344.8366554708074
344.96831423679316
344.99958079466256
344.9641899961016
344.9165770467528
344.94024473643805
345.1039423156171
345.3744955207174
345.6280834046366
345.80471497983893
345.90764860730013
345.9968979238033
346.2120190556671
346.57756341321715
347.03597772423007
347.5105842254145
347.8933996221218
348.0942557397688
348.0534630437094
347.8118595548928
347.4960607832899
347.25476385844917
347.19696069426027
347.27874422094067
347.3218863584036
347.1684475149767
346.852753695436
346.54500444021954
346.3631074251874
346.271037445802
346.16116287179466
346.0019526239463
345.7762195268512
345.4790164007146
345.1488105044111
344.84545656164806
344.6143826842691
344.53426485244495
344.56268127913097
344.5971287609561
344.587379324709
344.5582903490638
344.54887158033904
344.5867593076001
344.6545082428339
344.6934487127757
344.74327250088874
344.91083063508006
345.19769023146966
345.5113965235741
345.75860837919737
345.90426857426024
345.9631908172714
345.9487886502821
345.84759886896745
345.61371901383984
345.3318188339528
345.1578884729734
345.1409775820193
345.2146436096625
345.30737153223004
345.3638458961052
345.26620369262696
345.0014115647382
344.6833457748975
344.47860181390223
344.4749801207099
344.6277742428931
344.8357635504302
345.01156085710596
345.1256022745777
345.23467280599937
345.43915701176434
345.77117526514024
346.1220551581503
346.37893972519765
346.5440987212784
346.63089744540855
346.5727927533676
346.3673672159327
346.0414433246796
345.65039908023715
345.29840524317655
345.0080591771284
344.7672816835809
344.557697338631
344.4563094223316
344.5328004638846
344.70666534480125
344.8592307909114
344.9513105347731
344.994507166404
345.0330232054753
345.11462199503785
345.22241344899345
345.30801092584375
345.2836160417062
345.15183812402944
344.98477814227886
344.8931138692811
344.91871273391246
345.017398197644
345.0642278419614
344.98466448990064
344.79835600054275
344.5951522247186
344.4512526365311
344.39441343876297
344.4533276845193
344.59511286327717
344.7359163376773
344.8188285853545
344.8723571567119
344.92995038388085
344.961163835118
344.89913573795
344.77062812763893
344.6540263810894
344.56195631823704
344.4719043696376
344.3581041841272
344.24264716205516
344.13613389847956
344.01723477153223
343.89672930336235
343.80432653552134
343.75628727540317
343.73980838093166
343.79389528436116
343.94095445795546
344.12119791212035
344.20760017440176
344.1169527626365
343.9092940979329
343.7602994339983
343.76973554068684
343.9139700626044
344.1122640538949
344.31510021944956
344.469641706517
344.5250619607813
344.53329692493793
344.58578208922455
344.7292696782834
344.96240846667206
345.14077522262284
345.12223115152307
344.9075410167789
344.6366708365426
344.45722417847026
344.4105440662235
344.4642021859146
344.50749395860356
344.4035087035402
344.0954159607669
343.63368943344597
343.1814994924641
342.90658076083923
342.8918371751155
343.08881717272607
343.33627957394754
343.49900862358777
343.486015230611
343.36001476808394
343.2761880313908
343.34661892191593
343.5794030372752
343.8647759061059
344.0229962584767
343.98664681040003
343.8720423235641
343.8386202347016
343.92105160762367
344.0353787282811
344.15187255035374
344.2982486136775
344.4114613228562
344.38229196918314
344.19525556345957
343.91078081119065
343.575815073626
343.28381480201193
343.1273983574937
343.1342537356641
343.27656735802884
343.4597151290551
343.5840716635021
343.62481322733584
343.6217317816919
343.61775105974766
343.62305829542765
343.606386590293
343.54413015658554
343.38198330494174
343.1515931199101
342.9444624884643
342.8230615215771
342.76280025615574
342.72203369305305
342.7020351789447
342.695977666422
342.6726882175741
342.583368353436
342.40805245487593
342.23414847057995
342.13811773831816
342.09430845407337
342.0624779952568
341.99698385067086
341.8924082859997
341.8020290708372
341.78914463218473
341.9110004633181
342.15583634588296
342.39316682089424
342.5145532023915
342.5474649039052
342.5557893173234
342.5831805439867
342.62026912655097
342.5798554478872
342.41425749301783
342.1551736812605
341.87750967045787
341.67574626526033
341.61626056572453
341.67370619505414
341.77419606461706
341.9060150454751
342.06193693147577
342.18611160670673
342.2374606027342
342.25896808928786
342.3386082801606
342.49698923350087
342.68525774866026
342.8276821300901
342.8342351905208
342.70047692200757
342.52081807358377
342.40269214042104
342.4315893143322
342.6403397873565
342.9387352846387
343.1359108036721
343.1436831001947
342.99584700241377
342.7832551117422
342.6785094013361
342.78659609487255
342.99565682942915
343.1393337343252
343.20571824259184
343.2595743205571
343.3634016030335
343.600930580537
343.93921914910567
344.2396899035649
344.3956661859876
344.3856766368468
344.241237174827
344.0090310233273
343.8079060110466
343.69264988868844
343.6000534775543
343.47050963600293
343.30863580195575
343.1687801508777
343.1036302702399
343.11041038539076
343.1415505543083
343.1339439725807
343.0701959580466
343.0166519936448
343.0089652832076
342.9929804595172
342.9105079531645
342.7974740853597
342.71203603801126
342.6968666237009
342.7550369342213
342.8530964409358
342.918093373171
342.9109148736419
342.80688924376113
342.6519986485742
342.5214532983831
342.46583218643
342.5364491262559
342.77343182400796
343.1062031948536
343.37500336801975
343.45098079585927
343.3482137031148
343.17667290524776
343.02287506109286
342.9721541717251
343.0234348814357
343.11193639997066
343.18507521707414
343.20057375183626
343.1492866897827
343.0874962731697
343.047937359052
343.0464139859683
343.11537619337963
343.24719328212643
343.39970626828915
343.5338005150543
343.6582402826515
343.8245471184224
344.0261790111253
344.2065286263677
344.31217112355364
344.3631090635756
344.37170224789503
344.3323446874683
344.2333276649066
344.0767625446085
343.934706173544
343.9221587660524
344.0912977996589
344.3924224799322
344.7289595543068
344.96277263569806
344.9723900453118
344.7537821938397
344.42727853675706
344.15239833626174
344.0583657342503
344.16620484369196
344.40875240349186
344.6632466079685
344.82706020416003
344.9296506921351
345.0420976563595
345.17966425896145
345.33790428117607
345.42025810552127
345.340577053243
345.07534339693376
344.6673798586993
344.17619440702595
343.7244035868818
343.43337133679415
343.38388577646936
343.54233971858946
343.807337184545
344.0603154275583
344.25118213049467
344.38225696239215
344.46318333004336
344.4610520398459
344.34664210349223
344.1351884074053
343.89014604176043
343.63779003768093
343.45485787225743
343.43257238902527
343.5890632258129
343.8726548586917
344.1842668791947
344.4253952247503
344.5510254952772
344.5839502669213
344.5693681714084
344.5648881433491
344.6238842825976
344.74354926263896
344.8824224490736
344.9546198384618
344.9036606219104
344.7466696881222
344.55259372416316
344.41502335623386
344.4190084399739
344.5556639606482
344.7442548165794
344.9024361518403
344.9584117559765
344.91301872953693
344.8626591998252
344.8949764544057
344.98921141979093
345.0510821849341
345.01196698026945
344.8650348420141
344.69797636599503
344.61249527448837
344.67035123119604
344.83797954653295
345.05467483985365
345.3079868233276
345.54115382024025
345.6815837201668
345.73819103769864
345.7262578100342
345.627791193046
345.44994025096173
345.2496444119393
345.06372932218665
344.90690367435354
344.75921510970005
344.5903824194861
344.399596084185
344.2286427857081
344.12698878762865
344.0759690871213
344.03818666866147
344.03113897557546
344.15812863363476
344.4774110008316
344.86082397594816
345.1222292517703
345.17448289711257
345.0160129605931
344.733457548931
344.483136289458
344.34910251166747
344.3223843017904
344.3790750543828
344.4862845699998
344.611805794788
344.70703183258206
344.7200227125719
344.68287393951124
344.6878054242307
344.81164904761283
345.0302967848623
345.2915414586541
345.57076777461725
345.78592580099496
345.87281295781827
345.8415570086761
345.7081621357785
345.48740101970395
345.20279319294497
344.9015252538047
344.7142297296266
344.7688771870132
345.0393949985426
345.3862029783688
345.68918132896005
345.9082937294501
346.05583650159303
346.2038642730986
346.38070305860293
346.5369826831291
346.57531066706605
346.3625169551467
345.922290564416
345.3857784170888
344.8509504874118
344.369732663245
344.01126680704994
343.8447668605627
343.8854638838473
344.0902114761917
344.3971626490436
344.67876497010343
344.80242193148786
344.78873444258363
344.72586650688766
344.68093708314143
344.654110371705
344.63343501048297
344.5787099750024
344.4218937778073
344.16231253318284
343.89926717631744
343.7280411397461
343.700876039222
343.8416894714601
344.06177965313225
344.2065157199091
344.1820892651643
344.0748306453653
344.03657633459625
344.09820554634047
344.21381607125005
344.28185894189835
344.23285479206675
344.0785388505342
343.9032784581556
343.8318762936897
343.9171088937572
344.1325025246159
344.43945699182876
344.7492569073927
344.9565129213606
345.0229736158095
345.0164500102471
345.0174910145385
345.0648571539785
345.10839689262286
345.0426111171132
344.84289950589755
344.6524072827966
344.68456987470796
344.95164835766764
345.3345419615435
345.6817388313671
345.8907599605294
345.9682518588815
345.9411385860741
345.76607105746837
345.4578372882342
345.09257813900746
344.77696693351197
344.5781029236348
344.48657270828056
344.4128984060221
344.2646633275674
344.0406334842115
343.80076772655525
343.64461301521607
343.6748863019284
343.84980254692664
344.02598199250536
344.07246020636444
343.9895570171932
343.88672399908114
343.81252825112017
343.71844927884683
343.51227907247556
343.2141912821755
342.9742171050619
342.9660316450324
343.24656729950027
343.70466973465244
344.1445896680953
344.44325193293054
344.6112611513011
344.7059357372929
344.78703977519973
344.8861632761808
344.92636492468023
344.8046193324684
344.52870113598067
344.2014029249891
343.97848290818126
343.9440490155422
344.04661230858807
344.1728707119158
344.2893055400422
344.4270848068944
344.6040035027601
344.77564469824927
344.863184257793
344.80050252610073
344.5639081649442
344.17232502523524
343.6440061082754
343.06064369217285
342.52747957178013
342.13774219558223
341.8623708085345
341.64159650528046
341.4719395728899
341.3856042052682
341.43769826961693
341.5748393461573
341.69174019813926
341.7102714150424
341.6568924462461
341.6993981967155
341.8935809580472
342.12100671477424
342.2867972120192
342.37779233101253
342.46412862059026
342.5944835983327
342.78239367917877
343.0507192999545
343.3424803584669
343.58185696608575
343.7262063654693
343.7518240266165
343.7275567670227
343.7811923385455
343.94698917576807
344.1697185701136
344.3715514853027
344.49698100256
344.5754501161353
344.63925195813044
344.7281595004431
344.92004812623225
345.2048562400872
345.5090335848502
345.7576337656493
345.91943772889147
346.06261874984574
346.2324986643301
346.4435107005294
346.62740784918554
346.7019618617013
346.6256806133597
346.41646840203174
346.07696349945604
345.60273629496777
345.0518399013439
344.4997669484536
343.9737632524058
343.56728788927086
343.3566722705769
343.2951949807581
343.24499609815666
343.1118202312047
342.93635236632684
342.85365964137384
342.93484596990555
343.0455501378549
343.0128843715568
342.7673650593811
342.38119835117993
341.9831402404927
341.6021162753448
341.2754416374396
341.0629069981206
341.0598937972411
341.29786481599183
341.71376006645147
342.20269148321216
342.67974355034715
343.16596062497194
343.66974319665314
344.1213950090097
344.4543307522772
344.6736442680595
344.8800882629977
345.217285806823
345.8420869473364
346.74196315309143
347.71450343680254
348.55597302613705
349.16445937670403
349.5318907429802
349.7089186831572
349.8204633350459
349.92749836593634
349.9697904989723
349.90754652367434
349.7696453726718
349.61445775802724
349.4132890973977
349.1078527210546
348.6468894025414
348.00972999787933
347.1924486476745
346.2694123352356
345.3403261297146
344.576432405742
344.1007330459651
343.93363166584936
343.9855700430069
344.11800015840385
344.2089613208204
344.2492220332159
344.259487808142
344.2185509357872
344.07182997901896
343.81161113197766
343.55292485414026
343.52173157001783
343.85684911471014
344.42306253962767
344.9936906915355
345.433803374256
345.71166094420147
345.903303697038
346.1082304369328
346.34829372174283
346.5841670782068
346.73932061208075
346.8148445183878
346.8797604043529
347.0204204056362
347.273516321331
347.57722729879754
347.79535103988064
347.5039097594385
345.93916761237307
342.4368564709714
337.75054972877047