154.8910286081506
161.36594017927118
168.33072617729047
175.15916106668467
182.01105130493667
187.93429719796546
191.3318824358034
192.62784755822426
192.9131586461189
192.9302396117183
192.97824458852213
193.11025264483362
193.2893462771512
193.43171856039018
193.5627417510603
193.7461687623876
193.95087221079083
194.17290339291733
194.38154930111253
194.57126758153825
194.81379858667808
195.12722178785413
195.48012265356343
195.84838460886317
196.16827968315266
196.42951502700063
196.71610497038492
197.0974975605062
197.5941830548206
198.24475482107252
199.06779182203547
199.99605973322463
200.9374340034699
201.89846648625223
202.91659766224257
203.94953493540348
204.9158530005435
205.76488212808562
206.48052831631475
207.0963032466694
207.64954751324356
208.1479504669735
208.5975465197152
209.0323387155721
209.42492932910315
209.7499588158124
210.0137323765018
210.22561141575923
210.44343005890892
210.7279716965783
211.05452157784606
211.40387890057343
211.73389343276415
212.0142554747973
212.24627693260726
212.44293689449293
212.60178929752942
212.7074484733897
212.7876145111008
212.88568075858583
212.99646969760659
213.09227692598245
213.15399142415922
213.1477155851637
213.09234494867633
213.00073740662833
212.8475770002222
212.65945835142543
212.51856990887975
212.4366482201076
212.3900903007153
212.4018174953168
212.47473369779613
212.587966929166
212.70731040780151
212.80092931530055
212.85036237275344
212.89842817914274
212.9755906146414
213.07831555094924
213.21568631858926
213.35225268859284
213.40814503847372
213.42477201668453
213.5067476322347
213.65671982885644
213.82698017554648
213.99904514441567
214.14335497003714
214.2347703935266
214.27723392639626
214.28398793515592
214.25098520805997
214.15192498195046
213.97165069878076
213.7355582545366
213.5332975708595
213.47357568249484
213.58363362394635
213.8148349104576
214.09390161616244
214.41924635104922
214.79186406665946
215.20453958490955
215.65697963252458
216.08349034911262
216.4070986513692
216.5853316785719
216.61500675075578
216.50810587599256
216.33597440689226
216.13553292156354
215.9157528354351
215.65731565193357
215.33392287280068
214.94054005273748
214.53174374161614
214.178305627351
213.95068839998675
213.88576017498417
213.99436839238453
214.2523556442363
214.61741615979193
215.07152540895825
215.51239971306572
215.89665267726258
216.23899897679593
216.4636857591813
216.4987261966225
216.36135012742363
216.1003948741748
215.74196873503988
215.32354878872516
214.94766225456192
214.6657021888678
214.4848135369807
214.3711961130184
214.31909233336916
214.31986080070516
214.3606960453091
214.41493211456665
214.42642618091185
214.40496649563775
214.39341085961104
214.38871895196314
214.34971136645856
214.2802582030192
214.23325284298235
214.29766710196867
214.46842643984303
214.68990224855813
214.89193463250385
215.0627877552189
215.1974015965929
215.28888496594092
215.3103000206793
215.2924216662217
215.25012818706415
215.20298902682396
215.18903303598643
215.17373288386452
215.1413361118332
215.09158318706437
214.99864562947246
214.86209960395178
214.73101447908047
214.63865723848718
214.5884776098158
214.51917947950372
214.3519423185502
214.11368094124265
213.87424531700768
213.66891037604017
213.54447752350654
213.49465554546367
213.47731120966037
213.50515779912695
213.5628011524749
213.62303418001852
213.70148454362032
213.7962931427333
213.8695826691001
213.93409414835315
214.00749100975824
214.08149490757296
214.14669671753475
214.19959989127685
214.23689700817752
214.26317409503147
214.2670518241972
214.24271210994578
214.1682572175563
214.0394364414073
213.88806852480957
213.74258880766666
213.6204888550498
213.518345264227
213.40360169739833
213.29265399528734
213.2545707084044
213.2842226648123
213.35825528731874
213.43333522172526
213.46633209245277
213.46008233079766
213.44496361713186
213.39115077145271
213.27050612134434
213.1144009028911
212.94704708030739
212.80094786106983
212.68304123790003
212.57532808834853
212.4839851436616
212.4137150179237
212.36432515241597
212.3207438921729
212.2708957663143
212.19823535700007
212.09637837323544
211.97980255082317
211.86581574492214
211.77107167552936
211.69369311767792
211.66466592608936
211.65919180333645
211.67745047629433
211.74581255370262
211.850716665063
211.93272350491958
211.95260784981664
211.9557084316138
211.95735036434428
211.99078073531476
212.09746962185872
212.25266899023103
212.41622644829025
212.60041489430748
212.81971593631297
213.03460807231528
213.2351224528262
213.40199141727868
213.49821428641494
213.54793243449035
213.5659403865674
213.53468389640017
213.47100260216266
213.40270607879836
213.35680799447837
213.36000389893917
213.42250243239295
213.50134583851366
213.59477973060393
213.68095157008122
213.7559999476638
213.82093633335262
213.8733893229802
213.91782997674494
213.914016044775
213.8689526595145
213.7873011786644
213.65709962662734
213.52293848529567
213.43566063649286
213.37487024583183
213.3245242430048
213.27028217072865
213.25032975742783
213.2321413174104
213.18915148636125
213.1091603804727
213.0274495555418
212.95482365763561
212.8974385054719
212.84225494602651
212.77448056797923
212.75298191982205
212.79684421542413
212.87559109937058
213.0099478175351
213.1732266992023
213.29682603300887
213.39884637098186
213.5164816023052
213.63814283527736
213.76863106538892
213.90084682806844
213.9774125641805
214.00159037795703
213.9912321926195
213.94149730427344
213.85474505705827
213.75007130004104
213.67084570220064
213.6042353935436
213.51221839693238
213.37086541588326
213.2489408808952
213.20922436510864
213.2308928433772
213.26460668441445
213.27039268507107
213.24942359015185
213.20169550440073
213.15856284064935
213.13861024163086
213.1397695573341
213.12938681998898
213.10237018458463
213.06927319004572
213.02963611497287
212.96359084770057
212.8586547301847
212.7147188640711
212.56136014886857
212.44547230827882
212.38272151180942
212.37509591408357
212.45326977791044
212.58934519259975
212.71688645807188
212.8252965606177
212.9587264482393
213.082413582061
213.15377021855664
213.17287995403817
213.1073481910754
212.91915570092678
212.62971992459043
212.29785480318276
211.96842346780664
211.6596278194285
211.37859368144024
211.12199067112738
210.88420871181245
210.67276794581292
210.47637914871254
210.23823269524627
209.93063166163475
209.6348490394402
209.4298673034969
209.30922208481013
209.27571670592823
209.3433352294158
209.5132050237613
209.7318307815127
209.99354631257717
210.3001792156586
210.61154889720729
210.91620554441505
211.17780952466768
211.32318973446456
211.3134097051296
211.2046673294663
211.07827538680897
210.97808821862532
210.9003082664442
210.84521998341754
210.8123736939724
210.7787208187881
210.73843908641751
210.6638032378566
210.53706374095833
210.37824750958046
210.22153051826527
210.14886298384437
210.17564558127822
210.23245248620358
210.30121882309865
210.37636589298654
210.44484989534013
210.5261028522184
210.60520351710161
210.70020315838798
210.8464557234352
211.04327880250324
211.2749630459214
211.51857800742366
211.76945483146605
212.01195805121336
212.23266750106112
212.44953523418997
212.657973362586
212.8494259510482
212.98680216679162
213.10897740809423
213.2471890471645
213.4095642776906
213.606117882773
213.84695596092152
214.14571007069662
214.46611252406996
214.75869386213543
215.01207088655053
215.21981398946394
215.4063222976331
215.56900795985158
215.70939422019416
215.8485103604007
216.00592964259758
216.19818901697025
216.39849796848839
216.54218098902837
216.61029643494382
216.5865689147343
216.465524806686
216.273090244999
216.02169533831767
215.72390173090287
215.43096014236892
215.16541524020408
214.94773878567594
214.7833547305274
214.69902784588047
214.70671110700005
214.79894337294434
214.90830218326323
214.99097981668348
215.0667604811238
215.14676647265296
215.2127044030256
215.2252907697326
215.1595053546591
215.0103871692691
214.78717430134628
214.46945627078287
214.08721132817433
213.66899453157123
213.26452118377426
212.89960738134272
212.55555778119083
212.26046816215216
212.03326812806196
211.90163228088093
211.87864201708197
211.98391964826985
212.1604743106484
212.34519977148477
212.5299828955436
212.7008307011174
212.86079048024288
213.03627798740158
213.24900844622738
213.48104947603866
213.69141754751143
213.85302936205846
214.01778486565513
214.2445839555758
214.50215857106676
214.72221763571832
214.88242910415823
214.99974732221506
215.1022080771095
215.19389993493428
215.27322909661808
215.32379572766774
215.35749706093267
215.39058768870103
215.39722468485624
215.3910622671723
215.38875744465372
215.3750731927527
215.32236185186525
215.22898784821788
215.10617646184664
214.94765024995272
214.7589183003036
214.55163666745722
214.32929164983886
214.08608332272158
213.83812076771864
213.59829831526264
213.37952953679812
213.21407794885073
213.10994451324416
213.06994693810077
213.06686282589067
213.09165935353687
213.14785363079795
213.23951692081528
213.34325083196512
213.4595099183768
213.60805046269732
213.76517107498154
213.91906527290112
214.0584752273142
214.1781872633193
214.26738046475378
214.28186293709877
214.22242419052583
214.13910374635242
214.0443681309637
213.95277963235011
213.87408911169916
213.79831802856762
213.73219198345834
213.6707975822634
213.6104769433383
213.55175178985857
213.51046593100182
213.49937946732572
213.52774461326385
213.57319742652945
213.61559506852095
213.6396645475093
213.65833374295212
213.67767125916492
213.7048676591614
213.71086762713765
213.6564998933273
213.57730135237455
213.50527612188233
213.45495313536756
213.42116972319474
213.40378541343182
213.4027087881475
213.42307525717322
213.47094514435446
213.52945262836977
213.61288215650828
213.73604360516507
213.89602424866996
214.08844040319363
214.29119887059687
214.4840675026437
214.63974715998762
214.69683970450103
214.615769008068
214.3931452118308
214.04555441637712
213.63947527507213
213.26481162919725
212.9653930550537
212.77087426212168
212.67876952236173
212.6554122046157
212.68034895637953
212.73618088140705
212.8059823912915
212.89517928204242
212.9861353805141
213.05250022294496
213.12330612733655
213.20533570996403
213.30763488465504
213.3940258039516
213.4428023248266
213.44732864694862
213.41718121549357
213.35223279584625
213.24120602532295
213.11971899409784
213.01682617377043
212.95339650185505
212.94024175724994
212.979696773377
213.01359064296042
212.99823954264932
212.95104989637747
212.90146999439594
212.84330999672164
212.77378323466684
212.70359758886312
212.6450910146918
212.59765336879474
212.53553256096788
212.4685212086006
212.4019513201288
212.35844224762928
212.37242502741955
212.45964762201774
212.58959884244646
212.74622619778717
212.92167930938632
213.10431968149857
213.24761547667532
213.3043042609265
213.2791405060558
213.17948346267798
213.0487712620199
212.94220534759424
212.89709077750356
212.91829995370978
212.9876875542016
213.08693474459508
213.22942875617287
213.41823644986184
213.60696630912946
213.77369532909864
213.88969321539489
213.95227887698096
213.98742977366186
214.01157312210665
214.0208216021951
213.9860900188718
213.90622090990828
213.8306989909428
213.79159610839392
213.78514304034368
213.79600639535371
213.82013692241472
213.87335040274155
213.97740006828678
214.13413783809398
214.3097570134489
214.46923534083663
214.6033507951351
214.7356155895714
214.86941590507928
214.98411022917995
215.0744052687264
215.14786255638643
215.16314869950065
215.07993125641084
214.93244635892466
214.7362477884448
214.53338742731944
214.34308992463207
214.16084289604916
213.99346390552302
213.84429503967118
213.74370900714618
213.70201153401973
213.72322957487847
213.79659817156926
213.90811944761214
214.0098628181499
214.09271927546953
214.16930806694523
214.23658938243707
214.3089278445564
214.38448069824915
214.44003496784012
214.45226458222766
214.3986851204806
214.28957898150574
214.13865341308957
213.93818157484395
213.7201244610718
213.54546639002677
213.45405969373863
213.44883970997017
213.4997494101556
213.57120923124074
213.6491322773727
213.7106170958402
213.7616812701736
213.7888839793937
213.8084425786663
213.83146769156198
213.8840575318467
213.94480133810129
213.96234912829667
213.94265971060585
213.89077700037262
213.80320613780037
213.69680747606287
213.6179627641029
213.58985763475164
213.5981364815014
213.60610838837636
213.58853993414144
213.54856644302095
213.50548436832878
213.48573522660553
213.49069304777476
213.5240700988968
213.5946863426527
213.67856167026167
213.76793714790742
213.86568752944302
213.99929313360644
214.16769993359165
214.33800603963735
214.51477086446363
214.67890899839998
214.77997948402157
214.8080185878162
214.7884840478239
214.72606503844992
214.61768617546028
214.52691398308795
214.46203969808624
214.41668254646845
214.39374957256157
214.34868827387453
214.2254051484294
214.0443371064319
213.84711478875585
213.63424241820206
213.42538210470784
213.24156176362686
213.10163937680954
213.0384577195675
213.06277731729668
213.18304232759314
213.37966185394637
213.6023336265126
213.81275325335287
213.97590558063973
214.15553991326618
214.37482145587174
214.61943015857463
214.8389894777964
214.97056428055956
215.0425751730449
215.10813515265542
215.20519292485733
215.3504083778752
215.51944496446978
215.65905573582555
215.7712459499163
215.87829788961565
215.97927099954157
216.0725717405081
216.1414410331348
216.1539304797384
216.06915473209477
215.89319767064325
215.662843909439
215.41310609677396
215.15872891774896
214.92729224944566
214.74332146513817
214.63788183269995
214.60204863997305
214.59888499299848
214.58306630648065
214.5688865432003
214.59851875037586
214.6552267664926
214.6883043095359
214.66214253145756
214.5948353850997
214.52524883247364
214.47076104780842
214.42402026239228
214.40682521447425
214.41593983195278
214.44691078724958
214.4778321983569
214.4594040448745
214.38666990828256
214.26079388110819
214.10832590956912
213.93937994316002
213.77696851860392
213.6552626466786
213.5862826437633
213.58695971023855
213.61957265758312
213.66009970354207
213.70480664239867
213.75290058779353
213.82311336591488
213.88299752192512
213.91904962453825
213.926198756704
213.90274941859298
213.89990067569272
213.95454179426287
214.03425670320564
214.12186252138838
214.20466102597152
214.24869954034838
214.25953448303864
214.26453600952817
214.25067086276147
214.17121820386186
213.98633784877688
213.76441916572185
213.57809723629836
213.4248203383946
213.31633775196343
213.27953980049782
213.30064795439847
213.35448698905074
213.41275850703033
213.42832932317103
213.40173242252135
213.38679270009254
213.37668262476652
213.34042325133805
213.2867253859572
213.21253078648562
213.13344729416744
213.05207236675506
212.95607058163029
212.84404164091603
212.7275445845474
212.6106037248968
212.50729026971484
212.44558505154458
212.46761276601882
212.53568846997328
212.60972085917967
212.71554959580422
212.8606891539305
213.03052649513756
213.1984295098021
213.33759274958643
213.38169185671288
213.35525678829217
213.29888863764467
213.22872292824152
213.13009734726617
212.971966701452
212.78756437282618
212.61319940805313
212.46779871852584
212.36960861520464
212.31284664946634
212.28145891881337
212.25472913620882
212.2306870046098
212.19339390717974
212.16096070087542
212.16252004715577
212.20013918389157
212.26579371067265
212.32066904122567
212.38147202397928
212.46709039575293
212.55150980602622
212.62033622371308
212.68120220522275
212.74699593227177
212.8265711192499
212.90217179228074
212.94766073894715
212.9689892983063
212.97086583315772
212.95513139540265
212.95271208939604
212.96770842373493
212.99001897847046
213.01452480208698
213.0415746874861
213.0488065869223
213.0328610014177
213.04260119378282
213.1075433407734
213.21544359169553
213.3181216434216
213.4080918045667
213.51042233432204
213.62051790637315
213.74742397806403
213.9019369151085
214.07594249384312
214.26466231277635
214.43082719084
214.57352227011611
214.70658314127616
214.8204800559628
214.91583340260212
215.0220749804036
215.13614419923147
215.2458206138931
215.34077432147174
215.40159678869622
215.40618366207633
215.33436677116657
215.1974936747105
215.03386582051922
214.89150338768212
214.76524762116924
214.638316394774
214.52192970335255
214.440631085902
214.37225578695927
214.2865906463998
214.2114607611072
214.1692297525387
214.1621062849482
214.1740012950553
214.17865053198605
214.17647116040246
214.19769782784815
214.24152921297093
214.28322684504838
214.3332910967464
214.38451814539715
214.42917671137616
214.45707950292498
214.4650972763058
214.46602110459864
214.47540442254444
214.49458617886958
214.52145010904118
214.54308912247023
214.5661350260694
214.62479000369717
214.73994466795577
214.89668175159517
215.05259730477079
215.19450774213965
215.3158443318897
215.42954239073308
215.55541655900674
215.67785200923996
215.76945031322253
215.83054159573157
215.87889679254639
215.89870774388766
215.90129633472895
215.8915659744231
215.87704068781127
215.8520445355075
215.82912849667886
215.80901287510733
215.76649977501498
215.69094094165357
215.59759188508548
215.531327663347
215.4652568949161
215.3471504473253
215.2079251534421
215.10736544644303
215.0709632921346
215.08562520242026
215.14824030573706
215.2346383273471
215.33757150216508
215.45719180134938
215.57253355923933
215.672779010007
215.7622873158671
215.8389920201707
215.87928378942124
215.88470884813674
215.83483262729044
215.7091693285079
215.53581490747354
215.36236565306382
215.19431927862104
215.02307737780535
214.82193046622035
214.59914003326588
214.40675883564754
214.26210308649232
214.16456996020838
214.14176910640546
214.18729093715132
214.27203464367105
214.4043837780237
214.56763775550996
214.72588318493882
214.83790222198726
214.85584100581787
214.7811972831892
214.65965987444565
214.56219381893717
214.4960807079357
214.42231846727884
214.34817197090823
214.28211158170558
214.21251367766953
214.13950520819128
214.06216359238644
213.9727454165797
213.88983308571065
213.82532769091713
213.78910062329135
213.78940048960115
213.82779125382748
213.9129640017647
214.03847579380465
214.1698003150783
214.28315770442032
214.38190498596268
214.4435824720084
214.47929232353573
214.55923636264765
214.69536561139032
214.8389352894956
214.92781824180625
214.94866243633453
214.92468322944035
214.84820970910147
214.66340139549717
214.3984612096629
214.12655793462352
213.91705746239026
213.78691367311762
213.72168447454084
213.70580932607106
213.71936171655733
213.71876975897428
213.69763292713534
213.67437706839254
213.6631983540775
213.69392138689716
213.74528735294098
213.80203479358732
213.86137342258803
213.9358975145905
213.9822233421855
213.9775347288699
213.9351384825501
213.84983715240404
213.7306110476229
213.58541483624367
213.42206483407168
213.28179516259334
213.19552829553226
213.1562141899157
213.16758727853576
213.2046503301287
213.27004596351284
213.37947434446778
213.49351486855392
213.6067318954406
213.69787099906154
213.7746938439339
213.8481496401103
213.91140263227365
213.98624543157143
214.06721983679475
214.13871374959604
214.19891563545957
214.23669971525777
214.24822603348963
214.22896126521118
214.1915879882838
214.15934972558316
214.12907107533798
214.04465372676748
213.88018418046207
213.67735210352834
213.49337813022285
213.33860895787322
213.22125353528372
213.14454412628845
213.08863855294538
213.0203191272973
212.9354836958247
212.86093503559238
212.80204834482518
212.75367476303882
212.72521117270864
212.70697624740396
212.70187778972587
212.69901321445383
212.68021364005827
212.66574722722373
212.7042063294085
212.8082465591611
212.97540329830088
213.178747654421
213.35901265654954
213.50143574999544
213.614357611422
213.7093931135081
213.79970205208636
213.87998521756788
213.97429709955117
214.086387794164
214.1872188066625
214.2637312961657
214.31116282205258
214.32574997494228
214.3055359456899
214.24403517517896
214.13542049944232
213.98635076524008
213.81299055625362
213.6313037224819
213.48339645043737
213.40482822019376
213.4057360906511
213.51506069501514
213.74088261063702
214.03192454560656
214.3467297655306
214.6276780700038
214.85432922305114
215.03379111867946
215.1518895921169
215.19218187198223
215.18003757571768
215.12049604689872
215.050134625878
214.99748567696247
214.95403646044642
214.91244816954776
214.83449151341023
214.71692808282296
214.58549095675497
214.4330685831897
214.25624246203182
214.07794763483963
213.9143579053015
213.80737434002674
213.77955591558293
213.81030205389743
213.88769243489176
214.00849703931846
214.12984605509723
214.2139241790749
214.25896618416505
214.29709002282428
214.37496227903176
214.49975323727688
214.6339378517446
214.74959760213773
214.84360665952255
214.93719475916265
215.05614156174838
215.1933839796954
215.33650126991301
215.48063244216576
215.597595327797
215.68184887712
215.7322355264027
215.76518563448747
215.76003605459076
215.71494490992794
215.65129266723864
215.59829867362743
215.58764286943764
215.59756458681545
215.6070777791335
215.59496361985006
215.5406526337135
215.43288556832903
215.27489217963043
215.0795555887628
214.86377890132795
214.65616225988478
214.49121593389594
214.35586892966995
214.24703910938464
214.18237629294353
214.1871317112419
214.2584045639077
214.3532060982686
214.43765159398404
214.5069266671093
214.60254726565284
214.71807460217002
214.8278047173375
214.92842862832777
215.0308288691321
215.15473706067425
215.29982673980834
215.45500598708884
215.59002199699987
215.68119669033848
215.7120766755227
215.69782509134754
215.6628501228874
215.64226248364497
215.62925695515395
215.61601927241264
215.57024780347245
215.45932609409107
215.31207381073074
215.1577765816487
215.00249554867517
214.87102698204677
214.76615818797916
214.66908025491227
214.56431927487893
214.45023678343134
214.3373074273725
214.24091452961864
214.18503816420437
214.16936975531334
214.17823687060385
214.1772399205259
214.16510917840648
214.15397454915487
214.1694518087468
214.2453599856991
214.3727317771204
214.54314954042593
214.72793770430047
214.87460536268543
214.96796969654153
215.04300556199138
215.11754279345337
215.20745246784162
215.33953132770495
215.51169448416067
215.69739434532133
215.84846627018885
215.94079001205287
215.9813033659744
215.99603230307838
215.9898714183037
215.92693456191353
215.76593401366387
215.50469667113413
215.2049201336602
214.89134599325885
214.5564870183298
214.2512993887965
214.00153483896537
213.81356630445967
213.72195399934617
213.70931869266212
213.72903371842605
213.75449688420315
213.75172354490678
213.72901934080673
213.7257604675605
213.75302652911208
213.80570665113066
213.8938039743891
214.0268166323861
214.15156370535362
214.2444848074285
214.3130939195245
214.36812047888355
214.43498852879628
214.5417263788604
214.67125841867932
214.79971633130236
214.90648631290608
214.98532182298047
215.07388828977844
215.1657934379001
215.22805597399847
215.2127527049263
215.0930430109069
214.8901663325624
214.61151505322
214.3375141740642
214.13490141217997
213.99751822499127
213.89825282475317
213.81712142389438
213.73710244797553
213.65861985172478
213.5903892086414
213.55084743602882
213.55268099728107
213.55863478690014
213.55484520833372
213.5391227902182
213.5465275762436
213.60253016468846
213.70467224927364
213.81275653591405
213.88085751417609
213.91895782016843
213.94916749763158
213.96769769468906
213.9868866575652
213.97748530210188
213.91741542393842
213.81201326922286
213.6854265688422
213.53729733242517
213.40079352273614
213.3113363968027
213.25826923333483
213.23664261035702
213.2235714051294
213.21683629878885
213.21099484803918
213.204534822541
213.19408012032147
213.18841948173113
213.18441509271915
213.19038631000058
213.21347977462557
213.24885887224974
213.2949670307384
213.3360081693199
213.36537477192397
213.3760905563476
213.3352533820326
213.25649456021128
213.18378008891798
213.14909097511543
213.16507627908427
213.2493044547173
213.36315667144441
213.45997700638685
213.52470886895915
213.5599083620547
213.5489426635153
213.51771799731125
213.51470790171308
213.5656191068039
213.67074308109167
213.80035184384863
213.93220537301045
214.08774574611581
214.2623647830347
214.38724423565958
214.42206735822995
214.39226372447027
214.32729322575443
214.22543806238912
214.07730992187084
213.8902429325406
213.71106778957662
213.59064515549053
213.56219989477998
213.6228748054957
213.72438305025125
213.85267064998683
214.02589342099674
214.19689854891155
214.3266594038152
214.4149654157245
214.47317599264403
214.50354862433448
214.5350902489409
214.57057460122206
214.5862261053747
214.56197531718973
214.50881403069005
214.44830975191067
214.38176257203833
214.3682339742723
214.45339487118056
214.6137276661855
214.79304602375873
214.97515143490546
215.15104515647516
215.2939024808236
215.38932019758246
215.45151257073073
215.46140145747788
215.40705620856596
215.29584631822976
215.11669652080414
214.92756466972963
214.79001317089939
214.68674663030305
214.59696992879478
214.5212777847328
214.4457137469744
214.38686308479168
214.35466968776367
214.30495088564146
214.21060730090548
214.0449056839439
213.81989505855455
213.56680076848096
213.31983037438567
213.10343328985047
212.92827531856975
212.81179204148228
212.76944767188948
212.77060315460156
212.80825401304986
212.8743292635227
212.9303190871649
212.96003800567843
212.94727303982154
212.9356789275123
212.95910512247772
213.0092779926719
213.07255575679412
213.13448370428483
213.18442941836108
213.23422169286903
213.31384057837653
213.4495829436806
213.64655475930414
213.87881955924337
214.10865343461379
214.31373021989356
214.4508201742936
214.481434318975
214.41553399194373
214.26896257846923
214.08417709487458
213.91058947888013
213.7812800714086
213.73822363952678
213.79448175980167
213.91580676851424
214.06071502134233
214.1882754694409
214.28900125000513
214.38323796193134
214.49480070633768
214.60183493752567
214.67391537052174
214.67673691943727
214.63056248061747
214.5842174229497
214.53917008699534
214.47170380088437
214.37206355940728
214.22738465195187
214.05587995943904
213.88494250603583
213.7053352394083
213.51311248066924
213.3436685115386
213.23104917846842
213.19195902310753
213.21402748091862
213.25537437255556
213.30433375104462
213.3825570580937
213.48069119582888
213.61484258117196
213.79557031213085
213.9587450421044
214.06830358074842
214.13859571449444
214.2067691601038
214.32067441266665
214.43684128442757
214.52889176772146
214.62344489361425
214.7254328666993
214.8169453377953
214.89787988038884
215.00535087153952
215.15136486899587
215.3016516000063
215.42561752003306
215.50441686293402
215.5543543855984
215.64279617480085
215.74225708380933
215.8209412145161
215.8395510785404
215.73819805547143
215.53440361338394
215.28541659012865
215.0388447211688
214.82079300836355
214.65970138744368
214.55764309055414
214.49476375640845
214.42459606488228
214.3554775000607
214.31409239865118
214.28660164904505
214.277664961137
214.30481511114183
214.3638012655627
214.4420658612151
214.53531139937695
214.6171352768498
214.69799256323094
214.8054079000235
214.9422315514213
215.0787279354674
215.1773670597728
215.24195971474165
215.29566513243748
215.30229359314325
215.23021412443515
215.07771325772705
214.89043878854227
214.72833113848756
214.64873291787936
214.66228136542412
214.73208875691626
214.82628559433115
214.9013903810572
214.942054052681
214.96438425109926
215.00889075210614
215.03565325896113
215.03451771891542
215.02724577088534
215.03395637105115
215.10507173962915
215.26419705326185
215.47036506633478
215.67481357919985
215.85920358798347
216.07390781207326
216.35402383351033
216.69345098331854
217.02908811297607
217.29812296341348
217.45885392259882
217.49307896818058
217.41751935645365
217.28427526166337
217.14854052513488
217.03134552134108
216.93336265520443
216.8190785709807
216.65462669255282
216.46442131122595
216.29174174446416
216.14058315942896
216.00674652390524
215.89443054679822
215.79837312909905
215.68529662675965
215.53729726593127
215.37317666459484
215.23544572946577
215.12443808931127
215.04227444560635
214.96535095879605
214.86669832962014
214.73781679031032
214.59028023374526
214.46894502559587
214.38643661926767
214.35032640079598
214.37794874105435
214.43280918032443
214.5101343754878
214.67183199924966
214.9272203935338
215.22000425607757
215.46563587060174
215.61138910593394
215.65780839895658
215.6306709947142
215.55450577898284
215.4236390452443
215.2909196525177
215.1969517541889
215.14079924838035
215.12157086632158
215.14525659338432
215.21155429676992
215.29477478548142
215.3535341945231
215.34784452085893
215.30494221366604
215.26820682368532
215.2467489812412
215.25108049944131
215.23037547712
215.17173938943805
215.07220794700743
214.932853715754
214.8110352956616
214.71727144124748
214.63783037850988
214.6243128924215
214.6992732626503
214.80192973276743
214.8682202047318
214.89344501730645
214.91663743687536
214.95674895099125
214.9864885050128
214.96268004307575
214.8766554234431
214.75904291467702
214.5860579030672
214.29997680339122
213.9628193148736
213.65173401537956
213.39948276775777
213.2219392965818
213.13078706831703
213.1249923750445
213.1970596896536
213.33870420077864
213.49910256927
213.65294358906644
213.78269645922597
213.85025762950988
213.8747951634564
213.87575228117174
213.83524504193377
213.77353864899447
213.6968040695471
213.58667919079315
213.49314474182034
213.46786416036142
213.5328521715422
213.65005924048032
213.75849168167005
213.8365987196056
213.89059390983792
213.92902225604263
213.9631862001056
214.04110686591773
214.18978974268023
214.37589784059597
214.55350798674664
214.71371433499098
214.87771177815296
215.0357943861328
215.18637198039224
215.31353362639118
215.42693016143556
215.57466145160174
215.73454369491267
215.90419706082824
216.16891109672645
216.5519406623424
217.02227262393075
217.62155553271884
218.29967307180235
218.75904107247266
218.49670816466775
217.12193521521883
215.0943942516352