0.0
331.43514754554246
321.51066492097374
301.08849274010134
273.5247896855912
247.6357232213214
230.25132472532442
221.22448463465219
216.64839464544644
213.60532657553625
211.97364009427326
212.70539973433466
215.1767394221402
217.95116225894165
220.2403502751924
221.99739227751508
223.69447062006992
225.65960151143054
228.05639224906298
230.79357948393397
233.67191554175676
236.36957875945646
238.55257935156186
239.9653945253321
240.51349708031196
240.45038037940256
240.06239169902946
239.66105949475568
239.71349805261545
240.53525881313442
242.1384184915401
244.33922219452575
246.70909870804803
248.91821920015823
250.89332508736098
252.65125490613525
254.24863402460076
255.6349572105513
256.6887536292732
257.3530497184169
257.5841217890912
257.4208492906331
257.083789717391
256.8857056505135
257.0100023857633
257.352206630604
257.6813250225144
257.82902904568346
257.77887873262483
257.69347938938324
257.7685102651859
258.11750908804254
258.824831875373
259.9324086189118
261.31360637149
262.7216360557588
263.8143677343314
264.29974065853156
264.02979855037177
262.9647043106082
261.2408730475561
259.20925854940344
257.2622232096803
255.674760315533
254.4990519201582
253.669861786122
253.1657816521138
252.9874839319064
253.14645998497832
253.62331727994118
254.27802108278763
255.03725338505768
255.93582346754366
256.98557586171455
258.0772996508849
259.03792309861655
259.7860216200056
260.33371551874455
260.75898540215576
261.20510154959425
261.75441891142606
262.41857957059847
263.1301261496383
263.69763881553496
263.9191008317018
263.7323690968791
263.19155622410506
262.4280588402356
261.57671594094757
260.7452030086956
260.1376743610743
259.9009473725325
260.049268849394
260.45064397502483
260.95514903061405
261.4157178189497
261.6405919375898
261.45374078153674
260.75501650642644
259.6569909816179
258.39211362382616
257.1680556042347
256.1010831594501
255.3024782992883
254.93997909825632
255.11585678611223
255.835090833062
257.00318248680185
258.4624900194492
259.9633689465011
261.40569698900913
262.7274065650121
263.7790972850895
264.48160952768666
264.81716047575674
264.82463968168554
264.6539545566363
264.4640935138021
264.43997799410204
264.8417242211369
265.7151391375767
266.9166209202755
268.1680551871102
269.26842323302964
270.10325161172324
270.5543785691694
270.5359063917886
270.048935969141
269.19822147432893
268.16068102286505
267.1392757424776
266.3598212720184
265.959373142457
265.88396895850616
265.98425876380634
266.0775282590482
266.03160707897763
265.8144925242239
265.4673382726029
265.0153474621322
264.51947954354426
264.12749341951746
263.94426033541254
263.992099885835
264.229719418497
264.55129795468224
264.8101198963544
264.92744701674695
264.8733117058757
264.62660973716004
264.171746066517
263.54991172172095
262.8039553456257
262.0279338325845
261.31108463695887
260.66491746276387
260.0338601798091
259.41272211119883
258.87580782424396
258.52956983693235
258.3627267054722
258.2992957041938
258.27965491571103
258.28246353963794
258.27861104159683
258.22349057400703
258.0834090659985
257.8403320835549
257.540833860356
257.28734818751656
257.117632609985
257.0089676985807
256.98841029410005
257.07040272126363
257.1993758668923
257.2958777556884
257.327601668585
257.30869441462187
257.23379360504225
257.0441334076016
256.760913817903
256.4506471489847
256.2190185931157
256.115267959786
256.15629729766704
256.26096639261414
256.3512570111019
256.3973498446418
256.43525230250435
256.4436079841688
256.3754148608635
256.2462237963698
256.0720327460762
255.9174882742775
255.86386712791983
255.99323302652084
256.379969755983
257.0196806022959
257.88415926517484
258.8381942529834
259.69565672814724
260.2457671810931
260.4422708373294
260.40754794348663
260.3435232104664
260.39691246470454
260.5338716852767
260.6647851333042
260.72166569033743
260.6702731922242
260.542763884195
260.4513563792779
260.5373936966383
260.83001357224236
261.28965817731955
261.79030140656863
262.2088147642752
262.4633091358199
262.5280441172969
262.50321312113203
262.5187853804302
262.5794683731779
262.68820348293224
262.81057377494983
262.8639754742377
262.76528644451247
262.49377631612015
262.11845955875253
261.62181497796524
261.0109393710468
260.31641144401345
259.5678688551238
258.911083060726
258.529883359554
258.47675373347766
258.7110508688507
259.04095647036576
259.2258978063858
259.1150248049957
258.6626990282023
257.90901068286587
256.9245360546579
255.82884415426258
254.7075885388023
253.66480216863005
252.83173395859126
252.31107341221605
252.10844426703306
252.30198511929967
252.92009480157867
253.93627470158827
255.26927725142897
256.72995860883395
258.0686844549704
259.1207045287764
259.86589156159766
260.38236618030066
260.7518835902425
260.9895832102221
261.06956916842626
261.0388758805483
260.98633774488644
260.95463945071685
261.0500459702107
261.37960450637377
261.93865409645633
262.72982926690406
263.6806831677528
264.69519155493555
265.59526103365795
266.15143250409005
266.2046931650972
265.8024219587113
265.0575548654209
264.08766054343005
263.0447382559616
262.0914118639947
261.2393399539942
260.4683307666617
259.79348079779686
259.21249422836513
258.7153214819664
258.31145698011665
258.0176709425197
257.80835965426905
257.6159601759237
257.3344244086956
256.9536248476106
256.5169509088518
256.07509852308226
255.68856030814015
255.4456008964805
255.3435822980033
255.30781566567123
255.33186896482664
255.47023340306097
255.79237233833788
256.24027187376447
256.73418761610134
257.2070887811069
257.56413578287714
257.77555097272665
257.902926499928
258.0677526658628
258.3495766868147
258.7655884420674
259.29183922266486
259.94908045085236
260.76029057161406
261.6341823607314
262.50290539333616
263.3954918969944
264.2850404414116
265.06464655785885
265.6410494861571
265.9377881176633
266.01250919788214
265.9100927903554
265.7330711467806
265.6060043052474
265.5759410131528
265.56438738078504
265.517509070198
265.44308780393527
265.38408215215327
265.3038490897886
265.1638846056622
264.94430033490397
264.45585995887575
263.57558176415176
262.54899314355504
261.5970533529173
260.8621690048163
260.40421349565327
260.21817988448583
260.212661151636
260.27554121340927
260.3222328280912
260.3181616921911
260.1715129211355
259.8503415223718
259.4531563201091
259.084519207025
258.7563337196761
258.5440666616852
258.48436281583577
258.5116035900986
258.5120225068971
258.4492591098316
258.3988475801438
258.4872385869443
258.7719036805968
259.1332830003276
259.4165105362591
259.548263060848
259.4897580580043
259.2971175337578
259.0450445403009
258.8676914966673
258.8900626873618
259.17035406081277
259.6548328493765
260.22678909296445
260.7572707959381
261.2128339703655
261.5534213440567
261.69099898040224
261.5458604966029
261.0611267334435
260.26540698976294
259.3043261263341
258.37678403889913
257.66356017371135
257.1615112314379
256.8149532677286
256.61148000137786
256.54382482394
256.58915286428726
256.76507209986426
257.0286129571366
257.27373153004794
257.41878806871034
257.40998210242793
257.2633557661666
256.9919661322292
256.61438118774873
256.1798131777524
255.76675169268117
255.43994864217623
255.2510805116386
255.272618657218
255.47830962653165
255.87749930065206
256.45235112652495
257.09069537445953
257.693208377259
258.1684814525153
258.4717188803878
258.696174308744
259.02629178726374
259.5770043516167
260.31536311419825
261.17481387330173
262.07702934237295
262.88698029739453
263.5043017713654
263.90833164090924
264.0454801823763
263.9864934231778
263.88904438579925
263.82706575372214
263.91848650505733
264.17938136988573
264.4981451564315
264.8551163052903
265.2118020539099
265.35134773507434
265.1398182659142
264.6166553182532
263.79037645816186
262.8145747063678
261.8081587734273
260.7970518191912
259.8208074722103
259.0187475937938
258.4867967946444
258.22986232684644
258.1434866475481
258.0735063750933
257.90409135119216
257.61495151103986
257.268183116618
256.93478812438195
256.67430411097735
256.39436351104473
256.056692790899
255.76830285009677
255.5449606628885
255.4091525237192
255.35168087817283
255.3861614503495
255.62246892832482
256.064077147264
256.599816441996
257.0605187488857
257.5247688188147
257.99245230675984
258.41522799281455
258.75255264226735
259.0350561224013
259.2199963295331
259.01299516068616
258.4086708757523
257.5402820829435
256.49054277293965
255.30805054836702
254.14904495553012
253.3138901977814
252.84884194742307
252.5390170091383
252.10237812350553
251.51590556386137
251.05126145332525
250.78459636730943
250.90870031267065
251.20285117986185
251.33298331621765
251.24302951408927
251.0406241774777
250.91648460706017
251.00631608176678
251.25203157384618
251.57579980910714
251.9554884865136
252.36214749223453
252.8012133954536
253.23347227824442
253.6572568036313
254.15915064016926
254.7827097773367
255.4278923048579
255.96698853860772
256.431618073634
256.86482702505936
257.1939682637405
257.2738420060943
257.01397073366553
256.51861402173495
255.96632522902914
255.5408435983627
255.3984049386263
255.61266949518918
256.14374280836455
256.8586817894593
257.59088428651285
258.3435300517753
259.0823397275161
259.7337698563267
260.27508916028836
260.83953982936265
261.5386704297725
262.3766549190252
263.26743490353294
263.94348043709874
264.38156107058774
264.7328806793654
265.04838216606424
265.2996304929818
265.4560319153136
265.40334997229917
265.08159262973885
264.6335038484099
264.2333915192889
264.0166289924264
264.0506013200769
264.2452888467586
264.4584965844433
264.5306013534382
264.33289188258027
263.80626827663275
262.9282484719919
261.79702029477556
260.63176648467714
259.7303857279893
259.19231949204055
258.92363554320076
258.78150762623375
258.7057605997469
258.6936118051419
258.71362250274285
258.6692514921988
258.54202791717296
258.3725686025525
258.17312668508447
258.0156443429667
258.0185571777673
258.2211468695051
258.5468681753664
258.92607849677074
259.2079176364666
259.2051259196602
258.9001805948132
258.5274851694688
258.4015858906068
258.63289116785535
259.16491008081016
260.0102970416354
261.127668262719
262.3494632851739
263.449842720217
264.27380147127144
264.8416201563237
265.21804593492584
265.506726665902
265.79072145324955
266.1579904037761
266.5481311966826
266.76898550033513
266.66106691201236
266.19133892100075
265.5100770280691
264.79506031169916
264.14285285940616
263.54358511572593
263.14800096130466
262.9255266918396
262.75476197124465
262.546630678874
262.27123096176683
261.834881438297
261.2648764175059
260.7917150519626
260.6111563910475
260.72271236418663
261.04078926652033
261.52149130653186
262.1861416568657
262.9257960585986
263.5318076447767
263.9241966644425
264.06095682348064
263.93143731961896
263.6803735174795
263.5222232374593
263.5650343784989
263.80352544022537
264.1881569818588
264.63620589987926
265.0107044979356
265.2766058787347
265.4050121811585
265.359301161281
265.12805585780643
264.6850988393292
264.1209232373596
263.58833272407696
263.24651340257384
263.14671752133944
263.15276061522854
263.0704259943336
262.80762071196176
262.2808513673551
261.6129640074345
260.948381542234
260.3935258680205
260.0040711659277
259.90094585817707
260.1590015493041
260.7224947682836
261.49606379584776
262.43155913385175
263.3719552312688
264.15042577867126
264.6555239642783
264.7598963938787
264.4967499337257
263.9251690885876
263.1050708801664
262.2752412297634
261.5584534253571
260.93997501578485
260.4474711931404
260.0255108975956
259.6387996430159
259.250767301757
258.85114654256336
258.54383151592623
258.49509634184017
258.55898423136364
258.62988524736113
258.693523738496
258.65819675928395
258.53738675734473
258.4075946037699
258.3565977350761
258.4475266608698
258.49310669622196
258.4367103482641
258.25903544004007
258.1546946101299
258.3237689097376
258.81027082266473
259.6296609154654
260.6306607079943
261.4756834783395
261.9972445503071
262.30426154582
262.457255024597
262.5716318836087
262.66850105005
262.7299050684244
262.8410465740915
263.08174921058696
263.51516336682994
264.0777365045024
264.82371717081514
265.63255658825756
266.3234360172025
266.7868464349409
266.960586669715
266.84032102497713
266.34189898002194
265.5313555265433
264.5140068727452
263.43273579503233
262.43150165033
261.60739438517567
261.01920969237983
260.68174890991867
260.5690081849692
260.62436958550114
260.78884544412955
261.05208221710456
261.3491575169496
261.4860714630937
261.3384339660482
260.80017435994534
259.94499546193015
259.01819797012195
258.15249470400295
257.37214947235304
256.7948081299767
256.5013115785479
256.40067231566144
256.3438884684458
256.2189330790918
256.0802617623142
256.0216281063291
256.0937540713053
256.137409298583
255.98405509360077
255.64896241942984
255.23031042300678
254.81021741851745
254.42995431886945
254.26147147591288
254.45451329142344
255.024126423931
255.8435517778695
256.72057934917575
257.5329682283725
258.2417219901394
258.96137357437965
259.80257213357334
260.6366419365667
261.35824415215484
262.0256171557926
262.61144683934276
263.020266692212
263.22363194433126
263.2712018736046
263.2764257245133
263.345784406404
263.5633637753417
263.8027240777069
263.98570903143826
264.060620600121
264.1595433883114
264.30990495485435
264.4879168087413
264.67424966591665
264.85008144962416
265.05883703139085
265.39976993522737
265.86948776729446
266.1572525120463
266.01835894527966
265.46418312427807
264.6210819784533
263.66374779835337
262.6805914246187
261.74573532496845
260.93737742722465
260.30751971169025
259.8263527201417
259.3763595601705
258.92806597090913
258.49580138656177
258.20065265876104
257.9050975384266
257.5290605174574
257.07664177299415
256.58978951858256
256.1479412659264
255.79375293345137
255.5947820795057
255.54828481468044
255.6097398752627
255.66832382247728
255.64450633556135
255.52558155294673
255.32901990577545
255.0982530885249
254.97789852971744
255.06390700730722
255.3127306589935
255.6381394816471
256.0289675154083
256.3861796760564
256.587885139848
256.6552260914584
256.8392477238507
257.2899472204984
258.0003163900097
258.98026519493186
260.1479971304381
261.3163772859314
262.28999781427757
263.05129530638516
263.58745121986493
264.0155136673201
264.4287351101458
264.89634133584593
265.34906780131973
265.6856919831878
265.67112948008014
265.1553717437805
264.3304408217816
263.4290213182354
262.724072767203
262.27367380160314
262.1303650672595
262.2000717372781
262.3248990673024
262.3741191945675
262.3391116509095
262.18787322413755
261.9298258008954
261.5759220907051
261.1678494727062
260.81298787993495
260.63689376077195
260.6007039532873
260.7082298519442
260.89879856560526
261.00498930056585
260.9806008636097
260.8112891011393
260.64153133402544
260.4922184359338
260.4198527995155
260.39832329196827
260.41408091247484
260.4574430639478
260.4318112054324
260.3965419534634
260.4777646220086
260.53802467106846
260.4932735270738
260.36404292025895
260.2185217319007
260.1275286489957
260.08649524419394
260.121320508874
260.1455441773858
260.0747339068766
259.92346110451274
259.7623922374479
259.74788285606076
259.9989484106445
260.6498093867592
261.4332402294522
262.09620010666816
262.54464497591994
262.85495501287613
263.1270432451544
263.4308813131109
263.7203179579053
263.9151994221815
263.95944190075176
263.8387176054334
263.55873592809155
263.1270738945581
262.58623512910896
261.93053070726285
261.207193425939
260.45124314468393
259.7427412512267
259.20975551056506
258.8465227504301
258.60489034620645
258.43113458340616
258.3330491314713
258.2744279574971
258.20476860804865
258.09394410911153
258.0118459677094
258.0307642879225
258.15432616479137
258.34196272985605
258.61175880777375
259.03010452591184
259.58460276223366
260.22901689984093
260.9277734679923
261.62196951571013
262.1818286629726
262.58678805844767
262.9249664690764
263.31069782210375
263.8615696693003
264.5596862910336
265.27375180242
265.84299623475744
266.1641891084164
266.13532802856196
265.67452044489085
264.7186495716762
263.38574374420295
261.95546269249945
260.63477414974597
259.5821699179063
258.7839947271728
258.0871963736975
257.3713316416388
256.49975695214687
255.67409588374443
255.0155502511832
254.44418443883725
253.8320175454811
253.0100775023178
252.07125003953004
251.40776628326452
251.06063555558703
250.8587419238408
250.75379603040832
250.7779251316372
250.97730999771431
251.46260641130277
252.34092718343598
253.7116832028828
255.45966425746622
257.35735334153014
259.1550636593112
260.57930988139447
261.49885608464854
262.02220797739255
262.36951081046226
262.670252556166
263.0885843503668
263.6458120415773
264.36321316604295
265.1862917058337
266.0073470188074
266.7602475709987
267.32175311527715
267.47406338015054
267.07663011279965
266.25458349778256
265.32513317936866
264.4486121393343
263.66237571653363
262.86455093631935
261.9706090555867
260.86612643029014
259.74917091313534
258.81095537647275
258.21078634083545
258.1000757061033
258.4670256111069
259.3347140173084
260.61987745356873
262.0711107900998
263.1802262643683
263.7344023119567
263.79782882362906
263.5891346474781
263.39638054588124
263.3973646810308
263.38429478902856
263.3715599548371
263.47819765639736
263.7781863018314
264.1427354910153
264.4911308599716
264.730012312048
264.7093411019
264.36845196526343
263.7618767522812
262.97390430706685
262.2194110893727
261.60377206701526
261.1325168831246
260.6807139703718
260.157611298939
259.6383861151513
259.3118838258199
259.3438666986553
259.7497569335061
260.4284988303448
261.23318889094
261.99744340954186
262.5420902827617
262.826502920712
262.8091192243146
262.73104279876355
262.6096073477878
262.6120962293591
262.75190192337504
262.9793055277509
263.2908484684976
263.6301906890905
263.9345182688299
264.11837265946326
264.17082049036657
264.1182137409913
264.07618161360887
264.0941547901781
264.2143002416172
264.37769766061166
264.49441253780105
264.50349288903044
264.3335373656152
264.0080743368618
263.6421093665573
263.28106505666176
262.95652682440533
262.63713004391514
262.3205565240813
262.12724619933834
262.11419569359225
262.2407177023873
262.39123464525335
262.4238762665077
262.3220257132843
262.19110574452446
262.1427912932514
262.13243485036963
262.08619516806715
261.97087127018136
261.72059583123854
261.44055727224094
261.25772628039533
261.1827964894485
261.16039510226483
261.07645647814576
260.9985185347326
260.86195525493036
260.6520462611819
260.4789655705813
260.24988664888286
259.96373060239335
259.64921838417195
259.3681403247405
259.0441654243264
258.6826980241878
258.3456899965563
258.03351822025786
257.8011741596434
257.6102097278721
257.4760597313143
257.4681898173428
257.64896387004444
257.97263294110223
258.3492848872696
258.80311926958103
259.3107480908118
259.9527416000527
260.7165101336138
261.5174597505649
262.2328786528112
262.8775390606049
263.28951052779894
263.40619087819937
263.3260852020776
263.171796070715
262.9295671992707
262.696882620899
262.5342516123286
262.59836560806576
262.87299803847225
263.1958373178266
263.4518051357561
263.5697224390066
263.48088925614996
263.19093448601893
262.75916249785763
262.1740705931378
261.48624297014834
260.8789166294471
260.33694943311366
259.77437096157064
259.21078870338556
258.7312554022693
258.3750285192261
258.2106365867426
258.2972874012081
258.58037436751306
258.96521859629223
259.3195608075615
259.4374708999626
259.28961318076756
258.9253163999542
258.4284478712845
258.0141920283562
257.7817829737328
257.7337136146019
257.75912078427433
257.75197097867357
257.67891087221835
257.55463811185166
257.4234399164899
257.34381582477477
257.3264218244396
257.3727571902135
257.48559695561624
257.6445265804317
257.77665364383546
257.74366123169176
257.45489560348125
257.0576949649892
256.78097921220353
256.7667099533053
257.08503339890103
257.62821558052497
258.3802723924337
259.21262171405107
259.9608443781729
260.53669784134956
260.9479428173224
261.20163669246205
261.3776098409164
261.61479171984644
261.9959151449701
262.463048784897
262.8526771411781
263.12157828838923
263.1429917460239
262.80842136497273
262.29999302298177
261.73584216093434
261.24983467589846
260.8273474423778
260.61571761058434
260.6845645836634
260.9127386837922
261.1179757082657
261.24300531772525
261.1980342512222
260.9167530470188
260.4927596129363
260.0416595523337
259.6069201077205
259.1197026468218
258.5192318294103
257.8056679304142
257.0842919767734
256.50633626507306
256.1689509138344
256.02959597855977
256.1132645116085
256.390029406426
256.874071407222
257.46188225479483
258.08263791841483
258.51333972783584
258.6746230312051
258.55056315427646
258.2317680828427
257.89824649390783
257.7080306076176
257.75432686228953
258.1666362164038
258.89276576289546
259.7629284833582
260.57974375523145
261.1722603923471
261.43344323495904
261.31597760481543
260.97224965262984
260.5502056176267
260.1316263824964
259.73765586698755
259.40583370539457
259.2072714729875
259.2600305811945
259.5461302540853
259.9083898973199
260.15272522223995
260.27685339854287
260.3291217628274
260.420596800849
260.57611118096173
260.747086859505
260.8495654730541
260.91217874278544
261.0400001807256
261.3007775278602
261.75286167946643
262.38110424744804
263.1297119065371
263.83397435801874
264.3488605933162
264.56660563185534
264.47248967223004
264.1779548103268
263.8293267251506
263.51698634837925
263.2609449558919
263.1364773243648
263.1556485814476
263.23608838088757
263.30871458163875
263.36279446697523
263.36199660210804
263.2350692957048
262.924255417778
262.4207750038604
261.81320831929315
261.1540659426622
260.47356316739035
259.79220733115267
259.2033028567522
258.76290847711675
258.48187865071617
258.3112248052426
258.1864623622464
257.98258751491545
257.6959367878002
257.3310907931377
256.9634724524735
256.6760061889447
256.51518283094595
256.5183063579702
256.64588816393183
256.8682109304893
257.1373440985585
257.3838992627641
257.60110896078095
257.8402207020327
258.1551684254589
258.5364844876387
258.9155479791636
259.2309808323712
259.4962513277392
259.7505415678815
260.0343529607899
260.3882028005865
260.79221292789435
261.2294461528499
261.6612758515765
262.0285517854514
262.2997499169829
262.4625591784003
262.4568075834903
262.35812178714616
262.2114421367123
262.1043688510198
262.1177549823222
262.22906536628784
262.3237370627091
262.27832214911666
262.11398909130406
261.8200066851156
261.3463339410159
260.7035719710508
260.0508232438769
259.5256221592068
259.1807953559245
258.9458365235462
258.68459653343
258.33573100657316
257.84450599207986
257.2771154478545
256.7214105954325
256.2150822939072
255.78518430087553
255.56642604195662
255.53932137664785
255.58469429822824
255.72173315929737
255.9868307878732
256.43006104154347
256.9880270354815
257.5313346200695
257.9488365360684
258.2885116162229
258.56527821050906
258.7952889441116
258.98581576074866
259.17087721154104
259.3211722615012
259.5194668276807
259.9280280125938
260.5188044114113
261.00756995663613
261.32515772647906
261.60463416209666
261.9900005423474
262.3894021854994
262.67607069173033
262.84878150570825
262.9006432521589
262.7950253593915
262.6137688668807
262.3209248057964
261.9832027634153
261.6880679597275
261.5235834502471
261.53244296438424
261.6442901463603
261.706654180295
261.62344543940685
261.34916901614054
260.89822485904403
260.35293652572443
259.85839377160744
259.54642584614464
259.48755206935755
259.59013304503736
259.7858605635456
260.0914645175034
260.4633031060329
260.8002245403273
260.9229854435023
260.81699609070097
260.5661561914087
260.3516246071148
260.1933617732377
260.0077571513143
259.8094139041789
259.57669962212844
259.2258897409401
258.7508883905556
258.1789307158081
257.486679545148
256.68804205870003
255.8677173827258
255.15619854930924
254.71802153098747
254.61205490863586
254.84152232124646
255.34526939113658
256.03129152282753
256.71689970312116
257.2726529864981
257.5699035498389
257.5851118796537
257.3965290831916
257.2158425988749
257.20283171480514
257.4946251316167
258.05087981521314
258.86364227959047
259.7461160109076
260.47711471874015
260.89315195301845
261.14612138425224
261.2503297716669
261.29100047499577
261.23200565633886
261.0865697364802
260.90430742111704
260.6772777978624
260.4402219918812
260.3420175378604
260.44962027416665
260.7638369833055
261.2419353115979
261.68661997699394
261.95930154258747
262.1225834545568
262.26296783300387
262.41236141158356
262.48838819882707
262.4146156671213
262.16169303641533
261.7395850202857
261.2364992876943
260.7467825355352
260.3326860737959
259.996512121462
259.6816770056473
259.43899183146334
259.28335731938216
259.15300537249936
258.9258047393674
258.597944284362
258.18121211218056
257.82597700461776
257.53440111355064
257.30505655427555
257.0956777177281
256.8984960680119
256.63283114531407
256.2690475096595
255.73375343419724
255.16144119269552
254.63747289103154
254.2742998699691
254.17483733314972
254.2605522599664
254.50336128314066
254.85170091232706
255.23333240544343
255.61536326478958
255.99120269931035
256.37366361059367
256.8262679063761
257.26902346633364
257.6502285952285
257.9566407389237
258.19039435954
258.4044661044331
258.57373841705487
258.7225278982673
258.8671721636933
259.07138315765394
259.43859646736996
260.1331693505084
261.21656625612235
262.52033824871114
263.8135312549058
264.8740192631667
265.5191852627437
265.65865852461434
265.3763658475265
264.8077144461711
264.12917049385044
263.4814860400305
262.9616020411439
262.58409681356954
262.241577621954
261.85314002378254
261.3987142907759
260.91794230745734
260.42325851516443
259.96243658639924
259.54703322410677
259.31091883443173
259.23919204901534
259.1630745266569
259.0036144270715
258.72303408226463
258.4345512923559
258.1770242470814
258.03279874305014
257.9629528128348
257.9600900893539
258.1155827983587
258.34091254083575
258.5883630714355
258.8537362172807
259.0956156008964
259.2965066633765
259.50487635512746
259.7707542514364
260.11608476407866
260.44319689116816
260.7318615579246
260.973343068796
261.16129254322186
261.2959937270734
261.4218954714701
261.5501381947797
261.5487772108862
261.3805312864179
261.0711678466201
260.73509187292166
260.5460340845836
260.5884669986781
260.74601845670605
260.788389006006
260.5752753079091
260.0920403122599
259.5112071520254
259.01013495980925
258.68417049676447
258.56715713571316
258.53869034206923
258.5091406055145
258.4975417909912
258.50726493671823
258.64863237709665
258.9570137324455
259.40745590636203
259.98727711811694
260.6345940867958
261.2822710463018
261.88983717911367
262.45660598752863
262.89867150033206
263.14636511523145
263.133923582446
262.8994169556474
262.5557372644986
262.2093074924291
261.8427607034038
261.37154698839277
260.8239806164445
260.27931288977146
259.815780315685
259.3905703265164
258.99931681145165
258.613982025945
258.2271902747915
257.8516391618157
257.4799046818059
257.16928392432925
256.9670778797155
256.90809435400297
256.94929863207733
257.0838640790886
257.3057589126476
257.58836816871496
257.79838810474405
257.8393091415865
257.5850649295543
256.9863379032375
256.15860802490045
255.3315070084199
254.6723517567574
254.3750638524166
254.46867819146755
254.6872483714271
254.84618934278285
254.79520680419344
254.57103417902408
254.22189072143993
253.79676003047751
253.4307740506997
253.27854360322667
253.3833568595887
253.7082899594742
254.1666150847341
254.6999639579876
255.18344053041386
255.58211486514463
255.87948367064354
256.0559163331709
256.2330268849036
256.47946674668077
256.8397827975407
257.3915805316941
258.16018958841846
259.1499253493699
260.27033371375126
261.4041389491533
262.4457826023539
263.38093988634444
264.1843011096111
264.8288191696324
265.19294252226626
265.13582951255574
264.5953013948564
263.7260997107327
262.7813807670349
261.96013027683586
261.2287678218433
260.3652710080529
259.3653870450828
258.2388593574394
257.13526973917664
256.11452677745876
255.31517553667751
254.92716792517086
254.81696683427305
253.59464053402792
247.07880494731575
228.87793455072935
195.71681539421138
158.52637695979212
135.15842164294622
126.5432886687241
125.78509645442654
127.09091043188512
128.03709778557703
128.24843492351874
127.68851613427628
126.4196482411025
125.58181457255829
126.22871089367806
126.97822673237839
126.11291790097323
124.55614543702534
124.18937873920552
124.9057997791203
125.57877393016733
125.53496479338634
124.62787415193233
0.0
0.0
0.0
0.0
0.0
0.0
0.0
0.0
0.0
0.0
0.0
0.0
0.0
0.0
0.0
0.0
0.0
0.0
0.0
0.0
0.0
0.0
0.0
0.0
0.0
0.0
0.0
0.0
0.0
0.0
0.0
0.0
0.0
0.0
0.0
0.0
0.0
0.0
0.0
0.0
0.0
0.0
0.0
0.0
0.0
0.0
0.0
0.0
0.0
0.0
0.0
0.0
0.0
0.0
0.0
0.0
0.0
0.0
0.0
0.0
0.0