0.0
312.866750809629
295.13373858238464
285.069803009926
280.913911575549
278.51363082824525
275.61670208661207
273.7354663611496
273.98586238630054
275.9127149951287
278.48728963781116
280.964579807017
283.1281933000129
284.7991837159577
285.82251682057284
286.4166828383103
286.8818623161974
287.31889946488644
287.78064459650363
288.3199403931039
289.01553851579195
289.9295085928135
291.0092314839718
292.1112737130679
293.159401577357
294.0901627247055
294.91255077775753
295.7622609290577
296.78721785279413
298.03022897737776
299.4151041798378
300.80021321924005
302.15968661763844
303.42578822779967
304.47662611604176
305.2942337786708
305.9045408797217
306.3492252449991
306.73894146570643
307.1662879646615
307.6338439666458
308.1705948230748
308.883576093368
309.741760063393
310.6608333679556
311.57073044988164
312.41975735244773
313.10580540207064
313.43503082835315
313.3686236992225
313.0916821297246
312.8772561967453
312.83814789106043
312.88939598603525
313.02521280295775
313.33368294527116
313.86067264750125
314.6375584986688
315.65561130389597
316.8069993116024
317.76227661328954
318.30362181303553
318.51618677878525
318.63356777244303
318.903713175319
319.54296896924257
320.6277140883778
322.0609205766269
323.6144374884216
325.0268657404977
326.0415797225305
326.5924119266774
326.808290345165
326.8125858655126
326.69991943637467
326.6432675920603
326.7737454393556
327.1789356703714
327.86121590667153
328.76854825928064
329.8783798107621
331.24959346695016
332.9751546467801
334.89180144609264
336.6963726080785
338.28250815186885
339.6988281934568
340.79210989776357
341.5031622917237
341.7847242058407
341.5661279820536
340.83827914409073
339.8636759122334
338.9367839558382
338.10605041920826
337.3042383799287
336.5472057910538
336.00032923919275
335.84380042749734
336.0230734241831
336.3991090915197
336.9835575591736
337.7812264578592
338.6710993869175
339.3777543903548
339.7761464579751
339.9326651007545
340.0321427490955
340.28183296552146
340.74929947158563
341.3596321547011
342.0441911582188
342.6478612390386
342.99348161267085
342.9581690230489
342.5826177047465
342.04548965699195
341.46306370122875
340.87894199755885
340.50629990299
340.587657715599
341.0851109487964
341.8065640558417
342.5531646919661
343.20365910056006
343.8289299398514
344.4133233199244
344.8441128600234
345.09513504029456
345.28389062601593
345.53585677723186
345.87645912466326
346.36379660985165
347.04318349141704
347.82999846908365
348.56945185955135
349.042310555473
349.12380406413854
348.8366811097065
348.3158445643264
347.74227626159677
347.31720380688114
347.22049029715566
347.39739724171034
347.6114457151246
347.6779481236485
347.6509054796975
347.68679284674806
347.84054879741154
348.08697329490815
348.3713787298959
348.5959202662633
348.6313337469831
348.45983173127627
348.1574880591926
347.75640476259974
347.27332896277466
346.7648397684905
346.3009875557097
345.9150716283748
345.59778618730036
345.44791943302516
345.55929895272044
345.75588833962036
345.9513596752673
346.0892372084314
346.1041164771739
345.81696446058
345.2112181599761
344.57668395094856
344.1961594225798
344.23755776666866
344.7828889003811
345.80953188924417
347.11681412779984
348.3978993255497
349.3945461645596
349.9427974487417
349.9543809191607
349.3731881979727
348.33078002443176
347.1152248026354
345.97321101775594
345.14370064186073
344.73311793142284
344.7575509704833
345.1861113888483
345.8775526041433
346.5415542035973
346.8740838224322
346.6963531903215
346.07351006085196
345.24379446503366
344.50042507019293
344.0068670129967
343.83925872581796
344.00768079271194
344.4907153565606
345.2414967573874
346.1181101763696
346.9653290051949
347.6789750450753
348.08650185694114
348.0859148339468
347.7844056774931
347.3959125250342
347.05738761285784
346.86094889474157
346.8438292055008
346.9399171742828
347.0571057284577
346.9548629461366
346.3898318304329
345.3621021556796
344.13169618084703
342.96594521011787
342.0960752294741
341.71752499570135
341.97500417266565
342.8091568078056
343.9126515163573
344.9445248360843
345.6496848449928
346.0235065100769
346.19611880040264
346.167026861575
345.87465564038195
345.2957109607814
344.62494654240743
344.1256345698361
344.06812253642283
344.57197011960096
345.38651951235914
346.096192848149
346.46092582851895
346.44092203879177
346.08352277644457
345.4096108919377
344.52993033856626
343.65010814494667
342.82721090971944
342.1148216782492
341.69913152737763
341.69350817788387
342.0145001945484
342.4598870099402
342.8066229133127
343.0012710778675
343.1095499448183
343.27715220779055
343.6027563022927
343.9673320250761
344.2197705020785
344.34562705767996
344.4425571761886
344.6663152765859
345.054558773321
345.4925417217268
345.8187267461941
345.8928925819012
345.58320074382357
344.9406660102191
344.2774849427699
343.82811030693216
343.62540827246124
343.6228925216691
343.76290123344535
344.0144194687999
344.3835516985523
344.85632018454146
345.3542130134332
345.6848155413122
345.71122951415146
345.5203498734647
345.42668733735655
345.78240047299005
346.65851919684195
347.7906379652102
348.74554901422823
349.2829052715253
349.4037115228304
349.22194235891556
349.04328699799464
349.1075144554829
349.34398366351905
349.4468919704564
349.12209486282995
348.41749893361396
347.5939605174639
346.82670776554926
346.2442781790871
345.93942272249444
346.0172433068882
346.40338375617597
346.92684794357285
347.38753612507685
347.4850651263087
346.9566040449931
345.79992718711645
344.3388027411065
343.0414840862933
342.3303065106974
342.340575074746
342.96241425963507
344.0219840151027
345.22993441402264
346.1892173573393
346.6224646027872
346.48412268462516
346.0765403354029
345.9030387401792
346.0884561232789
346.48532188637745
346.8967339209456
347.13392186150844
347.04112905351974
346.73715952385004
346.5204286882181
346.49649299978216
346.68357458351363
347.0244494658906
347.39490407371056
347.4898409908908
347.1635850100639
346.60322278974957
346.056377000194
345.5914082216301
345.13699893202215
344.559062713277
343.9760062865621
343.67921375888693
343.94090060536683
344.76681924800715
345.6915578813635
346.2723424831398
346.3386817439059
346.02806588249723
345.706654838959
345.50834668288104
345.2632052902531
344.86767799778943
344.3854417339085
344.01127668678294
343.81608361738637
343.65538360548493
343.3801019564854
342.95979128632473
342.66737476651247
342.7415748634794
343.1946776996808
343.76587148414745
344.13317819120005
344.16282431579975
343.90799334335287
343.5343178390209
343.35223587808605
343.4828864711301
343.7357248620549
343.88397207944655
343.8724622059857
343.9158557278955
344.12399061858093
344.35255940437287
344.47567479959366
344.59578747473796
344.78332289397963
345.08266319038546
345.54038610800495
346.0353854487622
346.2704418654662
346.0665050097676
345.4863989853453
344.78160792584396
344.3505204772923
344.39505743445216
344.8241527014939
345.4807323139115
346.172624525734
346.7486480938509
347.07965322347115
347.08916315210695
346.8372526550247
346.4094568824955
345.8936667512302
345.35194244035364
344.71696136447144
344.07939167429015
343.63423812265063
343.6131441010183
344.0131597255214
344.72288946851563
345.52279057296084
346.12625827804334
346.2854608875405
345.943801959357
345.23239704787215
344.41166301625117
343.7255053870491
343.3126779797938
343.1791541264282
343.2936875489135
343.60374621575994
343.9505704556319
344.04542063042305
343.7666021462545
343.27896428595847
342.6890367371353
342.0676461913162
341.561802517442
341.30032025623086
341.35254582122894
341.8507270700063
342.86255176614424
344.207476905562
345.52986641680747
346.49732144034857
346.9853481400935
347.0844854165698
346.9257319559574
346.59712590790616
346.11395515278133
345.55537964262464
345.06939000107883
344.82008424357014
344.90213580881436
345.30161949889487
345.7634075386287
345.9427069315383
345.7075656876474
345.0925437769786
344.27608845630994
343.5296747646315
343.06990102512646
343.02779805829346
343.37645821101796
343.8639698653178
344.1314119863026
344.0618323907072
343.7552569132399
343.3886897522302
343.1525625347536
343.150704693227
343.24493895064825
343.39989565962037
343.70206522432835
344.15539223222464
344.67991702332216
345.1019226193124
345.39319251552297
345.53484478818643
345.4774739897488
345.1379898477393
344.5663797864683
344.03731254883144
343.9008288825941
344.2422393521822
344.9136700585048
345.66242852581075
346.24613066948535
346.43017032236185
346.03476783847236
345.1615845472872
343.98677933276485
342.76990254274455
341.7652269965994
341.19120025893847
341.17638560118223
341.669201897758
342.4893490327923
343.307838736874
343.8545747136369
344.00093048420763
343.8049730436729
343.45189422143034
343.16722841120225
343.02934197287766
342.90555703334024
342.6499994134658
342.43261588453015
342.5720268150926
343.1677071584455
343.9773736376763
344.7508411448023
345.3227201289883
345.56867978068
345.57517601666365
345.3955749442871
345.0707067968992
344.71579536365164
344.4251779149823
344.2479480376385
344.0761528210958
343.88067809994783
343.81890190849805
343.97697948918767
344.3908428115781
345.017210292747
345.72497953641096
346.41837807535956
346.99189074721335
347.26566677773457
347.12682219399505
346.62394054819816
345.9363854481618
345.3866015183692
345.25166589231526
345.4928424924003
345.89734772778934
346.4121082680755
346.87762861794204
347.19465890470457
347.3524673645809
347.4658512351702
347.78998862545484
348.3824749689313
348.9463390522059
349.1932051560239
349.0685604162322
348.58682360668723
347.9045563091298
347.2176905433081
346.59285269953136
345.9985773626124
345.46811621157667
345.0772688959685
344.8443204048239
344.71167826589937
344.66856382581796
344.83493524503587
345.1911961742899
345.5612742164386
345.60270217069206
345.1853853159683
344.605110051499
344.19651852548435
343.9963082062324
343.9642094195428
344.0045092883008
344.1149116016145
344.3672890600709
344.67443055513996
344.93679721252215
345.1387597227356
345.2254161052713
345.1106177774559
344.9319738852263
344.895140811659
345.04132691108566
345.3027758361612
345.5963156552188
345.7099797476486
345.5397197848753
345.22528711543384
344.8793800562478
344.5769618113138
344.343433541926
344.11868548637455
343.8535354045712
343.4387653562928
342.94230229339064
342.4989497837104
342.2588856903
342.35483206266053
342.75366171737704
343.24898001578947
343.6712259910627
344.02002857187836
344.3797177680364
344.7957585757295
345.20740330345626
345.6287478920204
346.16243509441676
346.7935021073843
347.47189317683956
348.04518562727867
348.37583602440657
348.4110999018529
348.01767552631196
347.28795086691525
346.4775530356947
345.8992839177198
345.706005468773
345.7747335349646
345.903284418803
345.9584514983531
346.0432940603072
346.3104211957937
346.79882993411616
347.2401622151405
347.3098881773349
346.93886841865253
346.23995019635703
345.4641342869938
344.8525600794592
344.6547435937981
344.95022377035957
345.50904802690366
346.0556535493317
346.4130572100715
346.4780109326276
346.370122727595
346.30859843800397
346.39825447798114
346.63989933858034
346.9366006747083
347.2462628529074
347.5491846825369
347.8106863350564
348.00128452986905
348.0618206896729
347.95581390985507
347.74654403254993
347.4439767380204
347.11434583423994
346.8852480541068
346.7853664242802
346.72903566310623
346.5781278970737
346.31058977682716
345.96736879290927
345.58792344669774
345.2791418811155
345.0410400973961
344.9775309237317
345.07786319836987
345.0175731629751
344.4908492064125
343.54447901916865
342.48818144964787
341.68939468533375
341.2911274816985
341.2309576415785
341.4248308883546
341.8885832172182
342.48435013629205
342.94773670825964
343.0507439819123
342.66139462207997
341.8906582892395
340.9607845161456
340.16633798206345
339.85741280504425
340.14464835815227
340.80523437705995
341.60295330553095
342.3440646622556
342.9322576541383
343.3635677276601
343.6344490576446
343.7472428602135
343.7568135317718
343.81739459000124
343.9657789289838
344.13940643994977
344.3258643352893
344.48717740368915
344.65122756225963
344.9115161712851
345.3093652535805
345.6468208681138
345.7122554281972
345.36924845613044
344.6731168052219
343.8112242649014
343.08489340079564
342.70196379386056
342.6650404473627
342.9389200246055
343.4798081392195
344.1243342046754
344.68803021530186
344.94390868040125
344.66589465591994
344.0029703532223
343.2073293365997
342.48163161533677
341.99930014056747
341.855822582587
342.04268394156725
342.2640624888366
342.2050234946425
341.8237910167709
341.52497445829033
341.6121446775682
342.17038589071774
342.9438537411289
343.63588607715997
344.0060961407328
344.04151755321243
343.92952442436365
343.98495988756565
344.4584730735612
345.2589969649708
346.19009317747657
347.0757403409969
347.87782371362084
348.59478544491685
349.03997508683415
349.09655157511907
348.80874654886213
348.4110844729139
348.16573351286866
347.9815872685645
347.7352804737411
347.354805943862
346.85852117911503
346.3688184001112
345.971406514213
345.5755832622824
344.94779569333576
343.88439372397175
342.56991693185796
341.35385495446906
340.62893135940703
340.4417930690703
340.61934007275477
340.983001363015
341.4713109725087
342.0588856924164
342.55166183275907
342.7801996829088
342.62763230467874
342.1099789986689
341.37383096024865
340.67347901853464
340.28897484249626
340.4007934205175
341.2616435078785
342.8768360066788
344.77798682744606
346.25400530008085
346.8502169367276
346.4936224316531
345.3733758499893
343.9931898788385
342.8179142772247
342.13922308219696
341.97603895666083
342.1652306391725
342.48491585616193
342.73949655980897
342.8261831234052
342.7298449919154
342.49633808116977
342.14988052904124
341.7166045994539
341.10022781879746
340.19648629292965
339.1588293413853
338.2471966520258
337.6170686664187
337.4242889990787
337.7057929988833
338.28037361131777
338.8662014063496
339.20325424674564
339.17836504216837
338.8479803229883
338.3534806529572
337.87598115869343
337.66824437110364
337.9816943835162
338.8443919987464
339.95975836208936
341.04105754815043
341.91732326939194
342.5344158331331
342.98321141229223
343.3072012832186
343.5406973772722
343.6772212735029
343.6908165109591
343.6091544977718
343.5798188999686
343.6894710209634
343.8598391603195
344.0284561118085
344.1081041311736
343.9993647537956
343.79521336619484
343.4753867104939
343.0671713204695
342.6589305440691
342.29596244765645
342.06804720456574
342.09227236417115
342.21342906766904
342.1998671223298
341.9171410368618
341.4449495243575
340.9669355617065
340.67006800869234
340.55187818807286
340.5414021004264
340.6513617159918
340.8577364766242
341.00151535623365
341.08574631869106
341.1165997751302
341.11259366351896
341.14260741131454
341.0140455658045
340.7531285527532
340.46689236699456
340.3079104131833
340.63814077649386
341.66725311657973
343.0895332165651
344.2748289074965
344.8022331472542
344.71232016959465
344.32492714653637
343.94694052745103
343.9518606271439
344.417095752599
344.9997293636905
345.3326107788444
345.33748760992023
344.99726957371
344.5038273423638
344.1073177266421
343.87186568897715
343.873237252465
344.1476686834253
344.442731587222
344.53065379683704
344.1976965372662
343.47402342888034
342.5406223715212
341.84747356646176
341.6173225207243
341.7749402198394
342.00808064024994
342.0697987364962
341.9885077490208
341.80833293008055
341.415503647014
340.8700935961441
340.25656422116026
339.6616295869066
339.23123762797024
339.07485636510563
339.2139620695244
339.5150076145145
339.8290382391397
340.015973929904
339.9965753488175
339.8204901999795
339.64064344703314
339.48665698281695
339.23910811983166
338.9362005339327
338.82619592905627
339.1427433744385
339.89215014012393
340.88382731118134
341.88455297451463
342.6522731986558
343.1336664960048
343.3851269907239
343.44722215394444
343.4546547953143
343.51247674127336
343.6167394075085
343.8911631800505
344.4630939311909
345.28246459882604
346.1553598560606
346.7675339534766
346.90490176507404
346.6120172501417
346.1543875004925
345.70426164338795
345.3183657693307
345.0713486292502
345.0757218333048
345.14511818468713
344.9731177549296
344.43493860018816
343.676958015783
343.02681619084217
342.7348078605082
343.0405661399958
344.0355311180408
345.46001288586825
346.8475938445131
347.8566504895128
348.35539153332184
348.325940637558
347.9048895274714
347.1804568305629
346.1499118611516
344.9412448108287
343.66485469099325
342.64564634187263
342.2976783669269
342.6128706033635
343.3269934893508
344.1741621477289
344.9373365319594
345.6843835085167
346.35977407412065
346.71321593299683
346.56942575082223
345.9593749161006
345.21680666782373
344.56035835751817
343.8756631994048
343.1657714502961
342.7366869975433
342.7219526775041
343.033394044858
343.4637326619361
343.81130868602304
344.0441472614149
344.2266787868274
344.32113857312834
344.2709659300524
344.1503805283857
344.12607057737455
344.33070835834934
344.818502194893
345.4612103766289
346.0689870440827
346.41233384504676
346.3517461831451
345.97698666720214
345.4743310276259
344.9732679553924
344.66721339875994
344.73734242376656
345.14364132787756
345.63586529945286
345.9392040593841
345.9651023648262
345.7331996284929
345.3175882118111
344.8539999201241
344.5277031015258
344.4435025232812
344.5339171813779
344.7174082751454
344.9229338531177
345.00685386863603
344.75137791076764
344.01319537177955
343.0113894882671
342.1727765260914
341.6650573497592
341.3555408114127
341.1523522708729
340.96554038791294
340.74417264872125
340.3994161743317
339.8441710715307
339.1069495185743
338.48316019295055
338.2658763860742
338.5635388141942
339.36930520362307
340.25520734275767
340.8398458731611
341.0133713087578
340.7978410823047
340.32895912418417
339.7569144538178
339.23641736691224
338.835017761806
338.58541850032185
338.58645817207093
338.94176270036894
339.47028064029655
339.98332782678983
340.3262884046259
340.53062680397176
340.7867226568126
341.1060762611926
341.4494086803662
341.5700253884533
341.33219988361236
340.90353204696623
340.74876807966376
341.00226665197664
341.6321300704893
342.4748195076799
343.27307857347796
343.7392618011756
343.8922309783039
343.85207943515684
343.6685445877029
343.4189266796841
343.1899685984698
343.1368720040838
343.26120443189734
343.44727325329427
343.585810838517
343.8228951143265
344.24987763828597
344.8887808337645
345.6286136445407
346.25078009871197
346.69583193235076
346.93990979435296
346.99548345703283
346.9229047231477
346.73705281273647
346.58713526804377
346.5871186853696
346.6684997398283
346.5827643805855
346.24832659122825
345.7067516875958
345.195443751456
345.08180746658786
345.6160486492862
346.6630550366548
347.80065366893564
348.5734270720722
348.7167929000912
348.2559613840476
347.46404907140465
346.65769654275397
346.1031689987475
346.0296616779258
346.39056835879194
346.9689641949694
347.51090737107353
347.5819082416353
347.0298416546793
346.27734869854805
345.6593237374329
345.32551943852764
345.29742983010965
345.53315884169217
345.7857855548223
345.8577877069954
345.8072281892103
345.7701138581802
345.9006784803571
346.1992818554302
346.5308322845043
346.6835572764226
346.48565117421197
345.9202368114127
345.10670552411045
344.2795633180878
343.6438238052052
343.258245325354
343.05372858439796
342.92240563272566
342.8506471697127
342.95446578641025
343.2514057651124
343.52920315139875
343.56432245306667
343.3595880448623
343.08295473601817
342.8625403528278
342.8353117263789
343.1599604558916
343.9064974056425
344.99267427420267
346.21631035695617
347.40483778358885
348.3211844550232
348.7293147364292
348.4721629211922
347.71739114892785
346.8438467110152
346.1866188820892
345.9175384409632
345.82972505719914
345.64907089775
345.2444552552318
344.74956492371757
344.40476372728676
344.44130140027715
344.8357142319676
345.25407709324634
345.4963273301112
345.5643200259611
345.5330688144986
345.55867042201265
345.6821645895385
345.87561141000583
346.16057938349996
346.480365214691
346.6621308120342
346.5704382900023
346.2387859899667
345.77932554577643
345.3013386939218
344.76881013203365
344.2314396699169
343.8420054875611
343.80574586339566
344.2294536821692
344.997197259838
345.6521943877715
345.81303876542046
345.23948760826136
344.0913895807123
342.7876598076197
341.7865508321181
341.27053415372984
341.1349283305627
341.272010738254
341.41676106204017
341.4339270937947
341.37712644640567
341.4514126128459
341.7632756044335
342.32868806598304
342.9493580198507
343.2557800726097
342.91996245736493
341.78382683000996
340.23362145169926
339.12019686503623
338.9793584866205
339.7767376831866
341.22429983803625
342.84287661419376
344.29917567159094
345.2919099384342
345.74951454713795
345.8112843111978
345.72927577944813
345.6112351625825
345.61491908433527
345.8705223532695
346.39486858909834
347.11003474948706
348.0788504746927
349.1593160761799
350.0867576020652
350.66557568552025
350.7342155561936
350.3664514101307
349.88192129603135
349.4542406332965
349.1633010276009
349.05322052565833
349.04385371028866
349.26395102196363
349.7173920403118
349.96138798637844
349.8200293929258
349.2506592829901
348.22792604089597
346.9194255820538
345.65820545468296
344.86749146104
344.791638431332
345.3143690226973
346.22090630300994
347.05610911568635
347.33067128815713
346.7536275413239
345.608438081533
344.38010218317874
343.32102170578617
342.715265370201
342.77232984087533
343.48258890241345
344.61243906936727
345.7768377668608
346.6605419263175
347.0947702277977
347.12879970640347
346.8583746629026
346.39639113957526
346.00077652223274
345.9106578003761
346.0889089794436
346.4721406156815
346.89667816420643
347.1332162256729
347.29612323430695
347.38751849626107
347.1714660846062
346.57350779282183
345.6799500693724
344.78781569546044
343.9883106207248
343.4797457043101
343.41326746814946
343.6040431808212
343.825199851063
343.83241133729945
343.67183734920854
343.6868127024293
344.17962646064467
345.12966410727165
346.21468319654406
346.82642816824955
346.68249050454506
345.9659259871555
345.0938255793553
344.45935284849537
344.15257902594
344.21934254510086
344.4326885815791
344.65128199487435
344.6547787862322
344.42229568232756
344.16411764207174
343.94552810026136
343.81594917663955
343.7955840030821
343.8750699057587
344.116836739837
344.4713030120836
344.83714479904563
345.20554429796124
345.59691351645904
345.806376139642
345.8983982169202
346.0067764926707
346.1135408157127
346.08310722227304
345.917238255734
345.6812565601914
345.5423122584422
345.54792972965106
345.6762484451161
345.6028224919289
345.3717546031908
345.2135115980272
345.13789393380574
345.19337593717756
345.44121621560356
345.8525800832801
346.29009776624
346.7440008277722
347.1464471830916
347.4219602128974
347.5349302806916
347.49368639646735
347.32306561153496
347.09813979329755
346.94170903451607
346.81078700753494
346.69407204960106
346.3975425998401
345.8991484750431
345.3639153282755
344.8270572689241
344.4347283893204
344.39498382893373
344.5843681389791
345.02031334407116
345.7151267476353
346.43638017648004
346.99029881529157
347.05418295133666
346.4152320028467
345.25799606134836
343.8654173828818
342.48879215902247
341.5718508460577
341.4122884688727
341.60716024555836
341.70439269017436
341.57682683795093
341.2387203032579
340.783455459326
340.31649397764437
340.0081453532449
339.7562471567293
339.4874430979687
339.41506661849945
339.63431492961155
339.9616648875109
340.2870349250302
340.49061801802327
340.449633987949
340.0633045535111
339.5310403044586
339.20408296370283
339.2990403528372
339.87141028524155
340.73297274151446
341.6401933229292
342.6364015336014
343.7539806262831
344.73702592115586
345.28829808555906
345.49961870252184
345.6711606167752
345.9436329140253
346.16645119117635
346.08854502105646
345.75018673956805
345.34177085991575
345.0595255137339
345.0758217199037
345.40718649268473
345.9489952090664
346.6246501420332
347.06946582951167
346.98780813894535
346.36997940738934
345.4464791805443
344.4649435718154
343.5478122689717
342.70891582047886
342.0149593317147
341.5245295843192
341.2389205808406
341.0913030300758
340.9733272104631
340.91366792274374
340.9301605223716
340.970747104641
341.1207699473191
341.48800953180614
341.9734311231681
342.38403755609494
342.56108848214785
342.47040080075146
342.1681651420912
341.80338729243357
341.6091654734281
341.68474600367057
341.9809110141498
342.30320186130143
342.6705538785958
343.18812112568287
343.84821731367924
344.6131392607064
345.35290388845533
345.92070221788583
346.23344748362786
346.1571263011242
345.7349626662045
345.0591044324967
344.28391942836805
343.6797152331826
343.51003858552235
343.6786504879773
344.1350164000862
344.75993247716633
345.37187916456094
345.6220175942888
345.3262476625089
344.60651637062847
343.83365497312184
343.1654093665376
342.84674662689633
343.0223483605238
343.51705471441414
344.02120261197393
344.3275477469267
344.3173913928243
344.2282817390449
344.14523729241364
343.92934463714295
343.69771427186777
343.56758273307344
343.43809313871964
343.174522117547
342.5616143213411
341.5253570525564
340.3531433240076
339.610878945517
339.6681215464674
340.3592796866474
341.27336492029895
341.9830516874871
342.17694930437676
341.9657785227141
341.6467340617824
341.4496102336492
341.44355136575143
341.5564538742858
341.66757731556874
341.6844053391967
341.6590695611274
341.98063340725184
342.8274022495581
343.8991096347506
345.0257654082136
345.9951699758009
346.46118366447064
346.3563854452739
345.91778374922046
345.3775653300335
344.8119042863657
344.4453628391552
344.3987848704797
344.6354784965346
345.0273237735205
345.4280604030751
345.66318123840597
345.6912951837792
345.35682846363943
344.6697318013179
343.8192615935743
342.84529479906274
341.9986139182454
341.565743151158
341.4976518370294
341.61661247287265
341.71864622075475
341.64746927606177
341.413467615355
341.2929864425695
341.3747915479344
341.3634732404022
340.99368552724764
340.3612747163959
339.99450176524283
340.1612308090271
340.4807232902502
340.6630221241044
340.7790188139836
340.9644263022794
341.1746664318413
341.0494526486002
340.2744476371153
339.0479323270909
337.9000918730281
337.3775077771475
337.66055632373593
338.5055012927739
339.51034994419336
340.3513747836238
340.8148458360642
341.0053693034685
341.1108690589349
341.3880299469544
341.8196727512998
342.31024562822273
342.8062000133782
343.0521228278308
342.8130610032773
342.2204520982326
341.6916337880556
341.47440873536283
341.61984337544766
341.945247151923
342.2454508320524
342.3359335182661
342.1128795132904
341.7397995284611
341.48323148484457
341.3315630470748
341.10997639911676
340.8383679875277
340.49388654393766
340.1880871398482
340.05365949476015
340.2405466807372
340.546046589053
340.63178074113125
340.5912518396921
340.70058128435466
341.0280665191885
341.41770224084524
341.66141964555237
341.5188901995783
340.8464171196373
339.8521457149718
338.86384877785736
338.1898546579077
338.0165904321042
338.22362150655
338.64938045152604
339.13918724001354
339.34175053018936
339.2987842433907
339.17802975182576
338.96905675928235
338.728825448248
338.7997051482334
339.2662273682215
339.91551394719204
340.47724212598825
340.7966883682575
340.8162721962203
340.6992614417762
340.5737852742393
340.43028497714096
340.4724195811802
340.8773089083341
341.63691018683824
342.7792806376549
344.14767001737533
345.34203121329153
345.9535690973551
345.7576623070754
345.1216120794411
344.27135377223175
343.31182079428726
342.297837884734
341.586644791954
341.68098802278877
342.8016757593041
344.57756163435283
346.3740421682862
347.64700902626913
347.96969574204013
347.2810809161296
345.9385500649021
344.52044525404955
343.31813438243336
342.3851687785984
341.8900106624134
342.0292418879319
342.6245711323374
343.3983295249583
344.2357442856148
345.1374539888674
345.8045717829864
345.7985982877412
345.02051329594246
343.50563598244617
341.62488534188117
339.9518967853985
338.922009863977
338.72309336187016
339.11943415236163
339.8941258460768
341.0612649555094
342.34100111085155
343.44626128232005
344.208439888371
344.6040017294778
344.7157177338595
344.82489074085396
345.2874740436391
346.14941301182637
346.91085086809505
347.0552801614742
346.37363304570744
345.07692291436285
343.63523265873874
342.4724368733272
341.79049915480573
341.6972709277655
341.88644193563607
342.0720864666368
342.0032559349281
341.22767423589323
339.60974260059686
337.88118805294954
336.9105231866174
336.96389724020037
337.6517767073914
338.5578846879124
339.33121743998106
339.7292935629749
339.5833032934023
338.8883463598185
338.0939527540677
337.4516133156725
336.69989150369327
335.72799954892554
334.65985145502964
333.65301963459154
333.07149022919424
333.03321109602626
333.32504802213117
333.8215875140656
334.6021300405759
335.71708774972217
337.2164953541459
339.0942561218309
341.03795591117273
342.74505011236545
344.01841631360986
344.9614268481642
345.8266095960856
346.93501361133474
348.54579554302364
350.68665889587345
353.27201857653995
356.05912344014786
358.61297668603083
360.7578023491982
362.33156297730693
362.9984025171137
362.4868740673968
360.90201098391236
358.5528270656372
355.7148047493507
352.55655046626464
349.0910223835137
345.5326840176478
341.9249689939104
337.7986586083382
332.96120345816666
327.4156990429516
321.37029961331746
315.2576414397991
309.04618427557875
302.490786233235
296.6718781991047
292.99706822524155
291.62772835378104