0.0
228.74424970430957
222.6735685408649
215.71824005430125
211.1368873984149
209.69640436111123
210.37271212583804
211.88767130761744
213.46584382020208
214.6986289514159
215.6507655031179
216.54470069923343
217.50639168885624
218.3869904596097
218.96956059492922
219.11121120276925
218.76090530378514
217.97879065243873
216.99659142078505
216.09165751831713
215.49904129355969
215.35574527538722
215.61145058264873
216.17116076567848
216.93985109987491
217.90024582789368
219.0228509766222
220.1766050945827
221.16026516763037
221.82183065749967
222.13175590144755
222.19425334959982
222.17351043884375
222.085789423007
221.83906659862382
221.61273870927488
221.69393010211382
222.18606461964245
222.93320148638205
223.70252061976322
224.3643093026453
224.86005828809175
225.11568372193167
225.12010950638592
224.86661334468855
224.3561905347701
223.66314700371964
222.82557562292433
221.85881707139723
220.85958843606187
220.01423644633803
219.35927948088528
218.72057486881923
218.02316861819224
217.3529029799102
216.87227728561794
216.6662717377456
216.6304002964847
216.6191089467046
216.54293776988115
216.41306958909104
216.14156516897575
215.76105868971175
215.34872397828113
214.95859743335146
214.75343708971917
214.94588274071873
215.54273648339438
216.3793375596277
217.35598735519687
218.4837843848618
219.73624603428783
220.97292889713583
222.07830675723403
223.01844755210251
223.83454802752163
224.53042959085525
225.0120579977645
225.2144826003753
225.15045890909153
224.90965610745414
224.6204708869223
224.28984679952268
223.8915064254977
223.522135562382
223.33217504853184
223.378701383526
223.57322152795368
223.82789316627745
224.11729667626557
224.46521163277728
224.73422737557513
224.83248552842338
224.74377482223264
224.57643860522234
224.42088890621477
224.37285597678868
224.48374925260873
224.7457364438389
224.99970394909852
225.24098080364087
225.41284200722296
225.41602692529696
225.21440133359454
224.85141284967085
224.43155734574103
223.99685920494122
223.5051652672094
223.02631855119952
222.67506507058073
222.55143486771007
222.70264614554472
223.14211423294924
223.7699614385678
224.44005585505013
224.99716261186637
225.2986162606311
225.35581000987278
225.2258883074462
225.03936451576703
224.89951517698043
224.75462644615146
224.535412294627
224.30440759765975
224.08727490348855
223.8001109072904
223.38620521751247
222.8949723160223
222.4042982888055
221.9819081363485
221.69709205136013
221.60609562337038
221.68047973362675
221.85817404694885
222.10273118640106
222.4313304874562
222.84880750951294
223.3463636781575
223.92738803291334
224.58257918011012
225.20666917254246
225.67115787408773
225.88039075536105
225.79219710784156
225.5056791196668
225.0428427129939
224.45027694282496
223.78802489049562
222.99563764646757
222.1503361733088
221.2992144154262
220.4493007498092
219.56717557546227
218.68667951252607
217.90556175827268
217.18075763070405
216.43049182036907
215.56854233796682
214.58254184044324
213.61787087341278
212.79932786161004
212.1820070112032
211.78653325533722
211.563083833863
211.55821136982235
211.7816278273661
212.09697657526883
212.36352851851183
212.63703278638323
212.91791070031093
213.18307854726655
213.44414630556815
213.72713083855726
213.95939704547555
214.16025277236844
214.37585867573898
214.54480214428645
214.56241683218028
214.48683629574288
214.38441367479166
214.3110697432274
214.33611793337857
214.59373188854627
215.18546632416627
216.08169335553595
217.2299887156211
218.48006771413884
219.61820382202717
220.55057406095892
221.1980156028367
221.475078628161
221.49217807885023
221.31182845622544
220.88748142836718
220.28579876644332
219.58125187986874
218.92958577923986
218.44495768638296
218.06946559853824
217.65860363971925
217.23926166573509
216.8575243084843
216.54500883000372
216.3992686576566
216.37519141430053
216.37676935077855
216.30352821767886
216.1782754575058
216.1000596475665
216.19744180433324
216.509526671939
216.94016688368615
217.51314916880332
218.22304660726542
219.06388732088482
220.0453314917876
221.09146667414942
221.98680189301777
222.69088141459574
223.22299340448097
223.67469256880926
224.05812609028868
224.5168054393009
224.95597050941154
225.26767581878943
225.365050996472
225.1551283340554
224.67203792402452
224.11836751885997
223.6112282039743
223.111687044827
222.54510632749822
221.99598457038127
221.38825734990775
220.7470472945332
220.0995553687643
219.5297201508057
219.01819892284448
218.6435658104457
218.3112318387805
217.9485923691032
217.5476403802488
217.20494417215122
216.92279631441355
216.6556055861957
216.39404062066893
216.27652210686944
216.34255523475218
216.44338872998975
216.7085680382675
217.14011669777688
217.7304809144685
218.3829513639628
219.1587988751839
220.02505737406744
220.9164035509233
221.72293422802264
222.4269685488047
222.90673654140215
223.2280079199909
223.43114067080012
223.56324532560242
223.52286068120395
223.36544088756438
223.06642576976907
222.5581056543571
221.80010592067657
220.8506809411411
219.83389202626978
218.86118591675086
218.14882606201172
217.66161292977228
217.33097564972542
217.12034579608974
217.1326044473072
217.34155466676657
217.7144131074463
218.12805325318934
218.549206877899
218.868115577139
219.04133796755212
219.05436367733628
218.91286323126917
218.70860624929816
218.44828091556712
218.16635351810632
217.9593880441195
217.90193732835593
217.9006744101036
217.89474290293424
217.78938451680054
217.79763578953757
218.01474878020116
218.44503625923483
219.03090973775625
219.69712297672604
220.3619580229167
220.95085628212897
221.42267277829063
221.77993339326778
222.00807164875403
222.07183389639945
221.9430875520393
221.82100666178053
221.7335108673168
221.6612454041317
221.5898972259264
221.60086819697452
221.69579499493022
221.75395023209353
221.6843508236583
221.46683980020177
220.9437380543099
220.2516465084703
219.5253853042718
219.05079217752467
218.839048969618
218.92690002789521
219.20315039274033
219.5833731105815
219.94531506611932
220.23188803382982
220.3862110649974
220.49376539710664
220.47681458110847
220.32677378660466
219.9953821577277
219.49331136275688
218.87673403808736
218.2089197412499
217.70293169267458
217.38217745052904
217.28676271267554
217.28892323816535
217.3693359039661
217.64272202667615
217.96035677847442
218.24041591025977
218.43648685898114
218.49372995451947
218.4400849891307
218.37000599703305
218.34432646081106
218.3940128937611
218.47599479310446
218.62429321949077
218.8059249196898
219.1373187972423
219.53182580316107
219.92327345724428
220.2934732290259
220.59184469832064
220.8585431203866
221.11692060966533
221.30503881907117
221.2140260773443
221.00152046336345
220.6622920158416
220.27797455995784
219.88827539087666
219.5421352796969
219.3461194749835
219.20172355356067
219.11632191590905
218.99664585363507
218.76508279295192
218.41871864963383
218.05143747977056
217.65274466397602
217.29008337959044
216.9981438276462
216.86081046647092
216.70028650277396
216.57237716523397
216.48086633494444
216.3541543504816
216.21831388526493
215.97423613288885
215.67954845183255
215.3241484138154
215.0536076824868
214.92136833003005
214.96234025327195
215.23289580054401
215.5982254714624
216.07027948685393
216.62283485637892
217.37559447785245
218.35185954648554
219.49869960607853
220.631216438958
221.6769579726781
222.62902743970554
223.53820710711372
224.28714095327064
224.79539280968802
225.0715046426289
225.0997014505172
224.94932311120175
224.61994492333815
224.08655762117968
223.40233702312466
222.67905461757073
222.00987233896976
221.2618641309674
220.54409424561064
219.95220525350726
219.48475074026393
219.21044387946822
219.08007187674102
219.0692481027203
219.14149361115426
219.28904532745622
219.4521303509544
219.61852773877558
219.7510991212338
219.87923599042676
220.03920668251493
220.1866114275154
220.2282324757216
220.1385916881366
219.9257245588973
219.61484488947437
219.25701802062008
218.91764880385014
218.67449081208684
218.57171720480363
218.64928279233385
218.82822588938936
219.09480775565677
219.42036735645854
219.74477005031753
219.9946664812164
220.1573649703209
220.22424851486494
220.2507766101851
220.3320283262931
220.49627926766584
220.68531486387548
220.84697667311133
220.96171884676798
220.98235741967758
220.87256986916924
220.67347203826603
220.3632952652499
219.97788664182625
219.61426052840432
219.31268317830603
219.10045605420964
218.94411881736357
218.85493717313983
218.89907837537834
219.07417635480533
219.384903419132
219.82340915237074
220.40025221313186
220.99739154303614
221.65962109079106
222.24794626339013
222.59069212024525
222.71213735824853
222.55297390182045
222.12543559566438
221.42267376504526
220.5721042061195
219.6179390974797
218.7254512990172
217.98800911509596
217.41464552910443
217.02405311205308
216.81343590768014
216.7707553765014
216.87509603375705
216.96286361596114
217.02307707248895
217.09842100592482
217.2092002541471
217.27221962509196
217.23983772795506
217.1270210117241
216.92823526584684
216.6575138536181
216.33782068121906
215.9792435053109
215.60632945724564
215.32269829620105
215.12661261536914
215.0004403826993
214.96970277630194
215.07692978162012
215.36958755818273
215.83306161380585
216.4095023812347
217.0672518106918
217.85807086981055
218.65175550541977
219.34130887278968
219.9883451418826
220.55555445834634
221.0741998997825
221.48326007834916
221.7609297193428
222.01936681409376
222.33795519922379
222.69636008360573
223.04656509535877
223.31901297993832
223.50717907900128
223.70482194832724
223.87536499739105
224.1122811533341
224.30821742206535
224.34683729892785
224.28930358324456
224.17966840267826
224.1021797762915
223.96009630995366
223.79316136519938
223.537136090424
223.21771810009872
222.89105524306024
222.66922572248225
222.62361615012665
222.6675597272235
222.59608157705622
222.3623403903479
222.09927477824044
221.89987157763707
221.78789466153955
221.71145074189116
221.64335995661273
221.52206659981346
221.2817638266785
220.93605783894307
220.50396283854496
219.9355995513185
219.31407967023475
218.77118742697013
218.27314982852687
217.81312954444718
217.4344256576459
217.08842552857607
216.82703686214185
216.69572778940437
216.63333138402277
216.62317857577133
216.64782735694234
216.6849205370123
216.76541033954044
216.8408244640862
216.9380004815041
217.02070102267564
217.05223270056194
217.08221839353584
217.18776374672126
217.4175354049584
217.78588182856234
218.2728404165703
218.8310739441535
219.40208391041682
219.84978380250706
220.0566568170584
220.00114522489199
219.66100900841244
219.02091806924074
218.27521625892047
217.6533072675159
217.22836322611118
217.01005681140208
216.93542404547645
216.98173361603673
217.09673762886177
217.11900232227023
217.06745669394545
216.9519551593628
216.7300386648713
216.43377135190968
216.12607179041282
215.80921302250653
215.53174774327786
215.45712252379562
215.4390832963401
215.5405228243221
215.74825919471616
216.03750407104042
216.3699828145636
216.75628975796718
217.12898071325475
217.4436823434783
217.68263101183766
217.81973558629767
217.9299652815801
217.94093938068409
218.02513484579322
218.22640375880854
218.47004227552392
218.72709970899786
218.8964984809009
218.97995784647884
218.94734918688022
218.7446028580348
218.44141391628602
218.1052196797183
217.92200803889676
217.94586340593685
218.0427921067683
218.2337465542552
218.54077213763026
218.97831596759949
219.4150624202489
219.70238719288335
219.85806274493146
220.00226006326534
220.087166974289
220.29866115163492
220.6387603678244
220.90623809312896
221.0962857133154
221.18573281134016
221.06045225435048
220.7176722071793
220.2530489834306
219.82916642017491
219.52273975301674
219.2874405670153
219.20732627162982
219.29183801681503
219.4532445608208
219.68524187617214
219.9686521037042
220.23185822531656
220.43746886979892
220.55019541472177
220.564805153294
220.47612591745866
220.29430053480064
219.98454313950896
219.54940027323045
218.96867738786423
218.30296153143064
217.59125129101704
216.9537352681271
216.47640703830575
216.13668960376125
215.99897310374803
216.01862611144094
216.080800371159
216.12351547229636
216.2849698169941
216.53977355321226
216.90652081400867
217.2149590300122
217.5096833101947
217.94124215361978
218.51339444435908
219.1540597027344
219.67290029431305
219.9746244178927
219.96859484099923
219.71840723683067
219.4602199323857
219.21860325184144
219.02529444850475
218.96024000769924
219.0469319751348
219.11337936165125
219.19590862030432
219.21215185919982
219.1183746975685
218.93469137356553
218.8717537032265
218.97201519191674
219.25500991130696
219.60585491095017
220.0547058305367
220.58258614919583
221.06731643823002
221.39183980731434
221.5099934959659
221.39326727537897
221.33693273604405
221.4772862458152
221.60880305627649
221.6557066506864
221.65277587432521
221.5948181504003
221.57421751403686
221.54797651073306
221.44207132548303
221.1000822747283
220.5899404131481
220.14154818918024
219.7723336582249
219.4467126133902
219.16358785280676
219.06447612621918
219.14027601515085
219.28030747426658
219.45845501001722
219.6328275236905
219.72279312161368
219.79471073048967
219.92286908171627
219.9600071197326
219.95735395179523
219.96613013702537
219.98697184972568
219.984051018752
219.942264385191
219.878969961435
219.8167329439524
219.7217651108303
219.68837062264146
219.82802499401228
220.1122668631751
220.5426898419498
221.07815875407877
221.66426677013334
222.17075545505898
222.55798607286633
222.9395581799778
223.3635143687032
223.56342273329335
223.55776619291305
223.39836297475497
223.11678006528132
222.68525033021203
222.0840892208972
221.45698488949466
220.933269232809
220.47420531737217
220.1294036213384
219.93467354508323
219.73498759257112
219.43561293475628
219.08776843795852
218.70891863089287
218.32810641151136
217.93437873241578
217.47145946614063
216.91852961454813
216.26796237098296
215.45196227109105
214.59632572622823
213.93460351302627
213.51485704728347
213.23731011471602
213.18443317377438
213.26004236644116
213.39446318688346
213.56164016653332
213.72415166596934
213.80436442272622
213.79504499504083
213.72004793918538
213.61103261232162
213.53977808915099
213.6063888730672
213.90371617675322
214.47999420585512
215.1951729584012
215.97371510540233
216.71718441132833
217.36425617437766
217.9653617262055
218.52741229751547
219.0033006644866
219.42312611365588
219.79640874053246
220.1071280962584
220.27808251165175
220.2670045269551
220.10050174701445
219.86756625670995
219.61797435323442
219.38926692974883
219.18468783291593
219.08470000709445
219.03342527761487
219.0347876847524
219.04587666410418
218.9548250883725
218.86876952147531
218.8467670196581
218.81967649031793
218.77535952959477
218.71360159769023
218.62011824430368
218.51115190156412
218.31534366955836
218.01392323446095
217.69178986941512
217.37904946305378
217.1647150601375
217.1036505242552
217.20866983655674
217.36797020631468
217.7630663766409
218.42317836105036
219.2221791786445
219.93897076509163
220.46919249563297
220.79571929599354
220.94305776739205
220.91117677221376
220.7352181243067
220.56942751175146
220.51041671714682
220.61744470696587
220.84472102826467
221.12641738559444
221.43152107990116
221.74577182877
221.96288300031722
221.9813470034601
221.86022288053707
221.72370646251127
221.6305957146172
221.5813736488901
221.61298817154085
221.68436506018577
221.7107941088326
221.6505514460011
221.54706864514947
221.43381888760487
221.31378661796572
221.20296085336193
221.09952490071723
220.92556727991507
220.6105571710975
220.25657309541018
220.00544898146592
219.84515597183272
219.689835528599
219.56304111687336
219.4840356753058
219.4521907642337
219.4892486051789
219.56998436483883
219.67309405980217
219.79273643718435
219.87032665692743
219.96100109982515
220.05232535642642
220.16768396818918
220.26074688857534
220.3086899668198
220.3950415979175
220.51391921659996
220.65276006026346
220.77314932345354
220.84298686517792
220.92124336074622
220.95452622223817
220.80454944389516
220.51475791353027
220.19070683948928
219.87191332923194
219.5126117141529
219.1522070276051
218.94317412432218
218.83821492527463
218.8234694234003
218.91010414387978
219.08072370972212
219.25370121612804
219.29777975644663
219.1750495312193
218.91004147766512
218.5770498472104
218.23556327047
217.96777872107245
217.8110905790336
217.7184888550039
217.57742174413266
217.4050260266601
217.2088517635157
217.04121536529436
216.88514064191693
216.6921041062287
216.4911454335871
216.26679551106713
216.07971643948002
216.01202636938424
215.95809744587643
215.92818152717874
215.93539513207656
215.9187964176973
216.00470449809217
216.29586346623563
216.79528406949532
217.50430853257933
218.35187359940636
219.2257983916425
220.05044592703103
220.74123628248816
221.27067199569566
221.6149913146681
221.7294303865002
221.6962941399939
221.53832848379125
221.23140962127235
220.85556096212326
220.5624242261853
220.41672899591498
220.4576855183435
220.6753104144838
221.03406358812305
221.5636178451265
222.10543566339632
222.46634532582766
222.57041466578602
222.37866075893132
221.8249165977349
220.97099248049838
219.9893378578911
218.94375085766023
217.98665818624877
217.25120047036202
216.74724201379584
216.4225200917695
216.2274902927773
216.15990298749932
216.2356243668532
216.49737034095756
216.94499783625923
217.48709492977062
217.9319321101584
218.19021235649987
218.3297314562135
218.43932904462366
218.55556143960092
218.69959393634065
218.9184208858253
219.19660759615078
219.5203536880579
219.92712908881512
220.40439093300984
220.9127694234112
221.40417142740557
221.7678200480992
221.89736081247122
221.7994171181658
221.63748137874526
221.40495784223222
221.12640328469266
221.01432592768575
221.08115938032452
221.1045827647813
221.0284764142154
220.96024253108126
220.86848014817036
220.67210762640576
220.4157857135341
220.16542780265195
219.98245011156502
219.9448332324679
220.0575431085907
220.2398886231168
220.3728652176768
220.39440953118972
220.34820977055193
220.21129513164522
219.97288561797683
219.63142699052733
219.22434833129486
218.88185805747563
218.615277978106
218.37551883686768
218.21897324679384
218.0831315080814
217.9139033450623
217.77529730588816
217.69484663898854
217.6728471208428
217.6528018579594
217.60350631479344
217.48099299662474
217.25640861344937
216.9319350299508
216.504358741547
216.06135111122106
215.68635805274116
215.36810167370413
215.11269994820128
214.96545171107758
214.98660420637236
215.16143714161024
215.52304939184734
216.09345450014334
216.7780177984385
217.47287849595605
218.02478275446066
218.38724189137912
218.6209057485771
218.7264824943495
218.72725381135447
218.60218004295996
218.3661826958027
218.176490276455
218.14056139103207
218.2713046784069
218.54144377955024
218.87694866980678
219.2488172915463
219.5558787102337
219.73965566298733
219.8606756390526
220.00801210166392
220.2269544741584
220.49209620876888
220.7153462050157
220.82275504470994
220.81210456705932
220.6899856455965
220.49991146971144
220.28966978008432
220.01977029994868
219.69346446407388
219.32662357417132
218.94034744706022
218.49950182110177
217.91675025736788
217.2855959206725
216.77516678249293
216.4195795113809
216.21583905701002
216.18945867959513
216.33351866937886
216.61091045736129
216.935754865706
217.25991392545396
217.4895664023835
217.44390110983022
217.126174958135
216.6606572692141
216.13503520270515
215.7391902986006
215.57766058946254
215.56269050650343
215.6476004177454
215.87969677853215
216.23676779466015
216.6567144913237
217.03408780180644
217.28988776505255
217.55787774842418
217.91462567784066
218.32310927150053
218.7154614319985
219.0682624470161
219.43915651862014
219.78953687021274
220.0609177539677
220.275477089035
220.39955952175666
220.3517068666489
220.0906926814914
219.6135420503764
218.96399227418206
218.2558056269038
217.57879012896808
217.02871117133375
216.70369078651913
216.58324934355755
216.61410165623215
216.76595182403196
216.9229234617898
217.05858514289676
217.13786402595375
217.13123275321496
217.09000752565726
217.09800185104746
217.0877421217914
216.99342912196136
216.83717463676956
216.73658495981684
216.77223977875622
216.84348086249207
216.8891209729095
216.8798141839259
216.76332566156256
216.54670685085733
216.26742603227223
215.97759045392945
215.7453491696289
215.61390643021184
215.598251495588
215.66282716857245
215.76766850335986
215.95715563687267
216.22768509843797
216.52323381028
216.85256151932714
217.2539639430477
217.74130918787182
218.34891192634046
219.11664813777054
220.05399277904576
221.12157906870158
222.22289002639351
223.25596668486844
224.116908547388
224.71415421913247
225.02344194533543
225.12058722027837
225.0573656329763
224.84702999775146
224.55704896660427
224.2886788622742
224.08600807937083
223.90893616865998
223.70986955435305
223.39461154824016
222.98329753346627
222.6727893356935
222.56613706481167
222.57168147215424
222.57370938875562
222.48234409227445
222.25501891931694
221.84464049614985
221.3292883047543
220.84962215930236
220.43205165265434
219.99459082290272
219.50065896962352
219.08316798681605
218.83169991502544
218.6723785249001
218.53272760876536
218.39896007384877
218.3396273213617
218.37404438253674
218.43385151710422
218.3646672418469
218.127806415595
217.87578296444877
217.70866215576928
217.6617833282657
217.8330339476416
218.26145183202
218.81987031933022
219.3303763591849
219.70395343584846
219.87934980782657
219.80361251435525
219.51210914870524
219.06126023549993
218.56128877122674
218.11592201516567
217.72042517084967
217.3578248445282
217.08317659291538
216.82287954649792
216.4917516017625
216.1307502788428
215.7948234495147
215.55967407060007
215.46420468454448
215.46404257839063
215.4786329225525
215.4582713337324
215.35984386762314
215.091917131144
214.69893749796154
214.25397115798256
213.79449395020052
213.41105452185565
213.0997055863269
212.89363092775244
212.80040815874105
212.74973826993454
212.76173534831153
212.8198765752008
212.83288768671034
212.81224811821883
212.81041954851275
212.8378230778446
212.89686237397612
212.95333294253697
213.03665637945184
213.1966335984646
213.3066992262142
213.23164854615018
213.0628720250964
212.86189591886532
212.58741934149472
212.26066233602162
211.89859614744887
211.52372550329116
211.23929857530243
211.03231512975924
210.7740792782364
210.4834577898658
210.30205508827
210.3136653356227
210.51826055951813
210.83591999671006
211.17490767557345
211.47774976886808
211.69005282745826
211.78322746910902
211.77200629451184
211.65041469467127
211.3682527209249
211.04736959040474
210.89595832769803
210.9799157748837
211.2872817074548
211.75912831551383
212.28863338423955
212.75122847194575
213.08246019021698
213.30878035344193
213.48380630101016
213.69547755968165
213.91419134032395
214.12423409729342
214.41022229867735
214.65280545720557
214.75987377601658
214.7727267701747
214.67368479473618
214.4980903578603
214.25521114439067
214.00827207724814
213.76891407105538
213.50363318322349
213.1681074815724
212.82105942601612
212.52425848287592
212.2544906672798
212.02177568073006
211.9740092313652
212.114515181347
212.31329837281757
212.5202468725626
212.710157851979
212.86594845826525
212.93591807475343
212.87499387297396
212.83112342960703
212.9224330100095
213.10846779918663
213.37512986129167
213.7232203313162
214.1349638674743
214.5800659819881
214.96408652478715
215.2281023930442
215.39616390980123
215.60044070590942
215.85536212091392
216.17257166516777
216.58842919946034
217.06169323874985
217.54559690297071
217.9648887376543
218.1543687704034
218.00152736140564
217.4889634366678
216.847053867751
216.40294546873915
216.23302247362773
216.34817711780937
216.7220267122999
217.19137185393834
217.58344286341983
217.8775834319378
218.01808953064855
217.93392857921413
217.6825735511162
217.33193544710682
216.93255115143003
216.62058397435996
216.4395589966682
216.27686411869996
216.21944527270566
216.2533997899205
216.3494259511835
216.5747623990453
216.84528392414
217.06072174162594
217.24862021706517
217.3567536554711
217.3053831495215
217.14184957182135
217.03670911533555
216.9832711354385
216.81744114272036
216.60739110360862
216.48887163449822
216.5104737803522
216.6462196702637
216.68953162430816
216.6052190710821
216.4885296186875
216.32478326765712
216.32729963426084
216.60289905071772
217.04550239807182
217.61334117518362
218.21484662102773
218.7876813338435
219.29618269403232
219.70233343584937
220.11360781454053
220.54105870250766
220.90268618750193
221.142171510083
221.22762120442604
221.05949584646487
220.72395609474793
220.32645237838886
219.89962616328836
219.47698234469004
218.93228046979345
218.2911469080343
217.69767733198347
217.18678923178098
216.7393138329706
216.39327966713162
216.20053111200212
216.0568515964544
215.99132743236476
216.0090860199547
216.02689572085302
216.0606696876767
216.18953291028555
216.41941728517577
216.62785734076814
216.71500210113516
216.72055054102916
216.67013765685513
216.6568714483417
216.63090396220963
216.6546332377317
216.80561984781826
216.98670622978167
217.0889839254169
217.14961588098456
217.2616969633054
217.44890860340797
217.80063108393267
218.2999758032117
218.8223820549022
219.34069887490415
219.83521105528098
220.27638366967324
220.61717700991417
220.8788671149736
221.01356673486515
220.9981365040491
220.91829797109185
220.830176557346
220.70686534727872
220.65223916527182
220.6657170068398
220.70881105666925
220.76976011322463
220.79915787252907
220.78787266210801
220.75043930888248
220.73977556735912
220.76937726361604
220.82633592395422
220.80767763098578
220.71686922172034
220.61227951997404
220.40232466953879
220.07034901407735
219.73536269409595
219.57184271076252
219.53381640971037
219.55530245324744
219.50027770362874
219.29449266585902
219.04076839476522
218.7987337246973
218.45192178037547
218.0127759016956
217.55454699311562
217.12812358812906
216.66345922305362
216.21772312178535
215.8242178850153
215.43022607799176
215.00766062649146
214.58641338245016
214.29553701079124
214.09199365513254
213.93112715794945
213.8862792793606
213.8025375266365
213.67671492604944
213.63040028533854
213.61825389343474
213.60567232143083
213.61806995503048
213.67449336921868
213.79599823365618
213.91251638140363
214.0421194157512
214.24456322583995
214.5066694103611
214.78646623550435
215.01192860601935
215.2492911382144
215.61012760127366
216.11831234908564
216.63858963917488
216.96631128431838
217.2024393957397
217.39521710427246
217.4842647230699
217.4699358594122
217.3796213459438
217.29546984233272
217.2367312823711
217.1987221040755
217.1839392391933
217.1358392581891
217.14036752256487
217.23613277125258
217.3164337535241
217.32082877736713
217.283564980675
217.35689168207875
217.52499706447685
217.60758027142998
217.5018725273481
217.11715187768135
216.42053198114826
215.56957018501566
214.771754377954
214.1928800801045
213.94693289780685
214.0117303167627
214.19096840467805
214.37539873124416
214.51125841269837
214.48155746565203
214.28699935208525
214.14626568051537
214.23026566717155
214.53747940641597
214.8769886322819
215.21392480042226
215.7070468943021
216.32343810828013
216.95913631794588
217.46889108351718
217.77289090171465
218.00289127174418
218.256045932605
218.42543800112853
218.4607456169019
218.50875603707368
218.56459126074446
218.58896509395743
218.67518955546592
218.7633276471848
218.7379665946171
218.66249624248385
218.65201240326695
218.79197852906782
219.1039345891619
219.39179672777726
219.51275008805004
219.57352848934804
219.55035583661797
219.32853723245395
218.9259685173633
218.5557526358098
218.32686672528797
218.07344700705985
217.8277719054935
217.6613752952459
217.6621846893887
217.8754444263554
218.11102823816873
218.24188123796907
218.30102546138085
218.29315864185338
218.2420778964477
218.1430992986946
217.916629305769
217.58069630908335
217.21728490591352
216.87569177115952
216.48826617313068
216.04464270694479
215.63422949371562
215.266592874758
215.0467231675876
214.97885077466114
215.0685995568493
215.2966584907361
215.5038874076876
215.63395573579982
215.75468657732594
216.00635732454487
216.36365986073986
216.8889654240394
217.5953800000275
218.46902253885943
219.43870129778844
220.42148298563094
221.3921062849017
222.25072037564772
223.05021419301025
223.84972094863548
224.70564317794432
225.53347653628143
226.24163911286297
226.7756728460017
227.21351875523877
227.60885322525735
227.91294483286472
228.0219200557603
227.8703884436885
227.45889604321144
226.58382375917083
224.96391215654026
222.17597599626086
218.01739091223783
212.45042568920746
205.96208008174722
200.06678582615697
196.11385927808098
193.1757716996805
190.18464168620505
187.01197923616567
183.75235556491123
180.41398117178713
176.88554075501327
172.9998930602007
169.021961005844
165.04485178575436
160.74286921537652
155.67437736243738
149.41179768737157
142.90218980847175
138.26414526649094
137.0468718836791
138.53460176786652
140.72819998802015
141.9988139548536
141.55643744695914
141.13774938431868
142.61989109198458
145.5125190185242
148.45602814740022
149.35284161263783
144.44192932245585
132.2936380497004
117.36830697430193
105.10824297964125
0.0
0.0
0.0
0.0
0.0
0.0
0.0
0.0
0.0
0.0
0.0
0.0
0.0
0.0
0.0
0.0
0.0
0.0
0.0
0.0
0.0
0.0
0.0
0.0
0.0
0.0
0.0
0.0
0.0
0.0
0.0
0.0
0.0
0.0
0.0
0.0
0.0
0.0
0.0
0.0
0.0
0.0