219.82893069496117
220.21964228441607
220.90456795313804
221.63289444966745
222.2159032448612
222.64163245040012
222.9965620201146
223.2724216239372
223.36039488348638
223.1856442194219
222.66719600824828
221.65688583399944
220.18687924969515
218.57708456276194
217.14549057180375
216.01194994168804
215.16180813213037
214.59775837796994
214.38505418643174
214.51411834013578
214.78679679383913
214.9747460617979
214.85267368565627
214.2837028877824
213.3509202092328
212.254481625638
211.28423378255604
210.67566542394698
210.54418482377633
210.8827750530193
211.54569092936202
212.4312910654336
213.51718888766467
214.7344397799904
215.8138618176019
216.66751384190766
217.42240813131838
218.04494903585325
218.36616544555878
218.49155398916403
218.65279568736145
219.0119664794518
219.63708671657417
220.49435563260263
221.44876723372442
222.2763446178317
222.80591618970146
222.99197147951506
222.91700027446362
222.70789994970184
222.51506615266865
222.48207164167258
222.68041296274075
223.02095696942496
223.38143186666326
223.64965843496242
223.7427429114
223.725748318469
223.73459365506056
223.8019248831809
223.88817042397832
223.99009445125574
224.20648580495768
224.5412154042696
224.871668953731
225.0388476728406
224.99660721214303
224.84017647147755
224.65265465044376
224.47595448936482
224.29996132607255
224.1203544017989
224.07380620724135
224.19431680916045
224.3202007109705
224.3928396929562
224.48996700081813
224.71463714792029
225.0141321421434
225.19009645707922
225.0704831726126
224.6768241182633
224.0927211276358
223.38052236416945
222.60567812661105
221.8581526205594
221.16449622819226
220.51506809171664
219.8778904661526
219.1905877934813
218.4713861976142
217.79057616164056
217.22085009968015
216.85567481052556
216.8129639106938
217.10293337308846
217.59393140816064
218.19955975425182
218.85569674599597
219.40882671817508
219.76574055498114
219.942470284938
220.05555343461677
220.22460832460297
220.46342451967286
220.7771641117318
221.20544362273648
221.74370357702117
222.24343439719323
222.5637342944678
222.76451220810665
222.946589347864
223.1217268426858
223.22317508769117
223.27010072158822
223.39005913642862
223.59704244292382
223.82055795447855
223.90803846511793
223.66818036427358
223.19096631388635
222.6580691462521
222.11949706796105
221.57433930184973
220.97284842516808
220.31440188852673
219.79144607117001
219.65500616991662
220.0260666766004
220.7968352019359
221.64206474770702
222.28097066176747
222.66567949512248
222.93532261599952
223.15339670029837
223.27753982038055
223.31786567440946
223.30993750495776
223.2734529611139
223.19100179967484
223.101502481747
223.0722930359966
223.12692107766753
223.2523582969689
223.43127883392907
223.66405719660474
223.92165665506064
224.18583374316898
224.47939241565132
224.83686492901535
225.25174500778377
225.69665084136105
226.0942631624665
226.36466678267627
226.49729291143882
226.54545778971254
226.5437214748306
226.53239728871003
226.48725121464966
226.31419433893092
225.98422489240286
225.54083318782864
225.04196778179073
224.55139715642247
224.18578083637271
223.9692588690432
223.84171920803902
223.7104723401601
223.43103204878872
222.91811832995714
222.16036787792802
221.25363393447765
220.33924783941688
219.40936647240326
218.4071077354285
217.34590041566736
216.37823014504875
215.69676036912045
215.37599664678285
215.3586545248091
215.51191193065958
215.66474805904582
215.67730012218325
215.53293153306123
215.2556610354632
214.8763944138068
214.47205721296785
214.1278177651741
213.90834901236641
213.78787094798759
213.65676013891283
213.47819312622838
213.30400896067113
213.19846777981422
213.12773563925717
213.0304896033748
212.94048144191456
212.9647225344294
213.2035022760607
213.70129364489273
214.3601729319982
215.06446662390385
215.82717088634976
216.70438223600652
217.72428302113244
218.8115839132856
219.7680874222457
220.41033834814124
220.66793557548783
220.61586003332616
220.39054560318036
220.0948995018506
219.85341474478923
219.74088607203691
219.79845568148573
220.0691849996266
220.5273808392903
221.12043129772962
221.79905741682558
222.49129170388647
223.03001247738564
223.29784028054502
223.2890645561062
223.0547653394322
222.75491367606284
222.57002578385178
222.64065475706624
223.03718650708635
223.68392411411068
224.46201850895676
225.25340874386052
225.93188117777555
226.45557746725055
226.82206973248375
227.09342419790408
227.37603579151937
227.69482509654904
228.01618624931757
228.25390781693338
228.30277545679758
228.17730847388307
227.94787880785242
227.67362210859304
227.40178981813983
227.17277413892455
226.95118544198635
226.63439719551718
226.18599411362922
225.65041356050654
225.10765562309962
224.62673492310373
224.25918825373162
224.02998339853875
223.92357435592447
223.8612355375858
223.74453509708587
223.58699834709245
223.4506795154663
223.34821336584122
223.19421292509628
222.93694278245516
222.60744872523904
222.26488770646228
221.98468086196658
221.8002921338313
221.76887063530964
221.90459092627543
222.14559319646995
222.3363013907838
222.35047928659714
222.23120264060842
222.10863772948315
222.05225577320726
222.03259796607873
221.94063334982053
221.67091215531605
221.2404823593272
220.67191974271412
219.953517989971
219.15816956227093
218.45862887182
217.99088818827045
217.8054091109101
217.88277300216276
218.1920895340376
218.65961018326047
219.20863822854122
219.78788225271748
220.41963199688868
221.03579108950234
221.59330491419252
222.04301859951454
222.30302315925223
222.30231780563327
222.04891090748012
221.56238237831414
220.84918583696717
220.0349802167923
219.30038051668987
218.71538415215997
218.30742346843792
218.07457021391366
218.0593832560039
218.27715419569148
218.6781350251648
219.15643382513144
219.59809497831043
219.93790717287345
220.1347932749731
220.1667566927299
220.07463299589656
219.94386799846066
219.7967803775614
219.6880378165551
219.64500611468554
219.63660110181897
219.67502202664576
219.72257795548802
219.81716380855528
220.01301465883384
220.35635105074624
220.85900352809014
221.50413989741455
222.30333835128673
223.1934838850492
224.06777693674158
224.79014586051125
225.27306847889906
225.48554494507158
225.47736554877744
225.38275089090757
225.28617303901518
225.2403240444806
225.24391968729225
225.24390255205486
225.17119885515305
224.94634007214862
224.5239490830976
223.98064437199872
223.46528892822602
223.09225990968838
222.8810587455365
222.79149059010516
222.7203013571447
222.6086913451992
222.48488397374157
222.41279996699274
222.43563729543726
222.567778860636
222.7688458768372
223.06265825057545
223.39099597327314
223.6135539033572
223.66529066694721
223.5637872382912
223.33149791342265
222.96927258895346
222.55891661566315
222.23776111015286
222.0875823834398
222.10948445210215
222.19401222221973
222.22627518803012
222.05012918282512
221.64553972682393
221.13720177587152
220.6590593165421
220.24238528526166
219.88633373681793
219.55989585270098
219.22369894497155
218.92741193280978
218.6933196097373
218.51429908339725
218.3619576985126
218.22515274321054
218.1262671500933
218.08382188667724
218.15169748952042
218.38071051670534
218.80574962156084
219.3781878051185
220.03555877954403
220.7730977353317
221.53750284165076
222.16094315197796
222.50721797706058
222.53941952405341
222.33420967815022
222.02853925543133
221.77570613284416
221.69074787731392
221.83219106609954
222.19126263056683
222.66064804886872
223.12251133889202
223.46605142028386
223.69716403915766
223.8678566062789
224.02437956393462
224.11951980976863
224.06937244101192
223.87095213113713
223.56375136170084
223.19612127892836
222.84492254534356
222.59502503520417
222.516750570915
222.664676586758
222.96805289845378
223.33278527764378
223.63292462766668
223.7613941704054
223.73256601853308
223.52880864634827
223.18309876269925
222.82519934699312
222.5897385512222
222.5879700510964
222.8201854178708
223.2177954161573
223.7290705259067
224.24689493318743
224.69244619901878
225.0327797332826
225.20627073790266
225.17995284493588
224.95192586557874
224.54734197032943
224.0120130480936
223.4038089538326
222.77168628822864
222.14849932151725
221.56714639638284
221.07967379979834
220.71996175038865
220.55152248170165
220.6167753796786
220.88605613635298
221.30208779174447
221.79064042931532
222.22161334294904
222.54737761239193
222.7721319733639
222.88285729120986
222.86089325316664
222.73606178700186
222.51181943783467
222.22477189424706
221.91771137838413
221.58047380168654
221.2297167564895
220.85310525848388
220.47016065174802
220.1159500185312
219.82738245225622
219.63900549645618
219.59290125047667
219.63214828726376
219.6347047460819
219.59064060988834
219.5314325109215
219.52275599666058
219.54598756506869
219.6484303591146
219.87346278297565
220.11574970944298
220.2895994752394
220.35315626778203
220.30313892683915
220.1395687382471
219.86158704650168
219.53138565540428
219.21375290413835
218.95863437005835
218.7706188093723
218.7247097077401
218.8781636455569
219.24301210896115
219.7960818677239
220.4938002067745
221.1997260032523
221.82458922075716
222.3286341985475
222.67911277295786
222.877131974797
222.9644635765176
222.9373801370798
222.76775260258916
222.49581372398904
222.18804927599848
221.89549592078112
221.68968641795317
221.61650643364322
221.707489316057
221.92520569154613
222.14284922623833
222.24409236125777
222.22066162908203
222.1145459584657
222.01265795496437
222.01155761743397
222.12100331873495
222.3139498117969
222.54771074502273
222.81446715999908
223.08737203854454
223.3652825776287
223.67667690581186
223.99529889229228
224.329934324783
224.67769138068255
225.02974215342476
225.33698736713433
225.51826816965254
225.53895074643003
225.45094776402945
225.32428582983803
225.16571558665888
224.98233007503228
224.7677160780751
224.52985140433543
224.31769038813235
224.18601575496834
224.13550146405612
224.1239142076599
224.08486603580138
223.9696650821409
223.8032895965695
223.61272033247596
223.35443116301744
223.0087167647619
222.60320571592501
222.16238070411362
221.7289299367609
221.40730215220987
221.26893214241468
221.34115844131577
221.60679854252444
222.00680486485967
222.4280522893149
222.77083530900148
222.96750645276845
222.96518137275785
222.77348989379453
222.434881970248
221.9878630136781
221.5028973983624
221.0453301281596
220.62740934253466
220.28760319162072
220.07230527104275
220.00082859356206
220.01137627939866
219.99862361077288
219.87806286910993
219.60082662720652
219.23553413849595
218.9052956664396
218.68332843228097
218.56272551870228
218.46183169157229
218.32239832852844
218.145751300441
217.95365225427923
217.7588938658553
217.50131070645466
217.13886298523408
216.7002435418255
216.28455306313433
216.01872656151042
215.94244974242287
216.02198459804782
216.2598050563192
216.62919726131494
217.01734608825862
217.319094815628
217.4967126735436
217.5880263205639
217.67705989748345
217.83760159690982
218.12387756607657
218.5452197233943
219.06744878982724
219.5956012271755
220.03239737239832
220.29856506089172
220.4359598550406
220.57847322648405
220.8266711886942
221.23463341700204
221.7746601342465
222.37298848109532
222.99523154107862
223.64715839545335
224.29772652251012
224.81284447267313
225.09904915726636
225.13992496108213
224.96303113429286
224.57515922237337
224.0604102996452
223.57559982542648
223.25047810547596
223.07301582451183
222.9722112341499
222.84767965061718
222.6352067326912
222.3182678799378
221.98441677755912
221.71700252177612
221.51272414495475
221.4149853729711
221.47182250854104
221.70905136613843
222.11171210223898
222.59018519602913
223.0419772700783
223.42631641819926
223.7418237636163
224.00042265407723
224.2541022455352
224.5588055863541
224.8898117009448
225.21753972002813
225.55128393497114
225.91088348768463
226.24405826974717
226.48339899305392
226.55708086009182
226.45270291777445
226.23074335227972
225.933309768989
225.57807553391916
225.18740708396348
224.8161615924463
224.51997600607433
224.39048286905654
224.40794970215623
224.49220408532776
224.58221393048882
224.58890673000343
224.46144101701825
224.22230937890484
223.9136540154191
223.62312014666463
223.40757472432642
223.24593901444962
223.14908752897173
223.14104137180433
223.24291042541037
223.43670828168632
223.62765115312607
223.77155482819126
223.89319103944527
224.00336233960198
224.1802826662032
224.42508166366508
224.62795983740352
224.72756027074755
224.70038903917458
224.49430596022682
224.2149238099341
223.99494103639879
223.8289607637517
223.66669025654676
223.5244630180619
223.45921107339254
223.47183580396373
223.5863218849214
223.7646494320269
223.9683678674173
224.18791208213844
224.3652120029502
224.44263957501346
224.42744614201763
224.40531612792205
224.43961350590098
224.6000917325213
224.8792532194652
225.21118684179078
225.56307645141206
225.88137430128165
226.13537735883855
226.33499129661993
226.4788707261959
226.578505858186
226.6454411373673
226.6538064132636
226.60536088001578
226.47769423934716
226.25826366982963
225.92057372846537
225.4421653336246
224.8642816408379
224.2644629077408
223.740712334598
223.34443574965394
223.11525229768444
223.0358866282056
223.06913016866187
223.18948216859482
223.32047706057156
223.3910318055883
223.3437270239884
223.17635739380523
222.88603508583867
222.47049698814118
221.96416496450956
221.40812840228472
220.89458744221224
220.53484338064536
220.44113864459126
220.64363751772743
221.0707444348099
221.6144360763925
222.17013843453728
222.66771536568024
223.0253587469131
223.1667519929818
223.08596105422868
222.85740260097765
222.50726668712616
222.0673328795328
221.60710537721647
221.1975201593814
220.84526388980495
220.56161442505348
220.42329920615273
220.43652852967145
220.56345845882686
220.71578364664467
220.8944008791024
221.0744361511105
221.2019289054911
221.2879075381125
221.3451484890856
221.37900164308482
221.39302471745225
221.35855997183967
221.28031048876215
221.196626219079
221.1879205262191
221.282026318224
221.4216198080886
221.55597577367377
221.7161829280652
221.91445256083713
222.1217337365929
222.27743099849368
222.294883610417
222.11521916202176
221.74579702422847
221.2769440562495
220.82113514808054
220.45214979983604
220.1664321863549
219.9377674107829
219.6874424967761
219.36221367087364
218.9878255089452
218.6284683224539
218.2996773028772
218.01052769570077
217.8198205269959
217.77759496240031
217.92116138849627
218.17543992789786
218.46093408275385
218.76760332121972
219.10458119463308
219.4185609271897
219.65633339979132
219.79474038209597
219.84976487173506
219.8938632473146
220.00956749066688
220.23402649220182
220.5038324687814
220.80526660510995
221.12998284495885
221.49767598047296
221.92932808971312
222.42702708799922
222.91208989688732
223.28473612643592
223.48039598342
223.47434484780698
223.30352395790882
222.984521718974
222.5218122642521
221.9737306784966
221.39559109777667
220.8453288779322
220.43717315287725
220.25761337751462
220.38053169288932
220.79620577920082
221.3963473339791
222.0411211722421
222.61931351041764
223.06555690565577
223.31999373202513
223.41778448857903
223.4724707264129
223.56142347283014
223.70135551187371
223.89970450876902
224.18299587195656
224.58418945453707
225.1081554658652
225.69188876670881
226.25259466382673
226.7327859084554
227.10126970602386
227.42270257727614
227.7366020193488
228.01713285241607
228.21208233242567
228.22696835985772
228.02760205354758
227.648340619939
227.16955973483368
226.6622937844054
226.14000881584877
225.60220785748754
225.0618517593477
224.5192528775967
223.96073688969537
223.41245127072463
222.9413868976369
222.5935194174383
222.32775103366137
222.13278678895543
221.98815997556775
221.83945267370473
221.70985280187244
221.58638632693334
221.4485969588446
221.24754314316692
220.99720327872654
220.78639994402053
220.68281180901616
220.72500048508485
220.92179907028256
221.22638513812467
221.53613599767982
221.7619309520523
221.7946916560285
221.6611186078091
221.43025748139198
221.19621124312502
220.99544972840434
220.84436723396198
220.7762054354472
220.7671289146183
220.8929092551748
221.17688668578268
221.50217354819657
221.76356925149753
221.88661403461347
221.86657548290802
221.76447173592237
221.60389998722354
221.44636685364725
221.3077089584496
221.17188577442312
221.05808076582892
220.9966856774592
221.0451607443602
221.25562450732463
221.58181171557794
222.04536303068983
222.57307282128082
223.07730841931732
223.45705276906688
223.63962140992146
223.6243157042552
223.48645620156057
223.30839615496708
223.08339690516527
222.85189876189756
222.60994115820938
222.3815001155063
222.21983113243164
222.1836376045867
222.22336594748185
222.27852815023678
222.30992655141105
222.24302523457715
222.04769611393976
221.74397936744742
221.37544017630114
221.0821926270225
220.89057284267224
220.75194435172324
220.6526860688044
220.5415293686964
220.34930199152694
220.12190080365153
219.88307250396525
219.68412746947968
219.58484880059643
219.66866419260631
219.99584880752062
220.6057099897178
221.4140838265431
222.2838771711683
223.07490284850076
223.71899078102922
224.23886893578043
224.65797244578962
224.93699256547166
225.1089796387194
225.22072683537627
225.36963567276314
225.58603790136306
225.84664992858634
226.11692645011848
226.34191586853436
226.56229086732924
226.7825688886644
226.92360243357544
226.88437539764618
226.62951978361951
226.15672686489708
225.52851293343247
224.79439388369542
224.03969826375123
223.37971229040994
222.83552548706194
222.37575611879413
222.056886660977
221.89859379028002
221.9073272102445
222.03605511055335
222.21911127322392
222.37815664102538
222.44714742068174
222.37942039821687
222.21690840217565
221.94979014604317
221.595763452837
221.2231186708783
220.83863088554156
220.45971103261508
220.1622601530347
219.9485508201003
219.83280696825
219.80806375654112
219.78972962917388
219.68508598953065
219.600372588227
219.55007230358714
219.4925364664978
219.408306884286
219.2947217992953
219.1533659725752
219.01464812196573
218.86635697397554
218.71830454600314
218.63640969564278
218.64710767325212
218.714199991435
218.73830401809528
218.72196749104683
218.69043723154803
218.6695043561984
218.71958156628804
218.81669733452716
218.97038831002706
219.20901091118708
219.51159538960448
219.85012252168906
220.24571059812328
220.71870276194034
221.21675003462417
221.6648722669846
222.01648704023702
222.26857024117245
222.35172538746613
222.243067397396
221.9623626096759
221.58889059307734
221.2209852693214
220.84770772855487
220.46610161715094
220.14175971557427
219.9211477298322
219.86019518046342
219.9793920259679
220.24533909160385
220.5684044128398
220.9114738793137
221.15630404304738
221.2313255336678
221.17617655317338
221.10278669237883
221.05076644958575
221.11712643573316
221.3612993835683
221.71199439585368
222.10537462614715
222.50105861043355
222.8884280690319
223.264808976105
223.62619053671725
223.9255015296364
224.099420659769
224.1391627508581
224.06717032125664
223.96404214845853
223.87694298672722
223.8141976125516
223.74959194512016
223.71145238085276
223.81215647592967
224.11921454435765
224.53979016331886
224.93578179007721
225.19066610459902
225.25770247544028
225.1553015455784
224.89638342630684
224.5305203765821
224.1390525266434
223.75108749547303
223.3912368676476
223.1206028585678
222.97302660259243
222.8448455229984
222.62724702733047
222.32708315062376
221.99346472658672
221.61909883205112
221.1841946263562
220.7221738237243
220.2553104718387
219.816430685282
219.4166321958453
219.0864428092859
218.81621142599212
218.54106957956807
218.21971385760588
217.9209908589277
217.71900942512113
217.5397600891608
217.31231500795315
217.0146403705201
216.70986359166318
216.52077511038806
216.4854660890444
216.5902478679156
216.76718173577197
216.92134350590453
216.9920078774071
216.98949405965345
216.98571409196018
217.06298975104295
217.2822521696765
217.57621645211134
217.83610051242647
218.0194866604029
218.14893126004765
218.25816215045387
218.38716881901135
218.52832952033458
218.6026955699111
218.54916994731673
218.36793966991127
218.1785771585909
218.0590065255675
218.05007010084776
218.21834465312787
218.52225826405643
218.81499764842886
219.02644379999074
219.08070797167966
218.92971821880695
218.64156554120837
218.3487660574805
218.123074958745
217.93783318895726
217.79988744008384
217.7570167054243
217.8146037329575
217.98894420649066
218.24849241483375
218.52276761220787
218.79594094635337
219.04473783145636
219.1779555748699
219.15705099474695
219.00982102541104
218.81172885705436
218.66030402439452
218.58250978648462
218.5706511805956
218.67779832905754
218.90782713047057
219.2389130090799
219.63746027123258
220.05290752839045
220.43636542129494
220.79427611856917
221.10859743364892
221.40636292752816
221.70635213237478
221.968038416375
222.2016798526157
222.36051496568018
222.4338735679546
222.41104726616456
222.30791349154032
222.1629043800024
222.0754835381694
222.08231571100032
222.16437851859837
222.21885712909108
222.22656469529784
222.17762118597938
222.13729716774046
222.1787560093912
222.2980096414165
222.38531999107502
222.3345176697751
222.11069778769664
221.76521530860617
221.26692882159674
220.60641104204484
219.89935688111916
219.22930873669688
218.6578261068645
218.16143854871356
217.7281057796901
217.34768540695882
217.08599430671165
216.99848287974243
217.1069552463079
217.35786315533966
217.67906963251926
217.98429100735393
218.18334823750885
218.2201556108305
218.0755655423395
217.80372873372355
217.49511262785595
217.22011857809798
216.99166042317376
216.75451550486662
216.52519837725717
216.34828209972403
216.3384652377834
216.50305697835935
216.83887757850835
217.3954954117161
218.20329971482016
219.1113384311966
219.97474543633783
220.74365921859845
221.3844189193635
221.85871035073134
222.12897454423938
222.20833646731793
222.13991071127373
221.97879535267708
221.78709243183528
221.64906324068954
221.6093651003797
221.6476744375829
221.75855528143455
221.9736967823009
222.31764903836205
222.72745212145787
223.12174953572108
223.3644430458304
223.3310107383399
223.00494155052183
222.43143085724873
221.8141247215911
221.33062404132954
221.01831481754056
220.90717000108216
220.94532339009913
221.0457098163473
221.10051136767473
221.08827633085997
221.0401573706118
220.96744235604226
220.9195821948763
220.97765686268508
221.2283474760705
221.681047331127
222.257100158022
222.8721219534338
223.48146281214295
224.05735156695215
224.55535927687788
224.88245190888517
225.01499653322813
225.0038916359227
224.91954656034355
224.83588716573743
224.77199654847382
224.75410200370112
224.79577686348856
224.8566609475395
224.89662552261316
224.90230167650543
224.84198227359926
224.77324537504748
224.758287662134
224.81187656095693
224.9182624866155
225.05553298391646
225.14180727362302
225.12709945283405
224.96879243923436
224.72794801212825
224.450828996056
224.11527406781076
223.82750462736013
223.65651596969153
223.58844112584748
223.63601844640255
223.74593537595715
223.81116313581293
223.68594028296525
223.37413219578877
222.83653738520974
222.1688227803174
221.58221380506947
221.18667550797187
220.99563851329458
220.8540471590336
220.59213778913428
220.1542324325826
219.62129048778922
219.05726539607576
218.49980492798315
218.0175865508684
217.6128226897623
217.26713256274763
216.93797468121878
216.63055366012995
216.31395844927627
216.01792155266446
215.75899675830664
215.5844143520651
215.5138927556215
215.5280304806643
215.6533598346864
215.88548649945008
216.18810396424317
216.46800714173852
216.6879201499422
216.79879748821037
216.89301714720824
217.0905341079777
217.47659167472867
218.00200628214168
218.61281866160834
219.26376793297834
219.86103419852998
220.37123125789762
220.74024854169397
220.99485284757463
221.11564982644705
221.1655196077714
221.18808575504872
221.2444099017503
221.3608715590488
221.5070117213451
221.57928097769678
221.5041155109002
221.26188654473333
220.9268756159902
220.5754094608146
220.27658974301795
220.01998672547862
219.80308340355313
219.56031991993225
219.27621685607855
219.0168964325628
218.86955995638039
218.86617545728853
219.01235054392805
219.3064786592177
219.74513458778367
220.3408876085249
221.02030912683125
221.73053438703334
222.4231896771832
222.97623780034294
223.33274957303794
223.48353825672405
223.50331996810993
223.44009642790908
223.3821391317565
223.38661744910684
223.35990141089212
223.27323687599642
223.19675308748683
223.17561068017991
223.22134271962372
223.23733496563744
223.21569185806408
223.19189731238782
223.18885694451225
223.2242346578181
223.25571531467304
223.28996037669592
223.33337843480354
223.32585347980208
223.2080272440902
222.8788668796973
222.34816168965222
221.71056137885594
221.0583371648779
220.42307505700666
219.80240965950404
219.21386418641967
218.7139952680842
218.2884112600031
217.94264257020166
217.71053488319836
217.67685293257276
217.82534612057466
218.11199907492755
218.40754709204248
218.51721841139334
218.36944656230543
218.03501703779233
217.62141327309496
217.24914574051093
216.96689092438538
216.8147902185924
216.7194837347062
216.64491105429823
216.62782148206892
216.63654238655022
216.73077465852518
216.93236918648734
217.23721052578895
217.69228237570144
218.26936484253093
218.82727416499725
219.2005466254507
219.35636377165562
219.28135734203684
218.94949899739544
218.50624164160007
218.17183177267714
218.09511617842213
218.35311414406482
218.80060808760524
219.21579405927176
219.48136948298517
219.53054140465903
219.43589952527466
219.26048983341846
219.04344191108402
218.84587997490797
218.73401215066716
218.7659595142978
218.96091967883757
219.2443443923047
219.5192140399854
219.74530362023452
219.84204276519776
219.80521310098945
219.7349031024322
219.67067926380025
219.6104317144046
219.54084806856906
219.4839319246592
219.49101202319048
219.54355139837196
219.57756895093826
219.60523468457268
219.71438365074445
219.97211716473734
220.34483402808107
220.80974248767393
221.3950229092706
222.0543797330528
222.79650827078393
223.61461264427095
224.49839703017543
225.33092787182517
225.9129347462615
226.18611369705096
226.1878939606258
225.99135490584726
225.6037317119203
225.06451997673759
224.51915472190933
224.01592876318173
223.54312660273646
223.0812671093424
222.58819820792797
222.1238778654995
221.7534715310974
221.48709886756106
221.36745044412703
221.41578695254378
221.51876208634687
221.62876156529057
221.8120356273541
222.03701303321515
222.21177475067546
222.31704356741216
222.26999975307274
222.0107622822431
221.62636659688638
221.2651112470797
220.9256897061117
220.6402625410869
220.51461973826525
220.54801549178677
220.67324645094146
220.87737640337852
221.05936065473392
221.11842066267792
221.09726374000397
220.9851293374207
220.82820265303855
220.6869761221294
220.54773376530238
220.36910076263786
220.10240206068005
219.74658710579598
219.29279993652355
218.72345795711382
218.13657104636476
217.60107755706923
217.1110645484796
216.6512925852836
216.2416614827735
215.93255294377127
215.806513080979
215.97079049425795
216.47167012756518
217.28614575540317
218.17857180232983
218.8685833863298
219.28658144051826
219.56482937641627
219.7877895719704
219.96857034676535
220.03546391275728
219.89785632088527
219.5720034581277
219.13484258555667
218.68975908138341
218.33130245276269
218.0880051793663
217.99068481465167
218.02100349399538
218.0976558085917
218.14443974254542
218.02743746138043
217.71374089563278
217.2651381927809
216.6889190581113
216.01756743023182
215.31720016892282
214.69119031129554
214.20273790233034
213.92607500413706
213.8413579306521
213.91283385663118
214.07511498853853
214.28931541740752
214.54794471168233
214.82675296798658
215.12331659932204
215.50265407799833
215.97326201565042
216.61837591825088
217.48094218246212
218.416710521873
219.25082419599036
219.90021455305433
220.38019361932427
220.7237036928296
220.93816125688173
221.03598053991294
221.07649531031092
221.081912590996
221.11124707642614
221.2168704844741
221.4146652988704
221.67588213511291
221.93447595018873
222.11628855893548
222.1546468523973
221.98060540914088
221.60846954254203
221.13652479763618
220.63237523690512
220.1193857141735
219.61000162879625
219.0911992806216
218.5547173057551
218.0511131096387
217.66670627641284
217.5182062511088
217.70156871311391
218.14658019617733
218.68130125631492
219.15566830287534
219.45356872297737
219.54834385996077
219.4181018360571
219.02098328849206
218.42786305523657
217.77024723706248
217.16895661859965
216.66754641126954
216.283742165927
215.97637634917498
215.70330695419653
215.52284306421683
215.42013482820087
215.5086328419393
215.4635408991864
215.1774892185738
214.6395405046715
214.23023868555663
214.0960723690206
213.91638892419417
213.78649156678563
214.29815179202419
215.18094671463027
216.22586397667925
217.93120859966137
220.93177364808722
225.1964201672887
229.67905003077485
232.2934442166689
232.42616421077977
230.57659689290972
227.21995233076714
222.59342498523705
216.98950113200772
211.20347422338062
206.25969109516876
203.32544939001326
204.28942223544956
209.86026587764707
216.85990621860913
217.35781477571058
207.1191196436451
187.63845975855833
160.64948776647182
131.73029281535483
109.14471886022262
98.03801290809274
95.67315499880524
96.22263077114265
97.88460283734477
99.69443658497728
100.97144804047355
100.76719728646216
97.10694687433751
92.41690013932562
0.0
0.0
0.0
0.0
0.0
0.0
0.0
0.0
0.0
0.0
0.0
0.0
0.0
0.0
0.0
0.0
0.0
0.0
0.0
0.0
0.0
0.0
0.0
0.0
0.0
0.0
0.0
0.0
0.0
0.0
0.0
0.0
0.0
0.0