235.60418513246435
233.94349274346547
233.17097955425564
233.98434616622686
235.81393886608015
237.71550450485955
239.20381780070244
240.34237605136798
241.17559376859472
241.61694574624747
241.72008632001484
241.54621646632322
241.0039638186422
239.95942725418584
238.47268656296438
236.83079126254475
235.35599812018648
234.29443637128102
233.66703370962034
233.44023754354592
233.62695054503996
234.36008419395762
235.85690731336888
237.99256712193855
240.33457318518134
242.55987856818535
244.57260190372114
246.32654289818868
247.8789195543149
249.2983865270014
250.54006314506145
251.58529350238513
252.56718518915946
253.67800186430173
255.02515209702455
256.60490035083785
258.2889014556419
259.80631916268135
260.9501013506608
261.8688999600533
262.93277938591035
264.39311191845877
266.2345487168233
268.25079810959
270.09126261030633
271.3472384966579
271.71778069725957
270.9877702019231
269.08724115417857
266.29691620459596
263.17006513851624
260.3271068794266
258.2281158464404
256.9571566952369
256.25553724648535
255.78390881633712
255.28636277951182
254.6184016309623
253.77926726443246
252.88564853605462
252.05111350705948
251.36945342011714
250.92579144583797
250.79875284066736
250.96031855582797
251.2644974459936
251.56361094466527
251.74439758015762
251.77923679630567
251.78096587943907
251.95850553702627
252.45166626493557
253.30874333820285
254.46491033287853
255.800484542143
257.2048364535111
258.4754877829016
259.43608330273076
260.09806933573185
260.5862919046599
260.9195932219264
260.9978247624601
260.8290758609052
260.5572971369911
260.3650748965511
260.39208961650513
260.6601569454924
261.12408192298153
261.7468210149882
262.48451303899503
263.2658012972977
264.0591683950678
264.90270514321935
265.9065026567273
267.1449572313257
268.56112686215215
269.96857439786345
271.1855464138171
272.15518798978115
272.8810564875745
273.3068259732682
273.2851684725963
272.7300355206376
271.73003437778357
270.5061618878785
269.27688060411634
268.1570131085645
267.23523223366453
266.4887559428341
265.82775555677983
265.3110457072311
264.97068535466224
264.7096363154151
264.4270690125852
264.08723625207125
263.6943022416396
263.2937403135288
262.95552351249864
262.706504605328
262.54427705433824
262.4560199959892
262.4502071906019
262.5278023859294
262.70470426226717
262.9841646218693
263.2959172496551
263.5382476969492
263.64091517525986
263.59592771554316
263.39447798246977
263.0642609149998
262.6711929640889
262.3084881596446
262.0155540400246
261.7587373949788
261.4907322013578
261.2202050346368
260.9928636822247
260.85795837543617
260.81598897096904
260.8060906182495
260.75480740411774
260.6317038912101
260.43992203327184
260.2090285710948
259.98769223636566
259.7792829947687
259.58462292644316
259.4321796749443
259.3483179148452
259.3220038783839
259.2856262355024
259.1751358910863
258.9541692073344
258.61017997814383
258.1606522624909
257.67659085343166
257.25151642916535
256.9848195878544
256.9417946199541
257.0912692686274
257.3610074145811
257.6792388593491
257.9837409723781
258.25885738065085
258.5319227367758
258.82558519075235
259.16262520434736
259.5655302876079
260.02813452755123
260.50829470246845
260.98235332302403
261.41670453320404
261.74395427195054
261.856642399331
261.6828503205125
261.253669375088
260.71203057090486
260.2531718084409
260.0309500101398
260.09703155047913
260.43884342319427
260.9844781609063
261.62093475661675
262.1931180648004
262.59062327996145
262.7987179071551
262.86938845637155
262.8379201960128
262.7054578025866
262.43653837486363
262.0428955365463
261.60119987180934
261.19174391881205
260.845086388493
260.5534331051904
260.31426845736655
260.13120276015036
259.98677444575657
259.8197348585489
259.5523749437765
259.1127920738513
258.5238596813334
257.8573739306286
257.27238780480553
256.9424591406142
256.93370430282806
257.1857449433653
257.5742196273076
258.0073915065682
258.40895532940846
258.7116151202717
258.8450279723068
258.7745415074418
258.5644887316212
258.3084121464542
258.07568730893007
257.9436943178953
257.93990434508703
258.12159570269324
258.48025852157605
258.9418752319064
259.3950343245261
259.7342759748972
259.8945223612188
259.8769120217162
259.79828166646985
259.7587796147706
259.73976988126674
259.66977621000706
259.48523384931553
259.1871795713745
258.8150402280239
258.4700278744033
258.23280983964935
258.19060676925324
258.2826077597389
258.411699785818
258.4695151358605
258.35902435402613
258.05446480080684
257.5821835676418
257.03019853196395
256.5106797245089
256.0924609525406
255.7761820013083
255.5504086099627
255.44534847158775
255.50863385693648
255.702964573598
255.94193742146717
256.1362603776377
256.22135563920256
256.2273313106085
256.2650781574259
256.44394397808946
256.80628459254604
257.2941260397804
257.8674897010676
258.5017446086588
259.0761513142523
259.48388515632263
259.6972242714001
259.76361365899925
259.78520786627354
259.8017276278283
259.7782404871974
259.6327142320567
259.30760930587553
258.77842488791015
258.1618825536991
257.64571669428506
257.42365848315404
257.5673468295195
258.01601394585873
258.5852755001707
259.029464932442
259.2487648712371
259.2609328221664
259.0980287613265
258.79199724226396
258.39040055227
257.96581136208476
257.5140056685573
256.9881747193438
256.4218121620441
255.88162626334957
255.39727045302953
254.9895385588769
254.66616172530104
254.4226536487206
254.27361374322717
254.16825040209858
254.03513169334076
253.88485616731012
253.77230841806585
253.78688947818137
254.0385073190758
254.54136010042305
255.22848508216
256.01053097818976
256.7942357074107
257.58293366016363
258.44792847684494
259.3703950644601
260.2232228582076
260.90377252644106
261.38628614479546
261.75557780535416
262.13549024057363
262.59591972737854
263.1223178996504
263.6072910585408
263.8598627905658
263.7631574182881
263.4095791116347
262.89922737600307
262.2440836995378
261.4597959962192
260.5866126670488
259.6913211426652
258.8586169514797
258.22700316270186
257.88861119612324
257.77361046460294
257.79194439336845
257.82691001523926
257.7846311200233
257.70774471718937
257.71890610827217
257.8556944303986
258.06574575355165
258.24266940572954
258.40314642745307
258.63771791673446
259.00412658602613
259.511267619509
260.0912682126817
260.61018922872756
261.01041370181076
261.3024423907109
261.52011113765485
261.754723081353
262.0538493596339
262.329556947689
262.5015719836562
262.52648357544956
262.36400508187353
261.9970046422893
261.45650913724387
260.8585037128804
260.324725718021
259.8792914394737
259.4867368654236
259.0865698196163
258.62750973966314
258.12536485702424
257.62153454833816
257.14328337338213
256.68168120426895
256.26311899161897
255.91011609237827
255.67346483866658
255.5774150820439
255.60832676103877
255.7547585426793
256.0394134822566
256.47259450698164
257.03542330538573
257.6651247195431
258.273594980275
258.81993484403336
259.267557517043
259.5164239844703
259.4844181590692
259.1721632351612
258.72385568432543
258.3243651388173
258.1193867973253
258.1413670408398
258.27092024768143
258.39827707915254
258.46793830832485
258.47034521119906
258.39794691001293
258.2386089602765
258.043677278834
257.8912691029026
257.7773067289964
257.65995133844376
257.51747238626433
257.3706048861121
257.30841909262915
257.3661852361422
257.51848460500906
257.7107415926446
257.90954189361867
258.12137107774174
258.3356152702102
258.5254219878028
258.627596137204
258.5415772635297
258.26099272825195
257.84894034795803
257.43353351491965
257.10757581915453
256.92792417746523
256.9082589031516
257.02275314010484
257.2114411103129
257.4440107131244
257.70640065291957
257.9839334259087
258.2705619624437
258.546845810964
258.77396068050234
258.8830447413908
258.7911096647191
258.5088772352165
258.13637883071846
257.7454496422639
257.44946091116765
257.39481732640536
257.64218003499485
258.09480335686254
258.59206167492505
258.9709230341848
259.16196604638327
259.15938421358203
258.9692291294001
258.6076793393431
258.1503041902845
257.7475394198339
257.5384191760878
257.6281360254879
258.0237368969297
258.65581162793154
259.4618680837814
260.34148504724067
261.1965321691042
261.92771059625676
262.4054015428221
262.5725059160426
262.47076765046546
262.2217433671534
261.92275140206533
261.5963624451168
261.2324535807285
260.8484726918114
260.51337550535766
260.27511201761433
260.1108772063177
259.9298637365067
259.6953816067063
259.3939303602027
259.02013770507875
258.6067672774852
258.19359736597306
257.7690604584543
257.3672136322346
257.1009789675391
257.0009281342061
256.99097113943276
257.03811697103185
257.0966962387064
257.1635560446684
257.26534661708763
257.4124852291286
257.57575727141295
257.6946686973141
257.70576183928324
257.6224149878542
257.47802897877335
257.35483258731387
257.2903318420572
257.3348897877865
257.629629729092
258.31709684611985
259.4070686362586
260.7297634802575
262.0006331507477
262.984152210263
263.53880687822016
263.703945457635
263.68240160607473
263.72640256012676
263.92237224418517
264.1924605016678
264.34836361284766
264.17731844386697
263.57025633921006
262.5597089128893
261.35361243263065
260.2567622403045
259.4510493028064
258.9489821181312
258.68981833956985
258.6223912244981
258.73980414959476
259.0752851368803
259.57066973807036
260.0791945055918
260.43086990093923
260.5561681028539
260.4682550261771
260.2415253709363
259.92459826736217
259.58971785574886
259.29490587285545
259.0736110006705
258.99621835834375
259.0714126362452
259.2068213519915
259.369336395842
259.5226164406627
259.6583430503857
259.7501511243101
259.72683584812444
259.55875919247853
259.2433235033859
258.877096918628
258.6448893879599
258.63021695695744
258.8036609851217
259.10132490102274
259.41380839263394
259.6200487127198
259.6032370186852
259.3175866361116
258.80638877979595
258.2350724611427
257.7803262312841
257.50482245004713
257.35123064335534
257.20753669838007
256.97005549195364
256.6456913730595
256.2749456844314
255.9393838721666
255.76871098701855
255.83148473281062
256.0863500365672
256.4738168171423
256.93855018102687
257.46666295497414
258.1079321859984
258.9253184871557
259.87335359586166
260.7562756326041
261.34835261356113
261.5293875766466
261.2970932803803
260.78974360319813
260.16746982516554
259.5775395655919
259.1196117019068
258.802120115569
258.5880806639718
258.4869061280233
258.49770234727225
258.5488614972801
258.54710919295695
258.46166444330515
258.33363225931663
258.24279507828095
258.24317289300893
258.36374541423135
258.54924843369366
258.6960558471526
258.7289556130428
258.6078730994269
258.3462750510109
257.9858112706186
257.52952509428945
257.02708269273217
256.5301617383934
256.05239454697033
255.61381283005832
255.20141657985732
254.82075981418367
254.45956347500865
254.182333457762
254.04121980218952
254.08050650032544
254.30823659344765
254.6875328275426
255.21803963002992
255.84026015477755
256.47378199090446
257.0898560621056
257.6963278716125
258.31560472462115
258.94865894770845
259.5350196256355
260.0192993901061
260.39014991325007
260.724428444607
261.16152172339446
261.81640458627913
262.7365123752073
263.88861350889067
265.1843310870264
266.50252570662417
267.70200866898466
268.6562444382298
269.24093976642297
269.389017313427
269.12450749490984
268.4957585935743
267.5742702658555
266.49249898282073
265.36652906254346
264.3269335440994
263.4918426905341
262.8669186498129
262.39667398050267
262.0658061234257
261.87960427911645
261.8063149337609
261.7877253250788
261.77216354608476
261.7637726479843
261.735407789725
261.5710275652691
261.2257162847438
260.7672239282175
260.28728082816974
259.8832207101273
259.6325944449995
259.55603269248087
259.5966209383661
259.7078011531984
259.87090965931225
260.0701289216203
260.2610248144274
260.3999051662308
260.5111151661104
260.6488098034715
260.86594594822213
261.1911354588763
261.5814161055144
261.94015121101506
262.19231436453003
262.33187298271815
262.3385480912998
262.18763212337717
261.87588121102704
261.4628670496647
261.08120999906555
260.76957428673694
260.47631725525713
260.160297836097
259.78320390345664
259.2875833084377
258.72768050999946
258.2335103269247
257.9591393202126
258.0126212671231
258.4013511748952
259.02617131103545
259.69213804495166
260.18757736549446
260.4149252132751
260.3537100234508
260.09605141208937
259.7754967897154
259.49582846432827
259.31858593006586
259.2119793200774
259.1097047617948
259.0278221549791
258.95615086558155
258.82070841881
258.60279877152016
258.32301216706963
257.9675653831824
257.5209295329822
257.00313445323593
256.5228040263938
256.14690241892714
255.87627530749032
255.7129889695452
255.66679752981278
255.7597936866526
256.0461918786436
256.50441472132627
257.04474284655106
257.5403759577057
257.8309940560109
257.86940679167355
257.7370833585898
257.56659331319327
257.499856452908
257.64947615794034
258.06752518306763
258.6375744093233
259.1770182159173
259.60059065783145
259.86607093358185
260.0190989777951
260.12609156072347
260.19970621720825
260.2383380224902
260.2417303342047
260.19010477324343
260.09721587015565
259.9877528838367
259.9019314932194
259.90264202474145
259.95932767068535
260.01669692356575
260.05395612479583
260.0693014366894
260.0971873014564
260.1837534987802
260.3504496230438
260.52694033409347
260.59664642786936
260.5484369651238
260.36615076088805
260.073681162596
259.75552690155814
259.45865805194745
259.1657791394278
258.8752263431219
258.5844027127744
258.33287338243855
258.1958833279622
258.1535800291092
258.1029165647555
257.93111794477096
257.59508138142576
257.12670832518654
256.6306443325851
256.2312396173694
255.95427037284944
255.75963426631643
255.6041200573117
255.47445740660396
255.39882583082462
255.42746611756962
255.5662310512804
255.77870418447537
256.0438496837057
256.3318358690062
256.5606578731665
256.6696341734604
256.7090773499151
256.7767742300725
256.88181216297653
257.0155859879224
257.128879257861
257.1742091453133
257.24169375069584
257.3792573765627
257.62940082780233
257.94930571826046
258.2888112416838
258.60737815943423
258.9245633569086
259.26563233760425
259.56583038132715
259.7281514793955
259.72428544495386
259.5508901500176
259.2701766715337
258.97014818566686
258.7050250249215
258.49786313466353
258.38904337670283
258.429080120848
258.5826646097365
258.7239647721751
258.7895338079782
258.74377539804664
258.5846373675838
258.3481215137976
258.09205662629194
257.8607467619173
257.64592410903856
257.46272541478606
257.3297834667302
257.2819326587197
257.263434744051
257.16924628086247
256.98598564274306
256.7871173612608
256.6581639961666
256.54933194783405
256.4265227464002
256.3051173748511
256.27722854940566
256.40211101409676
256.67764588429384
257.0597852181986
257.46578027575777
257.87493138693264
258.32210017987967
258.8013207008464
259.2583168247076
259.65576372643443
260.0397586516897
260.46473849786753
260.9384166946844
261.42376060908236
261.88426756895313
262.3064402183794
262.6511505400584
262.85115447394685
262.86358732701484
262.70829915062757
262.41735663364875
262.02684984393716
261.5962750259702
261.08630663600786
260.4720862436934
259.830512460083
259.3192194695516
258.97812655507573
258.712955430831
258.4971750792364
258.3896828971059
258.43616286640344
258.548272733268
258.6292928647235
258.623646517127
258.508540811458
258.32062350751926
258.0900481077321
257.8252866779101
257.5340483819342
257.1984978266544
256.84669401951834
256.56392527663274
256.34411075135324
256.1229115279909
255.84461622098016
255.4222085029769
254.87164150753154
254.33487009101685
253.93023423575022
253.7124118837548
253.59783080249179
253.47472904618115
253.34055512031887
253.22246430406162
253.18973506841445
253.2140692967702
253.29570647644388
253.53268635117723
253.87021389565467
254.20048407911762
254.50365788543235
254.71824727655508
254.66200025644287
254.36208068402544
254.10793616311418
253.99057436399247
253.99627849980294
254.16785426456104
254.43713628311102
254.70531917101653
254.95643195529777
255.196399736417
255.36238273111206
255.4190396063083
255.43138033662703
255.54268863792683
255.86631423225288
256.4487793356707
257.17443519201925
257.8379311861904
258.42647681604114
259.0741812935203
259.9407061809396
261.0326864863101
262.2347919999292
263.4866436778565
264.65601384645095
265.497252799183
265.87688961089714
265.7488617370029
265.13913022975265
264.1479518940175
262.92865171226265
261.7482139903758
260.79358383537186
260.09891779154617
259.6742043410047
259.4626903373844
259.32962552487015
259.10586786231835
258.81255793275966
258.614230861387
258.5641066595117
258.6067831610111
258.66982445472894
258.6755526497843
258.4650947020216
257.98486430361214
257.39971854734796
256.9202913231373
256.72570896267445
256.91427816948817
257.45903537543586
258.2397230629422
258.9823305472575
259.495343810764
259.8085742106448
259.9610935724477
259.88100331083416
259.64028263800685
259.3485478177031
258.9523818560415
258.4880518103997
258.0239303702378
257.5563156670221
257.18151592556353
257.0135132784024
257.033784534264
257.14261065703744
257.2411754479704
257.29489338084835
257.26695295232423
257.1492948404494
256.92556615120833
256.7030272488846
256.61825773890683
256.732057301459
256.9707766849083
257.18203552283023
257.28737706419327
257.26926882424436
257.04630710880116
256.58892462473403
256.00023818233126
255.36240825716564
254.805135066123
254.4852740615597
254.45542486649896
254.65208949664122
254.832587577509
254.7840348334267
254.50314117608016
254.11637243940385
253.79632021451835
253.5996610206572
253.4204318791642
253.14416232978783
252.7338491904798
252.18296836488062
251.52877693161602
250.84756476552644
250.2338409401775
249.81847803717346
249.7370627108249
250.03462703472587
250.65230432401805
251.45887364385348
252.35575517176224
253.28158402885975
254.16182584136845
254.9462777598375
255.6503274671919
256.35996984701467
257.1333808620343
258.00032752610207
258.91178771317544
259.74832057763064
260.40664358866695
260.90373317079445
261.3053058433272
261.7026550392617
262.1510216743744
262.5869384878171
262.88647990424374
262.99767609410196
262.8994592557308
262.60694383733824
262.165422139687
261.57684706480995
260.84003095835817
260.0187314414477
259.1904489090189
258.36513039842316
257.53465754855296
256.72898839301405
255.9830049058718
255.2669643461998
254.54660165135604
253.80896266014932
253.1190796612995
252.49922243957388
251.97862779130202
251.5520666876615
251.25949058166003
251.15089767080156
251.25213366226401
251.5421281118314
251.9189243063409
252.29169455680096
252.54801129669045
252.7197036523845
252.8841377171109
253.0541830741633
253.10923877187207
253.04155765398468
252.9287515853989
252.8328557101513
252.77420333280352
252.83045264947629
253.04053668198546
253.4632667998991
253.9998844230546
254.35687071616286
254.33812521385323
254.0212380888447
253.60173406503557
253.19121327032929
252.81667639436932
252.50595911426177
252.2475312769954
252.0055939706657
251.8142814330996
251.69804222856487
251.60291888498045
251.54813034673896
251.5365380023014
251.59721420058207
251.79123537157977
251.99953607297297
252.0747948489779
251.8877605567203
251.33123985335902
250.56998928378803
249.90051991156105
249.39083289837248
248.95245184877282
248.52147682057216
248.13269427215403
247.80283528520795
247.57759623369094
247.48886297670026
247.5580725967259
247.8253836283314
248.26414427574431
248.81014838184112
249.45120100578617
250.18912315329533
250.9591074889666
251.70321379285537
252.46285263783537
253.30835263472804
254.2614028984448
255.2858741944152
256.2405404460967
256.83266101903394
256.75320147910395
255.89600396931212
254.51596990480266
253.02446922458324
251.75385762242462
250.83276965394603
250.17340372553318
249.64040913331485
249.1310571878409
248.58980537777967
248.04274346764433
247.5660275724172
247.18576970656295
246.9323647243566
246.86174751750207
247.0119016994435
247.3715804149823
247.83479239498874
248.26692703949897
248.58109429733872
248.77836287041123
248.9470875884278
249.18730716386693
249.55549865335217
250.08775658968736
250.7261433595157
251.43504554720317
252.20172356427474
252.9698356955322
253.70964446336984
254.50334962224198
255.48526077760584
256.72897445275237
258.1523203619582
259.65871347131696
261.1497736109303
262.53085904319227
263.7485027090141
264.76619120258187
265.54099198081485
266.1110700793246
266.595189222354
267.0529930197449
267.41261604974477
267.59728748635325
267.6312194262011
267.4935234354491
267.1392745041865
266.5071164712101
265.6324052431509
264.54806169834285
263.30560397399034
261.9739525076145
260.6099127083701
259.3116119835992
258.26871239998064
257.5257636872973
256.90513514557205
256.1228548541465
255.01445258697962
253.89910022753475
253.12471686151315
252.52268642568288
252.02582658054502
251.73106946676222
251.5592510908774
251.56532349578407
251.85540368930432
252.45760286278332
253.33675535405382
254.36661641485722
255.51477899361234
256.58819531483726
257.4352898244984
258.0576082317679
258.42637792921016
258.5121171037471
258.37646303548405
258.13882252936037
257.90138786671525
257.6337119727166
257.2204432908593
256.5120674941943
255.49707713572286
254.4388659065975
253.60746575508333
253.03021035286676
252.65155735682322
252.43899856545875
252.32823406927366
252.2653933683127
252.16497032877302
251.97210821834807
251.78018830049484
251.66727104290607
251.58460179749935
251.4808752608622
251.4228123707333
251.41335633274363
251.36700009387008
251.34447609739104
251.42836037923766
251.598567263468
251.8411646373757
252.15107494314168
252.45795998121912
252.6992109807452
252.85212828053213
252.96569973995406
253.19330906665905
253.6585479279746
254.428631326961
255.48774887694094
256.74525489655764
258.1238471712727
259.5888990274291
261.0841507924015
262.5568326256363
263.99525797622516
265.43567624187006
266.9157864941674
268.44545766414507
269.9662870624124
271.350965671323
272.5283652947255
273.50755370784304
274.34225097610465
275.0464671387217
275.572083124169
275.86300931775537
275.82911988680297
275.36416522262743
274.3913906634818
272.90051733395956
270.9743683183594
268.87262723690685
266.9410334887349
265.38611200557614
264.15391533526565
263.03164666254577
261.85145252098357
260.54650059752043
259.2243569460096
258.10491561094864
257.3596132649674
257.020136536275
256.98054610545177
257.11082201364434
257.25608246639626
257.2579147119692
257.1197513703484
256.94922846843565
256.75559933579314
256.56728341854773
256.5011392281051
256.5320284762192
256.5626485895816
256.585487226818
256.6464092422463
256.82621782402816
257.17947339841174
257.71153280509265
258.345660088424
259.061420885558
259.8642544208732
260.71149025792056
261.5622679746958
262.37340162694784
263.09153031325457
263.67979677505406
264.17321798770416
264.6262837895112
265.04044043005695
265.3474935565738
265.44660468943437
265.25606523174906
264.7407866765544
263.9405237073264
263.0131711332892
262.1184105065528
261.35408557972363
260.7055817762034
260.06670398643314
259.3725656851824
258.6106199866112
257.87734059943534
257.35856655430905
257.1759924079074
257.2974810883283
257.5780872310882
257.8125953634917
257.84335137491166
257.6402204822342
257.2579915687026
256.831076335419
256.50875676682847
256.3671755765702
256.36290216439227
256.40458446838267
256.46414110552774
256.5181941500856
256.51846058569015
256.46373785279053
256.38252806916165
256.2674500653629
256.138176556208
256.04235258905885
255.96484022908112
255.9092552873375
255.82865114539015
255.70933695144987
255.6236673753955
255.6517016351776
255.8849677282679
256.34418787747984
256.8614674126659
257.27753415215767
257.52474582940835
257.54755136774537
257.3766449259894
257.1750740350608
257.15159040150064
257.3526088048036
257.69402513429185
258.16671074710104
258.746668620316
259.2779825526983
259.616160626769
259.69463691290997
259.4444991525427
258.8727464139714
258.05240934796916
257.138594530124
256.416400009172
256.10842801772003
256.28147358060806
256.8394863843429
257.61222927999415
258.4693932929299
259.2979696921816
259.97834646006527
260.34293958118417
260.2910016481425
259.84684230240464
259.10013201005506
258.29769450418394
257.71998193060836
257.452379878448
257.3673912034524
257.3664931146433
257.4930605206463
257.7405556717384
258.0793473489117
258.47839047685716
258.83627939206104
259.0081521763999
258.89739893631156
258.58870245528317
258.21064796650467
257.8626566721984
257.59724195466083
257.3314360934039
257.01531170021906
256.6322629110674
256.26738827576816
256.0137296781029
255.87775597333277
255.76743771702354
255.59575332332315
255.33391510551579
254.9953331849535
254.67335671445775
254.4425436839541
254.4082125527914
254.62243564856917
255.025891570737
255.53143572673633
256.02613335083754
256.4874352228579
256.9888726660294
257.5264206328709
258.09415669225876
258.6791143681709
259.29301987184414
259.9588856113759
260.635811719124
261.26293885399946
261.74196262039266
261.92532749663286
261.6962190871259
261.03585284150716
260.0839422788322
259.0017736938691
257.91314191157596
256.8484885781995
255.83803991777984
254.83695419882775
253.6711951415405
252.37735519473117
251.15721936788748
250.14645851918908
249.41642998047013
248.9399514260165
248.62685786242477
248.39595314583605
248.22634308781198
248.1983612642968
248.40435914267434
248.76235874988024
249.22117329374817
249.7371668275341
250.2579751102488
250.79154542084927
251.38493022528544
252.0559953238885
252.79645361409274
253.60570401890953
254.62877681902347
255.89320208423493
257.22952428847077
258.49816755833604
259.6956244673371
260.86527332646693
261.91736214462213
262.7550435540946
263.2307231514169
263.2926870347816
263.0207966964296
262.50992253708966
261.9680783157014
261.6065673760563
261.4778353896619
261.39890634431
261.25936473124784
261.0469969624116
260.81966074880154
260.59368695122146
260.22503249508173
259.69685764584415
259.1999617353146
258.856553627454
258.7619719582271
258.88848182734023
259.0783597856792
259.2350689228919
259.1687596562026
258.8490487076592
258.4228057660125
258.00204838845525
257.68224574265906
257.4974043747183
257.45207094854004
257.5902285124903
257.81542248280726
258.01763287722827
258.09545135932717
258.0526446753525
257.9780452007885
258.04050772752095
258.26113291271355
258.47756469934785
258.6034370951909
258.6105610331133
258.49232418568874
258.35520299648715
258.22910885709217
257.9840513572735
257.60874692195205
257.32782537120005
257.30015225087647
257.58294591186456
258.10285074695486
258.67510181862417
259.19045422271597
259.62125709600616
260.06228642573626
260.48336008807667
260.7835533432381
260.97099079952005
261.0527852810607
261.13318642771014
261.27464900901697
261.45860689450944
261.54540972348894
261.2964071404367
260.3602437617378
258.23756205968806
254.35695583908284
248.41325500265594
241.1130990247351
234.11055364186643
228.59968271001588
224.40135610790477
220.94509136430594
217.53938050947784
213.2421274613943
207.6140621332045
201.19079737530734
195.12815825959552
189.5941952003713
184.0087645141257
179.02151196774136
176.1737385863848
175.3931418599153
174.72181152857146
172.96194515433518
169.91593080412147
166.6647144690893
163.14400125270916
156.49629515921734
144.90918994146045
130.35172460514266
116.50947234315943
106.87274714133798
0.0
0.0
0.0
0.0
0.0
0.0
0.0
0.0
0.0
0.0
0.0
0.0
0.0
0.0
0.0
0.0
0.0
0.0
0.0
0.0
0.0
0.0
0.0
0.0
0.0
0.0
0.0
0.0
0.0
0.0
0.0
0.0
0.0
0.0
0.0
0.0
0.0
0.0
0.0
0.0
0.0
0.0
0.0
0.0
0.0
0.0
0.0
0.0
0.0
0.0
0.0
0.0
0.0
0.0
0.0
0.0
0.0
0.0
0.0
0.0
0.0
0.0
0.0
0.0
0.0
0.0
0.0
0.0
0.0
0.0
0.0
0.0
0.0
0.0
0.0
0.0
0.0
0.0
0.0
0.0
0.0
0.0
0.0
0.0
0.0
0.0
0.0
0.0
0.0
0.0
0.0
0.0
0.0
0.0
0.0
0.0
0.0
0.0
0.0
0.0
0.0
0.0
0.0
0.0
0.0
0.0
0.0
0.0
0.0
0.0
0.0
0.0
0.0
0.0
0.0
0.0
0.0
0.0
0.0
0.0
0.0
0.0
0.0
0.0
0.0
0.0
0.0
0.0
0.0
0.0