274.775136456185
276.7054715326301
278.6970165518846
280.44353421593496
281.9614869685738
283.3063722172694
284.53248353144767
285.6040891392402
286.45478681239393
287.17071798353436
287.8532775017866
288.5609015898357
289.30533335196026
290.1628270375995
291.229506415542
292.48236430885873
293.7436514217923
294.89269659236044
295.97808023482645
297.12459371006594
298.41077948496246
299.74265770939496
301.06857218422914
302.4730246570974
303.95181245791093
305.32286637476443
306.5565253348736
307.6903859986793
308.9276188431911
310.38258928562107
311.9590169892474
313.43770687583554
314.78973621055104
316.05099483326643
317.1006097630647
317.96883120888714
318.8732722553689
319.8558741958721
320.8943374596941
321.9924825157884
322.96290900133505
323.4531631341517
323.51723493852137
323.63928116142216
324.26626562839147
325.43422225574864
326.7902284987472
328.1384649128262
329.5151316947147
331.0956203237124
332.73669851757796
334.1999934742174
335.43703931445566
336.4865014365116
337.4193574079928
338.5245555644724
340.09345896066424
342.0671377227701
344.0007950122525
345.63955695936954
346.8489287059577
347.66951776647835
348.1925169555923
348.451966625874
348.4396751353708
348.1356740580116
347.68427673857553
347.4097536790141
347.5350609696684
348.08557611203514
348.7140856619619
349.0076426591598
348.74001954640994
347.8911869895119
346.57331210720713
345.06688428216984
343.8202242260592
343.0311338748942
342.46148746093695
341.86329358326543
341.05665093363564
339.98949728591606
338.7681739533513
337.69604446933505
337.2672185983607
337.69572450553056
338.74654759319674
340.00728676871756
341.0518023515667
341.7120839648551
342.1756995388156
342.85131328362877
344.02025977841055
345.5715277799105
347.06756207837213
348.0897760895771
348.5584769773523
348.6840349224541
348.8194443647587
349.1955161755203
349.82742887443817
350.60489648396947
351.28600838248576
351.5742194274145
351.3810353408887
350.80307898063046
350.1027241979789
349.54066248425124
349.2244167324026
349.00423629711787
348.7089926994101
348.13201441275964
347.1984854967594
346.0687274367711
344.90980147693404
343.91241498150504
343.2275579136327
342.91681270946754
343.00210352279885
343.47393863159436
344.3146739478625
345.4195967143595
346.5928552724644
347.5234032912696
348.1518210485836
348.479869029752
348.4460058765909
348.23367384296876
348.3106418620996
349.013452743671
350.2790372659765
351.61325682545805
352.4378584834538
352.32324885046637
351.1756313910068
349.43021006214803
347.6643153862577
346.29862304134485
345.59453321671
345.5576775208276
345.9859113783449
346.5637095884008
347.0795746163983
347.61535755323234
348.23145815276695
349.009572642877
349.8952212175401
350.56126366623954
350.7644636131939
350.4118813958647
349.5215175313109
348.2505708927946
346.8213247897813
345.5017192519985
344.49066639165676
343.92923134578905
343.8852866576933
344.18746252300764
344.60023005955
344.8933952817666
344.8847623095382
344.50654224545076
343.97341989172105
343.39713568319354
342.7227317868699
342.0130216173065
341.42916573465016
341.0931210320123
341.02096620425834
341.1967294248612
341.6886980666393
342.3784285825305
342.96007086342837
343.25505693588053
343.204174312851
342.8840745338404
342.3861153268484
341.92838658598066
341.6383357730159
341.5079838521764
341.5772953683897
341.86988070800214
342.4735008784792
343.3655949560717
344.47623444353985
345.5146450808183
346.1292306267618
346.0273118702896
345.2662805517813
344.1790101636587
343.09161143531037
342.13976176518673
341.3298888479663
340.67992526820393
340.15823495569725
339.723791506436
339.40556092911385
339.3070256314506
339.5110866754927
339.8992414579273
340.00460319498075
339.46499580417657
338.45520598880785
337.4980837551138
337.1016840480314
337.4724918167792
338.5569130860728
340.091554036734
341.5890715774018
342.5919714362493
343.0519159395576
343.18992218237275
343.3043628916972
343.46975449161755
343.6892589931502
343.96773622458306
344.4997596167566
345.4390647763882
346.6038481537706
347.7251385946862
348.4864666425946
348.72092249218133
348.3238724271803
347.3894779836773
346.24929711475716
345.40081344607415
345.00108385238366
344.8399487611716
344.6719345288099
344.35251921814375
343.93871367941273
343.4859624683344
343.09824403945345
342.86162106872774
342.8291920730847
343.02101481754545
343.2745312861241
343.4813340374822
343.4484367302776
343.00684760621505
342.10285691754746
340.90736954588897
339.74203671094097
338.9371437993066
338.74033717562554
339.2179534642555
340.1989508354892
341.50148576675673
342.93250144266017
344.2390717243167
345.20123320390684
345.79504793014655
346.1897054573797
346.5579549783854
347.00383798513496
347.4048748492087
347.52610170742514
347.40728266698284
347.13605806281464
346.96095589425147
347.09964959913236
347.54944795375474
348.1915071798438
348.78261455590246
349.08495974912677
348.9797724996831
348.41577295574706
347.54348667861836
346.4966279992834
345.40769808100623
344.3843410427062
343.6262008328097
343.39350675931263
343.76807229689393
344.4543402536255
345.04190252543845
345.2961502172928
345.1054964747005
344.59680797398227
344.06026571353107
343.76361650311514
343.82527639304357
344.22693002050835
344.83734070104333
345.4573305566895
345.9540109646456
346.1791745486905
345.9711485350327
345.38244400607255
344.57869703202556
343.8558526217814
343.58835020380775
343.86346561366406
344.5473044280803
345.37314165894423
346.064775319269
346.44416693397034
346.38142231464207
345.87271534902334
344.9956993162039
343.99450591492325
343.2414967601441
342.91389393521115
342.9085588175415
343.0693557846439
343.2662867365624
343.4347306126392
343.5259894887437
343.56173213774025
343.70166580602404
343.9967764946438
344.32749995946114
344.45307389275507
344.1155818649051
343.443605363831
342.72720180283414
342.2321740971945
342.1457097236894
342.568432080586
343.338187585219
344.2030268579102
344.98176706557086
345.7115604810536
346.43723184095836
347.0043196778462
347.1493430579344
346.7116040427979
345.8087954623299
344.7363153024107
343.9519657279984
343.68491682206354
343.93070445417067
344.5086883631292
345.06519863333824
345.2464346216159
345.01662984575114
344.6315959371165
344.3407489853206
344.2430339770457
344.37336487731994
344.63617587073264
344.91677974439835
345.13329855960023
345.24828578403776
345.2383186546713
345.19383766056836
345.1650997447537
345.1226759214384
344.9948049820775
344.69806891817836
344.19560568294344
343.5357782306105
342.87240108527845
342.37425043416715
342.18444225463105
342.2791194639111
342.59048528431026
343.04520745369877
343.6533760675399
344.3674212100177
345.1878132624762
346.1138627093934
347.04726305551634
347.78265171623275
348.12339855117887
348.13851942918456
348.0636206362316
348.11168098812084
348.3288653688305
348.61167289614025
348.82467768452
348.9690811468707
349.1383716635798
349.41497994756423
349.92816533699795
350.7207904963087
351.6951041724494
352.59083065878747
353.0823608710525
352.97342348652387
352.42090977236194
351.8247241523784
351.4896892458779
351.3861328104356
351.4029766391124
351.3992892187277
351.1785712793894
350.5115631899718
349.24968067039816
347.53308481348995
345.7992004498682
344.4556935687549
343.60564275357297
343.02471336436304
342.4952724794889
341.98741884941575
341.68417402905527
341.8376107403592
342.39845256708537
343.09986833572816
343.62788208653905
343.8485806980065
343.7399827003418
343.5248561517633
343.50690699252914
343.77773922087874
344.1874630672868
344.50287720077216
344.6399525132587
344.7126139704177
344.87834697109304
345.1760897727901
345.5615730369987
345.9043516044586
345.9463166886046
345.50314628712624
344.7938799483411
344.0224264561615
343.4679408954913
343.44698742907394
344.0049194267365
345.02109439429455
346.1867549519175
347.05706295912535
347.34778133404683
347.01080282876694
346.22019723574124
345.41416379366365
344.89802897574384
344.8454372653182
345.19995791705276
345.8668921728398
346.6977260951526
347.50885495990394
348.21123986414966
348.74055261535494
348.9680777178267
348.78175479666635
348.1240562003396
346.9780489485942
345.49685221263326
343.9829989654772
342.78577089639225
342.0254856287066
341.6911064248808
341.7572114231864
342.1802923140032
342.8690354975076
343.7665116639588
344.7720137323771
345.64979174649307
346.13548206676427
346.18858802332363
346.1163271769966
346.2160782880908
346.63421083477454
347.33174773472246
348.0206148313204
348.43784575725454
348.42720541986097
347.9967978740525
347.2312522009207
346.25595174139295
345.24608061848306
344.52674138504403
344.365517992744
344.84368656664304
345.80846894490475
346.9489816966058
347.7467437959786
347.6231056024771
346.46274630293357
344.7107569831041
343.13732513127826
342.4697391485095
342.93507880952745
344.1115965655314
345.4766104230566
346.59302381562816
347.1790888216917
347.0249723847455
346.01057493786107
344.40560988025095
342.8209871986727
341.72013831901694
341.18281754913244
341.1470277350894
341.50671267729143
342.1284098778461
342.8618632907711
343.6249698147217
344.2900099073586
344.73835861584456
344.9022139670541
344.7241572444406
344.3555529532827
343.85683151800436
343.2256203146908
342.3877367410232
341.43196523304226
340.66810092614054
340.37070962366465
340.7170549551478
341.79827338238
343.314719030315
344.80698818346775
345.78004032442533
345.8635708756601
345.0398099340508
343.5800174674292
341.9853325109417
340.7294959825762
340.0680023673593
340.05681959580943
340.7959337083974
342.22333909160045
344.01324086400274
345.6208590914767
346.48203603074626
346.2401333876072
345.01230361147645
343.201731358193
341.3683417578426
340.0681719282976
339.57610928722397
339.8957365123629
340.74221949877915
341.6164523842442
342.1951058688407
342.39412487400523
342.4065520770165
342.45807276020105
342.48827685800296
342.35982175803633
342.051724078514
341.6759470680595
341.3513399243198
341.1469121579586
341.23309394112016
341.782775810505
342.96169189610504
344.62835634322863
346.3355375372313
347.6651865359762
348.29139494355945
348.16480956227247
347.48036484058775
346.6934562958833
346.214131093559
346.1179001105576
346.30787031848627
346.53351188022776
346.6057500736135
346.4685377077181
346.02829515235817
345.352119407802
344.6120363450622
344.011516682859
343.82472592181637
344.14966874561014
344.72693153752635
345.00162753054565
344.582970701966
343.63922809172004
342.6467567913495
341.9364787685979
341.6620832733392
341.86631123994425
342.30754617751836
342.6681478711152
342.59801541282144
342.0405656923314
341.25586817470935
340.4113467308235
339.55173470278316
338.9121843623905
338.6705603666414
338.8593388460708
339.4324246818203
340.2981310982
341.2466913346751
341.9932160808217
342.2984696688698
342.2084528312987
341.8430533183088
341.30884998505945
340.83552484952867
340.68178214070144
341.0083182849846
341.69367581651335
342.66397563325023
343.8942145083323
345.3072610641577
346.6931908519264
347.8222538380911
348.6067470403103
349.17092895762494
349.653487442446
350.12201911240857
350.5691193848605
351.0315949300396
351.5207652324458
351.9989978592257
352.29747233681064
352.2582603053768
351.6896301681261
350.52750808044846
348.9851133358361
347.43139735048027
346.3157594916365
345.89635085174234
346.0652900227245
346.46143123185374
346.8156664649421
347.0644108961791
347.20351240581755
347.26596838986717
347.1697642708877
346.84754784048835
346.33829860454824
345.8847476066533
345.82303050792876
346.27567602590796
347.15028030107584
348.4323278140457
350.094573333298
351.81318854965735
353.0103795055114
353.44516850811203
353.35800767377475
353.0992020073762
352.9802738517664
353.15439766451794
353.40338422605964
353.6035821602776
353.6950028787674
353.44921726824407
352.81084116281477
352.0845598008181
351.5883944003077
351.07942485114904
350.3286252465071
349.2199907698023
347.7987313176187
346.35259129195606
345.1690436732047
344.3646431371133
344.03550847385645
344.0752270001091
344.30038793810627
344.57102408305593
344.7887986650115
345.0386725844425
345.4079555838107
345.92702453463414
346.52512191973
347.0996964149763
347.57347222546235
347.8301185977148
347.8855209786301
347.8144880599662
347.53146222287853
347.19697938275124
347.014534019858
346.9745828946063
346.9850423550862
347.099993850842
347.3881012101964
347.7445073639893
348.1073878040885
348.6252385388167
349.2593856892638
349.8498966134906
350.1055580471589
349.81860639203717
348.97890207676494
347.8200811273709
346.6699191389205
345.773585356785
345.0958240433972
344.5336276467089
344.1050304839065
343.8181370796291
343.69103303182123
343.6009993286883
343.3247320024512
342.77868394057634
342.04520914040216
341.1397440209928
340.1647587547072
339.3904584784199
338.88603597063343
338.6034079645672
338.5005875555695
338.6045333821497
338.9408178010994
339.50341191682855
340.14998810173427
340.587677708686
340.5680075978973
340.3049519584266
340.1407938570991
340.29039764718357
340.81946905359524
341.7200873610375
342.8646463357748
344.25059496733473
345.8381746758446
347.6068224533871
349.388931350281
350.78893258466303
351.3999663228693
351.0338711044132
349.84212260539505
348.0218968764595
346.0012948341554
344.1526462320504
342.6395602501532
341.6311379747417
341.1932647435136
341.2490279622458
341.5904000345001
342.20575926315945
343.06829803084383
343.889113560342
344.2678246328657
343.9464815069927
342.9656404380129
341.56315809021197
340.0835695737525
338.8553674326247
338.0207552540272
337.446191056863
336.89717759834275
336.263087413915
335.7106152075254
335.60848398913794
336.0545342254032
337.1514579502536
338.8856635494889
340.9482513288664
342.90278831108526
344.5493952762034
345.9616334707529
347.25638414536303
348.60275415107367
350.0188843027994
351.7466743364593
354.1235471354414
357.17798605453015
360.7200380538826
364.4499196546858
367.93037462024483
370.78184531706694
372.6436034561997
373.1703426514615
372.27097340744984
370.3567087113644
368.0266979962576
365.79514081321145
363.9051009986293
362.0460051397422
359.7757727006061
356.79623676231813
353.1207733866579
349.2334313786442
345.6120855992873
342.5997378220026
340.34566416780325
338.6748996707202
337.1440908841943
335.48101081744653
333.7480733872592
332.0889911898644
330.52804697970254
329.10897646462644
327.6959493355136
326.2204648245205
324.94542599866656
324.2884002110755
324.5181430612125
325.7029919981841
327.6879884914889
330.1682475482672
332.78624848348807
335.23965316459004
337.25541259917145
338.69807654254424
339.68196544948296
340.3665976763323
340.76847367736354
340.8082576047894
340.4338592085914
339.58311732352433
338.18213865920757
336.72432003814885
335.9300922667903
335.9344885373232
336.40012087845196
337.26161620476444
338.56596378351855
340.0019856550023
341.04325315109395
341.3674649347275
341.08404946318376
340.5205166191339
340.08812791806895
339.95462179288415
339.80597801878065
339.5828300081049
339.56354672107005
340.2207999564432
341.62125708419114
343.5177218037393
345.5548450766938
347.316684289873
348.6784993321554
349.6214048947133
350.332759246179
351.04739797119663
351.66988049463083
351.85205629248026
351.42243263283115
350.33720688892305
348.50114735759666
346.07913867465106
343.51154119446056
341.2840578201617
339.5801260558955
338.46568760976805
337.8770737810663
337.45751841345606
336.97117230400363
336.2692225883742
335.49835443533243
335.06664729420197
335.1171958969138
335.460026565886
335.70738454680526
335.5477800752086
335.183018620658
335.0398261642804
335.4212920638962
336.25370667540807
337.25982246123624
338.07174240471704
338.5065886462654
338.70663977498657
338.81196716024965
338.78878559333623
338.72758623035133
338.8041398634585
339.0562649326688
339.4814743088724
340.11517788718544
340.75923930492615
341.32030810526936
341.928126150447
342.65165329311475
343.5659562757288
344.51247243869403
345.2255901239799
345.4526328133971
345.05815085946085
344.15148883540434
343.1296208701068
342.4358008493639
342.27477287624083
342.5652766809676
342.9944529778835
343.0981804827198
342.78364188363236
342.31320138116007
341.8494900942645
341.3690990083061
340.80035966272845
340.33449448409135
340.08987119520737
339.99963465943586
340.13983321145804
340.50569300273037
340.8944239571681
341.06923832012336
340.89625064984494
340.41657793608834
339.80156730878457
339.30093052719064
339.15252856954805
339.5924835828022
340.4587729800078
341.3780383895006
342.0959107015293
342.51035046962403
342.59116098203526
342.47963776578104
342.34105821234425
342.34383171069834
342.4946731420414
342.7805711892027
343.0622860588711
343.1827255521855
343.0169086378289
342.5639859772139
341.9523027425301
341.1980823409623
340.4896646464463
339.82735653734323
338.9047879746361
337.50636771304494
335.7968350320765
334.1328065813882
332.76138917206686
331.7127171595682
331.0899173363654
331.0749105346364
331.709459425827
332.784382559061
333.8935418254379
334.89288331737885
335.91573776243274
337.0874905020461
338.45547081770326
340.0423811974509
341.6397751943961
342.8137337858556
343.44025097544636
343.7268452564851
343.9861123262557
344.3833587628144
344.9017938895611
345.4210786768378
345.85280806460605
345.95004906454454
345.4698582514608
344.42651055806834
343.08893814765213
341.64161478433346
339.9568908350695
338.01961637221547
335.9692841806708
333.96674968415874
332.0279632095064
330.26815682878953
328.95154394192707
328.2777375720248
328.31011530786003
328.8836308507292
329.70909883431926
330.5581521139012
331.25844852897126
331.7877008363989
332.3793925754005
333.30444077581376
334.5632670289974
335.8220332186137
336.8028781628402
337.4464038151702
337.7078506051867
337.67032255770107
337.68060732123223
337.984909322145
338.5552357876395
339.306178436942
340.1004179329922
340.7675137265464
341.21274668690864
341.3745465040678
341.1852226768406
340.7308191503956
340.3940838636982
340.5599321355851
341.2734240613204
341.9769568257324
342.0598462403621
341.3788200072389
340.19612193406834
338.97608531276677
338.1537992913177
337.9297598978896
338.1499282427652
338.3119733014678
338.0330830414272
337.4736829883415
337.0676639623419
337.1669361984875
337.8916479004173
339.1450990110264
340.59695028211246
341.99217371238797
343.08321221783183
343.6644209445992
343.7071266719888
343.3139712552509
342.6204576121046
341.59325048124094
340.4039237784302
339.27392879124534
338.4632067700773
338.1288539475513
338.20414470285164
338.57089872171144
339.0060188850686
339.19416873000273
338.84045179348607
337.9645814068931
337.0269286903277
336.3113746799048
335.76879496096217
335.30388788741016
334.9714766204617
334.8987009822039
335.18832975859317
335.9028474634756
336.9070505032732
337.95623069843884
338.68269298849157
338.9494669853463
339.0415969178267
339.33223414521103
339.96666173936507
340.78202746101266
341.4988027791485
342.00299867686806
342.2297946440898
342.2039639942241
341.9934809194345
341.65301126595887
341.39547408633274
341.43185168811056
341.7269773062053
342.1721228941185
342.6725677868743
343.264311250862
344.1103294448433
345.1159389220594
345.9043539756686
346.0851470287944
345.56292906282454
344.5768140686103
343.5435965662572
342.76871376135625
342.37624222445896
342.38425022647834
342.6663574572363
342.89451746045285
342.7177952722807
342.0396171069712
340.96147015884526
339.50275619851095
337.72755648981865
336.0058457725369
334.5985406830853
333.569542581906
332.92979294825034
332.65690735082757
332.89251218113947
333.63973231693427
334.6522197134143
335.7335727923171
336.8078018298153
337.7698954811142
338.6147784981024
339.5381687835725
340.7670677020435
342.2138770320145
343.6236517018757
344.78917858510675
345.55182640737735
345.81157943419487
345.5161823584193
344.99346705256426
344.61098412666655
344.3188505497878
343.8554873004217
342.94425195509604
341.61405629811304
340.0505061024215
338.3742232304182
336.8287233100709
335.7290254287322
335.19453854670724
335.08470041269186
335.3840102083517
336.1726078046046
337.212073048248
338.2076604658872
338.9959410611171
339.4408664170322
339.5005423141623
339.2336502378878
338.6152286314075
337.52166755503873
336.0713838853663
334.56268171742255
333.21885578761203
332.1611949666972
331.315157041618
330.6256538832249
330.2128595543727
330.2488564295542
330.79538621169877
331.8317943972672
333.319117173201
335.1294288038193
336.8138342763276
337.81433098202024
337.73886088239936
336.74546385434553
335.3628838597316
334.09668189034085
333.2231831896587
332.76335196863914
332.74888156856605
333.3233635700076
334.60991943509464
336.4047749591015
338.1746565241065
339.49280995271187
340.20372289569514
340.1798601696433
339.47858657234195
338.41437792998846
337.3999928976664
336.68383142409016
336.15698754908556
335.733044437207
335.46196934382556
335.42872444273064
335.83891659633895
336.6826249480684
337.81094517222294
339.0240532631958
340.12993436600726
340.9038726378669
341.1936867207561
341.025619446856
340.54876361882634
340.10179614173717
339.93918288665236
340.0122863386241
340.07536873144494
339.91981283304153
339.4899634578371
338.81455293874404
338.1825305109562
337.92241063656195
338.04236764084567
338.4934446317284
339.1922471688315
339.9330645525938
340.5353386907087
341.1375686943433
341.82467335113836
342.3584558843375
342.59123814430893
342.5648990377665
342.2994471933638
342.0076009688699
342.17246947786214
342.87260052969395
343.77630987976283
344.44886449735054
344.49974886095504
343.81317395370274
342.7174640954105
341.8181872269207
341.45269156321046
341.66605483347905
342.29760293917184
342.8897169843826
342.98654269177564
342.6207759100772
342.1269193945622
341.8612422776267
341.7190549658263
341.3778910054826
340.6025977882129
339.5742077436251
338.73091244269153
338.18460709804094
337.77742120380816
337.3446666405319
336.85732241837013
336.41785649278773
335.987415767385
335.4654023297043
334.8840333048613
334.40159124682634
334.14614640943654
334.2421738934786
334.53274697308115
334.80417730318527
335.1582405240773
335.7081447143805
336.37440738703395
337.0713955236295
337.8307957743682
338.6660595629866
339.5059289021384
340.32122056165724
341.2025027557493
342.30689900702254
343.5925176271949
344.9778019920235
346.30293053196965
347.3009634113717
347.79163078364996
347.81697734038397
347.5727475177249
347.15007837310293
346.4566527940307
345.3441481357563
343.8681564896199
342.29326085660114
340.92702033591377
339.94481602850635
339.5251919014961
339.5868087353119
339.89516923967227
340.1748138031421
340.1145229284965
339.52923864590565
338.47597096095933
337.2320457380584
336.23398138843874
335.7633927187985
335.75710483676346
336.10771492767685
336.7012537351284
337.22163185943236
337.41497860633183
337.1965147707727
336.6604658526566
336.06066981156613
335.61991748821015
335.45531991972337
335.65334573981556
336.11720556692705
336.72376000621114
337.52179647385776
338.5249913233081
339.6625987024338
340.76968322744705
341.6169156830274
342.07442221894354
342.23978071358135
342.33123846361946
342.4605898473541
342.4558853761232
342.23634494214105
341.9588330220215
341.8794100598971
342.0620752880512
342.3578423671151
342.4820936565527
342.3470712656193
342.08861825370377
341.9066823918142
342.17431089230774
342.97497447652705
344.01462365189167
344.86634858819065
345.1944757336147
344.7897472344325
343.7481124063386
342.4347284341808
341.2075845583666
340.300710825026
339.79980468271634
339.59919931035756
339.4606416492359
339.37896781756035
339.5404084437413
340.01462043730356
340.68777497636796
341.15254436613094
341.025512917111
340.305650165079
339.31049100165524
338.5730672423913
337.632010806548
336.01007661961387
334.1188879053037
332.5409447228635
331.5073494000769
331.13826492332765
331.33434482908444
332.07215347642153
333.21176053031564
334.01552259957776
334.4067165114417
334.45634534894936
334.44397985993015
334.6518597745528
334.83630604144724
334.8198300398701
334.65958250346995
334.7510806467296
335.30788959254255
336.12693922378344
337.10364368981186
338.2081880238841
339.30975129852163
340.12572594180705
340.511838551732
340.5045646786705
340.2269914982776
340.0372158175264
340.3113888006365
341.05783443659993
342.0521036090901
342.9324619049308
343.40125764541665
343.25314984345783
342.5652887160069
341.75297166852476
341.04042036731005
340.3631153089566
339.4992532330392
338.31046391149374
336.78561497850376
335.0528169525448
333.23136566348046
331.55741346375396
330.2463900424261
329.3104789374394
328.7341048955754
328.41169918678565
328.2616500915547
328.23457260441944
328.29817294170095
328.52696253701436
329.18294814535057
330.39135301044365
332.04258016987364
333.83248018820694
335.2892139730291
336.16267959843094
336.5784019272077
336.9371101361837
337.48167852780193
338.2077373952756
339.13758442730386
340.33503858852896
341.8446351547269
343.4321342406654
344.7781347771378
345.6561838706817
345.9962691817145
345.9126300306253
345.62535932601264
345.3685495689009
345.3224547096594
345.57357687624807
346.1785468817921
347.1263260693652
348.18800014415604
349.0283208003831
349.4579334381852
349.5682258228119
349.5106986125986
349.35398891155137
348.9941108450733
348.2059913544498
346.8967925801231
345.24907989885105
343.5777386146135
342.1877334930469
341.2866662884177
340.9035120784189
340.87366840107427
340.9074695591212
340.6253378272463
339.8659638845337
338.72536243712943
337.47117365332144
336.44792981590695
336.02079110304214
336.2537565126932
336.8701359905201
337.5680889696249
338.2116709494708
338.72398468743995
339.0157465421305
338.9893427826776
338.6942001270608
338.29078477245906
337.9202827302594
337.73928105230357
337.80188383199595
337.9977000969152
338.18111426567276
338.34743643671254
338.64850832902187
339.19910153440856
339.9156028766322
340.6298894973406
341.2598152029607
341.8392108651576
342.34693588562254
342.64835923674696
342.7821328868905
342.88425322518714
342.97867359425584
342.99868606706593
342.92879334111024
342.746342356182
342.3999836305904
341.97872066785015
341.5738060163289
341.1866683241295
340.7856700612155
340.29117993387354
339.5996028894124
338.6410832067212
337.48823520768445
336.3404029170685
335.3777571883328
334.8069654010572
334.726452512672
334.96249795124885
335.34639283141996
335.84350550812314
336.4893830689881
337.2539525100993
337.9333667389251
338.32715146307527
338.3508471799612
338.16093153458473
337.93028810764974
337.7125094421548
337.67181790217916
338.0869005146019
339.21756460896825
340.9948304418431
343.0448490653804
344.93631373495083
346.4330163946192
347.53495913932045
348.2737705714561
348.67262724724577
348.6628956901736
348.1511488648539
347.0955995185872
345.6229605124769
344.02606091655065
342.56564582630546
341.4986022423026
340.89394323270665
340.6930044122668
340.7018877640404
340.6209075383051
340.15176636395205
339.178861187657
337.7371731636534
336.0427226423848
334.53222618881233
333.54369654713366
333.159341398291
333.3447289524536
333.8431684205876
334.2910652501119
334.5031303935756
334.54539743491057
334.5505157897459
334.6156196368328
334.75617335406935
334.9463195842008
335.1704185812338
335.2736149819848
334.93275886880366
334.06031871168625
333.03591330511944
332.40189030235956
332.5085987277557
333.3020854837773
334.5396896547649
335.89352584955907
336.9371881125242
337.37239818383426
337.1681770387113
336.61259330291
336.2563439566628
336.50471378373743
337.2779218387864
338.0651385765553
338.4572647782391
338.32061614439857
337.86537069698295
337.4748820793662
337.3207081264197
337.3721848712922
337.467018955742
337.44522350381317
337.24195676744387
336.880097947185
336.5529137273485
336.60891955227487
337.22313227069435
338.2982892242087
339.545750784951
340.70879222283025
341.620964057202
342.239901163843
342.65842706061494
343.1149687616828
343.90269774378817
345.2193589422108
346.9728078425369
348.8272706152987
350.54181815579295
351.9369758180791
352.92627853461363
353.71426436883786
354.6645798130161
355.8787388367281
357.12782057708193
358.09798619094175
358.5377455252331
358.36550912995665
357.7136790626821
356.8491647523683
356.0482653267735
355.5685301743627
355.5150667127955
355.841212420273
356.6200876682532
358.09528757184466
360.26925627482257
362.5739820284509
363.2862977384689
360.1358304880049
351.73615686930464
338.171346589181
322.61080906210486
314.6261662759545
323.0792138476703
339.38298891250673
350.11910923893595
353.0982747860804
354.9507644819566
360.8359353553042
373.8051317616362
399.9002238857038
431.01387791770344
451.4812976568931
451.0200733306954
430.4136194987551
408.57731279832717
390.1771573631113
365.71583630287523
331.10022356301835
288.98878041396915
0.0
0.0
0.0
0.0
0.0
0.0
0.0
0.0
0.0
0.0
0.0
0.0
0.0
0.0
0.0
0.0
0.0
0.0
0.0
0.0
0.0
0.0
0.0
0.0
0.0
0.0
0.0
0.0
0.0
0.0
0.0
0.0
0.0
0.0
0.0
0.0
0.0
0.0
0.0
0.0
0.0
0.0
0.0
0.0
0.0
0.0
0.0
0.0