185.87681095932822
182.30009784456396
177.50311874558628
172.5902174718339
168.7249565533321
166.2961420355634
164.35617028069018
162.17544110995834
159.86740838003158
157.8039284987243
156.36955095911185
155.87094620567618
156.47843350943776
158.1446289499099
160.5605163303205
163.35226174979212
166.23285249857503
169.01881515674734
171.61624646131622
174.019040730705
176.21672759525092
178.1091135369386
179.470758117316
180.16893245386586
180.33514409945556
180.2055397402026
179.9213707960904
179.49051691603387
179.11398553649093
178.9770138049845
179.12002841319995
179.47688914159193
179.97591819706383
180.65812111011337
181.5844954289057
182.6216304098569
183.48079546251824
184.00168467217372
184.2229001550889
184.1391486823549
183.87165075860813
183.5062394216111
182.99052827475782
182.37125380602987
181.67066290145624
180.80132251673356
179.74095869231434
178.50806674539805
177.207103730956
175.7199158175266
173.9076416814197
171.84848476494088
169.93877658603853
168.6253718038293
167.99205993839075
167.86194046572027
167.89689139072982
167.9174838357883
167.81108073728086
167.51428349695504
167.11673235217899
166.7677758371374
166.52526046994538
166.40080232295955
166.30705719423113
166.14566645091656
165.93567279919705
165.71500051515068
165.46903126545112
165.20789704437573
165.05945987882524
165.18488112395562
165.52154353950002
165.81866713172008
166.0529550540112
166.29375097735908
166.67468357520485
167.16448985494068
167.6573167436602
168.21474728258642
168.71163342361896
169.03993044296766
169.24405535736759
169.45249604645315
169.59113230423924
169.52221646862324
169.4550638227232
169.61071833981921
170.1217962711989
171.02895251439958
172.1383063328273
173.1596929908758
174.08086244447645
175.02600925250144
175.92981853534948
176.46136187133405
176.58832726984517
176.3912145618615
175.91966535186293
175.661717678074
175.38922018540956
174.93271041062522
174.53001495387417
174.23700861057017
174.11224203673083
174.19397829767775
174.29618435409154
174.31587943764356
174.50737090640973
175.33061521896
176.56754173855472
177.8974163865072
179.04710617134347
179.71084806163572
179.80328700131184
179.40279154359675
178.60492044086027
177.38864313581223
176.12148170379012
175.37747198171763
175.16716506358048
175.30153775844724
175.84293050695132
176.80297644555316
177.74865986455072
178.07051176793934
177.8260224155506
177.2292157568591
176.33740245972012
175.3002347892743
174.29181673771404
173.3534154189367
172.55056840868141
172.03906270811433
171.6711173560935
171.54144074489247
171.4705055496333
171.27604520592303
170.9165408694358
170.41841404828466
169.98934172580877
169.63649368136092
169.49614133997426
169.54127978767474
169.6219285828447
169.677330794108
169.64410686263523
169.53483815367483
169.34049856021448
169.1753912565105
169.08758368416113
169.1081586216182
169.37300571369298
169.8905096038426
170.55007133421594
171.18674530788294
171.7685181897641
172.2281892178063
172.3832883107466
172.1189588354879
171.6307829790112
171.30035372659842
171.0558982951351
171.07873659582623
171.21169224590773
171.321593419468
171.5768350979967
171.8948181494383
172.29633767947215
172.57317753290704
172.5251927299432
172.16603086956144
171.96987847951226
172.34086219429173
172.98954365210645
173.58224137410647
174.03326221405047
174.64271270773673
175.0514095654321
174.91176692010282
174.36350140973954
173.55244167676224
172.88236807033906
172.6275290571466
172.69502816080094
173.34488209388934
174.03165573471702
174.40082068981252
174.40738882646937
174.00341571163386
173.4938893374124
172.93656581370746
172.69069807393197
172.51204499520867
172.64234394304992
173.14712925082537
173.33680957296966
173.29899032929904
173.48944100782327
173.54588315179805
173.85168470880672
174.8321241079014
176.35522719385432
177.87818835046556
178.8630056414754
179.34064720301535
179.40758265383442
179.1808890030808
178.82800477138989
178.4490922253319
178.03106752543354
177.550495552047
177.0335781176996
176.51183264475986
175.9539404061317
175.34377291114242
174.6896516034461
174.04669348994946
173.56396727859206
173.3161004417431
173.2598868109225
173.32090747325915
173.42578050130578
173.4947818417326
173.50669600052055
173.42544631648877
173.187878569185
172.78294044778846
172.23369131403004
171.64544539212926
171.11705477786845
170.6927406443031
170.45697332536858
170.4134547347171
170.5582833296258
170.8228711635032
171.09496225110587
171.30329611729843
171.42533450741738
171.54038431608092
171.73188978176495
172.03442252958934
172.47783227432012
172.99581251536603
173.45143300040218
173.7926544548407
173.9717202343095
174.09935066686756
174.22083023532048
174.19668755468996
174.11967751507444
174.17379825288077
174.3419790127062
174.54294304530396
174.64150826370184
174.54133255202024
174.26299633412742
173.81291432121395
173.2707752263113
172.76092937116383
172.3174614572195
171.97328203187226
171.8133506067226
171.81001335631373
171.83896891638506
171.80492996916684
171.6679311588271
171.46790338697497
171.26433576379125
171.01762569401072
170.74284655005602
170.36638263783766
169.83609294559122
169.18474134959297
168.44286542524455
167.71902199873216
167.0856294384946
166.60957258265702
166.32648321726037
166.17875967320066
166.14598499312297
166.3002902363339
166.5463016551794
166.73043536110873
166.8034853575414
166.85012534891084
166.937282845222
167.0098271890677
167.0628670825505
167.16149874035267
167.39137585963985
167.70479129741284
167.98511370693421
168.29787757186367
168.67839605227596
169.08094041493797
169.4972807700131
169.91706410213004
170.37246963409004
170.95071863009983
171.57758264030542
172.26197099309059
172.93416177628632
173.44910685978226
173.7619552758921
173.9354719495241
174.04485850908227
174.13941586963952
174.26551786008767
174.39639925977207
174.55297920134097
174.69081494373188
174.700469973025
174.64864463336505
174.6211146595381
174.79829478309497
175.19113677287248
175.63197701892074
175.9165025835873
176.00307072125685
175.96776601979388
175.81589566361183
175.64265387555255
175.52439003825924
175.51173019974098
175.49189985975366
175.44124790132182
175.40735456449386
175.29423973682435
175.05223281742582
174.7695030240356
174.53704906633473
174.35161746532486
174.15324743651536
174.0125549109634
174.03663477542878
174.14559157068248
174.2771076090869
174.47301764907667
174.66539138927664
174.7716937529296
174.73078335102934
174.52977607491545
174.25053870189757
173.96860669161384
173.61834591234077
173.15378419753708
172.6220741694417
172.17370779279844
171.83761880128418
171.6658695100648
171.62970056069085
171.5705247376061
171.53812474025992
171.5264610534288
171.54108417023338
171.45715256759672
171.30914740910222
171.17817590237365
171.076538636696
171.12273129861154
171.23770260060235
171.46893322070562
171.7118338277785
171.897079202001
172.07262836862344
172.12148515041895
171.90267296586336
171.5723863086446
171.28637673951027
170.9831414227216
170.6518306462016
170.37644008811785
170.2380702320257
170.3084645534925
170.44370529457814
170.5943505634745
170.80692339763604
171.02336927139717
171.26448093095297
171.65029400836153
172.0672803261465
172.43351361493205
172.8083276558366
173.16810416545417
173.44040863394972
173.57564643003306
173.5277767875322
173.31551762911815
172.97700946861437
172.61902454961543
172.3101355036784
172.03780773389485
171.90137225434077
171.97643387117483
172.12573631760495
172.23986270152002
172.35861505183806
172.60127768146143
172.9437941133554
173.355874836643
173.74141095668114
173.94551330565653
174.06415741144878
174.18046262373443
174.47975965226976
174.95959474220945
175.45381625020957
175.9224791036037
176.33391369507436
176.63741268337668
176.92889426564167
177.12172273273458
177.22989337479098
177.22383073557552
177.11757265403514
176.89788813708012
176.57656852252302
176.2633057900452
175.89582191982367
175.55460535307517
175.22318835756
175.04212610759802
174.9318455315027
174.77348772479752
174.63009174504418
174.4967313706676
174.33447426179444
174.17977108936515
173.9534869358473
173.65077591479448
173.28045307612945
172.88112873603222
172.50631398500394
172.16524196008584
171.86287531362518
171.55041571226366
171.30006630483362
171.07556985323845
170.87422767276394
170.745349210107
170.70960511273105
170.8119199796052
170.97956702654122
171.25375909176327
171.56986898921375
171.92933577849539
172.34560777717033
172.70511932125797
173.01337965895914
173.35304575048565
173.8223023075628
174.3125662345323
174.77048167372044
175.12365039584117
175.28443438300224
175.32498085639764
175.2454452524187
175.20629135747814
175.26950481462808
175.48906513403446
175.881984781933
176.40933001608457
177.00844099735735
177.5109695191794
177.81020273234495
177.85562485380177
177.71095276182575
177.41800556101668
177.00399999331154
176.50697558260717
175.97676255481406
175.59618102808406
175.45972392821523
175.48712575080975
175.4956586825024
175.43229592725044
175.300500932983
175.18163600386086
175.14815047635304
175.12909756484424
175.09827150260733
175.13471413144254
175.1867962155124
175.2243878495844
175.23900099507554
175.11895369394284
174.86375046385112
174.57738031056385
174.27497422578034
173.99506064711244
173.6775568108826
173.26371922653865
172.82806549973634
172.38887700558115
171.94268465241987
171.53256959589726
171.19986800361195
171.00750009862665
170.8239371283756
170.70847273443857
170.72595094938907
170.7766833763883
170.8795035142138
171.10533333876813
171.33805587231944
171.6307518490225
171.97507995232917
172.3541807051732
172.67573537583763
172.85815632157767
172.97482839616293
172.9538102529169
172.8125315664935
172.4649423532785
172.02604669772225
171.81475571933447
172.00387898709448
172.5219975027413
173.2371977856674
174.08942178323235
174.85538076202903
175.4579043256856
175.84413836018496
176.02607498954058
176.18777889542852
176.32098821116927
176.34020098901897
176.14655715964923
175.8587432721014
175.55668893856677
175.3465469253108
175.33584028823665
175.4853216433323
175.7376680241225
175.9767051412419
176.18808064468232
176.31870449034878
176.40176287170524
176.50065501600528
176.5219576775819
176.44676710383956
176.33507654461516
176.18039011920803
176.06500114364655
176.00248346372774
175.99085696483348
176.04952406915135
176.16441215077535
176.29933554138836
176.3700301357564
176.3815292854154
176.30432924899227
176.17555011321272
176.0218055226544
175.81011934490323
175.54595341791435
175.24426930215677
174.90414301509443
174.47345675491007
173.89439476634158
173.23748328192318
172.5597789330181
171.978847702464
171.5378146211836
171.26547545900186
171.1771032913759
171.18117566049892
171.26522801379332
171.3077057731137
171.28672364913072
171.16785197377428
170.90901443359041
170.56118899553184
170.19424541046953
169.97173142698273
169.86589603057064
169.83363403561032
169.93161916268463
170.13140169983598
170.36557421881392
170.6352829724661
170.84736029868873
170.95065353955297
170.94055428444923
170.82683381281865
170.72714029454943
170.74322412579812
170.70085598574724
170.49809840942834
170.33451235013717
170.3414171242817
170.48952611984078
170.77288325205257
171.15062801572898
171.54682284690924
172.0327996614061
172.56126699050003
173.15992354432368
173.8053083516051
174.36617561514026
174.9241119563084
175.61016415943692
176.3401317017994
176.94625152656664
177.42690307625975
177.7442687707842
177.89351425366624
177.97707072064983
178.02146063057398
178.0351188919278
177.98280918712615
178.011915854236
178.04275796848918
178.05056424625403
177.9534991627709
177.7189967498159
177.34822365213483
176.7635335549998
176.20608469699857
175.86280151869704
175.68628694758127
175.66572093814287
175.75242628430578
175.89548501428234
175.97358460888472
175.9195212430089
175.86344320198296
175.68277859025113
175.33425820955915
175.0240246587422
174.79781009350626
174.63393709339073
174.66800835873389
174.9799113647362
175.39222384295775
175.66099066347616
175.74267852782205
175.7953635609939
175.74865636083965
175.6118454074494
175.49252029111258
175.26976768487617
174.90756792014963
174.5637429423405
174.16974698529032
173.69864076645104
173.34543112282373
173.10908252885244
172.87404951504007
172.615447003915
172.34714106909414
172.1842927511529
172.1474593239385
172.21621422882072
172.24859759088093
172.10806909544937
171.9633146103575
172.07619331887392
172.39915488163172
172.73720166578028
172.948748476884
172.97509981537624
173.02669819602727
173.33042197740508
173.84606223770427
174.43518448780026
174.9733763604757
175.37286364732148
175.57972210065108
175.65017680359222
175.65236209662135
175.60987331861634
175.50759447163938
175.4195341088932
175.62553218199966
176.21015204474708
177.03194200096527
177.89792652187822
178.59195670219802
179.18151411240922
179.90890537665982
180.69063880872707
181.39877267032384
182.16664446333562
182.93474526420246
183.48267218608794
183.64618361299566
183.50044958420108
183.20858207909268
182.80686281786163
182.28466552786855
181.6729910983338
181.1180792948201
180.8165980797497
180.79090742228078
180.7832420112025
180.66479505855364
180.59916137086157
180.53781178941745
180.3725195940278
180.11818218852787
179.73896423155736
179.22737342053128
178.65415226206824
178.06591573692916
177.63572439322945
177.29967543816574
177.08434316217867
176.9298674181602
176.89432317350173
177.1157548636291
177.47918066814344
177.74674603143768
177.80415990711793
177.89438879547868
177.96441428103986
177.93097388510225
177.84412963968998
177.67148128629947
177.43843748136644
177.19593708716747
176.939941653472
176.81315874936024
176.76216012615322
176.72857127776246
176.57114747651957
176.41191029317704
176.42794968888492
176.44293092519231
176.42514801755686
176.6597966670529
177.04393404314936
177.32553967161112
177.36179190730655
177.29912959918585
177.21695105800285
177.02103142092292
176.63966098640867
176.150621692953
175.8813825566368
175.73148972408933
175.53703517505232
175.3335901370558
175.2379240585903
175.18927953034606
175.09045929877874
174.9263935387254
174.63955530112568
174.3560866862497
173.98669420892656
173.36353349222685
172.6994929070925
172.20422166897927
171.82458464306703
171.50270861906804
171.22360823839665
170.9585980678735
170.70207381255227
170.54693575125282
170.50944650643186
170.51474383442996
170.47500243230564
170.3025747560447
170.07609753686015
169.90180664409723
169.9571572166254
170.28247638065932
170.62759930534673
170.82031803182062
170.99339601403267
171.172754631437
171.32037259008393
171.45718871032594
171.49621955619253
171.40879656282493
171.34236474994154
171.26407921273324
171.27321751101996
171.35207159946216
171.40819593862147
171.55495328870495
171.8900221005611
172.2063720990489
172.37471202964713
172.6038207025741
172.87344921120194
172.89898676172703
172.65197468590088
172.26590411133898
171.81758106563908
171.55677671570857
171.4644030424659
171.559690240021
171.78415255567967
171.92815973723665
172.0275340040351
172.27165308786797
172.51971978987038
172.58967708627202
172.553111780754
172.44805865015977
172.36190901538055
172.37063499337103
172.35019692552714
172.23149958440433
172.01194850975202
171.77689055192369
171.51809998345007
171.30247106860838
171.24327303734333
171.40689825335647
171.86264459767358
172.51568578106873
173.2418771653786
173.86153783499068
174.29083156863697
174.74840176624053
175.34173276380824
175.87875165895116
176.38401835573424
176.68815042757174
176.69397047409873
176.5545966818895
176.3270725615286
176.0194002673814
175.71655775684854
175.35712002788765
175.02017252039602
174.66746100057256
174.40696934293044
174.189203959922
174.02810008437393
174.04069750841137
174.12731670346145
174.2388000383051
174.34892767791558
174.4293138950939
174.52646345700163
174.6230207140422
174.73574919431107
174.8600682649789
174.91681990309013
174.9462555590623
174.90287772588795
174.83175575225886
174.72654107039148
174.64701662822642
174.54037380667552
174.39719281145963
174.33962827867407
174.2160519733485
173.97258784407137
173.71219221600185
173.4348396047261
173.3100550418241
173.39648259037114
173.4588587844429
173.4524783118472
173.43665553513893
173.29864289830718
173.18051955760978
173.06272320900737
172.86322749991115
172.73502268789485
172.7746508292621
172.78248362620002
172.67805279192635
172.59971765682485
172.43054545441524
172.2723319546953
172.22115602386032
172.0851730124018
171.9203758072773
171.9825902612746
172.18316997323524
172.32917391497168
172.43902347104697
172.47405440777814
172.4566842030744
172.49471716620158
172.44710060864205
172.31755670472103
172.29976491765032
172.34685001329467
172.37096550740245
172.51629811233488
172.8091896711902
173.11383678740475
173.47270284599432
173.721263312759
173.92730812817848
174.1159194471095
174.15184684107987
174.08010621154403
174.00638431192576
173.9287415615475
174.0202411198644
174.29098850447153
174.61721169910402
174.9689892953847
175.26937109821188
175.4064802333633
175.37222068544986
175.1861724377358
175.02166119885158
174.85239882318987
174.64182829079954
174.42140133670807
174.2470590923652
174.15860784265146
173.9913922650883
173.70682276619976
173.42799974820238
173.13434157482297
172.86906641381245
172.61634976692162
172.35687220251043
172.1290199384714
171.90383443441343
171.76417114058034
171.66437788632226
171.65886379730384
171.738372136187
171.86049017227384
172.00581447461434
172.06232647131534
172.13000599624792
172.18652531598445
172.13329096104633
172.07252332812618
172.11684988368302
172.22557537514945
172.39036669641897
172.63816105737658
172.91741949555234
173.22421685647475
173.49549592075812
173.69576494260374
173.85910417951277
173.98325475319012
174.1271872780403
174.24387672005105
174.31479532800574
174.3508107260979
174.34500004796658
174.30959902289226
174.17328023385323
173.96771202432708
173.7533954270766
173.63651866969246
173.64825397213647
173.7185871884085
173.76682648028384
173.79512906267223
173.86570127120507
173.93970155985303
173.95919359757028
173.90238309728292
173.78895760863125
173.62202993973452
173.40235709024583
173.18148623102292
172.9944447523033
172.80161455671245
172.63293489063386
172.51353044342045
172.43662689262618
172.3894093810968
172.35446678088127
172.33227149078462
172.27310663476638
172.19314166698913
172.04538199814573
171.84715475972772
171.6242783699505
171.39975243492404
171.2617490212344
171.24282578590476
171.38675233207778
171.57788492997534
171.77582221211
171.94156538515915
172.0586281996197
172.16371405403
172.21418245947154
172.26482960665834
172.2758579587824
172.30932616095583
172.34299939231738
172.34128706694486
172.29444369173157
172.15766739034348
172.05933360258948
172.01207364502727
172.0122490757713
171.97452098657897
171.8849152163742
171.81581441343724
171.81226593186796
171.97316852752513
172.2655119775811
172.70982779582738
173.22629821906492
173.81158884001746
174.45079019693208
174.93071376579832
175.21051501803422
175.39939821702006
175.42751719362332
175.3587136840685
175.18545365252
174.9154153552258
174.6491694139649
174.3823880598607
174.15476528589824
174.00442785892534
173.9965963148854
174.12407650502874
174.30238667154723
174.46775627997357
174.5357418046354
174.4958281594167
174.42601509935895
174.41407294692308
174.40501224830882
174.30704687599433
174.12294398987697
173.88391348683513
173.61994236463573
173.3441129209984
173.14374788417422
173.05053510940493
173.05562198779492
173.07619066991734
173.12518187346325
173.164615568147
173.10978574559118
173.0182438905036
172.90373529968514
172.8953511185357
172.92147007095394
172.9022362369313
172.83348636818891
172.78618876899952
172.8616972301266
172.99838185293947
173.12619292659136
173.16451924430464
173.201374551458
173.188576950898
173.06177163806657
172.89178515019088
172.68035047382912
172.49558982613172
172.32226845649228
172.2244317451765
172.18116110965536
172.14412502687344
172.10465509649114
171.9938279781529
171.84699581216336
171.68960755467631
171.49561601947084
171.29578604953187
171.10125331262492
170.91408692848103
170.81465989696653
170.8573461680536
171.01274355362358
171.22309864520238
171.50561918854353
171.83038473596923
172.14345603348886
172.4270568964056
172.6118279858186
172.75544689781262
172.92017467721737
173.11952073411425
173.29382845755993
173.3856006858138
173.41311218154
173.3993358199103
173.33800254050223
173.19880659323104
173.0204707884796
172.7669788554656
172.46143558984903
172.2102492718964
172.05093618750402
172.02195708185536
172.10999437150218
172.26705978288427
172.37970561453116
172.43791158024789
172.4916191859024
172.57155581905837
172.75437158125277
172.97359006591927
173.23748304043616
173.50065766471474
173.73228273256677
173.92643350839552
174.01752392989084
174.01243314504876
174.0470752858265
174.07889378376598
174.11263226394283
174.12847547948684
174.10466401316458
174.05966302836902
173.96640394650424
173.85975099748464
173.7027380001424
173.5352833048011
173.39285095118868
173.27460972838975
173.19011174055765
173.1924054243646
173.29039148652515
173.40118949948356
173.45770515796764
173.41622317983112
173.32445325639523
173.26002075886328
173.2793027447643
173.34148894484017
173.34426712579057
173.2789354610688
173.2109198503286
173.19470409767814
173.25158982967272
173.34813497546543
173.3938673098179
173.34166922263913
173.1857820954308
172.9508812128996
172.66636541898248
172.30361751038654
171.85936344478878
171.36482190856287
170.90578949315977
170.61253899257656
170.4184828301672
170.18655081944465
169.97609873153857
169.77397292577936
169.49727375919372
169.23002139140405
169.07409929532537
168.9534397188573
168.80214340302112
168.63218598940205
168.63588073301696
168.96106290878402
169.4189670239422
169.82517585481844
170.10521696436405
170.1770387928526
170.11015623745544
170.0440621355064
170.07433462828845
170.20680620245818
170.27689143717657
170.33845064599032
170.37874413961976
170.4543166815157
170.5987450481999
170.63932258700336
170.60191266771324
170.73107060287555
171.07335119238957
171.45340674114868
171.67598122085596
171.72600112534326
171.7263641764373
171.69858838672212
171.67925712248865
171.71420771989466
171.80439549226688
171.91385507184563
171.9850762705701
171.9689535060406
171.91252506490457
171.81084658291985
171.68651097990428
171.6275570419873
171.69340637007977
171.82632996892326
171.89699655283155
171.9007019158969
171.86747404055356
171.9131368636846
172.07465369516933
172.3018802425109
172.49648115833128
172.58201390215035
172.64734152183064
172.78845814084892
173.0632156281433
173.3889192101759
173.58195061459523
173.68535623089628
173.8613524630994
174.00989496173364
174.0342408535455
174.00126551092126
173.990044772304
174.07714571283975
174.2018094329637
174.22976909711613
174.1679585665054
174.07189618915987
173.99920893227494
173.9321829699029
173.8975077156011
173.97585894943165
174.16416532094695
174.38523418640142
174.53593898544608
174.55129530123708
174.55711577696016
174.6456912904023
174.7574910232977
174.830196619936
174.8949991060419
174.9824854555517
175.0381288076262
174.99611788584505
174.8333350932839
174.59355595064034
174.4211580013097
174.3036372411069
174.17597982044308
174.10236613833968
174.0558554421126
174.0256569146839
174.0467287917984
174.04626698786788
173.98566948559082
173.8298664393207
173.54196963630278
173.19424566817716
172.82417346538568
172.42643452846352
172.13260533278003
172.06712229995367
172.05243075417977
171.90852068565388
171.72324524880526
171.6077740566799
171.55774158838506
171.63509054720356
171.8306392323339
172.0271361027879
172.15106308263756
172.24723714720363
172.4128078113679
172.6531292091873
172.8780744521883
173.04634655131983
173.18308148869403
173.2787169071367
173.28398248236113
173.2304767734771
173.14030830435263
172.96186653914643
172.76517652264823
172.6094233035343
172.47228095089793
172.4094335774766
172.4984512738658
172.65367829520582
172.7900975397663
172.92057283263728
173.12297150684535
173.50177629023324
174.0559806471125
174.64848407309486
175.16647501269287
175.55943773321607
175.78149441267755
175.8280782131491
175.6601051471169
175.25304644138214
174.74495321835656
174.31608125199523
174.0430889592651
174.0270616778122
174.27316797873715
174.59936000757756
174.88003524704874
175.03241476178047
175.04941251617524
175.00491982695178
174.91951418153468
174.79603401920463
174.6226274860618
174.44116435726036
174.34556633795313
174.37958326208036
174.40863517964294
174.282013860483
174.11600675578393
174.0542054444162
174.07352067401783
174.11413476419196
174.21309550275407
174.3097633053095
174.27670697474622
174.08768542225545
173.7453753482108
173.35744171571832
173.06542203914088
172.82770609334625
172.5565152831441
172.42352469700018
172.5224295822253
172.631705224172
172.61785289578467
172.3814916882037
171.99834873907258
171.62510500798058
171.4832732480869
171.6045832530877
171.7930488755209
171.99764186878917
172.150083177289
172.22362107879735
172.2697472277839
172.43605411627732
172.61961387675916
172.59950771034173
172.4950804198184
172.42615691061258
172.3976103005473
172.29420150689776
172.14432153051172
172.1241416888589
172.26645198311607
172.39237556618065
172.42361100317606
172.47211687647066
172.60661741722708
172.72086030007608
172.78599163399167
172.82672205270413
172.79796590117013
172.78052258385054
172.90283070268183
173.11640082119987
173.28785998412022
173.37373420466864
173.47525128801905
173.64638887179177
173.71382038152868
173.54688090834165
173.26792857657676
172.99932777701474
172.8400463566926
172.74944361013723
172.65640539429108
172.65953404353516
172.70198865584692
172.65075184999074
172.5028582586308
172.24155089481178
171.93977252192494
171.7302048617455
171.67118304732568
171.8273311650266
172.12903988755335
172.34925188433155
172.4825331850675
172.57311014478773
172.63128353209564
172.70144826866886
172.79568971975075
173.00202806737775
173.15567069357797
173.27864825522482
173.4317320152238
173.55989673769534
173.65647459459086
173.71019465842653
173.70886441624378
173.76251503107937
173.8068497355891
173.7690146971203
173.7064743693235
173.74135768174634
173.851636889018
173.8525800963588
173.75688442988644
173.60074126882796
173.44075827666387
173.31950490555107
173.2318550773031
173.24698634104232
173.40521325462794
173.5478437282847
173.62061223636402
173.705881614837
173.7304086996094
173.66719989527337
173.54207182703095
173.34879301789147
173.1403194133691
172.92948554089617
172.86222089849426
172.8798130043792
172.9740990527526
173.1587706384222
173.44454171703887
173.83970930065735
174.16670727803802
174.38049350292567
174.395992102322
174.23827348187962
174.03060029149637
173.84229648545494
173.70489208831708
173.59625589951685
173.41220129633277
173.12102128514766
172.82043472316712
172.51335785755282
172.2787105991831
172.1955564751495
172.20731127862368
172.2677786812685
172.24025835931315
172.26085458578734
172.36832506100706
172.50907388308445
172.5888895072811
172.49510501638443
172.31614497081017
172.097435812314
171.9130698775673
171.7027365409805
171.55091126787138
171.52613153316284
171.55409340635475
171.607448641007
171.53668430740183
171.43230920821895
171.31866434699555
171.23484486119855
171.1736934736684
171.07124866365922
171.0137971133304
170.948896504328
170.97333001850527
171.0985728591403
171.3411547476891
171.70116135850682
172.049482032605
172.3928698682629
172.80533877375035
173.17688148548598
173.5172947302381
173.81966071196987
174.0893568385815
174.35113624616162
174.51660520263465
174.59416841351836
174.61437173081882
174.6825052301242
174.7606538580217
174.8440532052513
174.92427146876844
174.88569699135815
174.8289790120051
174.87283256515084
174.8862888791631
174.79091020374955
174.55245890011918
174.2567271181213
174.0205401853085
173.90533207934953
173.9927679015527
174.1850064097929
174.46220894411084
174.71912104497383
174.9490265426084
175.17223673695713
175.33334128641462
175.4320948171065
175.51548844752372
175.72830712942425
175.99026528408154
176.24833037794048
176.47453046842645
176.7279337347225
177.06312409238592
177.31314987011646
177.39861501555578
177.27738110614382
176.93285241333416
176.51894953870044
176.13460939815735
175.7996964566041
175.5003467972008
175.1796366128671
174.83001823731644
174.5315627491673
174.394252566115
174.33690334871775
174.33016808339758
174.43963895157808
174.61124216544394
174.7254948907727
174.7575689675381
174.68838883141413
174.5643617736313
174.34949815090516
173.99717513300885
173.57665290074897
173.08595216840345
172.50664347765235
171.90476674976156
171.2834464814854
170.6814963425886
170.18460060890322
169.90023919535724
169.72169036448093
169.58865887399597
169.56756682083105
169.60129896677506
169.7745024113452
169.95936304872126
170.15349079336977
170.3519349578342
170.3909259800708
170.24457118240747
169.94731973871154
169.61278810890158
169.20870861741594
168.7230896599732
168.19416743797996
167.6734333399089
167.31324510435195
167.08561620909185
166.86908375414768
166.73659837234408
166.79429802142877
167.00643402155944
167.32675615198528
167.67927439711977
167.94158473676714
168.2535646120724
168.7170950751867
169.1191716381144
169.34417105182416
169.53355440367966
169.84859125790615
170.2757138467683
170.72537823584443
171.12522923388522
171.48396208460093
171.99947511719063
172.72704139128632
173.72008753783285
174.97648640643263
176.3168888988164
177.4733538623856
178.38240598421228
179.21676839130254
180.14583282865806
181.07887367975727
181.79452566527382
182.11357124772317
182.08384907488724
181.8961267664148
181.80138145924968
181.90150478343736
182.0050917714367
181.9507686185425
181.4319085942221
180.44321761178452
179.30865048732562
178.0359471770005
176.41792103427747
174.27212831765712
171.31481218950893
167.90317402779033
164.7242266509971
162.61752613303378
162.19831513320992
164.29705324920286
169.49465501909438
175.1803199534624
175.78492033047928
169.6048513770226
156.84124010922025
138.70889232276193
119.91535624080878
0.0
0.0
0.0