0.0
216.18813537904074
219.53560058229473
218.03455270178623
213.87214355193078
209.7315209809248
207.96549934618844
209.28756929379324
212.28032689605175
215.29463311574636
217.91392050394066
220.4080050568893
223.16388437590913
226.18423019869613
229.09592007244032
231.82411375463033
234.39575061856706
236.7583138999754
238.991691709713
241.168411922836
243.3271947612733
245.3147527084127
247.01893782603508
248.38811869144075
249.2698821498807
249.4993364507942
249.02062804171408
247.93591905815998
246.48853944865778
244.80466498627231
242.82259864597555
240.59308633876384
238.17901917344665
235.5457777143992
232.67222332181012
229.68198780007083
226.78408473893307
224.1484900814251
221.9754504865022
220.47784660297478
219.71101564484286
219.52817003244712
219.67736488391293
219.89735515698516
220.07811751180228
220.27139190837374
220.51975094531764
220.81507343263462
221.16271863095238
221.54592513371634
221.97234042518065
222.47998231710469
223.13741833773184
223.9595643875451
224.8867949304257
225.7881131344824
226.56050548631268
227.1698604221406
227.6594381035984
228.0997249997146
228.489971363583
228.7986900666131
228.96732208744717
228.98497898858486
228.93668719279785
228.8995022901387
228.96967151755803
229.13000161301352
229.3132219609201
229.4453260716051
229.4903872996881
229.48461607818206
229.47769002622624
229.55641106372718
229.77147473588528
230.06364969147475
230.33894624866002
230.49804569048615
230.4848154495269
230.22527559070062
229.70191824807708
228.9472448849929
228.04497560511223
227.13201769552944
226.32426131313264
225.72013871032112
225.34728829572126
225.14875370131614
224.9981642129046
224.8112722964072
224.50808608950993
224.10179970570897
223.6633150754854
223.22480688452353
222.75071886017375
222.26263394781014
221.76946607057397
221.32311821994426
221.01640328072
220.8684318652973
220.84706576987838
220.94064128681367
221.07463597746636
221.19925720589183
221.32945369110195
221.51725752073867
221.77393382472536
221.980591041587
222.02780860435402
221.95089490821738
221.83367976612914
221.71786758167897
221.60391925352073
221.43554540371028
221.22883095859277
221.04125245994052
220.8772789083207
220.756308924596
220.69036538126568
220.69123247118148
220.74932041699594
220.7821787841659
220.72473264213374
220.54507295427243
220.27299504385365
220.05342576203185
220.01976267718402
220.2056921109911
220.5864644644908
221.03514288016234
221.42464180241714
221.71639710073134
221.93649103232804
222.08815069263173
222.19568821103996
222.33710626109092
222.56644342482315
222.87120179374008
223.15605110421828
223.3255731488229
223.35948149577453
223.31557454120355
223.2625130173864
223.17055787812572
223.02612556293545
222.81385228548842
222.53475658073
222.21844945929567
221.9475253372082
221.75050597893622
221.6805524570457
221.72600860290862
221.84119879040415
222.00448899393342
222.20101314902234
222.41921451195344
222.6282279357183
222.80908740437619
222.9113174569372
222.9146000151773
222.83084250612688
222.69896555366515
222.4992748000811
222.213624484401
221.837526208885
221.36881736275552
220.8413107043846
220.3433014324994
219.90827610005772
219.55839394077384
219.30704266737663
219.10880752675092
218.8926930122871
218.66517281340256
218.42905274198694
218.201078767801
218.06026165945298
218.00004575248147
217.98584932336243
217.97014900952684
217.93985020786337
217.8802761973943
217.83752260753482
217.8010803035237
217.76757899629837
217.74730917161426
217.74297250412044
217.79606934335334
217.88018442699948
217.96987095085987
218.04536400402384
218.08136559445597
218.05848702660498
218.00562033131055
217.97150156105027
217.9767679137965
218.05240118252595
218.29238537330758
218.70223575221206
219.210071794103
219.74908762364092
220.27362377907173
220.72070349839098
221.0437926798251
221.20861973899497
221.1522156547909
220.9497382839355
220.71429092169936
220.526699395908
220.43257568747669
220.42189168656466
220.47647886797992
220.53186797641234
220.50806299148852
220.36254062251496
220.12907049360768
219.83577404457668
219.4910159539992
219.1270536657093
218.81409671173117
218.55651730485036
218.33662849205095
218.1286928020828
217.94591055185367
217.80033551169745
217.70733880701596
217.63750873699175
217.5773998272555
217.5346091082489
217.55304151986726
217.6557323606639
217.8099023729558
217.94032941644028
217.97389215922857
217.86087166008943
217.62946971399302
217.37365691541905
217.2304113474919
217.23498982953464
217.32590494716786
217.41830677283832
217.41134435998873
217.2842677468945
217.06191511832918
216.78935786506275
216.4890350190769
216.20668040094603
215.9875136940647
215.86248388519257
215.8571236049567
215.94347390002721
216.06442818319778
216.20570188995788
216.35914618405224
216.50716572895035
216.60277220096924
216.62660309372055
216.64256565389064
216.77515151118885
217.1211002497951
217.65102332860374
218.25764204836275
218.86186855557588
219.4631246770595
220.02941913566562
220.5188618745467
220.8719221050162
221.07003101987104
221.12997475778675
221.08332222518118
220.97220817628417
220.81093390564092
220.58517934812386
220.25443227025295
219.8038297450172
219.27273916362049
218.79789600438247
218.52455046840794
218.47610137614174
218.59161430085334
218.78690021494623
218.96686159226743
219.04264215426872
218.9766031874678
218.77358416573682
218.45452069867147
218.07914025240643
217.68037599734583
217.27181607903827
216.8997569840311
216.65961272506917
216.63310979951444
216.80571763941688
217.08707817807255
217.38963150752994
217.6849254056985
217.95141374232242
218.20332127942748
218.49556598926702
218.84680739405493
219.2475193202161
219.66699873519977
220.0850334774688
220.4446694788104
220.6667441516972
220.65702540935234
220.3437674684901
219.74603924416158
218.9525019608022
218.11562645069307
217.45349853889957
217.1148889193687
217.13208957226067
217.44240527192315
217.9360013242376
218.4961065145325
219.0382944974442
219.5075443728222
219.8967637852409
220.22374370043897
220.45081491491126
220.51072046367483
220.37368085869315
220.03777532878755
219.52448936535603
218.90599452544387
218.28764281184974
217.7530555042968
217.34709195948693
217.08354202395984
216.97799643015713
217.0050296751118
217.08033717434574
217.08549263999848
216.95187714686853
216.71874491550486
216.46166261961503
216.2824314981201
216.27462650075475
216.47118441951972
216.86399872165165
217.3934060336647
217.9803664859637
218.54753423551318
219.02953976691106
219.37928477545216
219.56189618833
219.56014823965705
219.3540910326368
218.91677481952607
218.29483289414247
217.57542658854805
216.85225832985986
216.22499079779777
215.77555558672427
215.54646816352403
215.5682228041545
215.8561070020607
216.3514720996493
216.95718394687844
217.60396924247715
218.2368280189871
218.80342124906605
219.2853015359753
219.68070437954935
219.97716835229878
220.148350018123
220.2111696332476
220.21609227588402
220.1904734175567
220.14206978571332
220.09517766928064
220.0505546672092
220.0082637637405
219.98049978146338
219.98782490112137
220.07063792675075
220.23650731495178
220.45902636626855
220.72422394256367
220.9801063546254
221.14954091565033
221.17022729972217
221.0131309514415
220.7175320528384
220.31474777121622
219.79712989276186
219.21761264772846
218.6928947228792
218.32992462225644
218.21321301023394
218.40268553105992
218.8686808625232
219.44818167476723
219.99360536204182
220.39834647643966
220.60081109183147
220.60758745405028
220.44474934265935
220.16605948995448
219.820193435529
219.42879495127988
219.03220515437988
218.66231162627517
218.34541466085213
218.11594894283226
218.00207795727937
218.02442828159445
218.14564924233403
218.34112476609454
218.63159412376444
219.0444991016022
219.55521633274284
220.0741186675658
220.5346851545637
220.90590668984652
221.1773150878111
221.3244564759066
221.33632708688106
221.22845323760401
221.00896835904564
220.69891592812178
220.30938878200553
219.87464499048787
219.4944079600065
219.2535534348584
219.15981042578062
219.20189094894062
219.33537903769002
219.47884359297822
219.57415614494226
219.58016528355256
219.50077916382477
219.3956862065802
219.3178413425474
219.29449622079989
219.3306880767186
219.40419933545132
219.5043052704255
219.65878307189365
219.90783363395008
220.23792305357966
220.63151979559967
221.03969864562646
221.3198246236075
221.33047201943631
221.0239827346665
220.45586290714255
219.72992058620798
218.95843399522045
218.27278432106752
217.80230876388697
217.57987037273722
217.60053830353425
217.85150922251825
218.21014315092765
218.55266838879987
218.82924531037656
219.0446220882413
219.22525331934253
219.3734205433007
219.4864070656609
219.6059365249896
219.79001883820575
220.04178235182664
220.2899050624281
220.39837618688748
220.31464033704313
220.10738593028407
219.86442710838878
219.6696336199073
219.5617937288374
219.52507922264283
219.49865799993216
219.465572890377
219.4321614384864
219.35452857228213
219.26162747407506
219.21500031018348
219.24225556248564
219.33161786026997
219.49119043197018
219.7723475194002
220.13971849254938
220.52845731169901
220.83165394204025
220.95226453281919
220.90661575519096
220.79719184926867
220.73376217437988
220.79589004601183
220.96286428277995
221.212774846691
221.521235880925
221.83707811209112
222.111883615506
222.26844695172622
222.2543213655436
222.0820649884736
221.79534250418945
221.41837950707605
220.98167081183018
220.53997028794439
220.14221377226988
219.8321501642616
219.6329878292689
219.54003158924064
219.53643884559654
219.5845481404502
219.59864196016534
219.53949288681022
219.42850546248565
219.30437837933917
219.21421375155995
219.1937852175604
219.26194731185268
219.41481935312504
219.60468779165888
219.75963990966173
219.85730169821142
219.9481548855657
220.08796954205025
220.2864112287488
220.5192089335287
220.73775037629514
220.88084654374197
220.88511612043106
220.72095311003486
220.43265657784949
220.09414565077478
219.75099956965863
219.43262697905703
219.14288853168682
218.8617720740266
218.58703333617845
218.3505711448303
218.1681842395088
218.01266157512805
217.84977102733444
217.7136201841969
217.70166488557342
217.8822228096668
218.25906761920018
218.76768372713386
219.29274529310584
219.71079116943204
219.91978347037428
219.87759471090808
219.59531773673262
219.12317150388833
218.5568845677737
218.0220013080521
217.61122244647973
217.3797203708395
217.3363105056397
217.40765445487907
217.47463183753595
217.45569350181907
217.3586319774466
217.2248686385211
217.06114767811312
216.91101964146614
216.8544519207712
216.9356806840009
217.14995010676103
217.41158633686604
217.61206078308484
217.6987974414768
217.69713196171483
217.62073629650857
217.5273628805552
217.47696323713862
217.46763330233728
217.4917637127721
217.52552287343127
217.54497773495487
217.5577809474736
217.62103400177796
217.81664524648684
218.1906690664006
218.73294077598985
219.36092403618852
219.9751264514068
220.496367811188
220.85435145616907
221.06743281517365
221.21428015973132
221.38404153605816
221.58887271891194
221.8099366750177
222.04093531011972
222.2686881502542
222.4564179844387
222.53253540253246
222.45417322359296
222.20500542777387
221.80262238798412
221.31367194791085
220.8126021040729
220.33720305271265
219.9374739139711
219.64931536558032
219.4393154002702
219.2308667160861
218.98169905698919
218.73030175439484
218.51955827217463
218.3354150587167
218.12293052856913
217.86793962437048
217.58370795481048
217.28733147068604
217.00306759047658
216.80226284754397
216.75095582635208
216.8136791419787
216.94032391568234
217.06595637469613
217.18002335928708
217.33572445014477
217.54520880015605
217.79417658921523
218.04632431395788
218.25019016888635
218.33402258134794
218.29623644001148
218.18763094275369
218.07198013348133
218.0322747065234
218.11429428836087
218.29405987803977
218.53411904508113
218.81975867367316
219.11339476517287
219.36365805126096
219.59637915712835
219.82339191404708
220.02089824916183
220.16434780209724
220.26341358239486
220.29386513912416
220.21556079874
220.0058096807222
219.72647547059114
219.47461189837188
219.31138541306615
219.26289530942785
219.26572956814252
219.2646081145005
219.2547944849037
219.29765630048792
219.43078110171297
219.62655066629088
219.79881505144715
219.8976105288196
219.92431208512664
219.89909207622884
219.84889354727693
219.7938233095459
219.74904253616847
219.70352748501557
219.61824963590905
219.441619726278
219.1515723883044
218.80949994838062
218.5004607289774
218.30118114236353
218.310626134939
218.51370364925427
218.80418511367986
219.11087969581715
219.3972219764201
219.6389170437643
219.80983549224385
219.88699380301824
219.91139466172615
219.945477980311
220.02855718139568
220.13181074508748
220.1874914177794
220.17285955937004
220.1290519731261
220.09903415169094
220.10238672188322
220.1572537250297
220.26467913421763
220.44292255901422
220.65893509397077
220.8457456828459
220.97253553675836
221.04756696431656
221.08036079371993
221.07218925900665
221.08152089766477
221.15065351894373
221.2582099774478
221.37570757009314
221.48659349425918
221.58544860374295
221.62587012969968
221.5855732687575
221.49859293530494
221.4402210936825
221.48685437136902
221.631355921669
221.80504463244202
221.91973604642104
221.9164410184046
221.78761767649524
221.52887712881252
221.1550816957097
220.73422872761043
220.34655572449657
220.06335598262132
219.88265299412132
219.77260040064115
219.71269808267306
219.7192122169254
219.85958742303438
220.1492926988776
220.53402489881844
220.9707027954338
221.44737434949337
221.924853973172
222.32978736704604
222.63936953542094
222.85158092576987
222.9608169200626
222.95761354013354
222.89312094260532
222.81237131063068
222.71750951753438
222.5978575130751
222.44017236820363
222.2132708402402
221.87977094676236
221.45436604262667
220.97858310155536
220.4930347265981
220.08103836786373
219.8510016983027
219.8517264964525
220.03700883389905
220.35105892679724
220.7294228578396
221.03278087260418
221.13391774439043
220.99421414704815
220.65233237352328
220.23842385518373
219.85584163356026
219.52475349075843
219.23409868768087
218.96828188790576
218.71630457032268
218.5073860097354
218.35973829409954
218.26392850745765
218.2025818020926
218.16267007668563
218.10380852834268
218.0349191691133
218.0026918585999
218.03797294901804
218.1640393021166
218.34808695058712
218.53908916439565
218.67064477047626
218.68605788949836
218.57380977695408
218.37137878812774
218.16551938826757
218.02732430737382
218.00262253530354
218.1153970238439
218.33347288702072
218.6675122366294
219.139592436852
219.7751055132344
220.51492475968914
221.23655873429715
221.82323964970848
222.253228719287
222.5748211775129
222.8130811748183
222.9251517430486
222.85238788377154
222.55670659136368
222.03642653585277
221.34067441599922
220.58769047000587
219.88949826377268
219.32538267375085
218.96447386458982
218.84288625140834
218.97000724496002
219.31084003680647
219.80065220741852
220.30791104804223
220.69827325523013
220.90048090187187
220.9190132470956
220.82347629051955
220.70578669839145
220.6324140984325
220.59641837015062
220.57915098560963
220.55188430375694
220.44129962720007
220.19801250462666
219.8335853080929
219.40148090158007
218.96445846217034
218.5848580659444
218.33674384417705
218.26987533912933
218.3826957001356
218.6145780679124
218.92675760337357
219.27985102998883
219.58363074097463
219.73307739064163
219.70890882164426
219.52511722814828
219.23573050253174
218.91542923340828
218.63019085147153
218.43876948406566
218.31544147692054
218.23095936444986
218.14723737792758
218.04623375535664
217.92458538595616
217.81108056331067
217.693354011159
217.49871567937862
217.26040570066212
217.11155101962063
217.12139012326946
217.31026900970238
217.67318591775137
218.10964932930574
218.50812183502669
218.8027855754243
218.96760906094573
219.0038356959329
218.99669029053007
219.1102052717469
219.40653544404537
219.84605126360364
220.38576561322137
220.96082487919475
221.45426547298396
221.8180159628627
222.08744630855762
222.2696464052852
222.28576910921208
222.10029286067228
221.82042653459362
221.58684615778247
221.46658708453413
221.41458942904183
221.37246797588972
221.31582649858535
221.24149333295966
221.22805513110006
221.33039147104284
221.483761324755
221.60424127805334
221.66213978838886
221.66218283365228
221.64196515464533
221.58808583503412
221.51963990748553
221.5051737992767
221.558088093964
221.61767817575787
221.64744894666586
221.6143174249301
221.45785925298446
221.21799173525037
220.99922385983047
220.78936350414267
220.5484258378676
220.27126869819944
219.97649744739658
219.6492025109382
219.29950347704727
218.96277500600462
218.70382717097655
218.58748846563546
218.6817190283207
218.95481690757472
219.3048853764701
219.64247428723195
219.86372252161635
219.90686453002195
219.83276597953048
219.74393059737116
219.65289927014635
219.55130010151768
219.4096700212052
219.18756209065728
218.98363699464863
218.95076042468037
219.15308717530525
219.5483348838031
220.09698802062167
220.74140757637366
221.39437557890952
221.88839550649078
222.14159852090194
222.22711647751768
222.22191931497528
222.174203251768
222.10640294735248
222.02577590364788
221.94648002714337
221.86549833764525
221.70910267242942
221.430433113162
221.0920706586732
220.75430398033689
220.4716389465941
220.2498534094703
220.167546543067
220.24312574903547
220.39501491375484
220.52484856798642
220.59412820368675
220.57457144301196
220.472655897932
220.33999539447552
220.23295093059937
220.1717910596222
220.10613716379777
219.95715125814397
219.70935837643344
219.39098441410536
219.05589970521362
218.77230731690756
218.61610245593366
218.54222014072425
218.49035058001218
218.45237607997723
218.43969681036182
218.41967181263294
218.3966975612541
218.42895870628598
218.54604246881922
218.70999155843816
218.88689791062407
219.07661390168798
219.25535095184694
219.39512762137014
219.51251467722057
219.606397087248
219.6399053776488
219.61983634320774
219.61446365825634
219.6843297195133
219.84061453205177
220.03986789933907
220.19748844604788
220.31719593281952
220.45294709821388
220.6088228593234
220.7335201360279
220.80047166410185
220.85124082719983
220.89955122186274
220.9121857834684
220.87310155459977
220.82435807672087
220.80154077563614
220.82044033290796
220.8741291597099
220.93099283268518
221.00738183324535
221.12695437135832
221.29356334245563
221.45609940227524
221.57586375063383
221.67215576843182
221.8017923843781
222.00214550178512
222.25715709544284
222.584652891153
223.00823766098733
223.53140351919828
224.10315223431147
224.66156484252377
225.18724483524602
225.672219479318
226.1317744139048
226.61106735359817
227.07124567000434
227.4336481471221
227.6765344174901
227.8335134412988
227.93300058778524
227.9788658178195
227.98891177163614
227.99485443413062
228.0449071361081
228.1393694772476
228.25813391171184
228.35810253122048
228.35182460120484
228.1723110737802
227.82817435319063
227.41037142382822
226.99092478081977
226.5755722123185
226.16591250690118
225.75966228911847
225.335172290456
224.8655860271593
224.31494119495858
223.69782350103515
223.06263541497927
222.501151475235
222.0753701696458
221.7910454978852
221.64469136353046
221.61932699323972
221.67480360050695
221.75031584831967
221.79650677011654
221.78768119253084
221.7274104318665
221.59977016382408
221.41050289914932
221.17704619209536
220.90627632461428
220.63038221201572
220.34840918639517
220.04723653808503
219.755056397739
219.514534588306
219.36929205532581
219.34381769163602
219.41546793676588
219.55733605065194
219.74774512148147
219.96945376453667
220.15932432651067
220.27245834372218
220.27335353746116
220.14546603050812
219.88010829033345
219.51560317890304
219.1684557720996
218.9530837633584
218.88658412062816
218.9190687438021
218.96108684268268
218.8745848428017
218.56153055627288
218.0581789946758
217.5009712137299
217.00516714853003
216.62109053959318
216.36087705710304
216.22709631948328
216.2393460237846
216.4184765533975
216.76448206696588
217.1829104697339
217.56693804508382
217.85137626211835
218.00242028068845
218.02211669806974
217.97654848969836
217.92950264352004
217.8881109864961
217.8588164209394
217.83041046627898
217.81493918862722
217.80616161663448
217.77611229814636
217.7148481193385
217.61920174702317
217.49763585264762
217.38449989285203
217.32408351921623
217.37197111605826
217.51456517561394
217.61400972166035
217.58289265927164
217.47475088504248
217.36031181051843
217.2436207509765
217.096632908066
216.8876119593367
216.59754420769085
216.2614155833951
215.93739202574505
215.68064893440587
215.55193190738606
215.5582871662014
215.66705273343018
215.81561057287072
215.9433304348156
216.01945622047512
216.11081623542117
216.29047626673906
216.5626179764886
216.8805390497796
217.1433277592505
217.2652873225576
217.21228888023865
217.03033092000751
216.81019071644417
216.62830551260657
216.51432482462542
216.4660039869642
216.4562011602095
216.456545138538
216.43840245123198
216.4073426399079
216.43446917033768
216.5829767448239
216.79624289972713
217.00824686951856
217.2127345935115
217.41965219253302
217.63525450908276
217.7976930808149
217.85670062317308
217.84102081834695
217.79713482444504
217.73167171484903
217.61562628028875
217.42507267902067
217.14591632966523
216.763803469706
216.29809389644592
215.78450677342101
215.28829554294853
214.8775613836628
214.61473649118057
214.53173606826596
214.61346026299373
214.79655251243128
214.97943686103184
215.09311398181677
215.13317557920044
215.14391397241872
215.1413927739791
215.10150908948657
215.00767104698582
214.88468487932607
214.76453535690516
214.66141685638235
214.6098530014881
214.65980490213965
214.81340178637004
215.07003500883775
215.39933801867733
215.73451276587747
216.01692389090977
216.25004124517096
216.49673412945182
216.83622680269286
217.26632607087774
217.7305174392165
218.1762547228717
218.57074718532493
218.9410499025126
219.30978226391284
219.64885272773125
219.94050616316764
220.23358488829587
220.57387771777866
220.94654294088465
221.2948139845958
221.54513435259307
221.63984436782687
221.58521405388979
221.41824603283112
221.19981393824182
221.00636915157597
220.8899525759118
220.87226311177773
220.94399439458113
221.10457713124785
221.35938692688413
221.69289640944808
222.0677374420316
222.45964870717032
222.81317258498942
223.07924929385993
223.2201178982065
223.2353164984201
223.16413006118694
223.10164296211732
223.12771880305573
223.21439063759578
223.31810761463706
223.41338469023407
223.50840604054676
223.6660693893328
223.91621307493594
224.18631029485874
224.3965104212312
224.52446280508462
224.57762428390862
224.59795655307136
224.6493630236211
224.70144245634268
224.6950107170768
224.58679272976974
224.36246321762806
224.0238258050209
223.6177771364371
223.23086186605053
222.9156341230723
222.69463016930337
222.55139760546805
222.41167472919435
222.23448384035962
221.9950865044941
221.68027210469918
221.30355101887687
220.90507823158796
220.49307062888158
220.038350321362
219.56821426601886
219.14838380256086
218.76865411864122
218.46999303272747
218.33282591853543
218.2892293989655
218.29678410742372
218.31821709001207
218.3572766994989
218.44772400564727
218.60643316366844
218.75585439379037
218.82654119095795
218.79501702994304
218.65122090566877
218.41404674518577
218.07528448679602
217.6081692070899
217.03362588865124
216.45802489574066
215.99557351785006
215.6983548066419
215.5705483746316
215.6628375656687
216.0036594008222
216.57218695750552
217.3020711104417
218.058425244725
218.73165343774426
219.24344528888616
219.5480216878047
219.60174855055473
219.33359245038795
218.7353470750325
217.92372667403527
217.08880423299456
216.3992046809483
215.8845403052294
215.49804659022777
215.21726250931636
215.06560516775517
215.09398640754654
215.2760923522741
215.5395864033951
215.84338094662783
216.19164908960335
216.53430023578522
216.82941016331307
217.06501314936335
217.26208317304315
217.44389206464734
217.59563364514085
217.69480437310654
217.65658028315323
217.43790874664188
217.1264965737208
216.83477625212248
216.65889579105186
216.6280202359492
216.71056879254948
216.84098434644966
216.95735663719344
217.0124311911973
217.02302592824225
217.04997408781568
217.14399765342927
217.3066250847049
217.57935046838082
217.94571649527154
218.31142733573657
218.55944361051823
218.66140905536395
218.66384901049557
218.60814968866248
218.49989365318237
218.3999061900302
218.41443121692978
218.56117099899564
218.8009652155239
219.05434317351893
219.26857374659093
219.45477396819032
219.65247818345833
219.89471624893338
220.17408011478435
220.45293397083103
220.66206821364995
220.68591414004692
220.49695943810792
220.13565663651013
219.70104903294123
219.3664407956163
219.28246981333035
219.47523130999505
219.9092983542662
220.45986689443467
220.96035116770184
221.26246845232004
221.2687216697155
220.99871518755415
220.5519629514918
220.0674172252006
219.68701996460976
219.5231337533057
219.61915534911094
219.92515114707945
220.32345728807303
220.65945438430566
220.86746013841358
220.94712710511195
220.89418263589698
220.7505697383266
220.56627510647462
220.37149391203076
220.15097104316146
219.8780145501071
219.57883904280843
219.27455668728047
218.97479653973494
218.7095476691706
218.52173074375273
218.383198757468
218.25412598286022
218.14272001213934
218.05065416109224
217.98157854766956
217.93195225481813
217.9383845435142
217.978304713118
218.01224306084708
218.04045663051977
218.09287683023393
218.16958238881597
218.19561102031167
218.14350182230038
218.05989407977472
218.0103833264336
218.02685645785238
218.13789368469105
218.25778624587605
218.3089366248119
218.30409646896635
218.2988012663014
218.26916762784538
218.2298259890735
218.19029172141973
218.16307737079367
218.13419993623745
218.16005260782748
218.31834415809428
218.61401854991334
218.99036098144217
219.35150586788134
219.64056509306243
219.839552876318
219.99107220058346
220.08179013648163
220.06541320443745
219.9629559193515
219.81234242878224
219.6180567296892
219.42304101908428
219.2724412870123
219.15842981568946
219.02635094271884
218.89353468479783
218.78842380448134
218.710949839757
218.66076915501083
218.6325555590874
218.651873012707
218.73221204536102
218.82140518259064
218.84729046140274
218.75908140979925
218.53596112090761
218.21903827945158
217.8631613138794
217.49466616415216
217.15718957339743
216.89761456929818
216.74125779718318
216.68674394907484
216.65103179286183
216.57263409270502
216.45115722518884
216.33013179331306
216.29897371332632
216.34584211624048
216.39569383793395
216.41140696165195
216.42993094713643
216.4454226410848
216.4278565779918
216.37812995384047
216.33558711135876
216.35660290010202
216.50274711012784
216.77864238281668
217.12325313555493
217.46779566564186
217.72377206226165
217.84992828851267
217.89311303778936
217.95355157401465
218.0928818235807
218.36812481004193
218.79171757561232
219.27571422145357
219.69719704609923
220.0159244133244
220.3010542438106
220.64076420100105
221.02020719859473
221.37491464011282
221.68363393546855
221.92109985383044
222.02414284728002
221.96190573014755
221.78710555888344
221.58129528163195
221.3744623364144
221.20474085900764
221.08702520953776
221.04464529771104
221.06091979797924
221.12804013714845
221.215204776241
221.28620875077291
221.31764801002066
221.3355221806931
221.36729183315185
221.43460014763698
221.5121883687167
221.5808812927096
221.65530655442538
221.72134156720722
221.63254594170928
220.93087100719492
218.7818249161914
214.24345616123526
207.09090749244353
198.7943574439849
191.35336299501
184.61459311096087
177.45010503528314
169.51239068750507
161.88010880690967
155.63078855291144
149.68914507860856
142.7548404898592
135.84764324780522
131.24230299337785
130.22182222176647
132.81512741033748
138.0867367101759
147.1156677813711
161.89074221012473
180.17046377729093
194.18297644518756
196.3057629793261
185.7131084405747
166.37101576538112
145.75990697508405
132.01317480773739
128.02022397117258
129.6931182086758
132.24456937899447
133.92107207681715
135.7008324354112
0.0
0.0
0.0
0.0
0.0
0.0
0.0
0.0
0.0
0.0
0.0
0.0
0.0
0.0
0.0
0.0
0.0
0.0
0.0
0.0
0.0
0.0
0.0
0.0
0.0
0.0
0.0
0.0
0.0
0.0
0.0
0.0
0.0
0.0
0.0
0.0
0.0
0.0
0.0
0.0
0.0
0.0
0.0
0.0
0.0
0.0
0.0
0.0
0.0
0.0
0.0
0.0
0.0
0.0
0.0
0.0
0.0
0.0
0.0
0.0
0.0
0.0
0.0
0.0
0.0
0.0
0.0
0.0
0.0
0.0
0.0
0.0
0.0
0.0
0.0
0.0
0.0
0.0
0.0
0.0
0.0
0.0
0.0
0.0
0.0
0.0
0.0
0.0
0.0
0.0
0.0
0.0
0.0
0.0
0.0
0.0
0.0
0.0
0.0
0.0
0.0
0.0
0.0