0.0
272.5025499895319
264.6785978632269
255.35398701643348
248.09033563754545
244.63663558799252
244.51864751326764
246.72665589048134
249.41531864237862
251.23244459114514
251.95049850038646
251.84421681492896
251.48452617731016
251.50865246921103
251.91090787981057
252.05234440432946
251.4440616150323
250.0672291345313
248.12162231936526
245.78230696491158
243.37874698833303
241.23653200496716
239.37600429808768
237.68523588583037
236.28406850700705
235.35404473111282
234.96677810714542
235.04072213452383
235.57399794400166
236.6629005533301
238.25382517330343
240.15053682365635
242.2101112515013
244.3389666174105
246.61934770185013
249.1063343754487
251.71785517168178
254.28485269898115
256.671166444937
258.7950546804285
260.65521860529304
262.2254660828751
263.50543353714534
264.6612321809455
265.8817664500844
267.2236964916746
268.63827059635554
270.0205751255621
271.2168082121856
272.1382276435755
272.6976717256694
272.7915569568395
272.3279473767663
271.3112365732951
269.8289050880382
268.02143917413787
266.08797007393537
264.21127478678284
262.5424426361442
261.19395507329057
260.13907854414146
259.27061016296756
258.46827078592537
257.72044223967544
257.04121229197017
256.3492539261017
255.50522232684378
254.5244584358394
253.51812150307205
252.60769158543752
251.86226713995276
251.33218527787253
251.0280541042341
250.9277942028012
250.93637022507212
250.96790081958866
250.96309974175378
250.9014669737574
250.8768841936402
250.97460645709836
251.1073746498123
251.106093019738
250.87469352384727
250.40477054131188
249.78564190660353
249.16271456959362
248.66155072655354
248.34698251326387
248.27297512143582
248.47600896824758
248.91360152776423
249.46578520651457
250.0829564008581
250.76752725434744
251.4659148916808
252.11480606325742
252.64705145804126
253.06482684529576
253.384998601875
253.61973590593146
253.85409130157956
254.29800210811536
255.08977524929367
256.2118422665543
257.5822434683301
259.0129621320114
260.2486015109108
261.01944937219986
261.2173619735645
260.9362347105591
260.4146265587349
259.882203862685
259.4976851670737
259.31752997388645
259.27548777871317
259.2427071993659
259.1120261989949
258.90188401480964
258.72524307521013
258.66996416255745
258.76498130198
258.94628424780024
259.1186885264065
259.2398381425173
259.41364288871586
259.67734781019175
259.95554812911035
260.1610655959828
260.2397775717987
260.17876479619804
260.0284607081674
259.81726088944197
259.6155079227573
259.55511425404245
259.7653949151273
260.2970176568149
261.0142277129883
261.69881816441324
262.1822270378714
262.31261246326494
262.02446794726313
261.34493524834767
260.4143988463271
259.4009700775796
258.4401047725007
257.6671864536112
257.1318049525713
256.8351524470019
256.7641004275756
256.89535650622344
257.1553960464246
257.4455824926158
257.7418895142028
257.96538367335046
258.08721886197884
258.1272053557609
258.0774321631001
257.9472909436066
257.69725406826984
257.2552389131847
256.5955264889782
255.80101008403847
255.09088167750463
254.78816559645696
255.12703725686404
256.05776423823875
257.32045690926043
258.5930616845192
259.64416164182455
260.3498607675281
260.69455808368997
260.7547684905218
260.6055248653587
260.4098044179462
260.42446265758076
260.87961184209746
261.75343643081237
262.8523887074997
263.99565237205934
264.9900642819739
265.6774365436259
266.0692649558015
266.1938846117436
266.06172919967264
265.8266415890331
265.70579516804077
265.8648875848814
266.422938855509
267.4427808461719
268.6934447716363
269.84670160317125
270.671690090224
271.0951224488741
271.08147021032175
270.621154323873
269.6763588904379
268.21961331879135
266.3464866648018
264.3241164114948
262.3734636980847
260.67703758223564
259.34650417506396
258.34784121304955
257.5632010796873
256.9162338150387
256.42652675732677
256.09714723904756
255.9161849850907
255.89636293771463
256.0404867628585
256.3598893843116
256.92509378349496
257.63596688682424
258.2207607412622
258.52000475448114
258.5480053631055
258.3066500173169
257.8798335047425
257.3927918957654
256.91847120930504
256.51906437157913
256.2668879778036
256.20075174850086
256.298523281188
256.48953050971784
256.7262793694507
256.9752429754012
257.1781929219504
257.2868590527854
257.32477727826915
257.29326478363373
257.2017785808216
257.1620404445494
257.1960481969269
257.28753980872284
257.40127008340664
257.56521588675287
257.75100481621837
257.9241188985125
258.0392359546687
258.0277580610044
257.9188977026974
257.86443200894183
258.0304820410904
258.6083640017529
259.5980775399993
260.86471232560956
262.13801112801093
263.1068682470521
263.59762101855057
263.71848946621714
263.7608012513732
263.8235530784474
263.9100932376084
263.89778054024663
263.70287840267486
263.30191645550616
262.8068804667969
262.3525688560105
262.05175827459345
261.89231921957213
261.75694582696264
261.6117432484365
261.42052795131224
261.1210937762178
260.62583499680545
259.9745551972829
259.23920458948004
258.52549032280126
257.89684428048304
257.392299324856
256.9923049049843
256.77002625536795
256.8732289727483
257.4454052775327
258.4821047017392
259.8149144512414
261.185885682811
262.40930276673345
263.43964234386806
264.39745868945624
265.4966201945655
266.8364146391324
268.41875767952524
270.10553384417864
271.65667077173646
272.8579320979686
273.5687413208252
273.81292641301445
273.7540624798774
273.552686366838
273.2480018109058
272.85197609447937
272.37072451415213
271.7586828254021
270.9874198598295
270.03474554513673
268.91992627122005
267.63808727190445
266.228772471904
264.74485002329175
263.2845814272704
261.95232497635646
260.7935475992946
259.8629276335129
259.1901389131722
258.77009526263123
258.5692844000883
258.49807308994616
258.43610579923205
258.27311074785126
257.9677934179841
257.59917455356555
257.3015923686998
257.2130077859669
257.378335095485
257.7718959017985
258.27652874845927
258.7022443270887
258.9173052748941
258.8184095600182
258.4276408323888
257.9075513927917
257.415901562348
257.04966367226245
256.8713691908809
256.88775327749715
257.1228070927946
257.57404886292306
258.20154328656764
258.88458014578026
259.5097494018065
260.0262930406278
260.4269934974407
260.7603772924641
261.0954528325695
261.4179790566821
261.72396180259153
262.0345570035806
262.36161020993416
262.58883238754726
262.61766692267724
262.4835675679341
262.36308696784295
262.3422685075177
262.4847583575032
262.86049167348415
263.3480011625002
263.7001289816824
263.72473174233073
263.3265431310023
262.5518642835872
261.64677995883676
260.8913572719237
260.49678193036056
260.5023918146301
260.8333763291012
261.3964637935748
262.11175479228547
262.90871201096974
263.68809956897155
264.30808895949224
264.59453981445995
264.5411451930381
264.17353255962394
263.5303627839796
262.66459725985567
261.70423269330945
260.79499592377385
260.0273413879181
259.4205606702183
259.0278790579409
258.832561695591
258.7616031273739
258.84695787011657
259.0877383978618
259.5317813913805
260.19953232259553
260.9341780468463
261.51253182515836
261.8279990489122
261.83090763893534
261.4845130715265
260.78884515149707
259.8259696242752
258.8261397688506
258.03026445357
257.55098835835975
257.4759677443009
257.7768935627497
258.3149979798176
258.9798790004996
259.74850829569414
260.5676567712159
261.3313879300921
261.9822163429319
262.51889300734393
262.91128620291624
263.19406766257293
263.40994309091207
263.5986831451051
263.6993841565593
263.66205085033164
263.4879235299941
263.1536612894979
262.6508536193794
262.02948696728475
261.40347699085214
260.8639244914126
260.43015843564694
260.09765403279613
259.8523120065018
259.7404270396112
259.76892685573426
259.8657065111525
260.00436439599207
260.1113082971036
260.09241820389053
259.99467393049633
259.9416789307384
260.0528499661115
260.3621390670454
260.87060697714026
261.4939170443166
262.0139926738082
262.32723023097554
262.46082452044084
262.45705072401347
262.3151201410016
262.08329713131275
261.8829043415375
261.88879027796975
262.2081866855791
262.776274656773
263.4201628605051
263.98446869842314
264.26535982597215
264.18977323459933
263.8471416527248
263.41921097675305
263.12387825995154
263.03394675004176
263.1413301416906
263.344728318924
263.5262102286682
263.63871931461995
263.7092825583852
263.7537059109504
263.801542170976
263.7713938392498
263.4817634952299
262.7808674072287
261.73408475815893
260.5824736996207
259.54658967039893
258.7717210902609
258.28953503294235
258.15073000787027
258.38055888062775
258.80771829205406
259.1808076572586
259.3121480821359
259.15160644893933
258.7621978028775
258.3164189688757
257.946557217293
257.6766378068522
257.4386576828471
257.2092005295981
256.96936322356134
256.7601322877393
256.65123588184014
256.67312586615867
256.80808713350217
257.03927442942535
257.2954099762841
257.5034784364352
257.7084103490705
257.995440204841
258.4207778212992
258.9781011810118
259.580030895196
260.1550402780489
260.5241925525843
260.56530983965405
260.24980092001397
259.69247745364726
259.08684904529935
258.66287704606196
258.48510871356365
258.51902905073564
258.79819697522055
259.32391782075183
260.0177358661202
260.8737307972101
261.8871961638478
262.97394911527266
264.02154739856644
264.96280087280206
265.7377644621972
266.1781946893068
266.1853709784332
265.7492178566169
264.9037551331863
263.807222946662
262.69177133832306
261.7959763077234
261.22681239413004
260.98871834093495
261.0705754117273
261.37411544037053
261.75995590295105
262.1515725967313
262.55426244419607
262.9130497136472
263.0915862375627
262.96025851303386
262.47131225511043
261.7126326470553
260.8674943603907
260.04520758206485
259.4103407011727
259.1018464547737
259.1509323744466
259.41500476062004
259.6738705246346
259.7018076269395
259.48237178566217
259.15596244417134
258.8605214127467
258.724110668963
258.77358860871556
259.01091874076496
259.44235652212353
260.0549838400584
260.844824186451
261.6913363619792
262.4179356625885
262.8986081725417
263.06733291941663
262.9729563604951
262.7363779707049
262.437430661888
262.0576456986578
261.6418438048343
261.27622557529156
261.0105848347973
260.8479818034948
260.7977126207463
260.8219445192136
260.9014085623392
261.0862478434101
261.3982761925337
261.813374039378
262.2851156103128
262.7858672114529
263.27755347510174
263.68948155857913
263.9173874395974
263.8819387180771
263.574334045715
263.0114217683025
262.292245800238
261.6034926637765
261.1549619149983
261.0804536257838
261.3453362079728
261.79695145195427
262.22315405242875
262.40757309720254
262.21129110027505
261.60830254151347
260.68375144007666
259.6229211561538
258.659279839893
257.9406416953873
257.52850412741753
257.4164336908302
257.531020967548
257.8245517507394
258.2892257794355
258.82674485822565
259.25294285630696
259.3858316767394
259.1727702108124
258.689489809104
258.06067052213245
257.38872655622515
256.7963310897729
256.44826310800045
256.49678538075926
257.03122636312196
257.9851059022629
259.17690606606766
260.487448249924
261.8257591998042
263.0385476118039
263.9373232689079
264.4283954618314
264.6255373706046
264.7819125935695
265.0996781161924
265.5134093246621
265.79629455577646
265.79943614434126
265.54307859873995
265.1569054052986
264.70521164765233
264.22341525371286
263.7343337560378
263.25373614605496
262.7944191018758
262.36197919687373
262.01402765877526
261.717572427136
261.47465395153927
261.32271520546516
261.322625667262
261.49786319341865
261.74567590741026
261.9880183309033
262.15138585535436
262.23584430141375
262.2608121335422
262.26837608157524
262.36893570637864
262.69232172231193
263.2480629566711
263.87091152991354
264.3065312247898
264.4361218878296
264.237631795934
263.91351191994204
263.6864256028903
263.56419368947695
263.4633858453844
263.29054533621195
263.0153443266871
262.7132744582518
262.4322839021703
262.1890425974867
262.017237657776
261.92551729327784
261.8804986150427
261.84414511319295
261.75047404743253
261.51188717693805
261.1153279073891
260.61755797247724
260.10406813555494
259.668759593319
259.4413949321854
259.5037128790424
259.73168368944624
259.99580606119923
260.2879928023352
260.59553472051573
260.94889726593647
261.4112263064859
261.9779492478782
262.4587258188618
262.7137227449364
262.7811711758416
262.75806949973077
262.748672552738
262.8209806507538
263.0372774694165
263.38666865145996
263.90328824468145
264.59146142841854
265.3368453581747
265.90568341244915
266.1790546917898
266.1816608715046
266.12473732154706
266.32089375215037
266.97451887754085
268.0351770243389
269.2642515713086
270.35873127050854
271.13746408422975
271.5640388177215
271.6709201099425
271.53652516948114
271.3007077283422
271.0474343287766
270.7307741233827
270.30998586638145
269.7787241276902
269.183251103157
268.56037076830023
267.9629993218593
267.4383239501465
266.9738349422066
266.4904683632003
265.9139106347677
265.22556598861524
264.467156020233
263.69677935647815
262.9988550446023
262.41947764032597
261.97772334126086
261.6353804815425
261.3306360204433
260.9939415198101
260.5993414783659
260.15761886135044
259.74963285720565
259.5566153791589
259.68270576301256
260.15888544891857
260.8850653170047
261.6432083409587
262.27233193445005
262.7167034925357
262.9786473034379
263.02210395344855
262.8684007908109
262.63598644548193
262.3645839177122
261.97676432021325
261.4690042844556
260.9355934556453
260.54661100542285
260.51017991255424
260.9093335367597
261.6388007465401
262.52101676133356
263.3253597495939
263.8954649468475
264.18303358232765
264.1872612683427
263.96343918380234
263.65065636939056
263.3321014858121
262.9767552498088
262.5172314084016
261.935545469177
261.2799863415171
260.749056565647
260.49554717397734
260.58892491969897
260.9692065629481
261.423570284989
261.7409923516065
261.87305132883796
261.78208207806864
261.48581268926563
261.1148968092894
260.79078956472506
260.5359821289443
260.3772502692802
260.341229923932
260.3684381484236
260.4019151348406
260.40254700615975
260.438933577168
260.5499737701333
260.76307905613356
261.0640697365152
261.35366853678397
261.51799211142367
261.4991441280167
261.2917368795094
260.9688717526995
260.584634585524
260.2347738155203
260.02231174529174
260.0354035481144
260.35139022301604
260.97163006207757
261.7525240819414
262.59807998768395
263.4130038003346
264.0155109896967
264.3228530541479
264.3159549884866
263.95432828782384
263.28309374729247
262.4266790619063
261.51582106006697
260.7243085665789
260.3096548523258
260.49776409047456
261.2495623971638
262.2575531681343
263.1470319988542
263.7521628200427
264.1238095583962
264.36752026074026
264.4241094105231
264.12625129131607
263.44813024405397
262.5155175553708
261.46893768656525
260.4889311259523
259.7186721921047
259.2243698077937
259.05512118744383
259.2458994743432
259.69355793058975
260.15053448956496
260.4134127011232
260.45318649567787
260.35849073607244
260.2379648663871
260.23986338289063
260.4223406437769
260.70061887600855
260.9686717796589
261.23320590343553
261.6480513851544
262.3251822014154
263.219475301461
264.15137855381187
264.9658656874599
265.6091285631594
266.0419174124562
266.2279798880782
266.1450390808905
265.824484136711
265.41012787955054
265.05374849493205
264.84540125490594
264.8022158023807
264.8875833845507
265.0377020044073
265.15803591658164
265.188747638983
265.10658338188915
264.96079445880883
264.804760617586
264.6488596589367
264.45688831384194
264.20655026034893
263.93404237182693
263.68890887204566
263.5062616936532
263.39413331279457
263.3225793029084
263.1884180516056
262.9066481341122
262.40718880256117
261.70795438729795
260.8959051678479
260.11102276317115
259.4662599008226
259.0340821555508
258.7824494212054
258.5945313171722
258.35885390697104
258.0372352989164
257.665674418677
257.3102601818796
257.047431075173
256.9681227166518
257.10279386801665
257.5022537213623
258.2050476183268
259.22080056780425
260.4716696494503
261.77701089989256
262.9153298878602
263.7240934087085
264.1374822933117
264.16174277527153
263.8273941860831
263.1672683433464
262.2837378840193
261.3336603810515
260.4346937815516
259.69496052384096
259.24449918047526
259.1333131840918
259.3222449617144
259.7300219319206
260.28252242495023
260.93764922537974
261.7054958961885
262.50679238585906
263.17675247761196
263.56278334670236
263.6259692312685
263.44043043265634
263.1079006130034
262.7273883793687
262.3731577455043
262.0222217964385
261.58456375568346
261.0358697135001
260.4959820187054
260.07999622935836
259.92944556896117
260.23626600016496
261.0892215075725
262.43487079676095
264.05897017333257
265.6070205726782
266.6710420716046
266.92832985881824
266.3380322452839
265.16023455383356
263.8345317458087
262.8268251116462
262.5025579022073
263.0291270114896
264.2532896844649
265.8094718127936
267.27528222102
268.34286525269636
268.87879118881744
268.9371720810449
268.7656618065783
268.51709347075234
268.18565716194934
267.73406515967895
267.16577125860346
266.5156459876853
265.836469220353
265.2640539010788
264.8551339429637
264.608648276864
264.54580232844546
264.65660359609853
264.88817248486424
265.147540309077
265.38289199047955
265.5895996605914
265.7238687041649
265.697572726228
265.4424762202401
264.8938030624459
264.0742674627264
263.1090573734053
262.11985768229925
261.23505016839573
260.5279629570886
259.95549429765236
259.4781044997966
259.05874944800485
258.63861728888764
258.24336424912514
257.9190291833324
257.6539095305837
257.4339862708317
257.33592918192653
257.4792823119382
257.9235739009723
258.6732887429875
259.61727781695845
260.56985066347204
261.36264125047387
261.8686639573185
262.1100666832517
262.1712985193235
262.1906011707815
262.3289297322427
262.692826340192
263.33671802969167
264.2563096294167
265.3946926454216
266.6908332004572
268.05321589851803
269.32218456272324
270.30008168599
270.8415500735337
270.8807062000237
270.46502734169167
269.63315842280235
268.48528263958065
267.2772446281391
266.23843398060376
265.5093532422618
265.0342705148058
264.5585553316104
263.8806245755367
263.0035046739549
262.0749784845707
261.23876474158726
260.56033889481154
260.0121325095166
259.52968970196537
259.0498437555259
258.5682012754166
258.1182746494452
257.7216928061346
257.3847859963796
257.1481579298412
257.095622880338
257.32998709020774
257.9367402712351
258.8945752340999
260.055894116676
261.22227514745794
262.26504487459306
263.1695653453349
263.95618730510716
264.5910532779657
264.98607663254387
265.0413220153706
264.67278390008727
263.9065985995542
262.92458028072133
261.9799573918211
261.2659595951763
260.91279960045574
260.9267076929041
261.22402207230186
261.7085031090998
262.29727359321043
262.95478487276307
263.6988207707683
264.4698455210886
265.07306308125266
265.3077051293028
265.16554105652904
264.7498916861216
264.1982053081246
263.6215649201886
263.0752855774131
262.53916618667245
261.9987470186292
261.5227636596887
261.2214306592277
261.1562976613477
261.265078706924
261.4214483385519
261.56167855626234
261.7140123087264
261.9603247737954
262.33239419552314
262.79156479672315
263.21169202804566
263.4439005334532
263.38086859251206
262.9996045713135
262.3873469077954
261.691141282943
261.09541705750746
260.7118538659264
260.51413592383716
260.4014284027653
260.33356931684443
260.32596340144795
260.45972018809954
260.84192479035033
261.4923102510908
262.31786782478764
263.1701005954254
263.9386502213281
264.5102639423113
264.7377186165182
264.54842754855684
263.9864658479945
263.2217135458823
262.4456688023914
261.7409900525627
261.20279166500103
260.8995329388704
260.80812761224473
260.8773308137612
261.10610389276496
261.50725188794684
262.057428501264
262.6287276365215
263.1115719330261
263.42898491777646
263.6036256902825
263.7572086158543
264.00613551793884
264.3570371813321
264.7041624373949
264.9283797833737
265.02729320477584
265.06053765624057
265.113127767651
265.2003679247258
265.2721360796339
265.29125875130904
265.1988848000369
264.9304584185857
264.4776529942936
263.86586507436783
263.0619142623354
262.0488588144568
260.8858058004443
259.63761920558466
258.4052630883075
257.31443392749475
256.48964987608827
256.0226273652577
255.86821045969197
255.93852506827466
256.1466815675158
256.38582415424577
256.5463033785969
256.50421091384084
256.2482577938326
255.9114341916424
255.6371193741747
255.52135958442742
255.6565424177244
256.1810030564978
257.1608286560672
258.48849909525416
259.9668140018312
261.45874760895356
262.88651931106074
264.1898394372328
265.35070784322716
266.32038886421407
267.0728219675955
267.6596416577793
268.10533587594955
268.4387642583246
268.64928800949815
268.6316786555116
268.25210122927433
267.4790706626404
266.45743883245973
265.3506184608645
264.2395602738086
263.1650725510904
262.1243801454864
261.1431059905598
260.2963499059621
259.5692702836925
258.8666566972305
258.1188202012786
257.3504953651573
256.6236535015745
256.01485948476403
255.65221250504132
255.58795915433657
255.74241423273736
256.014223772538
256.2188093461106
256.20495432031703
256.01561839222757
255.8053878201322
255.71518970324325
255.80334790392965
256.0566617240022
256.4688052241386
257.0330496742261
257.72344459917446
258.4637999468714
259.1472426990073
259.68979007712295
260.054284973843
260.1768891767914
260.02523777382976
259.6491479585055
259.1528358652437
258.67059624520823
258.3668307796192
258.3415750130281
258.4705704823607
258.4746297188176
258.2244845361596
257.7391002519826
257.1043200015086
256.4590637966884
255.906075892851
255.48338145381686
255.2008432620801
255.07161199915961
255.14017336886133
255.3897348747471
255.72934064761478
256.05645623815275
256.2547022412007
256.28976320217436
256.2687584241839
256.3187987581028
256.4307666682075
256.5308492125116
256.62308473694
256.72685405709706
256.80854714268395
256.87955690464685
257.0091590503122
257.21904881001456
257.47259208344605
257.79896671703284
258.3037589892775
259.03893050901434
259.9400499964013
260.93386498537575
262.06420269880175
263.40591486073265
265.0456291687491
266.99270209979795
268.9824999659081
270.63752666721507
271.66910074625844
271.9768259220455
271.6698994708763
271.0033024814514
270.2632564217858
269.65383669417764
269.3039684635527
269.18035218775276
269.1310061399065
269.01581762392175
268.72803378710455
268.2067443979992
267.3923172505354
266.3250873269287
265.17308304029086
264.1040925837482
263.1396461563452
262.2436161274065
261.38220043352715
260.50176103230456
259.5226511513571
258.4383868638068
257.3716645070057
256.4187221929959
255.5958172240818
254.86080106247192
254.16612780250512
253.5236997712655
252.99489565251554
252.58007170180116
252.2406297072565
251.97766091580635
251.91506114456337
252.23684489051283
252.9898488172411
253.96663337242654
254.8110867596503
255.24132292852156
255.24423441248976
254.99652641837287
254.7439269434957
254.67196401453532
254.8718512813958
255.28999034348695
255.76264644594994
256.1567399319353
256.4137155492046
256.6078625983837
256.8869372972775
257.28805616554115
257.7564993435533
258.2374434039839
258.7399612316013
259.2783115113226
259.8085563598674
260.3008079287504
260.78712065270815
261.1939709238369
261.4721538835783
261.6300044580289
261.61549090725356
261.35845517666553
260.8685472917654
260.2919593771571
259.7665407169895
259.37724961251195
259.1777961890069
259.15367262737436
259.28654300810126
259.53933897756167
259.7865465136306
259.8398781795125
259.6064108061489
259.1017944865198
258.40657103004895
257.6594102802648
256.98731564865
256.42985174787725
255.93911906063587
255.4792226386346
255.09954112745262
254.84106294493586
254.67048800235324
254.56468959609504
254.51218128578014
254.5257372027679
254.66029866782662
254.9410137637723
255.31542499536877
255.68063823703622
255.98820598459656
256.271086708512
256.56564550366096
256.88024295896145
257.2114475788617
257.54473599252725
257.91871330967916
258.40633486259634
259.11262310714926
260.10988865702524
261.30005434296544
262.5319891360136
263.73154385014374
264.884833763454
265.93743480165006
266.771097541138
267.27950761976393
267.427524853425
267.21721018413535
266.68973331668803
265.9442796069009
265.1442403322543
264.38312673994807
263.62788946964724
262.82273603355884
262.0052583742171
261.3366484667807
260.89028852229393
260.569179677693
260.24315314107065
259.88169524542866
259.5575432449305
259.38238291324336
259.4818012289472
259.92974222257135
260.62908977348195
261.4499617761765
262.37315527463943
263.36462957126014
264.2960892694746
264.97165362893264
265.1955813618539
264.8752565327782
264.11347900981275
263.1370306635696
262.1714988416859
261.41899049246297
261.0807037215474
261.22446430949464
261.78005080661194
262.6164661581929
263.5367734447193
264.40432127781656
265.21981945821517
266.01650763561395
266.7864720774734
267.47306362604706
267.9328752048354
268.0409681962984
267.8908876604479
267.6258238980243
267.2946894108306
266.8813940595166
266.39457241058665
265.83151571192275
265.1503727140007
264.33352445091344
263.4291639188658
262.48972659977477
261.6180785473457
260.8939544319215
260.3010344070239
259.77990181825544
259.30725912346776
258.8476600825982
258.3681641593037
257.837376429518
257.26255467661497
256.7121815653697
256.264087509446
255.95720587647796
255.76963352855026
255.6912086550888
255.65481816730613
255.58552223242296
255.47982140873785
255.36730143472028
255.28343105601058
255.2453865965216
255.28572563366555
255.44091709263355
255.71910829564024
256.0670850511372
256.42126300559397
256.7809187514681
257.1737493425833
257.6026926171083
258.1191827111792
258.7888721151269
259.5913339477745
260.4095981013013
261.1128356416343
261.64459368186283
262.0188665038949
262.2440071701202
262.2578868953368
262.00807053452064
261.5305154453828
260.90427295994647
260.2614567972702
259.7841020978776
259.6096875203409
259.7319655366185
260.0431865022824
260.34696175543354
260.47469298420407
260.2746339775998
259.7162859403812
258.9174383398316
258.0404848003105
257.260623269615
256.6536956586115
256.2015080027473
255.7919613069781
255.34634536884687
254.88008599591316
254.4908639373757
254.27705018130683
254.24515442636164
254.31138330171385
254.36213927495203
254.39396763190797
254.51744544129787
254.88707140037383
255.66252775178043
256.92315087829365
258.5002475745634
260.0669549168656
261.33888650911456
262.189792543657
262.7205234811498
263.09331675840986
263.38919593935196
263.72056168572846
264.24066616437756
265.01407645005236
265.9838254544128
266.9885346050428
267.8697080088059
268.5555984113203
269.02720309938076
269.232105521882
269.0159514479784
268.29215072258097
267.1747504935503
265.8955241751331
264.5982839377852
263.37863578925
262.3126368634194
261.45922793908494
260.8347254437532
260.3590040613053
259.9464788794547
259.5568691567846
259.16195207101737
258.6831882456228
258.1042088541868
257.45662153267347
256.7952525522305
256.2079974137563
255.72758364773688
255.33569968190895
255.00945704520836
254.75439213676964
254.56299232946776
254.40242680269134
254.25292090506707
254.13280547427576
254.09459563488042
254.16520452783203
254.3423714248386
254.5921172880188
254.87182074065893
255.19341884260132
255.5451225645362
255.89040550427507
256.2928643286249
256.8767163474629
257.73976751223483
258.92845390518283
260.3734988000203
261.9288988466916
263.453938933918
264.9541079442888
266.60175881669545
268.58894341383393
270.9508093503829
273.4909501993605
275.8880017061256
277.93202699911745
279.5476244654443
280.7777606913603
281.6386866675762
281.9235917146738
281.1827309007941
278.5368868252422
272.79172842892297
263.57829226349236
252.52068583906686
241.72009787766115
232.4240358470327
225.19803245454852
219.57660226715726
215.26164922219192
211.8092682544056
208.52054068315383
204.63648634344798
199.4544695790847
191.96327084024955
180.73881717712877
0.0
0.0
0.0
0.0
0.0
0.0
0.0
0.0
0.0
0.0
0.0
0.0
0.0
0.0
0.0
0.0
0.0
0.0
0.0
0.0
0.0
0.0
0.0
0.0
0.0
0.0
0.0
0.0
0.0
0.0
0.0
0.0
0.0
0.0
0.0
0.0
0.0
0.0
0.0
0.0
0.0
0.0
0.0
0.0
0.0
0.0
0.0
0.0
0.0
0.0
0.0
0.0
0.0
0.0
0.0
0.0
0.0
0.0
0.0
0.0
0.0
0.0
0.0
0.0
0.0
0.0
0.0
0.0
0.0
0.0
0.0
0.0
0.0
0.0
0.0
0.0
0.0
0.0
0.0
0.0
0.0
0.0
0.0
0.0
0.0
0.0
0.0
0.0
0.0
0.0
0.0
0.0
0.0
0.0
0.0
0.0