249.06152432063658
249.21309593273503
249.1277399243126
248.6093376030338
247.59436322379852
246.07594182374416
244.16466538606846
242.254525340316
240.7654703086117
239.8007953628903
239.2322168476981
238.85468386746783
238.57300447189817
238.29419275564118
238.03465521097183
237.81472058741366
237.6707260604202
237.7301091283805
238.08739142422644
238.6994745054358
239.5639498788231
240.7900096711224
242.45848875281067
244.57040323287526
247.0553129475145
249.74468601469923
252.42313294544329
254.9404063110868
257.199658998924
259.1269906243095
260.73417699397123
262.16874771416036
263.626408030409
265.234461643712
266.95833743349874
268.7463950830944
270.68006271713995
272.72378960074826
274.69260843346825
276.4004373296823
277.69664698681845
278.5494282083924
278.98128154271996
278.9615810603947
278.56862105355356
278.0543985495592
277.5700904879527
277.0272352538931
276.3456351048013
275.57547510623516
274.84174828659604
274.1305972563684
273.2891023737295
272.28720020438624
271.24270586135833
270.1761690676985
269.06291214591005
267.9382548317519
266.84523108929733
265.7869208601285
264.7751126859878
263.81086051301077
262.9584794493338
262.2931601384924
261.8669372968352
261.6397405391559
261.57675689827374
261.6005353431968
261.5591342158574
261.3283322481752
260.93293977209595
260.49609746675543
260.1022970048773
259.8553384257268
259.8270637132234
259.95636647826177
260.11604183862005
260.20570474376103
260.18480338063785
260.03388761378176
259.82960786791693
259.6485365081859
259.52460075538596
259.49528012218406
259.4930417537595
259.43529583396946
259.32708091838936
259.2447892739333
259.2274608910013
259.3100325801879
259.5130020184723
259.8270089646505
260.19912883125755
260.5985571590351
261.02264413586755
261.46113101686825
261.9853523310763
262.5550322570441
263.08592985716405
263.649685110418
264.32183135575195
265.086548209217
265.8315929345337
266.4031644840557
266.72852156940735
266.8127346685041
266.70628085019405
266.5128771917784
266.28159370899414
266.073618642735
266.0053506789019
266.1422019425946
266.43807700477487
266.72220022176236
266.7615760527566
266.61302159570926
266.4448008513048
266.37249365226694
266.41828245313843
266.53508173113073
266.58018910494
266.40107226453864
265.95287157383984
265.29291920696954
264.4689738681356
263.5692269957809
262.71604283301383
261.9221233937544
261.1509934932409
260.4552650298798
259.8867109679452
259.44346735024516
259.0744611759743
258.70886175228054
258.3054365123534
257.8374968745457
257.310286130744
256.85263584490133
256.54372545113023
256.4343374213835
256.50686720018643
256.7221116705435
257.06944078994877
257.5155968470681
258.003352826723
258.4700040569446
258.85751193980224
259.1451774686816
259.3603874367461
259.52276024499287
259.63920353124047
259.71807698450465
259.75137762971264
259.75194780656545
259.73017935661375
259.6668226168402
259.57719253739907
259.52220539186027
259.58651347481265
259.90329248839726
260.5111110328028
261.29173822151216
262.05861921660556
262.63383971589576
262.8182626872998
262.52270395452655
261.79465548129866
260.86852393082995
260.00390622085587
259.3727518038221
259.1608613652622
259.49651382921866
260.3114172195651
261.434124090493
262.64684176738194
263.7695613906959
264.6723342335483
265.21065209685815
265.2680863202363
264.8538162776646
264.02940709644565
262.92858012181046
261.70289180838085
260.5867813319127
259.7364779667155
259.1856550981329
258.9285955579617
258.83329183301544
258.82060332519814
258.7672220946799
258.59732949759945
258.31777362595324
257.96786019560466
257.65122856760195
257.52818604684063
257.6845244269589
258.0819563324211
258.6372018521077
259.2513386257431
259.82159702826726
260.30381310290363
260.7023351320022
260.9757698721809
261.1034649838212
261.2060290903055
261.389600373534
261.7521281060926
262.31067975096306
263.00359697696354
263.7179770378671
264.3562248975806
264.8071180504117
264.95771779317926
264.7969855273766
264.3778606625858
263.8265225379369
263.30653701400666
262.9649952504299
262.8200644156192
262.8206408394502
262.89497956268457
262.885979943752
262.6924958022333
262.40416718544685
262.1271040448289
262.00417785376476
262.1389613375732
262.5611428442941
263.23429064504626
263.9454893545761
264.51659816867425
264.8680059657412
265.0069909732568
264.928076817078
264.5766836080795
263.9973109959183
263.34109184575635
262.75952692825655
262.3254212751794
262.02133198175443
261.7554168558731
261.38843396351837
260.94958144018483
260.5578905794457
260.31567802962513
260.19475357256596
260.11321225666575
259.9730505402683
259.67596652784914
259.25288891433115
258.8068150629292
258.4554805858702
258.28743243705935
258.3442261936274
258.5979721385112
258.9913540660059
259.4303479810088
259.8477316405382
260.24365799934895
260.68339488068307
261.18739852988745
261.68640085095865
262.0668535270114
262.27009684676517
262.33984563303284
262.33552785935046
262.2913626860289
262.3608495999233
262.59906976530084
262.92874302290767
263.2243335109063
263.3967677870852
263.46290455167974
263.4787518584645
263.5476307972114
263.6932220784277
263.881216504887
264.0602258106452
264.1684860034226
264.2472187424927
264.41708196464685
264.74088944299683
265.0986583596256
265.2412558672353
264.92626149760406
264.14863490875643
263.0282276235579
261.85685607672303
260.96373157683996
260.5033233346324
260.4921314140462
260.81504026426666
261.3942111695257
262.15886548761284
262.94653942866336
263.5436800291876
263.85613921191805
263.89227826697714
263.7951223851075
263.6241469894509
263.34722705486433
262.99057982374904
262.5915599729731
262.2884322554569
262.2460885604891
262.5522011065482
263.2089650788756
263.9895924998773
264.6473009687922
265.0649250332504
265.27545041855853
265.32002166252914
265.2292160078181
264.9953536945916
264.60391654349894
264.0885243626558
263.55890495210815
263.15186177994593
262.9306189284538
262.9284948100327
263.19380242419516
263.71672474517743
264.3909288712065
265.09917823854414
265.63395148520004
265.7887535688749
265.4994564482073
264.8363868113146
264.02434519806405
263.3335240767851
262.951183254548
262.8385532148762
262.8622872962267
262.87138036903485
262.806126869668
262.69022281731316
262.4969577900774
262.184137315106
261.71016967859117
261.11082979275284
260.5235423464716
260.0712185492848
259.826169304709
259.69087820230845
259.60643014316463
259.7021772369055
260.00490940777684
260.4850721158599
261.0407766425337
261.6394267444922
262.2383090853933
262.79507554684085
263.2317241221103
263.6127436905937
264.0471877506228
264.6353508547381
265.40778272051995
266.2206050281921
266.9001498044129
267.3055117091909
267.4867965463622
267.57452923597225
267.6917143507113
267.8211705011505
267.948994128155
268.02207441596664
268.0416366730826
267.9620530537247
267.7209674029831
267.34470162159926
266.8149503433233
266.13266047064144
265.33515726272225
264.5550254334114
263.9152270831715
263.4115414797589
263.00387639488133
262.59806069275777
262.0976780786245
261.6099952253881
261.1006518208849
260.54366341572256
260.08931920893554
259.97384545408516
260.25976884538284
260.77251962759897
261.2353153268
261.4658575156799
261.439081907028
261.233032639275
260.98080506670294
260.8009709327407
260.86170941142683
261.23826256194786
261.8056601829938
262.37081382660756
262.6970878849212
262.69548299007965
262.4870026476278
262.12053490363525
261.57423516776
261.0677770521458
260.8726746849134
261.165547092401
261.9561778333301
263.0281108963224
264.13851883719036
265.0756991717796
265.78474490935935
266.2299557824217
266.36490076142655
266.221056709945
265.86263887463355
265.43131802684127
264.95668800548725
264.4000708572495
263.6780462203689
262.8595111833359
262.08069240550446
261.4417366565655
261.00963390358663
260.73533596652777
260.46817991533874
260.13410397892886
259.6789356051388
259.15667720309546
258.60284613023856
258.1145093660662
257.7655378876858
257.6101180735388
257.64686136538324
257.7717308070205
257.9029585210454
257.97934719222366
258.0304343573688
258.12153787361456
258.34970195134997
258.661541447828
258.9479826385341
259.10583497366224
259.1759701774207
259.28390395015487
259.58568214833923
260.1375922540566
260.9115528762403
261.85324819545633
262.9113255023957
263.97522295492246
264.91605571298214
265.59759771216835
265.88099854960706
265.69701479985474
265.0771382717435
264.153527371236
263.139720455393
262.22653727785644
261.44193439531
260.8011960482049
260.33241760879247
260.0346319415511
259.8370533491908
259.6209280972172
259.35552810365715
259.1055301311353
259.05587486834145
259.2373259805481
259.5756970314366
260.0261148250955
260.5348600025289
260.96353637771995
261.17649787726066
261.27025549958125
261.35011911956695
261.450825739915
261.52765161482597
261.5211267376353
261.41901606284404
261.28380090298975
261.1794669181467
261.10070708723686
261.1354101047118
261.3361114803141
261.67328518630416
262.0348160747109
262.3720039291965
262.7274494451521
263.1650074354982
263.6629912431309
264.1627352765803
264.5537429890521
264.79447945153436
264.93854883624505
264.98239100809457
264.9348242954951
264.9086805834766
264.9915266812271
265.1180714651354
265.2646352493539
265.39507260263724
265.51455913085636
265.65510925498165
265.7508918054316
265.65864119114167
265.3133246838968
264.7107501057799
263.9337003868477
263.2108363336593
262.692346388143
262.4495882490648
262.4185339304854
262.5202507613758
262.6428076091623
262.6592942279483
262.45910007164514
262.05652320914794
261.5076773840822
260.8519294515325
260.15736275066
259.4444403030452
258.7496445023677
258.1674292970735
257.79188141024116
257.7124815284618
257.88158095610487
258.1350634733555
258.28751964522553
258.21919805269016
258.0149738690997
257.89301168542033
258.03673149518414
258.45728975850665
259.0030065523579
259.4746885632866
259.76094533499287
259.8361798095816
259.8436650739461
259.94545655388384
260.36257358804244
261.25798026392243
262.6815180079471
264.49273995691226
266.42976855199953
268.20963535393565
269.62695209423225
270.57698438351804
270.95588306492255
270.73903881669753
269.92917505130026
268.7203198723409
267.38494722913555
266.1491484133144
265.11015930518073
264.2734876759081
263.5512457856423
262.92584421699166
262.5096576550013
262.39974394076455
262.45251608775226
262.42851411154
262.1414238731829
261.53873155921633
260.76422979685606
260.00606538360574
259.38211455292844
258.9798243611056
258.916640045762
259.18721167199783
259.68489621823477
260.2373091089665
260.6346134196224
260.75347252324815
260.599248231129
260.2655151067132
259.8514924273594
259.41350207204727
258.97760174591974
258.5719550700227
258.1727524092531
257.7928930212231
257.49948460679707
257.38993996223473
257.48383543197053
257.75506093209003
258.10506856075597
258.4476669627728
258.73649336597987
258.92994551603846
259.09919177891777
259.2934734499821
259.5269593927523
259.82428634529776
260.14051248536543
260.4292221544327
260.68070003611706
260.94929420693205
261.229068222631
261.50182510146755
261.7997595299305
262.21827214828755
262.7725513767001
263.3888000462579
263.9348855638565
264.33870606815987
264.56130939426873
264.52485728348955
264.24201843453466
263.7685232016312
263.2332798202832
262.73933042347045
262.4267700033225
262.3895017597646
262.6669917620233
263.1722892926569
263.70099552430565
264.08750724337494
264.27910045888245
264.2186060948883
263.8863467689329
263.3734685953182
262.7784192513205
262.22344949034266
261.7737996220292
261.4967555149175
261.3588417217073
261.2996262154058
261.27785647155093
261.2999720164699
261.40218766950585
261.61512346618827
261.8705056407951
262.18994526478
262.49772048530326
262.6480088222019
262.560095434594
262.2433759541765
261.82775880076116
261.3953769362662
260.95682244707166
260.5138062277672
260.1114756863275
259.824852921074
259.66788544750625
259.63146944751895
259.68332383422006
259.77857978567556
259.8552768339882
259.85862843114023
259.75537741373273
259.53166783664614
259.3167647922744
259.216141307609
259.2117062764904
259.18800441967005
259.14862830396197
259.11819353253793
259.1154088764066
259.1798419948003
259.3059889200757
259.4851361641096
259.6961884161782
259.9602844832919
260.2972677282199
260.64431551451077
261.00332415814614
261.3766816234263
261.78192938913395
262.3758350092804
263.1865593495522
264.1426580602135
265.0913437214402
265.76711905864335
266.0152230837227
265.90515741652627
265.65663640121
265.5025089090293
265.4764355147515
265.3517898774547
265.0466111423613
264.59442004317134
264.0727908793185
263.54353822409064
263.1904666947987
263.0313029228274
262.9408073500068
262.82114039779435
262.6104796864296
262.3651910237286
262.02704858637617
261.5868311368378
261.04180347453604
260.54129824841624
260.24562285762545
260.1004956864744
259.9950527266425
259.8920263052696
259.8215399474521
259.8130197357137
259.8970728369273
260.08370525741867
260.34864316845386
260.719662986849
261.218927033141
261.7517117463104
262.2062933195403
262.475982388784
262.5349151382159
262.4597752477032
262.2968961344679
262.0497743482208
261.80554023752046
261.62557045321955
261.4855038961993
261.55031675230293
261.92582332665063
262.6420863712079
263.5422780890104
264.4999801653937
265.3758085010092
266.06991171878934
266.35036030754156
266.1823689465282
265.61584439647964
264.7363970961572
263.79030165226004
262.88886978563977
262.11395667732256
261.49844214929783
261.1129479130564
260.8791429042148
260.8202999263817
260.9455341835906
261.13383822335754
261.1957199543376
261.0444694700241
260.75914378574464
260.4504476331839
260.14154499647907
259.93961920967496
259.8462091224956
259.7927242555844
259.6950420846582
259.49086813400424
259.2253999429995
258.9034011760767
258.5134426877822
258.16430389653004
258.03904674424865
258.1938581616626
258.6342994647208
259.2629024374929
259.91696995288873
260.43913873637473
260.73648508112245
260.8509474744152
260.90410908289505
260.92256826825053
260.93316830140424
260.90026407378593
260.8327878130882
260.7671895600629
260.77174779057265
260.86244936984156
261.08451134811435
261.53999061650256
262.25775721423656
263.08744987155717
263.87759785072603
264.41318597443296
264.6404743172582
264.62419493777384
264.373121298736
263.8332692652666
263.04809923599504
262.2088540268652
261.4830574988834
260.99155474952306
260.76509994639093
260.70646721533853
260.70260130232566
260.6922408412057
260.6760287030933
260.61384537441495
260.4105355794511
260.05677104580593
259.63361166736473
259.2134560876836
258.8916312383499
258.7044798703561
258.5605379707042
258.41361371695166
258.27794601802594
258.14509312412684
258.08307007292194
258.14960191697344
258.31171387185844
258.5299030771795
258.7957794814463
259.0748933892852
259.28988190129223
259.4345981369884
259.4952286168681
259.4097417411133
259.2023371238695
258.96546503180514
258.8190287159943
258.8917381229343
259.1481560587216
259.5460270300368
260.07426670724544
260.69696819458494
261.3986697376838
262.12914694945454
262.7640091027345
263.1378163626012
263.23538727613345
263.0480504106619
262.5938054378371
262.0283148787116
261.5500859755216
261.2999780498864
261.2358902195131
261.2360678769301
261.1829615743952
261.016914801571
260.72199109617395
260.4126692206066
260.247900002973
260.189572090877
260.0738822608307
259.73116509358584
259.247473955137
258.83108986008773
258.575989143161
258.5229800996573
258.66026698072915
258.8480321972593
258.9975315167883
259.1159731049575
259.1753997978019
259.17826235024796
259.0722117793898
258.7830744310692
258.36888212461326
257.9429550263375
257.61572853021585
257.51337751781045
257.7123009186932
258.1148112796997
258.52969597003573
258.93217276116536
259.3431401190722
259.6688937454718
259.8116022431263
259.8335131778323
259.8686309407145
260.03797640792
260.2985608346744
260.458015589851
260.44306294557066
260.23430084136066
260.00399111645714
259.915616679349
259.9822333327281
260.21199181547337
260.6702052139315
261.3037842754586
261.970268975337
262.61813026927314
263.244710365172
263.88833301947045
264.5525307806174
265.20161512815235
265.6852848339951
265.9173938796953
265.7750803967656
265.2412890743937
264.4243642014282
263.50016558256965
262.4786380347516
261.4309171174381
260.5107657750384
259.7939930536553
259.27948510219994
258.9543300833105
258.82752263226956
258.83199627974426
258.90285864085166
258.9897371481213
259.10333315875187
259.26591539203014
259.4516786223341
259.63291693645994
259.73115887282245
259.6520458419111
259.47821481877986
259.2888229347729
259.1462749452223
259.0801136257023
259.0494960652922
259.11083630102524
259.2955750619983
259.646596905755
260.1541118496774
260.73012078157194
261.365288526545
261.9469395806477
262.3411704152673
262.522996217754
262.56269793868256
262.5380224306882
262.6174217216134
262.84746117888244
263.2421756942802
263.7501105263797
264.35341097796913
264.8478866449099
265.0693795429819
265.03965104661626
264.7640786735645
264.3187709987991
263.7240911353846
262.969939274364
262.1273799238478
261.3172519280393
260.71617669055223
260.42907392229404
260.3420675697898
260.31973378659796
260.353313739927
260.3177156330803
260.17295382413073
259.9864521207243
259.7728934577729
259.5157615120808
259.1198077424405
258.5634452516317
257.85424966703397
257.0997409389166
256.3258541997931
255.60514249597773
255.03773772762813
254.66772970433524
254.43986232654254
254.38977907832606
254.49385462704004
254.74908209112448
255.12614009815925
255.5887418845232
256.0989430029014
256.66074297640046
257.1896919502432
257.70573835953985
258.2575649284544
258.77506957152616
259.21403566182283
259.6323898569237
260.09563248005225
260.6944113634173
261.41592963173105
262.15133025942544
262.8313384301989
263.48101701557056
264.13655555384963
264.75429920052756
265.35834312803865
265.8605429223578
266.194557675821
266.2620512621459
266.0062140026868
265.5031817755524
265.00455712800147
264.62839672163267
264.4176026983872
264.40465818107293
264.6314835433254
264.8887979400465
264.8869700675743
264.4780757914001
263.7534708782215
262.8940789414644
261.99846885463336
261.2172104414148
260.6557438557322
260.37822772967723
260.27553913978227
260.2110346274985
260.0642148094522
259.9013472424681
259.7634720683004
259.65178021449805
259.5255959082947
259.41781045489415
259.33912779428135
259.317033494925
259.3422906957632
259.4063146037312
259.47646241462525
259.5588369803225
259.66934564404596
259.8527430004782
260.12223268888164
260.45851931451955
260.83374721202875
261.24301767544887
261.66765279159017
262.0560292530789
262.36106572945187
262.612555018961
262.8667279896394
263.0868050904764
263.2210372548538
263.11238578450815
262.72570642651544
262.18113272891765
261.5798356465187
261.02533335619876
260.56120107703725
260.1855063377226
260.0252575058476
260.0998832453169
260.3633742443357
260.81558528349046
261.3549447880989
261.8645031272703
262.21172381362857
262.26960098091195
261.99367161833794
261.4229958626006
260.6291528552402
259.666297387284
258.65478626135854
257.76832449687856
257.09534920238895
256.6286225297391
256.3792769264883
256.28223397867833
256.22910890777
256.16328458816014
256.08380083999543
256.02143803239943
256.0630977711168
256.18505644537123
256.3718494417961
256.6072437221166
256.8208942744038
257.0093288339135
257.2213072308525
257.53492953985005
258.02822923398594
258.6007682752321
259.2211339111733
259.8987519665943
260.5705693370199
261.08755976042977
261.42115538172527
261.59675743409105
261.81438786193735
262.24354514612253
262.9081771680935
263.72583400779945
264.57695611653685
265.3535374421979
265.9980922436573
266.42541786223126
266.57483048289896
266.35374476246034
265.7323759421973
264.8738400309652
263.9778455892243
263.2064945824574
262.56013643535726
261.9723968760885
261.4714353835476
261.0263966984049
260.578517064414
260.1048183717433
259.74492553446953
259.6409484453703
259.7651812494097
260.0346694986797
260.3177133703185
260.6156501232041
260.9972383863569
261.44837727122064
261.9040182830005
262.2660046521895
262.48798139061114
262.5732596237823
262.582633862524
262.5852187388417
262.7194984565592
263.0945143006062
263.64709732238583
264.20649632611537
264.58343231862113
264.6970042312651
264.60025207143985
264.48799572179723
264.5215015516377
264.81396884909947
265.3385424326431
265.93949642495386
266.4296387754218
266.74250406211235
266.8597465758625
266.7735377403841
266.4862004580673
266.0983797497769
265.6910947942942
265.367471645794
265.2024262097375
265.1593948783441
265.1055822766581
264.88748678347963
264.46061917012776
263.90326381402105
263.38331363335186
263.05638549205736
262.9992119075597
263.0990973469168
263.2661417148317
263.4320521847113
263.56447742078217
263.61367372565144
263.5180994459654
263.2403617862889
262.8088026544575
262.3168056205039
261.89922236043725
261.551738029841
261.21541392871046
260.8698489477616
260.51143041022203
260.1443720152915
259.8216861595178
259.4775614221507
259.0394381006737
258.5723272447615
258.1422771183031
257.7804272516331
257.6017741126194
257.666817522197
257.9573207184465
258.4397023924166
259.0113868478516
259.5531597536421
259.90953499834814
260.1002885611988
260.24479573716695
260.3765271222504
260.52172235689613
260.70060410843803
260.87898766624585
260.9839268623052
260.96704881822757
260.8167393797814
260.60864790862314
260.4433382762432
260.4258100935169
260.56004588424537
260.78938713653326
261.0798354608695
261.4150800680385
261.74896185373217
262.0046037476985
262.0955102911069
261.98348054214756
261.714839626178
261.3277659826692
260.8690873275654
260.39088029585696
259.97985104560854
259.6120104045112
259.2875786340808
259.031146069446
258.8574234218744
258.83559986699845
258.9803935498315
259.19267848468274
259.4041995791336
259.58322148561206
259.76400001450713
260.0327838834063
260.3993327398665
260.78328326127007
261.08329924164514
261.26580611480483
261.42261706284603
261.58524445579405
261.7438787296394
261.95680504862287
262.14783440024075
262.20018263433457
262.1608337511043
262.0739513375843
261.89145637883985
261.6027538587723
261.1858721151456
260.7365261454155
260.38923987559184
260.24186612886257
260.2545549722695
260.3544890593626
260.5157544182696
260.77589865083115
261.094610994242
261.39123727287335
261.5753306871943
261.6598164713424
261.6954545624991
261.6966374540304
261.56651110879534
261.31624733678484
261.0362222328815
260.74865828030926
260.4849105511708
260.28751513762495
260.20522178130693
260.2220553450809
260.2371365770247
260.22600865736473
260.1515232562077
260.0086209337058
259.89058310931966
259.7985835208233
259.7014898279114
259.53620146076804
259.2405362547838
258.811801512414
258.3258317466114
257.85743593539263
257.4453482274918
257.1923780656386
257.1136481589053
257.22254968814025
257.49343124300157
257.8557214581846
258.2754401654032
258.71851456795014
259.1866338592717
259.64043327193554
260.0195915069146
260.28143774380385
260.4042208797581
260.3712500885829
260.1986043587076
260.02174771289833
259.964868400113
260.18884023961925
260.8695707848792
262.1626502840519
263.9505106751343
265.8444743565307
267.42803497130217
268.4818196330574
269.03839559722275
269.21748838588
269.15146557500464
268.8567569445388
268.367807726727
267.7562234736494
267.1024702195452
266.46453539364023
265.8914948816484
265.4548275624056
265.20940304332146
265.04939718661427
264.8386442546255
264.55766371640095
264.2163605480996
263.8504760629517
263.4564340217855
262.99978023691335
262.56194761999984
262.21437112890135
262.0397895226337
261.9641728462376
261.8668061254206
261.72139973873635
261.6245652606027
261.6430885882089
261.70716154023864
261.7163511059373
261.688519777243
261.7035568133087
261.8555790006802
262.0564318616675
262.20810411165206
262.2710937491055
262.28627026755606
262.3065504811955
262.3483074756955
262.46917095167305
262.67140428460624
262.93170754562635
263.2291186894843
263.513584990613
263.65526515314866
263.5136710282901
263.02098032254537
262.30782949444927
261.62058890544154
261.07836843635204
260.6988376225262
260.4136762550912
260.24268129453674
260.2083093841061
260.36583952464173
260.68194470793173
261.0994342070457
261.55000538336645
261.9537701447931
262.24336129858534
262.4054819987708
262.4534192760458
262.41188921908724
262.2130946803444
261.80656579487123
261.1729647309689
260.3173862356547
259.3407848175094
258.3995368281587
257.6496490692582
257.18316014630136
257.0194444738431
257.1059934682583
257.37999490086787
257.76108489619395
258.22569019194407
258.7140027520666
259.13092989052404
259.37880245858975
259.4570966261657
259.35799478662
259.0998066914981
258.69999746020386
258.21747437208484
257.76205774024527
257.4252178851509
257.3044375429677
257.48771231107975
257.94192722109807
258.5615246202061
259.18046408272323
259.67360998520013
260.0130298152475
260.2031230963092
260.3228980234204
260.48755524795075
260.8178346541099
261.4185678840904
262.25575293635336
263.10706160443965
263.81547475653747
264.2709642719172
264.55932129411224
264.75355178297724
264.79124699443224
264.5673582447745
264.15070350802233
263.6732302312807
263.2754483013345
262.983641837605
262.83918137978725
262.8837806757548
263.0603255011432
263.26424073840855
263.4006538227817
263.3758269735792
263.18551591947755
262.92587998757665
262.73649170262223
262.65649451284594
262.6249290363695
262.51892401810227
262.19230780361846
261.60016412367037
260.8928547583197
260.2726398093748
259.8270729821205
259.5593682799297
259.4326622676749
259.38477058756115
259.3566854662355
259.3663501502815
259.4255149859098
259.5384175370163
259.6776301097407
259.8327756750794
259.97680693577456
260.09157784661716
260.1316076767252
260.13805511001215
260.13622814512337
260.05590945124834
259.8648984329693
259.62744941780176
259.5241280682513
259.74668244184693
260.28879058214045
261.01575676006814
261.80624503945126
262.5829143155024
263.3047304060287
263.9944607889589
264.6088564431899
265.1276637925994
265.49604955317284
265.7242585343411
265.78947142252844
265.66412956861075
265.4311073848345
265.1349320671379
264.7454190391529
264.29045052352956
263.77165308031067
263.1932052128999
262.55639981302187
261.8680517807323
261.12502332333395
260.3691633044136
259.66011829118145
259.02727731975057
258.5323843028444
258.2116156856702
258.1021056163834
258.1472171608051
258.27467039386255
258.3452001606338
258.2686038720222
258.0935311792561
257.9434040675885
257.90582407538864
257.9810408852351
258.0951905306663
258.1728334741319
258.17643499279507
258.13601072232956
258.06604319284213
258.0329238837229
258.06540394538007
258.1963282216485
258.4183079591823
258.7073940550438
259.00034447924196
259.26170817092975
259.4984817821496
259.7132281346917
259.9372394857569
260.1882445342441
260.4417768196926
260.63873966814606
260.7533338205442
260.74160625639786
260.5272533957701
260.04440846927764
259.3419412139442
258.52884121346034
257.72113731882087
257.0579516747079
256.6086367678473
256.42032460485234
256.4786067252501
256.6911650430724
256.9366307030648
257.1255136184827
257.2683944753559
257.39122447352696
257.4865680424449
257.51881840339325
257.50119638444727
257.5024211755236
257.60221756903877
257.82265384057536
258.12304855867467
258.50796188674224
259.014141679904
259.65001463230016
260.3573728517325
261.0260667297341
261.5293130589588
261.8476546662173
261.9956833699764
262.0353426749534
262.03532544249947
262.0888301165709
262.29496297899993
262.71948241886207
263.34958778875244
264.103011997065
264.8249300350792
265.44264581669165
265.9575129500462
266.275784737042
266.32405496348963
266.0853359556777
265.583220726701
264.9244841757099
264.2470861238641
263.6807323288075
263.2825548594331
263.0294595470349
262.80452403450136
262.503348742345
262.0612853483168
261.4956422130772
260.8551436306959
260.16473956991337
259.4504006860042
258.75464965855633
258.03057790460775
257.1648094113219
256.11279147891753
254.95226984263343
253.87741785941876
253.10225687865764
252.69332422061618
252.52272690617318
252.49937291571075
252.57457108894732
252.71789697114295
252.90758511784142
253.09022986576642
253.20558387646165
253.26121075915148
253.13421749158974
252.7516705769537
252.20516275693728
251.69631195731404
251.40496221990324
251.32659706080247
251.42127764033472
251.86920808716735
253.00582080168937
254.89220053388215
256.79755101574676
257.64409813976374
257.1931537575362
256.7450989988701
257.2435199408675
258.3577552111319
259.83559750710515
261.3326425940225
262.44398306182944
262.87650600728375
262.8322947815329
262.7618842188648
263.25075047397695
265.07390424502114
268.3800899632711
270.6955155325639
265.72697698502463
253.46289784919014
0.0
0.0
0.0
0.0
0.0
0.0
0.0
0.0
0.0
0.0
0.0
0.0
0.0
0.0
0.0
0.0
0.0
0.0
0.0
0.0
0.0
0.0
0.0
0.0
0.0
0.0
0.0
0.0
0.0
0.0
0.0
0.0
0.0
0.0
0.0
0.0
0.0
0.0
0.0
0.0
0.0
0.0
0.0
0.0
0.0
0.0
0.0
0.0