0.0
0.0
0.0
0.0
199.40592874786526
204.30816846776813
208.90996809603405
210.61972718853312
210.02836030113014
209.3844390694406
210.22225349091767
213.18211834476782
217.42710621630198
221.4549891513794
224.60598561667592
227.0750083032077
229.06841576540165
230.5776230072765
231.54950736578093
232.07732186426043
232.26861380140673
232.18767766184533
231.81758464016698
231.2511925891039
230.63248954562675
230.0714515843921
229.57801928348954
229.11037331189016
228.6681657983989
228.22605585898663
227.63964342410824
226.87091658553317
226.00700154363813
225.19252252905758
224.5319838154021
224.08621061797362
223.89676119814123
223.903015717598
224.03922825569617
224.32791459193973
224.69329388472113
224.93389578653426
224.8560350959724
224.47819652752412
223.90975319899613
223.19433498890268
222.32542118736177
221.36573797126266
220.46904968666342
219.78842437196488
219.37301242770513
219.22397224692656
219.2639404432055
219.38122984740522
219.5216675767412
219.66772696729802
219.84616739226
220.04571927346709
220.16775924150548
220.12164825335324
219.92040512930285
219.71359878925387
219.58327638920792
219.47044406313555
219.34369506523862
219.2473300864214
219.14803221680341
218.91448635582523
218.5176374843469
218.03914811093344
217.52868388182685
217.01156780017612
216.5734674389068
216.30326365804189
216.20995223067712
216.2294020235321
216.3108626945265
216.36944940337713
216.34050881781627
216.28856502269105
216.31887615770313
216.43033051670344
216.49578969288527
216.3977198264991
216.1835976369888
215.96585690697057
215.80757548797294
215.7123850690773
215.6789946546677
215.68647129735137
215.74612886064534
215.8882630253625
216.01729142122255
215.94958496225783
215.6939914058971
215.3964543582584
215.08309611548134
214.81718649092227
214.75226779280032
214.92155723469565
215.23098304151003
215.59981691936406
215.93052178816072
216.15714550574518
216.25399885361642
216.22370650684448
216.11623153713788
216.00068670251835
215.8774300548576
215.73039650818262
215.57690777505044
215.46191586690972
215.45449150851906
215.56861904148488
215.79043035347578
216.0641721435025
216.25044556255193
216.25144941209373
216.0633204774448
215.70924813974875
215.194643612233
214.5890527437951
214.0731278406658
213.81030677078684
213.89287011299302
214.2563561995732
214.76435674294004
215.33960665499433
215.86837277513314
216.3017711166138
216.6852205066337
217.09686153066124
217.59858259486208
218.17806415153296
218.72788155582407
219.07489080111304
219.14616987521066
218.97858839919746
218.66891271153733
218.3781890901931
218.2658949781893
218.40325946866395
218.76066570190693
219.1983191506925
219.52434310151912
219.62349214775583
219.52624445365194
219.29129459226897
218.93621946513218
218.4697224037087
218.00842937607672
217.78204394506318
217.87492658281604
218.1937295819077
218.68659578708218
219.31413450892705
219.96995724832118
220.62641357181832
221.3446521357325
222.09427815505325
222.7403311264458
223.1128732622654
223.198825525426
223.05526015173473
222.6813845201358
222.09632506560632
221.42038999452956
220.79743902452674
220.3203229989674
220.00725800132312
219.8659281385931
219.925219826071
220.1407689427279
220.35151702831024
220.41971565282097
220.2717295276446
219.91283182092224
219.47334754319883
219.09037507472783
218.85376139696487
218.78199626725325
218.86986718741537
219.10799625510924
219.48724610170842
219.97728820024994
220.5325984808315
221.08278611709463
221.531085690477
221.83259314013046
222.02093573513136
222.10038770753005
222.0252755624249
221.77035583413965
221.44302526409
221.23761746836476
221.25930721923734
221.47932540727717
221.8233241780317
222.17827425477486
222.38419450257283
222.3340333327636
222.0268123071743
221.54636795367702
220.99113743229353
220.45451763539916
219.9386082638753
219.39976866813745
218.80249150091663
218.0954037903532
217.24634278196186
216.31293464765037
215.37617162073684
214.51408427478208
213.7866868808917
213.231613892518
212.82146149373594
212.4432331667956
212.06669425443675
211.80959760740527
211.80751580338148
212.06027477935325
212.4748658290936
212.9528829748137
213.3621684678237
213.58996698174496
213.6848896482258
213.6615165048003
213.49920092260766
213.19471834250123
212.84447339942272
212.56812746332417
212.50263321694115
212.68536841746095
213.1366730281121
213.81945986051102
214.67606982840394
215.65965981191692
216.70505583999324
217.72106810144362
218.5749284122292
219.18094168626868
219.48963432868595
219.53776694992956
219.34588393549836
218.95567941005555
218.48121700193474
218.05399239820434
217.69695193101245
217.35434388495491
217.0002892655039
216.65154506172746
216.44854553507471
216.5278844845909
216.8269205335392
217.22652880469775
217.63839853089425
217.96137028676316
218.1890424684191
218.37274160018785
218.53565375989984
218.64471948592836
218.6563724840273
218.49856008079811
218.11634321486326
217.51967594206667
217.10303864386762
217.05933928904068
217.1809344825385
217.44318298965186
217.7936453217815
218.15531906337264
218.43160641312846
218.54635059162396
218.59456395599696
218.5993976009762
218.60484533639968
218.73636377898427
219.00598225396146
219.4315441128168
219.89862068633053
220.33791877701017
220.76446199863545
221.04809397964164
221.1651637842229
221.03651843323877
220.70929353882389
220.28135668548475
219.8450160840241
219.4999530060784
219.44036281642315
219.5009363716736
219.60865449855018
219.77791332693434
219.8496149372652
219.97424047136866
220.19119630845802
220.33287594364145
220.52096368419004
220.72152942228794
220.80188785634402
220.85584467719625
220.861455208743
220.80821240473256
220.71297815819025
220.40150578033254
219.95967584197032
219.46886963816797
219.1049727316757
218.9645695204713
219.22327103763087
219.71931038797672
220.2397012100954
220.75993492709603
221.27735482533564
221.7175564723452
222.01522414609835
222.24594427889522
222.26553216629628
222.16141890349974
221.91342494401542
221.5331447290917
220.98519139412517
220.4003371291164
220.01746266190656
219.84337204023248
219.7405164010587
219.53599820895505
219.27570190684136
218.77800633282624
218.2550693871077
217.91703748815516
217.57064274326856
217.18695110256795
216.7054327594251
216.21855399700965
215.7837669446928
215.60505166903155
215.42041127894746
215.00842570825756
214.60884358130915
214.28777705275374
214.0414248238183
213.88024709990844
213.72622467491303
213.51577174065903
213.27506532538163
212.9357600494094
212.80731193843457
212.93507066447106
213.04663656781497
213.02048776449877
213.13117631248574
213.53434530383802
214.01699767812116
214.25284279979644
214.34645165395563
214.58370068430642
214.78321502042797
214.8971017959314
215.04471426241338
215.1433016800783
215.01095065399
214.53772965202876
213.8496544574723
213.21976063688322
212.7101191807245
212.17961889472315
211.7299441546723
211.41090338208667
211.18646096689716
211.0464580749578
210.9642495117435
210.92436744037633
210.8783833468055
210.9812307961131
211.2645675519201
211.7955265616694
212.5309773912416
213.23166651266618
213.71321451270762
214.13993168604568
214.51756865784137
214.70273560427663
214.7311368550396
214.5720725764285
214.3845249684057
214.2331037210635
214.15000418290796
214.24785088921652
214.53698167504285
214.87066797913792
215.0904867982575
215.23043349899828
215.14847334686175
214.71591407179403
214.3239896020919
214.1548614951797
213.97589009398527
213.7873322753332
213.8218058522922
213.95370330146346
214.12325562891607
214.30416862153157
214.4863349930548
214.7717718777764
215.04597115873497
215.1471211757477
215.19562706842478
215.1672061329558
214.92028325217888
214.5548290778787
214.1320754090898
213.87003091679867
213.75624096239753
213.6848618195279
213.65995776742997
213.8632957051079
214.27805150644494
214.65251545538962
214.84695147053657
214.87550779062235
214.63979876714592
214.24865555922082
213.82736051633853
213.45208888123844
213.1963226294526
213.1573900398982
213.41579210310766
213.91167202165016
214.49851030455565
215.2306722906131
216.05731341406002
216.813599143153
217.45028959283712
217.89177502532038
218.09999056673178
218.03590073642656
217.69824741328162
217.17809728920432
216.65573163365107
216.14999594312644
215.60465135677464
214.97630573707798
214.29158468691557
213.6523828933955
213.0780572530881
212.5368645495893
212.10452644183013
211.82185317562272
211.71318569868689
211.67925482115817
211.52588907559982
211.25688639335303
211.0248974491777
210.837495152121
210.64302668841094
210.43483768839243
210.27489910326494
210.18215177089587
210.07335149752132
209.91122858732194
209.72501461416542
209.57071267571942
209.49511211657187
209.54787821011442
209.75069527781255
210.00971639117395
210.23964124456867
210.50161414152404
210.82010849161662
211.07741007995875
211.2042429968268
211.19216015737163
211.05261963701813
210.81906201334942
210.55370008649757
210.31390107358612
210.25857584566327
210.49957800344944
210.9930246557774
211.63761006474147
212.39716250552829
213.18434313907233
213.8705302797347
214.35462786616966
214.6459019989508
214.81257520245262
214.8791924041524
214.87898724808827
214.85361713857972
214.89005745953682
215.0846791180469
215.35208815839783
215.53975835910848
215.6494162626161
215.72604287733654
215.80864661017995
215.95061215174383
216.1537892478612
216.35267670771626
216.45558343422832
216.40975400024712
216.20312020454463
215.84986292033977
215.32979524425636
214.73614399233907
214.1752893688566
213.64501590416288
213.24911955338123
213.05952955543722
213.03166407568966
213.1508760492506
213.39211680549806
213.7028011905183
214.0099312200203
214.20820261521644
214.30137781168034
214.42645113158335
214.565007976424
214.65804815918273
214.68791493166933
214.63123959819822
214.4840311977892
214.3468249528696
214.34462679203588
214.54392816387787
214.91998038075727
215.35406620964795
215.71240279624487
215.92798921509683
216.00769031363598
215.95507706379377
215.80178037542393
215.6140910671676
215.44727054662008
215.33179373695629
215.29729636720234
215.32283293399422
215.31458455677884
215.2834782284651
215.30532771112217
215.39076186757643
215.57574755227944
215.79643497021834
215.94601644711764
215.99989964507716
215.92875082481697
215.6860466441789
215.3790306670643
215.07240588700344
214.7283051327655
214.32470493104682
213.93957509180868
213.58597448123385
213.3204663340367
213.1792863786356
213.13271683566927
213.13486212399962
213.1380835694351
213.09829694434578
212.9645714366403
212.688660029035
212.37385020762883
212.16658652247375
212.10323180314305
212.11000204439938
212.0230673611739
211.80516262846277
211.45808339213502
211.03318970289183
210.6027166848127
210.24038889211707
209.9708481484849
209.81039058416548
209.78482560039274
209.92025283558607
210.2437666743946
210.73511024186095
211.30521508962124
211.8849424906025
212.4263198098325
212.84334322798077
213.05089588832112
213.05166387892825
212.90734813432806
212.67525626599448
212.42512812090658
212.2546756057838
212.23251432287034
212.36005432186397
212.6246433201706
213.01792892522383
213.50346971947963
213.99919321214352
214.39215439561613
214.63378781088744
214.71105121707123
214.63921562835318
214.4853394977363
214.33395435851816
214.2177655640394
214.15208539939377
214.08679957243254
213.9221456833846
213.63735455336627
213.28321576169427
212.92458026545995
212.649715424345
212.5134202394804
212.51278530698397
212.59735710541418
212.71845480867918
212.8816452248984
213.0966961706278
213.3521184893366
213.60684297786835
213.89145379786655
214.18230545012972
214.4392509296755
214.63160358106168
214.76091255552797
214.85402304309713
214.94985360060764
215.08412297528184
215.25726430685208
215.4464676015036
215.6454015584374
215.81475385790208
215.93911837442982
216.05127754998927
216.20190347101095
216.37538471507625
216.51812383829787
216.59858791666562
216.57522027061754
216.4475586710269
216.2733083589593
216.06786260379144
215.8632591130979
215.69941287862298
215.5864202173443
215.56765096164742
215.6272582420102
215.7141660827362
215.77739058823917
215.7759823478433
215.66954844954492
215.50304614275296
215.36210777582954
215.27551430720024
215.21055704894428
215.18533835772217
215.22887596821454
215.32694607744995
215.3908946219653
215.35481849002278
215.2015294699467
214.97564738077452
214.72595287135846
214.54162263814942
214.47804613339278
214.52540797074738
214.61476360144042
214.6951995131235
214.70548862260154
214.616646043248
214.47172502808635
214.2923701315367
214.03676575359063
213.64722443589733
213.28691919693048
213.13565429912245
213.17637654566494
213.29313107941664
213.3606089538409
213.30200442335274
213.0611450382571
212.73971054636704
212.3821068512633
212.03471874362867
211.82614149224824
211.76476488854593
211.79674280913852
211.84259408376928
211.893550879886
211.9623523795092
212.02369866764863
212.10730788607333
212.20477762666957
212.29385215205676
212.3628439443487
212.43197215762865
212.55693925948262
212.7086207184562
212.77919695291706
212.7599290384257
212.72398035267665
212.69544997240837
212.75686218702123
212.98129302646552
213.37411898318044
213.86920778222017
214.33119170202775
214.67859483094108
214.89958039904215
215.0570406146522
215.22462379912935
215.3602070713532
215.407501616998
215.31496471240334
215.13571723655076
214.96017556203702
214.8673397503927
214.88548938642032
214.96848352480737
215.08011833558444
215.21330917051606
215.30081922423693
215.26889323029815
215.1428689805209
214.9324304470506
214.60532285538125
214.24875917631255
213.9177757917574
213.62224987212562
213.31242914047345
213.0079517071979
212.7582107014531
212.51998686331245
212.34024477820907
212.3090248484993
212.34641450337077
212.42526745474444
212.52551605050036
212.65321154259294
212.83588865848225
213.10000659788028
213.447247590735
213.85152152381238
214.28098831571634
214.73955780378793
215.2357020562369
215.70675015724294
216.03330869822952
216.17213602164364
216.14693576227552
215.9501232198333
215.59927913803088
215.1881496326149
214.82467568344336
214.59646972852957
214.5776973156597
214.71418770563236
214.84670900263487
214.96970995994167
215.11684963307363
215.22466142196868
215.21165710296708
215.0999617889774
214.99240923592782
214.84447734743384
214.71020384771592
214.6778446892815
214.7531208203585
214.9157003018278
215.06653311533015
215.13505849327407
215.13637812226497
215.1009752174444
215.03224816650345
214.88526432187518
214.6616807059439
214.4072919644868
214.17646053657955
213.99324395722158
213.82013996813194
213.59182682644072
213.30701796240263
213.01519515496716
212.7752483272472
212.60397071349712
212.48787441899108
212.40821175198303
212.3325289394427
212.2234053974102
212.15141759085168
212.14690406616955
212.20508620940228
212.2904852275327
212.36659866204897
212.39541024235888
212.35610705664294
212.2863483625901
212.23152840832148
212.17663574901593
212.09545064272544
211.97463284274048
211.79735632954225
211.59838226308702
211.4959464328441
211.58309898570405
211.90359037752128
212.42930672791593
213.00300393405075
213.50262566868165
213.916352897206
214.31464479852485
214.75846495202956
215.26395375828423
215.82533179236748
216.3997812994906
216.9522459522394
217.45297264644242
217.8730175809253
218.17481039449999
218.33115964797082
218.28773191871994
218.04355321216892
217.672513730319
217.27197918977328
216.8843290968435
216.5235584071728
216.18142780282415
215.8590147925888
215.50199217667023
215.07562628963822
214.60475609028038
214.17975192836727
213.8736745491186
213.69682555342692
213.6382017726557
213.64898966079195
213.64721576657266
213.5783225161082
213.44971890600263
213.31636828323002
213.24585382140202
213.2893447676376
213.4407271145459
213.55890452340668
213.5618925030255
213.57298192101638
213.64088051914268
213.78030141235197
213.9902826959105
214.2900602025469
214.7872881711432
215.39291232866552
215.95624044405906
216.4521776192473
216.87971088360175
217.18494818965382
217.3367583388032
217.36576411944785
217.35518987756626
217.34716174512144
217.37405888939182
217.41617183212594
217.47618760787617
217.63729098970833
217.9418544498218
218.3293455534351
218.72442393790254
219.08846584792195
219.33885647438942
219.36342519438372
219.14655791025038
218.75759727148053
218.32431820379546
217.94047431550547
217.66852613018074
217.49991283887354
217.37179514878056
217.26349644371103
217.15637106615347
217.03850694811686
216.87003863541744
216.65033437241772
216.39117815492736
216.11650582572048
215.86288058799568
215.61574052827655
215.343420805409
215.05546874055568
214.78653183325835
214.5909854365169
214.52125050249663
214.60932652003817
214.7460191899994
214.75737868151452
214.70717252269702
214.62665368258092
214.48010727194878
214.20702327955073
213.8493100083916
213.51229309462957
213.24234607954804
213.014826472005
212.8374810721809
212.74165032134025
212.7236499593351
212.7177066748828
212.70204572568645
212.70052621753797
212.71794873789145
212.75438599479514
212.80580711233046
212.85414783385417
212.84629190678385
212.74777293143296
212.66433881748443
212.71345125818885
212.8906958351052
213.22159600954978
213.68846955637542
214.19031394319805
214.62461946541777
214.93097206352502
215.07549500333985
215.0903342528413
214.99205640165107
214.79846394262864
214.57890039023363
214.38450059839894
214.27598198010517
214.27735399063047
214.3422101144497
214.46972927926063
214.62673229935098
214.7670302475433
214.86634161175368
214.9708450113419
215.0313455097865
214.98383641731584
214.83542752118603
214.61300515313263
214.29059049666677
213.88664047362695
213.51720876761715
213.2106616530419
212.98553677326987
212.96666725210127
213.15363808742524
213.438434993091
213.74691489607244
214.071218866622
214.3971134223746
214.68795347588207
214.9014136088311
214.99683477022717
214.99588280913795
214.96676586274688
214.96191487058888
215.01270299451403
215.12393842797204
215.27920827374598
215.44563133340725
215.58306697116544
215.66729323540397
215.73182355183118
215.81414289030482
215.87067659540824
215.86248097756362
215.7665229245372
215.5680133872421
215.29169741151537
214.98624393823462
214.6783153250224
214.3444971006438
214.14143212906998
214.11264608838994
214.13612809300193
214.11432075823464
214.04569223445083
213.95267589076704
213.8334845654306
213.71834675885464
213.6100592265471
213.49547549010282
213.36367856257473
213.18898231861607
212.96156878680796
212.6831287581154
212.3866253020498
212.13449369637425
211.95442823524152
211.8595002191509
211.86742422746036
211.9555277917039
212.07561887532688
212.14534425769946
212.17309529359295
212.21446799604212
212.2574024812801
212.23034598006933
212.1139087787075
211.931605236486
211.69817942119488
211.43763764915116
211.21785217673838
211.10625155219884
211.11494136564906
211.18975939735435
211.22766325922498
211.1845315805212
211.1905365160599
211.25516181228744
211.351501052077
211.4676604654349
211.5845926245216
211.6953972217541
211.7920346430221
211.84747779963496
211.87721014254285
211.95208241005386
212.14591881760566
212.454598688911
212.81384915201113
213.1658524693035
213.52121089294639
213.90651034157898
214.25775723342787
214.48485325781422
214.6840482100756
215.0152226977475
215.4261710609207
215.8511122343399
216.24238377355465
216.59897963161484
216.87681853070936
217.02622849824238
217.030623513916
216.88905026104848
216.61950061848137
216.2439385496093
215.7618400220067
215.1565203980771
214.46757076262094
213.79184357345625
213.23657584902287
212.86341740031392
212.64969763694882
212.5586727532856
212.5601476014906
212.61634032085112
212.70613089628392
212.8215593820513
212.95129099448252
213.04406224937986
213.06115167664058
212.99021577060668
212.86890959700878
212.75834326398282
212.69650693393635
212.7367941095887
212.93406461876225
213.22288957299583
213.4477017765875
213.61585649301708
213.7662080788755
213.95354963941702
214.22944288440286
214.57907885925056
214.97235892538464
215.36554748887954
215.7196635315852
215.97823845763259
216.14553038879063
216.28242113221086
216.4591645363901
216.7162403981398
217.02271556852995
217.28735295650426
217.41089892888874
217.37261790893027
217.2737630445126
217.14570515448438
217.01230859164312
216.8706561675334
216.70195423913145
216.55017487921202
216.45966376159217
216.40031470686213
216.29183707585923
216.1932303677883
216.1345859527388
216.03802472071087
215.8494301550587
215.56352046051094
215.22572126492716
214.87215563277428
214.53269907358822
214.27349119860708
214.09424983988112
213.9180864591025
213.8137702089877
213.81737493835763
213.83120580566583
213.7890939606191
213.70684162986464
213.64642094637105
213.59803804456237
213.4977029018789
213.34518980484478
213.1967834703047
213.11375087272415
213.12155553224704
213.16024916787455
213.18442342938397
213.18443617749335
213.19459857575364
213.23477932024375
213.23900277569658
213.14103598033077
212.9560926494502
212.76674681695133
212.6016625407776
212.44504821897883
212.35901554771888
212.46182218190867
212.74551591259743
213.21193666619934
213.71083853985232
214.1166782876143
214.38906314432506
214.54446184727595
214.61976844863244
214.6113146318251
214.4975792923607
214.28835384858561
213.97535828579657
213.56785926761518
213.19891706712332
212.9671800203243
212.90783766361895
213.02001191184968
213.2579581703471
213.55536778003665
213.8674039929137
214.12618731700013
214.26276582611098
214.3717729978364
214.49796911838277
214.56948218982473
214.52774093197252
214.3767008135625
214.1418855023734
213.85620945950984
213.52783407342778
213.24797565120963
213.16079444694364
213.2571289013661
213.4995673520322
213.82392260621717
214.19827421332369
214.57391636952926
214.85656588428532
214.9476468373
214.85859726615814
214.77788572292675
214.77805720426716
214.8660147682117
214.97703213741153
215.01505546587842
215.09046399024362
215.2720151086956
215.48767339512435
215.64123225711984
215.71872589516732
215.75502334721037
215.77329377021005
215.78324884210895
215.7977298967383
215.8152806083974
215.81662373143965
215.7742144769127
215.67122573746016
215.5129076205537
215.29975295501015
215.0200393936559
214.7986061594698
214.74509760293125
214.8190016995183
214.90188501574306
214.92084751429994
214.9854018224295
215.08426389643193
215.1215564725593
215.0512748994452
214.89912829220975
214.7779849287461
214.67506435476454
214.57343680719114
214.49775084727847
214.4373312099351
214.2801754646323
214.03040210955314
213.81637029866906
213.66146888131055
213.47473283128886
213.2530492569639
213.0207541074903
212.82504233355627
212.7078137629305
212.76206040414053
212.88445330685022
212.91140678883679
212.79973582720214
212.61225643585593
212.35460352224175
211.99617164021197
211.68910581155328
211.5501968086327
211.58466584639552
211.70906752034045
211.78219909239004
211.841198145081
211.90052748334722
211.9064276965238
211.85236663422097
211.84814119227875
211.88153957168592
211.894319616424
211.89665021289653
211.93256014766902
211.9454895081251
211.93389472396504
211.8942471081961
211.8945397633733
211.93934902982133
212.0128768596835
212.0964530110629
212.2175774143222
212.32121492535472
212.37822060863803
212.4064983984722
212.4642800097439
212.69739835939146
213.08090517418776
213.47246891416526
213.71995944425578
213.78107573400024
213.80187036353135
213.835404463332
213.81849205426084
213.72006857384173
213.56456069589072
213.4268488550222
213.37351098852156
213.4050074566185
213.52610867891767
213.7608045087288
214.01731888171633
214.2383324590518
214.48577792206612
214.77820208824295
215.05922066264458
215.2635996516491
215.38845065400812
215.4923212894127
215.58005826618472
215.59085033681455
215.4397744674427
215.1968170488507
214.98875184551162
214.79652055421315
214.59685716168485
214.41380375588656
214.2962525407258
214.22406981970224
214.17223647793185
214.16937085748944
214.21093626999934
214.24757115852785
214.26140355174843
214.289514543469
214.3553579402624
214.43978852292616
214.4565301711431
214.34229338337735
214.19174491658964
214.08299609180713
214.03127245630878
214.00878872848784
213.98270016413568
213.9135886547729
213.7781533119042
213.56877469024627
213.30412811629003
213.0686921031333
212.96020661548283
213.00440051551118
213.15593913836582
213.35811671801918
213.58052120002958
213.76504233670266
213.87093145548215
213.87492398001467
213.7722406162488
213.59790922582619
213.42962331474246
213.35857423294425
213.43312756954083
213.6082664232667
213.83284974928583
214.08380174552588
214.29507745309115
214.41635691740947
214.45656164871446
214.45368100917636
214.41207047980896
214.3069698542222
214.15421738645009
213.9313140405626
213.65422527975593
213.33513182959646
212.99369449964215
212.64259164320302
212.28590751468937
212.054918860628
211.97176157237882
211.9901873424514
212.09399172243394
212.23470919538403
212.31738429086505
212.28589474679177
212.12324828012558
211.90672039126488
211.75002400405248
211.6562629135416
211.61041486758415
211.61658778326586
211.7362380306824
211.96111532556398
212.18557224248877
212.32661034968538
212.5062805269796
212.78831911680112
213.14778298643506
213.513997773357
213.84160670064597
214.16970533076895
214.47071423811724
214.71859192203158
214.9326697363792
215.13282813541883
215.32025311229296
215.45249107637588
215.53845533876319
215.5617690155531
215.5745395389772
215.6568965790999
215.8071876569372
216.02783185541574
216.3210226970399
216.5837669980134
216.7258601299627
216.7635479514889
216.72011319997662
216.56259741777987
216.35421259971608
216.15782694385786
215.95103235351183
215.7454770270051
215.54073939426158
215.33079446325928
215.13302444380184
214.98147621876177
214.94819837471815
214.9878949024624
215.06969195721814
215.17415608251443
215.26545568396097
215.4197243375512
215.64650639127083
215.81416593822146
215.8230955432665
215.69649531054938
215.49359538138648
215.2766800076826
215.1138443193342
215.0330267487872
214.94685402240322
214.86217255656922
214.82132585123622
214.7944283914822
214.87869587132704
215.07168757921923
215.32929584406804
215.6487809897437
215.96515139080196
216.23238057489414
216.48106815822194
216.68413294730766
216.815671568443
216.82941977306353
216.67316060967946
216.38741665034945
216.05522603725547
215.6912221432096
215.26235278436985
214.80022154969464
214.44138718716619
214.1736835428766
213.9246995908558
213.75127234094776
213.6861740999105
213.69976717998298
213.74216977045012
213.7928204580274
213.788354214421
213.80294731198677
213.88452780311252
213.9808385378014
213.99895413365823
213.81112320620795
213.48838760000177
213.12515355106086
212.79288574593147
212.57450996837127
212.43308927301453
212.3176511214975
212.16683649208665
212.0129818605639
211.90190104659416
211.84527679306348
211.8196898613215
211.7947296771241
211.80900684800469
211.85957415346343
211.92639926836247
212.0068644004312
212.15795404260263
212.39886262140232
212.64327392850353
212.81019703276525
212.8931850111754
212.8938709590684
212.82518363371284
212.74787141490975
212.81778907827035
213.05279029045622
213.38509428895594
213.67429140093344
213.92905837585596
214.18640864436037
214.4301225354983
214.64704770470655
214.82433636396422
214.95588248448672
215.12515519956213
215.3530324432875
215.6208077614897
215.93001744153312
216.17653185361814
216.33663226136767
216.46937501700015
216.5313570582513
216.44805591297586
216.2167946224791
215.93223221323512
215.64380971450004
215.417784289531
215.29215618521303
215.27780650360933
215.34943977647887
215.46876502159296
215.58041842827885
215.71595424458656
215.95287359281014
216.29260785742247
216.6987519002097
217.16461345779916
217.61900818740952
218.03712937114062
218.41015164926142
218.71362223048794
218.9528751500452
219.14561731671094
219.2412398888291
219.18927402647455
219.00856685346932
218.84280814550357
218.7254219745583
218.63938095690207
218.53878255441018
218.43143500072605
218.35032212281905
218.28619780661737
218.23291682795013
218.1502264916311
218.02107999100855
217.87443198901434
217.73545642063087
217.5989395937598
217.46226587367929
217.31924334383575
217.18023192627518
217.0446872077422
216.9001202020868
216.75539730142998
216.62939213507468
216.51207562554023
216.3642999006001
216.16649219848387
215.93206472424976
215.70472551219086
215.53400034646089
215.426150070302
215.41245267461866
215.51124510803965
215.6586911905439
215.72523122469812
215.60577481657563
215.37045074876843
215.14338416327413
214.9549004608929
214.77375746568185
214.53176825065222
214.22865555838985
213.95393569446068
213.83490478988543
213.87700782845008
213.95655173071822
213.96264874992244
213.86046720519772
213.6989633457465
213.53433642658203
213.44001081423832
213.46960571186017
213.65665283686502
214.0108674823565
214.48463940144327
214.98218931967284
215.49369617298706
216.04231524030382
216.60227431959675
217.19254301646947
217.85197133124058
218.65971433186513
219.6729529848539
220.89246954440145
222.23172774949205
223.50468166098227
224.421582995317
224.7514424095256
224.35297390673566
223.15792879887644
221.10224462893183
218.07568603612413
213.88500573791637
208.5795658704483
202.41383433661207
195.83952489628302
189.11082949126362
182.3014814462892
176.14367090626834
171.51515364787537
168.26374875011638
166.16293164932756
166.2813762956347
169.2668250367503
173.18995449363683
175.3833760531795
174.69630889324625
171.5556392167528
163.65479847855593
146.83894836538755
123.09521436152644
99.7714867219592
82.6881306741513
0.0
0.0
0.0
0.0
0.0
0.0
0.0
0.0
0.0
0.0
0.0
0.0
0.0
0.0
0.0
0.0
0.0
0.0
0.0
0.0
0.0
0.0
0.0
0.0
0.0
0.0
0.0
0.0
0.0
0.0