0.0
0.0
0.0
0.0
0.0
0.0
0.0
0.0
0.0
0.0
0.0
301.86601978960016
284.21815108617636
277.6057852658846
278.84881647296805
282.7454198899602
284.65199859646486
284.5532743427905
284.25290109379733
284.7656861394985
286.31139742307516
288.47456405485696
290.62222474013316
292.3808257880025
293.85617193607567
295.3351648306717
296.96837020745966
298.7854945930788
300.669455580786
302.57244163861697
304.4984147063253
306.340041337717
307.9706762556452
309.26859616196174
310.2342422337716
310.99418512217096
311.6708725759253
312.40823504806565
313.2193996079104
313.952630525353
314.41194239582995
314.47588469518263
314.33035777092243
314.380090282956
314.95930646991195
316.08876001271125
317.53561060299467
318.9036178405324
319.7568311451131
319.9986364725485
319.99806480914225
320.0156610862326
320.0512569347799
320.110385349095
320.35797355760104
320.8892475300376
321.67049050530227
322.79880100600565
324.30796514394126
325.9205071799902
327.396897708339
328.7369642806807
329.94316424441536
331.0223284498357
332.1371584083522
333.23008548935405
334.1286491691955
334.7657914760293
335.30993208563086
335.8612307160365
336.5602686422834
337.4322594719655
338.4713596788304
339.52987713320175
340.5441815089172
341.4979800322985
342.3241230790346
343.02409983497876
343.6744300850851
344.342948903919
345.1880590719456
346.3359995456825
347.7058459084219
349.18523439158207
350.69026903755923
352.06666225649224
353.24653063414627
354.2407737419411
355.0984072554411
355.85761646619426
356.61668564882996
357.52874343425077
358.5612601349144
359.5089341285939
360.1460573644771
360.3893671796871
360.348748310596
360.2595784762049
360.2534148923737
360.254284575615
360.20606054097
359.95248456366267
359.49598814487075
358.9890755505172
358.57354081284996
358.3688974523945
358.37033675226337
358.42529219342896
358.2885694747899
357.90303195447757
357.43917048892376
357.06957974194984
356.7206898982886
356.08734335629333
355.0068960525473
353.61240639606797
352.30020233509885
351.3908591245347
350.9961346251065
350.99901041135314
351.2594972784692
351.79727491228243
352.81771005210294
354.2512197018817
355.70917909541083
356.772759590041
357.2125948137869
357.06065147679726
356.4618224269051
355.66820531102445
355.12909763599504
355.2767876680763
356.2078437581058
357.6319722630225
359.12186067126567
360.4336212610729
361.4933363405071
362.3102322402673
362.79934717723165
362.9089792870103
362.58079724762274
361.8375601628618
360.88502937167283
359.87996289844455
358.9133940337977
358.22705770573907
358.093557169158
358.50997670124235
359.1133258972537
359.4946581147516
359.3731051608894
358.9422799464113
358.6178738853169
358.5500504913964
358.55115333910976
358.51177929649543
358.5466493756283
358.68689605664764
358.6821446312062
358.46705639950954
358.43284903873155
358.8336225560323
359.4617612860586
359.985946439002
360.14629710703423
359.87696712454635
359.28766091817994
358.4503389244417
357.47498208810885
356.41846376300686
355.38423993970696
354.46403001107376
353.75635300524965
353.31937625728506
353.10718211178437
353.1081081454773
353.3164268576974
353.7607061684757
354.46203784290753
355.21402868244377
355.6427944394154
355.5563353370004
354.9887610886267
353.97306102885534
352.65670473318
351.22900440495323
349.95752522934913
349.13743495357335
348.8993687590066
349.0759217580288
349.356652613259
349.5190318522677
349.442163566169
349.1800073554032
348.8303092131575
348.52461765372345
348.3584894939198
348.2416533541939
347.957979877823
347.4373589159655
346.94312550009545
346.84792793030215
347.2082934455342
347.7648889369541
348.3259582951431
348.72737937710934
348.62976969454314
347.8633065658045
346.5780242379734
345.13000903141267
343.96354637836197
343.2540198219189
342.8990434644223
342.7260412474236
342.60267192152406
342.4920116825664
342.3884770706396
342.2899795643475
342.24434086102383
342.25389550240084
342.39949749373363
342.82123625641657
343.48971221434556
344.12176680751975
344.4063751558467
344.18572320685126
343.6188144496393
343.1146517301952
343.0419874879626
343.5211320818339
344.3876651628733
345.2632590965143
345.7121778199217
345.50779478712684
344.77543592856784
343.8590190980414
343.1513348335144
342.95064177410416
343.29788207661727
343.9677651342945
344.7155562011577
345.3096990969066
345.5042623492145
345.17884964876487
344.32443187688057
343.1079271204296
341.9163091895653
341.20096336124766
341.15831461308073
341.7326924613942
342.7511062575704
343.8988690609613
344.82249087727166
345.3139243182234
345.4008375727334
345.32345499473263
345.3257250431061
345.4472088804997
345.64606844576787
345.82505835487245
345.8971035860537
345.8548837999979
345.8759983128955
346.1289355694917
346.6527791975766
347.272908427671
347.71955919809295
347.7991215658325
347.4227026672555
346.6471496535688
345.6125861280399
344.53300782239614
343.59292679753975
342.86976868668006
342.45918073718855
342.37130249340447
342.5406760401887
342.92633119907146
343.38638370722646
343.7277994978689
343.9078298992356
343.8690051671284
343.4858611426277
342.7600542783135
341.8706863192084
341.07314806955554
340.4721005328863
340.1813431986124
340.2738103302222
340.78335506479465
341.61892777864193
342.6199504735206
343.51814023697636
344.08056154075746
344.191115575393
343.91954048176007
343.60195352302355
343.59018463953765
343.95285199613585
344.46838628704757
344.84613317568466
344.98975287541555
344.9987466900535
344.99030150193494
344.973698329992
344.72067245184473
343.9855824316466
342.7839917138321
341.42362871344596
340.3534996867849
339.97559666302044
340.44783540769515
341.4593611888961
342.49025532759543
343.0817165314037
343.19719353389667
343.08304509832186
342.85541626935935
342.3418195303489
341.3430298593641
340.06580061505633
338.98116739006184
338.53484685165483
338.8692242003782
339.7726314897305
340.9602227366941
342.1925102783005
343.2322787845767
343.93408904085527
344.1823795616896
343.9227966148088
343.3602567612465
342.921210833708
342.97456971931155
343.5883922842767
344.48208677040776
345.40339314131836
346.2567253310341
347.0153384399502
347.5791869959518
347.7888568052785
347.5537908110879
346.98947160529394
346.3044700359417
345.66525436505947
345.10548856841467
344.53745709106477
343.9108205907694
343.2116310697924
342.47902113668056
341.8742852395039
341.6735843923477
341.95406893530526
342.5496325336233
343.10431558000744
343.31523072395703
343.1723009390213
342.83768780501896
342.4595336405398
342.16851946485843
342.1261114642369
342.25554680435306
342.36876677138014
342.3725040605952
342.3821473061673
342.59012531196294
343.0702876815266
343.6999763922732
344.3470154750611
344.81661045064664
344.99247715028855
344.982461491817
344.9349795933843
344.8461766627627
344.69621839248356
344.4226805435003
343.99784370446474
343.56963054283597
343.376055862954
343.48824005684065
343.666116858501
343.58855852108667
343.086404618075
342.2062708375038
341.17493847541414
340.3442705486723
339.9210297651086
339.84785668948024
339.9338589402701
340.0348970536636
340.11831346547456
340.2700129970397
340.6245821115788
341.2897492952069
342.2329136771341
343.12182003968417
343.67724633865254
343.82306125582
343.71069242293396
343.57316774869787
343.5273481007065
343.6424299496578
343.7997163357553
343.8939113208332
343.9264982814531
343.87678086097486
343.76911436441264
343.64377140340173
343.6586016665966
343.9929475414146
344.53917912118607
344.92204779973116
344.7847189702876
344.1046738268648
343.1277964064202
342.3879367835819
342.1627702378073
342.3509750966147
342.55831527589703
342.4364239869595
341.9820999364821
341.4209882156114
341.19911939229655
341.51136340296705
341.9989307199881
342.1744210836605
341.8749734889812
341.1639111457222
340.35706049874335
339.8525975041467
339.91861428547395
340.60802571758313
341.591144276347
342.50928878889306
342.97807798347344
342.7744695397814
342.0150345162154
341.0543522398381
340.22659140555504
339.8578303127868
340.1281334659862
340.99184496216395
342.1132871264068
343.0826685223697
343.68320939770604
343.8960348872762
343.8370179425652
343.5765732083739
343.03402459471044
342.2504161602412
341.3895154770805
340.6992155302647
340.3974934487243
340.6445931725889
341.52102035640536
342.9279940018005
344.42402598359627
345.46036611306397
345.7050963785261
345.1628886628928
344.08657651167397
342.8365063336036
341.7284328459062
340.9601043144101
340.52543185202103
340.2957015207396
340.3185530395427
340.7028595898188
341.4229655989529
342.264034317908
343.01747362225814
343.42142536307995
343.44750530076766
343.08982759149785
342.61886603450733
342.1849163188752
341.8496194179463
341.6868988918653
341.6853798047947
341.74397824626334
341.8117772743042
341.94105306661606
342.2919230029322
342.93991329951257
343.7425665237562
344.4049884000042
344.6960810648758
344.56657765401536
344.1804071249098
343.79078462072033
343.53725620216403
343.3796499235588
343.17679824516574
342.8284492383785
342.249276242836
341.5052515541071
340.78891884538814
340.2894322941363
340.16491307576564
340.4142854664242
340.9376549687474
341.66317158382293
342.4168236787994
342.9750864415137
343.11997756834035
342.82627690769266
342.54721612114383
342.6585524152468
343.2544101008243
344.045157861145
344.6104099369311
344.8875333443476
344.8836173966662
344.6940711444934
344.5256693818068
344.4219677692707
344.27560589778915
344.0541758709541
343.7186368640881
343.2494439779601
342.7943790585907
342.50260732945407
342.3552018449103
342.3663132460981
342.55311248265366
342.81611198174625
342.9688737669421
342.83803877150024
342.5199633417408
342.2266822307324
342.04383682123046
341.8713916455636
341.4956585553867
340.8479552294013
340.09511808165917
339.5866358074368
339.5615428111434
339.98524018053024
340.6062337654546
341.0223794920065
340.9170724038457
340.28828270127315
339.5101034324963
339.002850817681
338.8987478669427
339.1123876955288
339.4047017790703
339.38274661522894
338.9941093402504
338.4576708610856
338.1899357797288
338.43605312672787
339.2638119250897
340.47591085429013
341.63090760678637
342.365660959533
342.59471715766756
342.36890817136555
341.8141274519894
341.2611087435693
341.15601588585724
341.70672196419133
342.7262059468241
343.8556709377342
344.8038166439609
345.31037420675636
345.2362948813992
344.7402721363968
344.1007480574748
343.6225216957228
343.43239463274534
343.4539419558598
343.42193960727
343.16806327886707
342.73286589066413
342.32709809667256
342.1263248822524
342.21915786260763
342.54750082666357
342.95694641669473
343.2517111716367
343.24109568864003
342.93108279764795
342.5006347678624
342.0488893547997
341.6413932510519
341.2924115295299
340.92122313442906
340.5074139106972
340.1293885260226
339.9872484601166
340.2868161860673
341.13385820630685
342.318618560216
343.5149004538463
344.43232510268734
344.83679645841096
344.754985160986
344.35615622707803
343.83698589096264
343.3507114103915
342.92124411177826
342.5517143486037
342.3616803285454
342.44073183153046
342.81887963415
343.4463425530346
344.149025368174
344.56526138801894
344.42795659825777
343.8726511575205
343.20640213888885
342.67818163873324
342.36710767087214
342.15400933616496
341.9393269189989
341.75709386647907
341.7120293173474
341.9293198612697
342.3693332881727
342.8827692648173
343.3315781124095
343.5768337006249
343.5709216137917
343.3931983212721
343.04824256902265
342.59565246764356
342.0837045447954
341.49776107487816
341.09576011972086
340.9991166657928
341.0636817382526
341.2083172853208
341.3638230849889
341.4354180762167
341.3470298804036
341.1197709324184
340.7703496823331
340.4293660928294
340.381951153438
340.81728437191333
341.72979962936444
342.7827139461409
343.6121481530937
343.9898285171936
343.90860342689933
343.4625057678506
342.7435981533573
342.048702940632
341.59819519498075
341.4358158555281
341.66394007976487
342.31827338391406
343.3553835672917
344.51296756956475
345.3097945919861
345.3945293350146
344.75219108183865
343.6752308148922
342.6500039253829
341.95361847493314
341.5604969526373
341.34773197809153
341.33308142495343
341.6102416890978
342.23502184941583
343.03864319085335
343.70416900384816
343.9985850087897
343.92191018316475
343.5458162579532
343.0303457515765
342.39086949708275
341.5599848774716
340.6828118418267
339.99613506608085
339.49835212283097
339.09874232944895
338.6852913433699
338.2977298413696
338.0624700983998
338.0907987988323
338.4211208469314
339.0084547870239
339.54271373168234
339.703824776688
339.5445232547037
339.40156093362765
339.5366769684901
340.02167001000333
340.8223788221023
341.77388412270636
342.5873330702983
343.15217646379983
343.60970268647475
344.1575963524248
344.9379745368528
346.012837546788
347.0881852007911
347.69524117990545
347.5399370456166
346.7156711048491
345.60677422347896
344.76669230959124
344.4859859603548
344.6841517364617
344.9109231597623
344.67837039882545
343.85284488302716
342.79928722748525
341.90773815667177
341.3051692924962
340.8827617982254
340.4728645076733
340.10551061793603
339.8124160090058
339.69597992260293
339.6838155239501
339.68886976358016
339.768747911586
339.8555934294693
339.8378929924415
339.56745660554554
339.06496241809924
338.5639044842534
338.25938465164404
338.3137018928612
338.77813913515956
339.6270049190218
340.77426622236015
341.9783208665984
343.07327611891066
343.8834408450689
344.2807737489727
344.19498011444904
343.6587827500965
342.97363793276367
342.43916489001316
342.2567372748087
342.4671403000393
342.87578856575203
343.2054394384708
343.4016930592762
343.542931262603
343.57100474220977
343.378225855691
342.8765775524832
342.1266040665688
341.4077422424633
340.9995317410544
340.94398215454913
341.0630518187444
341.19598243127956
341.161997471624
340.8721927872942
340.3643008039316
339.78213992842336
339.3495687764025
339.2179632517639
339.3967994872379
339.7633601610913
340.26570106050224
340.8803798310952
341.5258311596001
342.06435851013447
342.433901078283
342.6418709803076
342.8496584220969
343.14796080650945
343.5543527920138
344.05269430629255
344.6031197327527
345.1312140721672
345.5366440620363
345.7576803681893
345.831217826442
345.8681644153228
345.81239537047264
345.5384187050213
345.03339441361834
344.43920434026927
344.02009028328126
344.00582949218165
344.3489964163137
344.8370472020687
345.23631886519877
345.4085929869608
345.3683331432736
345.2367372083804
345.0004124417925
344.52499229094343
343.7204026584574
342.76543320818945
342.04295484679693
341.8689417703171
342.29626696171977
343.09280412890627
343.95900637330436
344.59216920225145
344.66913538759036
344.0254707642051
342.7781386034924
341.34317655691297
340.1616539429764
339.36489758173036
338.89721251987
338.65341422315737
338.61015160639556
338.7255762193356
339.0473128029431
339.68090634926403
340.49558162803464
341.06613334586746
341.06243618910753
340.5786948755796
339.89249437364026
339.2995459546586
338.9629437500097
338.92781796721096
339.05886748871524
339.2978962809953
339.7954969198201
340.5475115624274
341.42948752940134
342.2355808951973
342.91953702727716
343.4518348539218
343.714015016663
343.6611968139731
343.3040255219654
342.86696844867583
342.5665333875738
342.52391729723684
342.7900602162728
343.34676703541675
344.10833215375766
344.9724175873524
345.66938917569274
346.0203076603831
346.03727227995114
345.82743974352735
345.6776084104135
345.7314249670351
345.8765324955677
345.96678319385416
345.9413657547321
345.797291332918
345.55215955260417
345.2500108178419
344.85694739078264
344.2584678487062
343.42674073526524
342.57908562849695
341.9741478800132
341.7956213692817
342.0779975969262
342.58235914294437
343.09247173279357
343.52886861142196
343.8005676972931
343.8139747479393
343.5486287557817
342.9300297655625
341.99399587761263
341.16334015276664
340.7929245814655
340.9023027638174
341.29772535651915
341.7423042599279
342.04513162254443
342.19262304786906
342.328989769167
342.59129538947286
342.8949233373486
343.10396552977613
343.14360593324295
342.9708923557988
342.7182386519956
342.6033920469263
342.78960229342294
343.3807507714481
344.1679605483704
344.6861513055343
344.53590954522343
343.81269483162527
342.8658374693813
342.02083098826927
341.3275453528425
340.6200786271417
339.99036769494285
339.62600715883747
339.6306661319446
340.02472613360374
340.76346238850715
341.6772925210926
342.61527387714904
343.45527765444325
344.1433440814083
344.4829248588518
344.3605666608417
343.70080827610036
342.65758101527564
341.73392908014876
341.32599724228425
341.45211387509113
341.79530194137726
342.07486638451905
342.24528959760147
342.2619390098271
342.2495856712667
342.213204957362
341.99045034619917
341.4494748566693
340.5626064537902
339.6055892390577
338.89941577478606
338.6315903387536
338.8283526272834
339.3686491688078
340.0400012143664
340.65763279900716
341.0801847761883
341.2052680228512
341.20312396879
341.22619658857906
341.1544513638742
340.97667134834785
340.82169852868134
340.7205790790157
340.6603238448283
340.60859059132383
340.6652063185936
340.868890500863
341.18226455339806
341.5007995558552
341.6984377940351
341.6837205098012
341.35867313064756
340.7384247706005
340.0070349535888
339.4432986246741
339.1768269936277
339.0975184176771
339.13669979509035
339.3602984964325
339.6827401085599
340.0088583391895
340.18545450896676
340.00184392219563
339.6550566363768
339.4791250929301
339.64578087416385
340.1646395162422
340.83453441966105
341.5215547809925
342.3030628018893
343.3502193173979
344.5821412451013
345.64902750816316
346.08279125490424
345.6106926345949
344.4747379494006
343.1927224140919
342.1857397626546
341.65423830232976
341.54247533584
341.69361761939496
341.8804571697393
342.0062632045035
342.06958536361395
342.11497496214537
342.07792064572175
341.84819471127236
341.47247935196873
341.1764277428748
341.27318550124716
341.8775572068817
342.75509734591606
343.5897211444675
344.1862506151991
344.406246352303
344.21755031560036
343.7887347311996
343.2474773231315
342.7194683562787
342.3768280219985
342.2619260938042
342.2495373651007
342.19281849420895
342.0947300517233
341.99747271980686
341.8416123186133
341.5318374666664
341.0400252491662
340.516690232447
340.12604665493643
339.99431148242735
340.232521280926
340.78563480680816
341.5682509396342
342.4208544900883
343.202976062104
343.8440858228219
344.13960793959956
343.8673247145189
342.98300199260564
341.7828892940845
340.7403245213802
340.3776129789391
340.79794894987424
341.78129275099934
342.98424341649866
344.12828545224113
345.01401722591106
345.5681753174446
345.898701127594
346.23005240905457
346.6088920397916
346.9547323373955
347.1758221782677
347.05577197848675
346.42855042564753
345.3370355448756
344.09876848770216
343.21248538011906
342.9357148940671
343.2655644838527
344.07050165640374
345.00704159143226
345.6216780927032
345.6110127514372
344.9792799548182
344.071374284761
343.18807150937613
342.47293689875005
341.9795430782079
341.57523036538805
341.16698186128457
340.7701666869902
340.318651332475
339.78834907138196
339.13375621478156
338.3765251177077
337.737679279221
337.5116942675328
337.7048298652068
338.1729443107852
338.7262275709287
339.2009085968095
339.5324266295463
339.7704209311844
339.8696713427666
339.76506563199405
339.4745235510807
339.13714904747656
338.887946696817
338.80677964670735
338.8603222711547
338.980681951693
339.21451309699506
339.5813222830768
340.10037278960147
340.7591970881076
341.45422279023217
341.9948655247115
342.2109027804946
342.0437467921789
341.608658025959
341.0429950460005
340.53896203764873
340.2072281869871
340.04650826440445
340.0765393836595
340.1621351511278
340.0934494463576
339.8459657240169
339.6220403033053
339.45489955673463
339.1998566460379
338.85711160075846
338.4728927208254
337.97431575808025
337.3157047426075
336.4779406013674
335.5450695047301
334.79813154402177
334.5396668099236
334.75530081171974
335.08708394627683
335.0729002453034
334.6491568546692
334.15954200932845
334.01142385891586
334.3727790050146
335.2231384649288
336.3000821249284
337.2853804906135
337.98247416388756
338.2883970010387
338.36568602489456
338.5618779772608
339.11106764624395
340.0720778064739
341.2954219833664
342.5496091185652
343.650912275643
344.4267725453488
344.7951222053074
344.90471234678836
345.09922128558884
345.5047325211916
345.8675733583808
345.88035143087825
345.6328764418613
345.4055456577893
345.46084166538776
345.77335039032295
346.1010658549151
346.16857117935274
345.9377123570795
345.57314903726194
345.2338609892094
345.0799652426791
345.19369686020946
345.48539654803034
345.65536760444917
345.53053781511414
345.16390233683217
344.7472395940837
344.47477644848766
344.41011036243697
344.4099132270783
344.3545057201992
344.3215588352914
344.4385654904638
344.735254410602
345.0655068013991
345.27184876380613
345.27004107617813
345.12651511281655
344.9596014765067
344.80338896352214
344.64695884585893
344.491387782169
344.30669483745567
344.03894136953306
343.69421307475693
343.4736135811772
343.42535423172336
343.48697574283744
343.5912747095347
343.61876417357564
343.4906530530446
343.29009256468095
343.1648765717156
343.17557930965785
343.32182152082385
343.56682756673626
343.88790462157647
344.30576407060573
344.8688625634974
345.5472008579943
346.14348832608243
346.47286243330126
346.32128735879576
345.4501258364565
343.85234054996675
341.9415115916961
340.3361571617084
339.5635136755514
339.82002091609127
340.9508799620265
342.517228008871
344.037955523037
345.09932475827
345.5090000094715
345.23681653027325
344.3451566068069
343.15584915173355
342.03095820205976
341.13441448086724
340.50163016281266
340.1229220944148
339.942411421712
339.9344739840155
340.0972980444301
340.46933837967305
341.1755293017935
342.06984508331436
342.7367561971655
342.82425726192895
342.4707387169492
342.14529048941694
342.2010900303204
342.75927333992945
343.6465623297537
344.5500876940274
345.1161128050441
345.0999622347224
344.5211324575036
343.6311752427772
342.83186337898053
342.5227310383645
342.85322543442123
343.69716382749493
344.78656460207986
345.8827201130294
346.88178023455197
347.75860494597055
348.35839624100754
348.4386489007687
347.936434963844
347.0856742412324
346.2530124635346
345.6348832220526
345.2279117249959
344.9932713421141
344.8547450810769
344.75419610238487
344.7420791148365
344.8515354741112
344.96547910939677
344.78017386796256
344.09925847198446
343.044053111136
341.9852724730204
341.2376847359713
340.95856040855045
341.1627457584757
341.67660797145305
342.25971168501536
342.6150153298392
342.5870192578479
342.275447291754
341.9758457647909
341.9883252565006
342.36114759242247
343.02480064105544
343.8949288543388
344.7586834422961
345.4046175360291
345.68733213953345
345.60257201210175
345.3013445364345
345.15609891663166
345.4517935770237
346.0674243802333
346.7381284994999
347.23250885363814
347.38312555409215
347.1199529143018
346.61384175918676
346.05900451521705
345.6957882075289
345.7031619499594
346.0133572134159
346.2871997949648
346.1827256015132
345.50962184538
344.3180605275961
343.00213488563196
342.00679323622967
341.5244742154742
341.407893296686
341.4339494000949
341.4938244511758
341.6652093293234
341.97642901629445
342.3192518845767
342.50774268163474
342.27950292371816
341.6259102640804
340.79996047518415
340.16490077853905
339.9141992031741
340.1837229400801
340.915701949469
341.91506315196483
342.9203618866354
343.71839340551696
344.21291241971363
344.48071965108494
344.58019418927114
344.582161672691
344.4623920911996
344.22271181444296
344.0037273992687
343.94328862977204
344.10178993069314
344.5393996668351
345.03814871472855
345.2762755876965
345.11961529773083
344.6794171355214
344.15108755079325
343.65378462394125
343.24955868827124
342.8971197819021
342.49260733022794
342.0124840428983
341.5165715465124
341.02365377276976
340.5969422412514
340.3609036024418
340.3966207829359
340.80036806966507
341.4703188788252
342.0994482428781
342.47199091663987
342.66816387903293
342.9090521079093
343.3117364237788
343.85699536196773
344.48990198911827
345.2081961997468
345.9466177892806
346.49982939298854
346.7201881607149
346.6602689222293
346.60516073172926
346.6936177512369
346.79561562581523
346.9554922756089
347.28820218820323
347.67986106783934
347.8443298259182
347.69574026855344
347.391093935058
347.0628374186158
346.8338415192579
346.71285304851887
346.59556865364175
346.3754178360944
345.95359707558003
345.3038222809564
344.4334434110207
343.49983167365247
342.8912891926525
342.8113108271094
343.1001849440533
343.52054829853444
343.9795327367284
344.4894241752541
344.99321528027485
345.3564008539179
345.2439535396919
344.4111545895046
342.99386261343443
341.4812434998303
340.2326348237014
339.5278077364283
339.55411830338124
340.282662031793
341.38463877845334
342.39788021368486
343.02143995468765
343.2014608297901
343.136840497623
343.04646657859035
343.0274197834358
343.0687724115061
343.0406401197795
342.92007336510557
342.6921709759752
342.2452765646773
341.3372556779658
339.963797108279
338.5801174418006
337.7142540718723
337.6571649119903
338.23172303277374
338.99467363059523
339.50324650671433
339.65314041482765
339.60180711500163
339.44512132495163
339.2824039266135
339.2719530271124
339.64897378313873
340.4792677527745
341.6387977063242
342.7838686125929
343.5257445121751
343.7941265757842
343.910360832013
344.2312392157927
344.75998298035745
345.34936713179195
346.03779640078704
346.855728920052
347.76710431690105
348.6965863592393
349.5011122455616
350.1446483481705
350.69988339623626
351.32600343538473
352.147492693567
353.07400420666664
353.7544230564788
353.8885048615838
353.6465710297775
353.389545110603
353.30315072203746
353.2764219260398
353.13733918894195
352.8335606224724
352.4379127090042
352.04417182957644
351.67404673498623
351.2575521556276
350.74583707574305
350.2317625448914
349.9274359767053
349.9771345487096
350.3180788541011
350.7178558782167
350.8253754930425
350.4194826141128
349.65102597792736
348.8664392073307
348.24913594414465
347.8680847730736
347.7076703706282
347.6447134244878
347.73747698613215
347.9776829253399
348.1464077639107
348.1627286304692
348.0822140420721
348.02073170420687
348.01975151766214
348.0582417466055
348.0068825580946
347.7013244712515
347.06071252717135
346.1859600351217
345.32971626402036
344.64627240822284
344.08229132278757
343.3676296959287
342.37866121678906
341.23350865302336
340.1897296106621
339.52389146622545
339.24689677246494
339.207866948542
339.3337375461691
339.6809789366538
340.192107521749
340.7380031602461
341.08011329402706
340.74976657468665
339.57662860769244
337.934350965206
336.42557434247664
335.3850697509869
334.98647335548554
335.38496720205546
336.37536421944486
337.6507736512414
339.06376424548847
340.5840806674716
342.1240933546369
343.66400902667544
345.20746958215284
346.6180852505854
347.6051219603576
347.9643767710395
347.79345509839976
347.3695004177729
346.8872014236282
346.46167185396996
346.30550480844084
346.5145854688077
346.9670928181754
347.4947790810013
347.92409257159943
348.07700408074874
347.85986725772864
347.35542106608017
346.8252861259942
346.5053243910428
346.3311349900986
346.0542559179642
345.59372243803784
345.11543549502346
344.61103957472875
344.0819613208039
343.618979905229
343.4980725464019
343.71390974929955
343.79126716665917
343.5012406869094
343.0525285034522
342.705986454258
342.6349253165571
342.8834003532953
343.3146295102423
343.80620202134486
344.38626797068866
345.19411787111534
346.25764122676776
347.4689343989828
348.62110898955825
349.53521787665545
350.2263415104419
350.83141191516074
351.6297799515938
352.8794519777651
354.5303821383076
356.2761593943953
357.74737730358
358.76423105227457
359.60009715489025
361.04127014755784
363.8040102188937
367.82557570956516
372.0162735424155
374.5340943091901
374.3745324305125
372.319396268395
369.4873894557428
365.66167473005913
359.591607770469
350.75939745354276
340.11374449582553
329.50248161371735
320.9184591026902
316.072555304963
314.9583773775755
314.5423396142923
313.2045647108323
316.14323443463286
329.03758026662894
344.76060054094233
356.6326875140847
361.83346726636563
357.5528799958222
349.4099907225792
343.13091567510423
342.4819986359361
348.0999672460576
352.86149867370796
345.71791111579284
324.61375023366156
294.51517410638724
258.4864076718056
226.27630258243497
201.65121515956372
0.0
0.0
0.0
0.0
0.0
0.0
0.0
0.0
0.0
0.0
0.0
0.0
0.0
0.0
0.0
0.0
0.0
0.0
0.0
0.0
0.0
0.0
0.0
0.0
0.0
0.0
0.0
0.0
0.0
0.0
0.0
0.0
0.0
0.0
0.0
0.0
0.0
0.0
0.0
0.0
0.0
0.0
0.0
0.0
0.0
0.0
0.0
0.0
0.0
0.0
0.0
0.0