300.91758250334556
292.5757677853088
285.72289786835154
283.5444102929944
285.22903346071877
288.6153532558383
292.3971107331161
295.8640144425942
298.7281063799337
300.79462833380694
301.86619353171204
301.9315588173288
301.15594579495047
299.75418566240313
297.9791686188438
296.1185890845956
294.4056684915751
292.96465864880327
291.9571033455232
291.3833005742767
291.00517219904395
290.7614339710825
290.94853029333444
291.57986217057356
292.3335626798208
292.9815465919337
293.4834866032612
294.07492781624364
294.9887729870602
296.22064901544854
297.5988206647246
298.9601358649924
300.3685993538272
301.930790186945
303.64492934105215
305.41241042354307
307.2296104869785
309.1239471744083
311.1660406105242
313.43776944530833
315.85464621844835
318.13951751969904
320.19308685610054
321.9270946779267
323.2723926466954
323.9939172996994
323.8607642301801
323.06717681343764
322.1029518983158
321.29253802982987
320.7399321245605
320.5874698456953
320.856666084349
321.30622928103315
321.80170459504336
322.34481487460783
322.7845679305918
323.05970893807597
323.13311570216547
322.92550496691047
322.5510814690367
322.31476764433546
322.4494187475443
322.9472195985703
323.69303550801646
324.7292834115861
325.9481217225583
327.21292951129516
328.61056145612173
330.1349188567562
331.5711122886653
332.7532647422205
333.67322968632504
334.49512419966305
335.3175108029182
336.28582015936996
337.50602544356576
338.86746956959166
340.23124090449795
341.5638667945135
342.79330603297205
343.82837258504986
344.6065445371743
345.0418722015378
345.05918620416617
344.66418742854466
344.0398839661327
343.28072525352985
342.52048662727174
341.917324296149
341.5645044237747
341.4716282501129
341.36546972104463
341.0581059356389
340.7123518267705
340.5561244957654
340.7778380031378
341.58139853326077
343.0984197260598
345.2210417457131
347.92708706453607
350.87444056724405
353.4426295230799
355.23559293881056
356.2928757251104
356.818836478787
356.9136396822829
356.65153199027907
356.15398064215304
355.60554328488365
355.0957465046823
354.70537372085084
354.63621975880534
355.00735265714115
355.6911013842115
356.4151611841087
357.0845623197529
357.6954102034174
358.2326536102511
358.7237731720903
359.1572545886445
359.6803158647307
360.46154098288184
361.4757490831747
362.5961132755575
363.67988975469393
364.5110612733457
364.9355042279563
364.91538351442097
364.55333377539716
363.9888334859447
363.4178101200253
363.06327011516584
363.0749256914173
363.3584590187781
363.63298451455773
363.7138298903237
363.50217420169054
362.91791544800077
362.0077919212123
360.88648532955494
359.62290243241563
358.3198742546113
357.00770562578487
355.8027106364415
354.83587834115525
354.25666710768564
354.073132206759
354.0928053880203
354.20031240703486
354.26570636223033
354.20334904954143
354.0343124636493
353.84098006009
353.8568130928388
354.2403445488254
354.92674245815726
355.5993926364619
356.011232425296
356.157835191047
356.2189875946542
356.5231905831746
357.24533846052736
358.271007021031
359.2809508529531
359.94962059628165
360.1639564589939
359.92848802069636
359.4288108150789
358.7530756300534
357.9060251561494
356.97401548880856
356.13295193646917
355.5178626826361
355.0133778449306
354.3966483360069
353.5433139644574
352.574051850557
351.79019167676404
351.3532613382391
351.1096393781741
350.8993636637051
350.8485483013726
351.14692612640624
351.7566424984684
352.46873770931137
352.9461178974094
352.92598284710357
352.45870441388723
351.880681929932
351.4985991000776
351.46997763275584
351.6428820373106
351.73050598260863
351.6055266047322
351.3689780142298
350.9454360521612
350.2164512691568
349.19500488223844
347.8888356571056
346.4429151265622
345.12939500142846
344.24150094092937
343.8810459819109
343.83942146994167
343.9135716639662
344.07686207532515
344.3421110903279
344.5439592580626
344.3765456030746
343.6202271170149
342.4116438603867
341.16582454024325
340.2040661052982
339.60932688213677
339.39381902787954
339.40886339485337
339.37368896923
339.09645384040596
338.7170633877847
338.64381258322345
339.1474696174193
340.0866978857577
341.0503340821458
341.6784858858659
341.87404705122776
341.74847455203513
341.55634622910935
341.55655546772266
341.8027783389623
342.1229887377382
342.20592487314076
341.9649856924175
341.46441806597716
340.8605644954698
340.4113649778218
340.2250828639356
340.2192946498325
340.28123176486105
340.26883641487586
340.0598499652964
339.647271260439
339.01391848177326
338.20775551122244
337.3750310822658
336.7613597730368
336.6746833396211
337.34214845974986
338.5936911344687
339.9497411730345
341.0557296577894
341.7897162074174
342.23157786964146
342.50477966734917
342.72915465582525
342.952528196254
343.1534301656536
343.37050090503834
343.69517244386094
344.21534270395114
344.90412932777946
345.58833891649994
346.0613534187002
346.15747020043716
345.7569295511496
344.9095124826557
343.9350305338865
343.26181102370856
343.0731512824801
343.221100946799
343.4226905034427
343.4843364137351
343.4320095531632
343.5601200431183
344.0992851539782
345.014747601678
345.89793896423157
346.3555505505253
346.162994542454
345.36928333873254
344.2609026774889
343.19315949173483
342.4122186818353
342.1225097995564
342.335553730857
342.8494691030085
343.3985871959685
343.6900899672473
343.6425020279686
343.45607314767403
343.44113002403697
343.8003150595591
344.5200681367941
345.4407182057923
346.2790040397144
346.7444673015899
346.76665586465947
346.52477740995255
346.24516457296056
346.14396839149583
346.1963037710938
346.18883974208126
345.87851274692156
345.21247043679455
344.36914427672343
343.5393398530406
342.8392612865872
342.3676277661073
342.08015844806636
341.97686992713454
342.06251482858266
342.2842040977059
342.59004597802925
342.9608380209461
343.30343199575196
343.47638654033545
343.3772033659043
343.034746421966
342.6391687100396
342.401868108656
342.4512364539709
342.7811838980508
343.2744486671946
343.81018276954967
344.35816066599966
344.8378772776715
345.0485021729528
344.8958534342779
344.5501206704676
344.2873237440679
344.20792674239067
344.3027767029273
344.45888859196623
344.56246150003227
344.5898588600693
344.60628156225073
344.68815037213574
344.76131621223306
344.64392783570634
344.1293891452448
343.1716903374279
341.88983783853274
340.5696452863092
339.55507911308035
339.0687739649881
339.1356990924932
339.5707667050173
340.14432674270745
340.66692850572866
340.9283733953075
340.81708957325293
340.36276620751096
339.77899234547937
339.31300455541185
339.0939716354473
339.15322509289956
339.43444383971223
339.8716938945677
340.4119558765202
341.0721772552966
341.7896933795351
342.37746853250445
342.6416462826148
342.52771830792335
342.1027750949588
341.6297297606153
341.4240105499484
341.7512784866789
342.6236859364044
343.77275471379636
344.67696272850134
344.93993798719055
344.5579257101709
343.87170400357314
343.34930404626266
343.3363132865531
343.6824601623351
344.0464070090376
344.24907256858614
344.2599019383621
344.2433491621813
344.44559517180153
344.960540360158
345.58984381130324
345.9906262209357
345.97452902007706
345.58195448244345
345.0764369810506
344.81442181863594
345.1577174880609
346.14581089738044
347.47778220399937
348.7223527056123
349.438142139755
349.3820931999093
348.69969669168916
347.7739072814064
346.92807004551025
346.2853242200539
345.84107026804605
345.60201566942817
345.5772692702185
345.5935345524052
345.41627990884854
344.9173144906693
344.12258840143454
343.11703348113866
342.16736942468054
341.5398775188731
341.31943864075595
341.41601793560045
341.65562397761016
341.75556584719703
341.5847870768176
341.2064471573924
340.7756344062804
340.39290213805293
339.9716706421325
339.3953835293411
338.75002764706085
338.3064541103597
338.29067096299616
338.76013374311253
339.47876973991214
340.2254128340013
340.93499006537144
341.7262754333183
342.7279101921124
343.864830966698
344.85461918913927
345.32023037693443
345.13078937728534
344.5137528837052
343.6542934524571
342.6055600634995
341.5661253783267
340.8449777150656
340.57992983389784
340.71310456096217
341.07159048742056
341.50474310462937
341.91100479618575
342.44630142831886
343.07808426605504
343.6663002748641
343.9524971651549
343.7193709480507
342.9142265223943
341.7700972820109
340.72431494491144
340.09612903447504
340.0779837504736
340.62953982915775
341.4761664054042
342.2212006169355
342.7153312581704
342.89154535177005
342.74829329283796
342.39876665576605
341.9818616034054
341.58793145316827
341.2189718248458
340.8520468960124
340.3854359963875
339.74842888788106
339.10817554797546
338.71681303045364
338.7412475393187
339.0651676277374
339.5572879141915
340.0801863541307
340.56946811089
340.96544100103256
341.20564207786924
341.2565119032149
341.2430079954791
341.31548810246755
341.59346179187963
342.2161849051048
343.30093602809717
344.7044237131683
346.03727037942224
346.95535209937987
347.3791077769333
347.39632643214316
347.11184627439684
346.7016594540279
346.1813678535702
345.491158013991
344.58844503818193
343.52057545479886
342.4737135333591
341.7623693574887
341.6272431352885
341.994046769031
342.57141202656885
343.05426491065447
343.1835481701741
342.8623469910964
342.2044376754146
341.379058968187
340.55871451653786
339.9965634829776
339.9455944471793
340.4319060796349
341.22701089917354
342.0722040265445
342.6991627543191
343.0035635487513
343.15942829084736
343.2252190521949
343.08178711868715
342.6190929161829
341.9175720011397
341.245925595648
340.84820250017486
340.8053102093051
341.08029819096475
341.4532009017918
341.736924371232
341.86286258426617
341.8709434514012
341.8488397936328
341.8479667164997
341.95052260762895
342.20805878359135
342.50893594815716
342.70015704834486
342.7165084896442
342.6324418378857
342.5739646728094
342.5917313636034
342.5556128279208
342.2258865928694
341.54410698630716
340.7497936326403
340.1444446589897
339.75494201915717
339.4106480640789
338.8532281073126
337.97104191909114
336.9932963380253
336.21638102408184
335.7867510515328
335.7576611226267
336.13466123315527
336.8500378973499
337.64063560111674
338.28707349968283
338.65787269849443
338.86154743635126
338.9855294769307
339.13743580253526
339.3325833689526
339.5305208814574
339.69408631156034
339.85137372038116
340.0370098263098
340.40907509468843
341.0544005772026
341.9402606994171
342.9166740430222
343.7626888075987
344.26363125322575
344.31287135763245
344.0950217343844
343.8719189039399
343.68402808775755
343.50330431129373
343.3350334081008
343.134104525419
342.8454845265479
342.3527935912382
341.6857208113427
340.99531537154894
340.4037386303528
339.9903390803708
339.9423673378747
340.4574785432689
341.39797459971624
342.31231946024064
342.75914385310324
342.4669096724482
341.57895158270185
340.4605162750261
339.5096088145138
339.0328022706877
339.10930676555824
339.5349360894365
339.91856326045547
339.9907436491409
339.8711556798723
339.8456505901685
340.1117262409798
340.54988541503906
341.0261299625548
341.4516786094297
341.8674784840435
342.2614815806271
342.51880808241987
342.6047099328528
342.4693709008497
342.0448088270274
341.505222140393
341.1556547346745
341.26192057300807
341.7232462552922
342.2008458118938
342.53548569746727
342.6863187043952
342.68929761472236
342.6591490762461
342.7598508362996
343.0242379072246
343.3593175413834
343.6397999817724
343.6769942137719
343.2851945984426
342.57585109065707
341.7830734084687
341.07978580694976
340.5327532969997
340.1487424409482
339.9040678049881
339.7503903146203
339.5784496299592
339.2361419626782
338.75905879866815
338.25579937180584
337.75949950022004
337.2610686655123
336.88428257675935
336.7348107101389
336.6280819861044
336.4362602809763
336.13560744277675
335.80391574378916
335.5815884842438
335.58168714735234
335.85199168414215
336.2931981694164
336.7435557862993
337.1892773786622
337.7018144162851
338.38187228442
339.2789765981907
340.361064714116
341.5774179534718
342.86910848446774
344.1232720112444
345.1972125459884
346.03918858511673
346.6543678311106
347.0088430073227
347.1411439948043
347.0924045128224
346.8158634872244
346.30061816512426
345.6638324889371
344.98529532562753
344.3253301635003
343.80462205782817
343.44288949417455
343.07898265355664
342.46086370121367
341.4816515818068
340.325582050459
339.3483937825355
338.80305369811924
338.7243761923859
338.98308806719774
339.3538009363415
339.499669192898
339.0947297170998
338.1387572786328
336.97513960219555
335.97132859598634
335.36210595813657
335.189603601165
335.3378257505631
335.6500957167759
336.0434289553377
336.4624241445963
336.93239301162555
337.4541810189798
337.9170812685941
338.2579822987007
338.5028178780063
338.6829683441099
338.94462930228474
339.4293658211273
340.091632461975
340.70515410346786
341.1093575712206
341.267509785424
341.1692225176614
340.87958223175315
340.52482670278334
340.2246879891003
340.012992759266
339.86591641565326
339.818978008242
339.9027023592906
340.22262305910317
340.7586154439872
341.3452716791494
341.8608005618101
342.23737590459274
342.3335113176059
341.94230473374034
341.0586876208466
339.8756310922085
338.6575630987552
337.6036968089911
336.87967497553564
336.5249808843606
336.4718623643732
336.6476433236098
336.949211678746
337.1468453062046
337.09051882389525
336.7755803600613
336.2325733601301
335.61123176771343
335.0822222679667
334.8425276826757
335.0089612881335
335.5517408493423
336.32558387099925
337.1687127553872
338.05608666609737
339.03696654903604
339.9706372825425
340.78419603288836
341.40648581813105
341.8753936247274
342.2752987570402
342.5297189260722
342.4990736820834
342.26575544955296
342.07775521688046
342.09180546304435
342.2053140458428
342.22574992421585
342.0236045661369
341.46492397722795
340.56283525648143
339.50372722039424
338.48990775847267
337.65167686579935
336.9309591608858
336.2824724333159
335.71904405400386
335.21543454158433
334.78394010989297
334.4291248960604
334.0874281726434
333.77424105671423
333.7222008192631
334.05773603028723
334.59818062036675
335.0847281759938
335.2388135058688
335.0521551092671
334.7665981347921
334.61470884267135
334.7770246792599
335.3840710994944
336.32686247951074
337.2917000220708
337.90755012004905
337.9147240827344
337.39602843345364
336.70690930193
336.18660044299014
336.0687571088724
336.4334018416705
337.1965043960995
338.10246899333976
338.93044292529896
339.5527641493193
339.9617630130008
340.1821718825477
340.21875992284686
339.9980588388936
339.36976561310206
338.348406067009
337.20871944166737
336.32569774917476
336.0070012560609
336.35365913295476
337.1208624380955
337.8412727101516
338.1837207076506
338.10744574512444
337.6240707744004
336.8829381465468
336.08750575215237
335.4594887656123
335.2360739460553
335.52027848812946
336.2823628222563
337.3226397930564
338.32721128142043
339.02753877923953
339.2408594491078
338.8703353959929
338.1153279196185
337.39031664093756
337.0390034291071
337.20627804359435
337.87061403679587
338.8749539935797
340.0161551858775
341.2256173034422
342.47790510906924
343.70731381335713
344.74604847341345
345.4071177318706
345.64910211187197
345.54713953953024
345.1495738349496
344.6256970214405
344.27530179740404
344.31776798867463
344.6469408168995
344.94777273051625
344.9678757632199
344.6329234372704
343.988625123426
343.0875488895636
342.1406305637201
341.3987612923237
340.95455709773154
340.6753595117634
340.4109797377289
340.16238916500436
340.111555846859
340.28540401768714
340.5388144901234
340.74920656771377
340.81710532055615
340.76119306566864
340.68657253474214
340.6430243404018
340.65361709331967
340.7600148470454
340.87359665796305
340.8946926310207
340.7731562353013
340.4908129653113
340.08439000234085
339.61055084316956
339.0614779323931
338.59027852523417
338.48096235316893
338.88659665705615
339.7615595809536
340.88793147224897
341.90756938205834
342.47945036152635
342.4675196818258
342.0136964059561
341.5007162362492
341.239176749935
341.2183742488053
341.3152270357796
341.47770508072756
341.7016929832636
342.01126882495777
342.40855963714273
342.83881148463024
343.1884422011798
343.2509557518524
342.94809324366537
342.4786223254193
342.12367032772164
342.0475509601843
342.28131787696987
342.7255154514269
343.1315263667933
343.25857376835773
342.9824060424496
342.30388406285687
341.4322704940018
340.6155995954264
339.9287207551353
339.3523998630892
338.86279921430287
338.52368596187983
338.44941989811656
338.6377480864487
338.9774152521065
339.2840165693742
339.32129758170123
339.03954879535956
338.60419701357046
338.2254343246006
338.0429377970452
338.07565227338404
338.2159666091955
338.4309755685569
338.754235574336
339.1575843299198
339.63137707612697
340.1387859750264
340.57743949474377
340.9351294180765
341.30484784278167
341.6515694008511
341.8166472155659
341.71748627964183
341.4756744531446
341.2768363344578
341.1541799903319
340.98382857943653
340.7494986847107
340.56984825671793
340.59540711730415
340.8164336951038
340.99545098153015
340.89618921846943
340.4873232253201
339.9776885158849
339.5034763336582
339.2361745978722
339.2420535898325
339.3902058192893
339.58244190253794
339.79504390413695
339.9840301078768
340.1821668714761
340.52137228082086
341.1468090998199
342.06934762409645
343.0346434223709
343.5758216915565
343.42430590620233
342.77361942582064
342.0980781459946
341.7376617907254
341.66607472466137
341.68104263030204
341.6021848723602
341.3650592419803
341.19531550041734
341.3125415740128
341.7744063690103
342.49319393935326
343.24000687670906
343.7968767250312
344.19531734025725
344.58570437892115
345.03730639568846
345.53270100633375
345.94928875390445
346.11328942248343
345.91894155993214
345.4098455188612
344.81065076636116
344.41432231903747
344.29578584129075
344.1996290966468
343.84047625999494
343.08382742627464
342.00916995905675
340.80713473451874
339.7276553997804
338.9847425398436
338.603995260154
338.4493834275358
338.2548563329154
337.853961006903
337.3079997177127
336.8337353712336
336.6144854979319
336.6622890431644
336.94612053235977
337.47501186417475
338.28088125126993
339.2612853072018
340.1746565843702
340.84073068445423
341.29892216937594
341.6552006404896
341.92153933685785
342.0584212793107
342.12473680307147
342.27200185147615
342.66515330550294
343.38992756157205
344.37063052233924
345.37617797283065
346.1472473958428
346.4247913842898
346.0530916589797
345.11953046076627
343.8836649158152
342.7167958554162
341.8749406652496
341.3319720829453
340.92438077320793
340.6062723974973
340.36432047409585
340.06732994694613
339.6002090665091
338.8724689107262
337.95677282026026
337.0685922004772
336.4499816773104
336.2102462690554
336.29178872666995
336.5784502691437
336.83615442618066
336.82409800017945
336.3310037013594
335.5084040734144
334.7974575268993
334.54255456199496
334.7607759022329
335.3312961457418
336.0023180048426
336.4829769300113
336.7368605351512
336.9271142628322
337.1573475988953
337.4448235933585
337.77261055639667
338.11779949899676
338.52903984934903
339.1915658898194
340.17662826340893
341.30965450498445
342.50749971323376
343.72376345691015
344.79716353852825
345.6233753263847
346.2243324579208
346.60349018539637
346.8063889517557
346.823121774726
346.6800840721544
346.4691156499913
346.1893409717059
345.74906449465993
345.1026090587303
344.2226749209632
343.2576678888696
342.3749898406568
341.7206310219937
341.2919337705261
340.83712893090444
340.2043198871271
339.4502765055419
338.7369644241336
338.2346533015228
338.00240531111206
337.928542933809
337.873334160553
337.7250831129939
337.44973057355776
337.0799903036992
336.73513344307946
336.5203470864551
336.4198634277446
336.4395930826514
336.69589018291265
337.3069332980153
338.27418229584987
339.4221765640712
340.5439863810987
341.5442180302398
342.4570816002507
343.3488156448293
344.2518349748962
345.14890451599126
346.0223217254033
346.8590641136473
347.6198529448238
348.18390759133445
348.39239116326223
348.25273085757374
347.9392679817756
347.6245509918904
347.29702781785124
346.83020054966863
346.1047635985991
345.12213316509167
344.0737383246855
343.2160849744391
342.7503082114722
342.74685773722587
343.13075358894093
343.69132255677766
344.1479494185919
344.28784134420624
344.17477429276727
343.92449335707846
343.5080301907898
342.9674154250664
342.4807699689935
342.179357596724
341.98179271077254
341.699707420402
341.2345135292046
340.68171486269455
340.1922311653591
339.8168130401586
339.5890773268467
339.5993445931658
339.9702250222333
340.5873235673688
341.029973015878
340.9584158811789
340.46681056105905
340.0699443048354
340.21122568397635
340.89376943520074
341.8212156733337
342.67353806023385
343.2797072826651
343.6349738439024
343.87813417326623
344.0781676267405
344.2408931166496
344.345606602232
344.4239128347566
344.4789856056223
344.5174641324253
344.54214916667945
344.5906370864963
344.73293580133804
345.0275212516246
345.41848922884947
345.7518268333362
345.81513534603613
345.4913131351964
344.87777501109065
344.1105820199596
343.25930749816996
342.342325899213
341.5657204288875
340.9786692353517
340.57764421205013
340.3009885919959
339.9561229735868
339.4239594607518
338.7298581028042
337.76943135744574
336.59699999685176
335.57023635661017
334.9436045493051
334.85912160686007
335.16116406170727
335.4912478493126
335.7118409287711
335.8917121582035
336.2116737269808
336.6473487305648
336.90692510478374
336.8551167980155
336.4567382823856
336.0433684555151
336.1207319247343
336.8461038270966
338.0837174226502
339.52525553104846
340.77653592736783
341.68964733081475
342.3054208175872
342.7065959189436
342.899789873717
342.9099799592402
342.9080384751103
343.06351675012036
343.4956202406683
344.13288343387285
344.7103482081051
344.92778949396984
344.6382240725501
343.90294768937065
342.9518653311853
342.12632464091763
341.5812170202525
341.20612872455047
340.8485325844756
340.40988581093586
339.8468141975379
339.2174430179955
338.6267276699772
338.1592122292705
337.86453952208495
337.7588349681349
337.90738064168994
338.4346632227808
339.39133272274864
340.52986748527286
341.47832767634344
341.9027801442625
341.80995173419956
341.4531167540209
341.07859915904834
340.82599840130456
340.7060003744145
340.74465000722444
341.04723504950516
341.7251793339428
342.65173418266795
343.5058656605786
344.0239786984714
344.165346873201
344.05365788897365
344.01679792824837
344.31669215281124
345.0484476155898
346.0315071046356
346.7251402286946
346.6629180102258
345.9150567644965
344.88158499548024
343.95276896067503
343.1808144561345
342.46414306743156
341.8689179135724
341.6146872956865
341.8761326370661
342.512687333023
343.164510693921
343.44463031979564
343.02404594995784
341.98543049776714
340.76892707144236
339.8719476400974
339.4738585681031
339.3989728269083
339.3197773916423
339.02160246133724
338.5255336334725
338.1616259017723
338.2211886410157
338.65873009673044
339.2388337297449
339.6721276167467
339.7060505421158
339.36672016859427
338.8436300119771
338.2571747423342
337.8163935539809
337.69045498714695
337.8058707501306
338.0585055905537
338.2994442228373
338.36720755617733
338.20386227397415
337.78199925792904
337.27208958306255
336.848589427743
336.5824897031532
336.66462454767185
337.2286936112265
338.2104863598265
339.40596674471357
340.5526312861374
341.2812444501277
341.4223250344559
341.07415385342915
340.4992302288913
340.0073311686248
339.76476759641923
339.7666683221684
339.88192696180755
339.88641826855127
339.6046870841171
338.9608678142138
338.1488687255801
337.57168428397506
337.4582078684215
337.8262676944033
338.5516177925812
339.33395533597877
339.9441785643938
340.26829590243733
340.3560974109499
340.3730920817896
340.5610428984285
340.9722884293176
341.4381883053345
341.73199398989874
341.77035412111576
341.7124835804402
341.8319621521
342.28432666080397
343.02599898788105
343.8403214360105
344.49913266323546
344.7780768512185
344.67665578252524
344.27174955500743
343.80574010712144
343.4961556407126
343.2126337915542
342.8584582059836
342.4665452403109
341.96410147366925
341.38100240278186
340.7615251396484
340.15866340003925
339.5908887571513
339.0251480387016
338.3924036337112
337.74602854487574
337.1196402824079
336.5897475817256
336.3417955436081
336.5389608426519
337.2728711495413
338.4057697801778
339.62678145373354
340.63080702081675
341.1387831439057
341.0278037070433
340.5799321569626
340.25250475244457
340.281515706979
340.6469200659506
341.25619117319496
341.9934372727989
342.8132326951654
343.63351117781394
344.39303017682016
345.1029123376385
345.6599576356928
345.8190981099698
345.42461775857544
344.5996008152495
343.75513495583215
343.2666616577278
343.2156519200814
343.4290941501665
343.58757681092993
343.52539453610245
343.2440405957261
342.6854794064329
341.92036068239895
341.16451152131924
340.5914563223483
340.2265693992952
339.9548549948243
339.5020231573623
338.6688079408183
337.60943745361874
336.76735067542177
336.4124337963607
336.4782697337379
336.71313095818
336.87121315813727
336.85116353018407
336.6116308410227
336.29732911861606
336.0867024651591
336.0421948089335
336.12949719314685
336.24530918012624
336.354507300612
336.53404155769294
336.73317002627607
336.86402336413573
336.9477912586064
337.05276687862596
337.317337384732
337.7673207250423
338.31136323530905
338.78806516657767
339.0333081548002
339.04454037067956
338.9735091001115
338.948430137296
339.0927180299735
339.4147763567871
339.7328248987459
339.8622480176221
339.8419238781947
339.8049248690909
339.7652020454687
339.67348550656544
339.441735959586
338.97902950934963
338.33620231699985
337.6600344134841
337.06970070038363
336.5853829462483
336.1332544401611
335.70804464166406
335.53973947584893
335.8490406535717
336.6843437439553
337.8379939183649
338.914802610097
339.69476843525337
340.2570089502879
340.49415300988557
340.2040412538453
339.3859058228916
338.2062727793391
336.92235841458785
335.8475143069409
335.06595525161043
334.50124287082457
333.93598213639905
333.40363099915766
333.125053848737
333.133422312721
333.3317437075875
333.73752633834096
334.3922098263981
335.3675623681486
336.50196554845843
337.512200598757
338.28250994218934
338.8170511357735
339.2120695825878
339.6074606422526
340.0006206551419
340.16182844781247
340.06899301578824
339.8657928941434
339.8274603961002
340.1888380591392
340.92439624536183
341.91851073319384
342.907016224151
343.58490304229014
343.82728016649344
343.7968089418178
343.733907415636
343.6507146678767
343.47177879829405
343.3131648641525
343.379556690188
343.7820255600513
344.5171864865607
345.46686405027475
346.3528951942428
346.92282377065743
347.0404047358195
346.6559184841809
345.9032285588944
345.0953475040516
344.4494436000974
344.04095634098434
343.77613145760847
343.4170947832664
342.8221669469369
341.94248116078006
340.8622806630481
339.80006726090005
339.0569389617924
338.87907011255675
339.08264405422017
339.1147086125159
338.3746778616428
336.641581412561
334.4200955315558
332.72831910042095
332.4037564644284
333.3744118845992
334.8787033279169
336.3365853428346
337.5202413934534
338.4161028595096
339.0461097736744
339.4067837347221
339.46216633751396
339.3386231302851
339.3613499377036
339.7918488070737
340.58977885734635
341.5257545998048
342.3932905799776
343.10364643600724
343.62815593676515
343.89864226006705
343.70711232082346
342.70033629296336
340.81248239456795
338.426502275114
335.9135532089232
333.6160714959578
331.8785162479489
331.05780170485775
331.3676481637608
332.8617363376467
335.37960472745175
338.09561211658746
339.73936098541554
339.88709169852643
339.23353724739627
338.6746891889326
339.0601858378998
340.04081298752783
340.96195511273
342.1972566672013
344.80217807348333
349.0810459464909
353.4448640047995
353.99215307171744
347.4004126618929
336.3495712598961
322.6679175195188
306.71879921938
293.7942852075588
288.1318700719223
286.2037469921741
286.6850595256098
292.655816790579
304.304219361185
317.8689591477357
331.38750578225086
347.2519705072194
363.7900882191393
375.44741957751654
380.70082304542586
382.60817699769194
382.8735932445156
0.0
0.0
0.0
0.0
0.0
0.0
0.0
0.0
0.0
0.0
0.0
0.0
0.0
0.0
0.0
0.0
0.0
0.0
0.0
0.0
0.0
0.0
0.0
0.0
0.0
0.0
0.0
0.0
0.0
0.0
0.0
0.0
0.0
0.0
0.0
0.0
0.0
0.0
0.0
0.0
0.0
0.0
0.0
0.0
0.0
0.0
0.0
0.0
0.0
0.0
0.0
0.0
0.0
0.0
0.0
0.0
0.0
0.0
0.0
0.0
0.0
0.0
0.0
0.0
0.0
0.0
0.0
0.0
0.0
0.0
0.0
0.0
0.0
0.0
0.0
0.0
0.0