0.0
0.0
252.0351894274928
247.07125386453905
238.47900570888868
231.2708333782641
226.3995796235452
223.13754059619245
220.8149181196148
219.2716897116541
218.48033557312223
218.41049399222283
219.1377499968806
220.49159744101
221.9366182785114
223.2213710960068
224.32243538710367
225.33935232635395
226.34549818362473
227.30491573625588
228.14696002458706
228.6708043345803
228.7148418281962
228.29169565963542
227.45664971045588
226.21720726238848
224.62594665608634
222.82704319390712
220.98816748871522
219.1717434623055
217.40620913543276
215.76052694124058
214.29339899843012
213.04270052566466
212.08983345776693
211.45001060868083
211.00364810202103
210.62540910643725
210.24006938685153
209.8890811435298
209.66865901862485
209.54907506146637
209.45770091885566
209.3944245247788
209.37766411053823
209.37778268691463
209.4029615344562
209.5076327946894
209.74178817248395
210.13703970207547
210.64695049748397
211.15413161847601
211.62803942737293
212.05408257341898
212.40886674762925
212.68186093431518
212.87088841205946
213.03268785206288
213.26378667328478
213.6098809310307
214.08986742405747
214.71563827956155
215.49540744680644
216.40675776258092
217.40604321754216
218.41160595058832
219.27756523563494
219.94349077882828
220.4486248719295
220.8106653589935
221.1573593978499
221.70318886530822
222.53842891252265
223.6103097796823
224.7132338582687
225.67964717325205
226.4915231903766
227.14103600283386
227.60513979065308
227.82936784939724
227.7769308197641
227.54062921886668
227.25421569179716
227.09919858658785
227.17646802804822
227.4383773712191
227.79152296528457
228.12842507223712
228.28990058205753
228.2396796668352
228.03210125555464
227.83140436937865
227.7225076659653
227.64553795642018
227.4990951193621
227.1778417141432
226.60780451730486
225.85403581199898
225.08809206940992
224.5059252393661
224.17437189501044
224.14947522301227
224.33002974348403
224.54200290788947
224.71980577027455
224.83264346475153
224.74647330202447
224.38562655098315
223.84739666109385
223.3089193571979
222.84776306637815
222.45818424966433
222.13892891409498
221.96494396178915
221.94793124931778
222.10238592026423
222.39343027275098
222.75692748418084
223.0553711918365
223.16052879813054
223.10333244354257
222.9258940377237
222.7084559593132
222.48449239623557
222.2802206739074
222.10580780651404
222.0190397802275
222.0412050588637
222.0885161608832
222.0930493483505
222.00157587222074
221.80888186496549
221.56154527633134
221.27845589706757
220.89416338903357
220.40923099791678
219.90830693227042
219.48129599833976
219.21020050313697
219.1069199020019
219.0918751736866
219.06834184854614
219.0530433133781
219.00551876088076
218.88135984392852
218.73289132320508
218.60319929423565
218.44016540680198
218.2035252962588
217.94220827620052
217.66312748773782
217.30878852227943
216.96698560693426
216.73108959643426
216.6105410768552
216.62348024667892
216.81377351072965
217.19805051011338
217.7272825499232
218.3167070953611
218.894181949791
219.35680685905987
219.64598575581718
219.80396414125812
219.82284440287273
219.6993912398405
219.4218596384025
219.04473814716576
218.6604938225383
218.35768632741323
218.2283980238223
218.29233540871422
218.54592008676894
218.95173664317554
219.47373859965538
220.03222378021425
220.53286287362354
220.948640755667
221.27659854505004
221.4870556685608
221.60476111423182
221.6160715868704
221.44563177188036
221.17003619770074
220.9112496188868
220.72475762543314
220.5587247637829
220.34476235738964
220.0971874753399
219.81642735971917
219.45507147790596
219.04483431322353
218.61187256430534
218.1912662155631
217.82913128572588
217.48654503464098
217.20830349061956
217.10545443678103
217.22411875006776
217.5874374302551
218.09418148188297
218.53996736758563
218.78704136589934
218.78684332239288
218.5410626623716
218.15761563608018
217.84437049803626
217.76259225100168
218.0010512711998
218.53909685290813
219.25060533398738
220.02789896777756
220.79885217846333
221.48406164433842
222.02264387512363
222.42209789642772
222.6573264495954
222.7546444916736
222.7654193503939
222.73749241090678
222.69295359522172
222.64049556429376
222.67227819034798
222.77320202058624
222.8559648051786
222.86528661095383
222.725217209883
222.3775533849344
221.81986739437951
221.1019219901994
220.40861722683823
219.86934902514633
219.48964341407637
219.2198314316541
219.11283821791963
219.2130309680557
219.4750765903541
219.84778811661695
220.2381695710565
220.59231850113343
220.95952766059077
221.39428478137316
221.92130804219292
222.53641157333576
223.17799687157287
223.72021452811236
224.0419583310704
224.12712626475619
224.0718126002275
223.98333391901497
223.93274891547983
223.98840744373294
224.11149397538458
224.1825510505663
224.10504922771256
223.88355621159326
223.59584801054854
223.3210762499447
223.1062837621039
222.9811799855914
222.94081407111338
222.94894819906432
222.96743091934107
222.90336680704593
222.70195357971255
222.4111729991936
222.10117565855646
221.80300090285928
221.53919624928864
221.3479642642922
221.27386333440563
221.3909473653906
221.66743351018664
221.95742977062181
222.0629963772801
221.91534021484634
221.54243831569678
221.0315137122919
220.50509491002543
220.0896222767281
219.84625488330354
219.7879597085941
219.92387664863531
220.18415401992493
220.4501861295425
220.63065284584698
220.70975441535862
220.77120630038462
220.88879731659748
221.11438467938794
221.41365813611236
221.67051425884205
221.81525861649916
221.87973275427004
221.9084046005475
221.89430516275596
221.79787016470237
221.61767852969047
221.38043396353947
221.13182735572624
220.8976765879951
220.6607396916043
220.4006555361862
220.14556318393193
219.9458357863197
219.82115815762336
219.79713161208184
219.90709435569434
220.1492258880668
220.53168345664676
221.0049285333956
221.4954952081648
221.92248742233798
222.16805510631937
222.15629381225
221.9544387447597
221.71083503359517
221.51440672242612
221.36980592743333
221.2429175269941
221.1193682399461
221.00338920716652
220.94667530108205
220.96011754326364
220.9525226243081
220.87688473173515
220.78448254723898
220.79915241195488
220.9123701060665
221.09397633654334
221.27338481283505
221.4318556504837
221.56558023688552
221.69287105154132
221.81000905585665
221.93158550597175
222.0644007537256
222.18293238820957
222.2042043883674
222.13018509137459
221.9623154413876
221.72351608452797
221.49509587742557
221.23443373818247
220.90436162905556
220.6427966952055
220.51949461758653
220.54662966929874
220.64041145271125
220.67722462024028
220.51989579413925
220.08493429851654
219.5176273235228
218.93279651176
218.4212747329782
218.06059868360114
217.87979112202265
217.83678145208418
217.79021636813945
217.5835999025101
217.16750240568
216.62284248831418
216.05144401792427
215.53870385676626
215.17338031366762
215.0254119570568
215.0950945161551
215.34499277674243
215.77080242372128
216.28469851860424
216.79844814297365
217.25267857323533
217.61195353101579
217.86516407742675
218.12313008732653
218.46619618179278
218.8905720086299
219.3800371383485
219.89186280102828
220.35768105628574
220.72440638938886
221.02464954993738
221.31542882962827
221.64600054375208
222.04995724864244
222.49973059120668
222.89268396187725
223.11194508264407
223.09927114404817
222.85222459180844
222.46740795246723
222.01955530729964
221.5684597960833
221.19059236226
220.93514910292686
220.85164470885945
220.9828321976911
221.31634823696396
221.68264084474845
221.88371691264717
221.83595988383465
221.51731660476239
220.98036072845213
220.41402191888227
219.9642901989478
219.65706928428853
219.4552417342099
219.34489476365218
219.2556042160368
219.2037522076102
219.2339735903145
219.36337758943208
219.54910152454286
219.76251258978562
220.04677812848075
220.44520641123506
220.92670431582326
221.44178848277375
221.9055574002402
222.25187032807798
222.44475983814402
222.44656302484853
222.28114967357283
222.05356239254306
221.88383080422963
221.8301014174043
221.9425064482637
222.2546932004546
222.73289384327842
223.26133399509723
223.76248750425458
224.20907188602445
224.54702443474025
224.71320341820916
224.68820641849524
224.52325748586077
224.27549009191063
224.0017961040701
223.7788322703976
223.66081249485984
223.66366141933622
223.7459228873779
223.80492103260127
223.7316632140039
223.5422814137922
223.28521023860793
223.008838023115
222.7532285784006
222.5216263367642
222.3042922823119
222.08809375191908
221.8716537438413
221.68898453969013
221.57684437432619
221.60189803468762
221.78504595708972
222.08101737975568
222.40398160297167
222.71995973202306
223.00963852789428
223.29997227448092
223.54909532844258
223.70687730691628
223.8403947370661
223.9896565582845
224.17575557924124
224.37147839669626
224.54279506335217
224.62251837198346
224.57893100625552
224.44814025182842
224.2513468914508
224.00074232327597
223.73018692475677
223.49364147729523
223.33353685232623
223.20937890114095
223.07649079159856
222.9452419281223
222.84882545160553
222.80764272646223
222.79342335102152
222.77208009810465
222.72049596914812
222.59448893477497
222.36252760073836
222.03342998612914
221.64306599987378
221.24673752017335
220.9683672207367
220.8767717308885
220.93842815200824
221.03872651252328
221.0711871946186
221.07727139075257
221.0424880987651
220.98217768403202
220.98950226805414
221.00037133220542
220.96275856380828
220.79090308537573
220.54683448476254
220.30442420695857
220.05790308832923
219.94935072787962
220.05544109271418
220.32131271235392
220.70311992872075
221.16544804946528
221.65568725635853
222.02245961373998
222.24025985569193
222.34384639655664
222.34167668418016
222.25726419065097
222.17957247477972
222.1400071943647
222.07089398559594
221.8808991545481
221.54171289766444
221.1231023047527
220.78724656042226
220.6104774877718
220.58826076802848
220.7550845902474
221.13445933024093
221.61342868274394
222.1136136056876
222.56838388867317
222.94247120169584
223.2527703594567
223.47194228034368
223.6068637231036
223.76593987478847
224.00831780469395
224.28555257486374
224.5861342134625
224.878060725441
225.08220146526398
225.05558724763497
224.78389647872325
224.37841409005338
223.99805229025736
223.6880759415622
223.42580734489144
223.17563696979374
222.9931041352881
222.81800108191555
222.6433618762684
222.57004216339433
222.68426919717268
222.94101070033489
223.20875304812353
223.3482807854438
223.34651364578698
223.2917901812783
223.2175489753312
223.09002336388005
222.87926947274667
222.5923342577628
222.25889960957772
221.91953976736664
221.68464888808182
221.59954471095128
221.62864074588904
221.6691830247019
221.71279561142143
221.6920230016094
221.5575534179063
221.34774058924833
221.0736573244514
220.79716615036156
220.61968683826285
220.61222018422936
220.70339089860428
220.76651678891218
220.67088135341646
220.4058958984317
220.05884898666142
219.7131817606318
219.42794328671468
219.2316118688523
219.1396849898633
219.1039514906498
219.02876746473348
218.8830997324504
218.69771676895792
218.47722947387862
218.25606706852835
218.15795895116463
218.13704987008697
218.122645220151
218.1470759381437
218.15159187197315
218.11961024441894
218.09391341137783
218.12248238478784
218.27279280973164
218.5663459341351
218.88962774221966
219.15388812130138
219.33628483745477
219.42350400370609
219.39796182057145
219.35485980078516
219.41391779980927
219.6500173879663
220.06421862740567
220.53444543569702
221.03653620091634
221.43101041738896
221.6533400972555
221.81868557131904
221.92055501775465
221.89954050278834
221.80306368198043
221.658083966283
221.55754740524048
221.51907598038616
221.5209478935579
221.4464763464893
221.29831770160519
221.03440671817395
220.65788455617422
220.26060692463147
219.8200451949461
219.41390457076417
219.03926848860004
218.69285423173295
218.35466345638628
218.09185000773954
217.8516848888537
217.58201850429035
217.3637887832235
217.3016280699934
217.38215790549424
217.66386507028167
218.035783060151
218.4079509151423
218.7637175578028
218.9623106349198
219.0023405899295
218.94775942208875
218.90337462338678
219.03979496904773
219.48301394860655
220.17497740752106
220.92748181100325
221.5394450671096
221.89703537301364
222.1209840642333
222.26100610015834
222.3539149402688
222.50178392232
222.64523883697518
222.78560092366743
222.9926212989201
223.1905691960172
223.35372981471858
223.442405030224
223.5652230561256
223.7351242791052
223.952516993399
224.19798475790913
224.4533344738971
224.66202536210304
224.70826596022863
224.52699665726556
224.1560033900159
223.64338376564285
223.0294364609229
222.38119046216596
221.8155376942102
221.3964574474739
221.11701078859562
220.94563186745975
220.91905307549646
220.97146561204147
220.9768821836566
220.89495511118676
220.71931016397596
220.54015751086894
220.4117143580967
220.31839589510273
220.2940625650848
220.26082535005582
220.1291471269596
219.85130483108117
219.46080944364002
218.99218007535018
218.56714625185424
218.22126286050496
217.90956644027105
217.61522610383423
217.47007304577795
217.42462934770796
217.41604640820123
217.3780776488907
217.32089431663778
217.3666329645427
217.58209021799377
217.92874153278345
218.2282726268901
218.36829919563365
218.37415653448357
218.1931187568029
217.89959733508007
217.5959640003942
217.3724953654866
217.2520039382006
217.24962162838017
217.29611286456282
217.39142068719252
217.60032008099688
217.85788642303237
218.21178517029546
218.67869326904068
219.2141559579106
219.7249420737444
220.0819340676944
220.23369672045519
220.19502474497668
220.0924431120933
220.066262350252
220.24750527993456
220.5919485578449
220.96585238532106
221.27040980975988
221.51304586399155
221.6793534364486
221.70581454833382
221.7086554157267
221.70507707312953
221.66337468146136
221.63492046266813
221.52060624305943
221.33909589130968
221.21831366661903
221.22984771889256
221.31390408376217
221.3506273479767
221.30473368677468
221.218942511867
221.06824921349053
220.89470454925265
220.7038440486116
220.477809369106
220.37116359385283
220.33667533417753
220.2536178879455
220.19403961884265
220.26999603226523
220.42474362023705
220.60274123005297
220.84644762477336
221.09680924534146
221.2893031712171
221.38732215061032
221.4511449859823
221.58542052692394
221.83794860568742
222.21456651383127
222.5765517497849
222.89388670387524
223.15576676157767
223.28661688404813
223.24484545311105
223.1414632786142
223.06597783024418
223.02532685023482
222.9859105763459
222.8821595894828
222.66964122088103
222.38002960503886
222.02097321983757
221.62326002625736
221.22444143728788
220.93902701570087
220.8057433291577
220.80877114962593
220.92812703475985
221.16718244042477
221.3680572350454
221.50071936591675
221.53910197618183
221.44859745186946
221.31603343409512
221.18000013179855
220.9992488680484
220.78636714002045
220.53592430173381
220.31622215992485
220.14778449560703
220.02713761116445
219.86550021415164
219.6367372770542
219.34930132167722
219.04579937694368
218.76078116444637
218.45292655662047
218.1031647730662
217.6769431029375
217.28255725284947
216.95440012373072
216.79662334854063
216.76130688970457
216.76974061732597
216.87095039269587
217.04407072952787
217.2612758693832
217.48032463875913
217.7205379184121
218.01747549401256
218.4004019993102
218.69778383451933
218.77430525610987
218.71287210154009
218.4962690899166
218.22731130356235
218.10157479456777
218.1673954376476
218.3555046498493
218.5617389024461
218.81291756957927
219.1052485466455
219.523286530442
220.0122362633087
220.4930459096712
220.88976958075338
221.15953676411067
221.29956218379743
221.28797119166654
221.16274538395461
220.98379695377386
220.85669529443365
220.79234401868314
220.8284073083454
220.93340631893636
221.0527258315542
221.1254342583029
221.15919498401757
221.09159707939548
220.86159101643264
220.47153728832558
220.03941682568527
219.70108163517915
219.50429667756265
219.38423511767374
219.30823647932345
219.2335802806167
219.1708276868475
219.2322750020991
219.41617700613767
219.6382961880966
219.90667680513644
220.12884470795922
220.27341231771567
220.33930274859387
220.20069115687994
219.83046953042998
219.37171589340355
219.0112003677677
218.93237794389842
219.21649552233526
219.82620163655187
220.55791529660402
221.2404804243734
221.82255931391052
222.33809079785166
222.76330715105726
223.08593824419796
223.30588057022112
223.34255152161984
223.12916442281733
222.73635447857237
222.31648639786778
221.98547225240122
221.81032491087745
221.81576726595503
221.94904734070215
222.23371723899703
222.5560286038647
222.8599078210205
223.12126526876887
223.50725022087693
224.06183580448365
224.66923912950324
225.16565026917067
225.4284148151397
225.47201668235766
225.32205873598818
225.0351518596317
224.64443185105446
224.28962350193342
224.06006075970686
223.94078363091276
223.95617338234908
224.1036750156597
224.36428553569144
224.59454615595783
224.7123223311174
224.70954185909167
224.5826525266098
224.27722316435728
223.81203746597495
223.20223416519627
222.53150895257988
221.86080915513838
221.25548022782354
220.78992318152626
220.3465632330683
219.8503307701581
219.31875352462137
218.82456099664384
218.3904271791091
218.03087821266496
217.65318114878966
217.27526876318916
216.9228264658878
216.68622804483397
216.5200947574773
216.45233696247902
216.61655430817683
216.98761544573821
217.4869558720968
217.9258226603897
218.26786462807283
218.47004007725045
218.55568314949858
218.55840587756273
218.59122849536828
218.67572550330894
218.80003501375717
218.87466585169736
218.81111961515884
218.62316554892755
218.37730602791362
218.15515345683957
218.0395364741289
218.04587213765564
218.1197313238664
218.2487981383955
218.36555267891555
218.51312318089418
218.8107710335159
219.2855987300711
219.9553525948587
220.6240325537759
221.15450575050068
221.50385843823113
221.5886903183185
221.46727214402642
221.20309744703752
220.86316755339385
220.5453029704775
220.36411624037368
220.32151746725415
220.4445168954946
220.66849272305285
220.91229671396744
221.21618916618738
221.5513379140652
221.86462399091556
222.05784777499292
222.17556202574613
222.25754317585378
222.34507062720462
222.43641626530592
222.43643623513668
222.4765479952943
222.7238324706277
223.26704908291453
224.05829027577266
224.91446892109155
225.64105795675505
226.15190259223235
226.3816079375092
226.325116175219
226.0638400652465
225.7409215486743
225.49950852372302
225.36355167649936
225.2847878063099
225.23606738908086
225.2502439061829
225.31595715538222
225.32285370713848
225.26991540593286
225.1443415490565
224.96870753984516
224.7525079606665
224.55890082587473
224.47674507003796
224.43890966624204
224.34568334797643
224.04216200366355
223.5506034325185
222.97512230158634
222.4012060838711
221.89583120361092
221.50149582875537
221.13719882788251
220.74997626939114
220.32081539349502
219.83288873995724
219.21897544906818
218.5816439767367
218.09517305703358
217.8106559002013
217.72496547757515
217.67907555084255
217.58777432305436
217.38161956952064
217.0696185588927
216.64319219136948
216.16062423501234
215.71287705057188
215.32549846372058
215.0470119555102
214.9584447459228
215.08508705010377
215.3684360418148
215.74487379997737
216.17370402338614
216.59194370538495
216.86042431652854
217.0511897859423
217.23460946403634
217.35724528620938
217.40921346477666
217.419475912262
217.48589620469846
217.69265326793703
218.04311060637357
218.5258298103956
219.0473415139308
219.47899391158938
219.7104921649525
219.80957312595737
219.84848849621335
219.90402532384684
219.95100695816708
220.02062215599446
220.16537412174904
220.42625160344582
220.76566381167302
221.147819777299
221.5784220327121
222.0037332554246
222.39471307928935
222.76102507689555
223.09266130150587
223.4573830428227
223.92771293067634
224.53184586302064
225.14909305373243
225.59516629321553
225.72168194125595
225.45630822005234
224.85775476709293
224.14423542267704
223.47554517634404
222.86785768626999
222.33188367735863
221.85907784538978
221.44615954381888
221.11406308493457
220.93962127636428
221.0110589183413
221.32703668314662
221.7388560797397
222.119578735028
222.46211257491785
222.73591376108715
222.91994615003682
223.05081155682745
223.22696485578854
223.53047060735773
223.97826847150674
224.52855966135402
225.07733441568672
225.51554489270563
225.8094387016278
225.93958569154827
225.98158564362092
226.02486371604056
226.1131655027437
226.19400911366023
226.22215929461538
226.20790044029707
226.1692228421394
226.04420330106205
225.78621925968662
225.44379851382098
225.11527118043827
224.91948103785415
224.76824182514514
224.550272110967
224.2182295489082
223.81705245746517
223.44016134494865
223.09430897456926
222.75200567941909
222.38032429962556
221.9161279331885
221.38402750605917
220.91738329430189
220.54500503153037
220.26211927218873
220.08151871569208
219.96617167525454
219.84814184076507
219.7395957948323
219.609577479931
219.46829729116865
219.35555534059122
219.24114405859316
219.10570294917173
218.87316726551273
218.5284728880177
218.11075567940344
217.74228510819034
217.49021646542803
217.35173166662642
217.2359120723325
217.12723254753968
217.05498799946673
216.96961475770226
216.8537469891418
216.66030696990452
216.3476295314294
215.99444966629082
215.6723896666844
215.46895345107066
215.4184915477282
215.55441128261583
215.9815729380609
216.7186940473865
217.59845230635437
218.47495998537357
219.27220186592285
219.9691310227122
220.52373679229146
220.81602007881506
220.7686812754069
220.49673028453816
220.09578785530732
219.6869394400092
219.35417613052616
219.20723865277267
219.22559377879622
219.442288477316
219.83519174790473
220.33570601913715
220.8504926407868
221.35203190869996
221.8380465164014
222.35894190966798
222.86192838572165
223.24512645655358
223.4065566897603
223.4022833595388
223.25010530175746
222.9632233415536
222.56186849784712
222.0972935348865
221.53030898533268
220.92000549753126
220.36385127172076
219.91637883457514
219.59408732133983
219.28006848200107
218.95821884983204
218.6306557164122
218.31424259765305
218.06024770321244
217.93047501566772
217.9626673934457
218.15672343791164
218.48133068951967
218.83191578883145
219.17891481977392
219.48061196138178
219.70954328579478
219.83132930497177
219.84352161856162
219.81157929145516
219.72458750733168
219.59829002340422
219.435260456717
219.31782527846343
219.28702965191937
219.31668692506162
219.36992210234047
219.40217270619058
219.46413084173292
219.5960413586754
219.8091872076437
220.06679852348708
220.30073183919873
220.43189297520928
220.46392373713152
220.3938501105764
220.27208887980976
220.21104701823043
220.2646893085452
220.47569148627076
220.7306444283368
220.87917148588448
220.81542851879587
220.59163995455248
220.37940390278558
220.3297217688107
220.47313219984747
220.65280261094932
220.8002860505097
220.82346844546225
220.69156190273932
220.56689175564173
220.4863442841973
220.46422919140548
220.56591298995627
220.75948524134824
220.922121369887
220.8992498731521
220.61954484148916
220.10013479737373
219.40587826463363
218.70488589011413
218.06391237505466
217.5117690900409
217.02386544970804
216.56526592924084
216.13110036080454
215.77428338313103
215.6273007759526
215.7323027736676
216.03638669841916
216.44230727776431
216.92638770216115
217.40787389638325
217.87850133805068
218.31575866688928
218.6975257117155
219.0202440091358
219.30567756851713
219.6244958064331
219.98249074345142
220.34640766526198
220.63070618211242
220.8003456881468
220.86021177245334
220.86214349884546
220.8802707395503
220.91675294129237
220.98791954374082
221.09370557811377
221.20838899843645
221.29242818218384
221.41540863087926
221.57697981777758
221.80746648218275
222.03229084978943
222.19228454299872
222.24346756568036
222.1493214620171
221.9056462389746
221.6641923140246
221.43989461890453
221.2528464356353
221.12425673792976
220.98688457002822
220.892337162406
220.86229418320534
220.85642140610787
220.80550146703374
220.69305263681088
220.50891924035648
220.350062923748
220.342596780732
220.45520518001345
220.5887955457555
220.63233626036535
220.53428024437818
220.40410307077045
220.32396327007527
220.29004302727327
220.27196751816638
220.3009172419395
220.44527982718938
220.66029318020185
220.89054934541346
221.043507145436
221.04384621765155
220.94352568196385
220.818536408888
220.753513471879
220.68782508528915
220.5375295742087
220.28549067393524
219.91263354605297
219.47645065240047
218.98481909793966
218.5180862067448
218.17271372042694
217.93502646006712
217.81355010846804
217.78927483229606
217.87514313757936
217.97516074497926
218.04789581611206
218.10049323871078
218.1400838267435
218.19834670152235
218.3433608517959
218.54958526723868
218.72344774114282
218.76688767691638
218.64243319071346
218.3960519306197
218.07713446948267
217.74554433751243
217.4526916214151
217.2158216162951
217.06702271451513
217.0663012856299
217.22811193736436
217.5817606394795
218.04952381897635
218.45445961966593
218.6171519606363
218.53134765156446
218.2380069148938
217.82953815419458
217.43255571948762
217.08559328832268
216.7919461005972
216.56350229136115
216.44047478250206
216.38088923133944
216.28405734655036
216.1679458573962
216.0593095993163
216.00209887396844
215.92566410251297
215.8250323997247
215.74314245980355
215.69504411631613
215.70722420608516
215.82866683489564
215.99516418784432
216.16181035104967
216.29102495443536
216.36683802473857
216.4240609982373
216.4566724399831
216.46573465739857
216.55264219621293
216.82000674309617
217.32947778934306
218.03824424748456
218.87605773725912
219.7118307065177
220.39231046904558
220.8823740328841
221.1966208771475
221.29124912442188
221.23282154722568
221.10973674106427
221.0296369094329
221.03628800461803
221.11582656084343
221.2929014015317
221.59481175059653
221.96027473013115
222.31434879473375
222.5879543863088
222.74860862137047
222.82548090894488
222.76898238538115
222.5124514364868
222.09090206726398
221.59132215921008
221.0719762007904
220.61428924837887
220.27355058180268
220.12024268135096
220.0983935843422
220.0849666951001
220.0310709457088
219.91019263462962
219.7054050507428
219.48501094709997
219.32314038633334
219.25729673291661
219.3012257578697
219.40244250632898
219.53561561291946
219.68417978737307
219.86435627745598
220.09791998597674
220.38204788115291
220.72492880416164
221.0964606567627
221.43173668321236
221.61306884988707
221.6114541279362
221.48123089815138
221.26661739482586
221.02174569734413
220.7645641204549
220.53113300664947
220.4228039782323
220.55048922467378
220.86510567385113
221.28135238835608
221.69225882667095
222.02361812337998
222.3000148883325
222.5250174399645
222.65461497706872
222.63354924516443
222.4514659006578
222.13024290253824
221.70490842703887
221.2999912564301
220.97404444637283
220.73670879402272
220.54932732529647
220.39384083142056
220.24138187832466
220.16969256912665
220.18624810703403
220.18641829767847
220.04743146696916
219.68307745228557
219.12590752508098
218.4954924131786
217.9441411151466
217.54869062198878
217.28315646968852
217.12672869790674
216.99802145671353
216.87717755828274
216.72385358638746
216.55825588919328
216.3853783071131
216.21382752730344
216.0865486581426
216.0075025469408
215.93422961127519
215.90708255779433
215.8829388576969
215.87862828923951
215.91059695005174
216.03243967440812
216.23224997554422
216.49378416537945
216.82015369827883
217.22667342642114
217.6592973408945
218.05882248374672
218.46737087214296
218.9629211475366
219.5465180444095
220.14375190327416
220.68781756612725
221.0872451460911
221.34340573679344
221.51842310801285
221.6585117440139
221.77382206908163
221.89188608455834
221.98518986521938
222.04007721767573
221.96451231359615
221.70990088273706
221.325136759361
220.87041852284113
220.3902836118838
219.92202716231273
219.48565695589144
219.1309581240616
218.80718862751502
218.44256525931985
218.1062654369755
217.75155350388738
217.40028025889302
217.19367569646005
217.10120046103506
217.11308150134232
217.20830188908963
217.3126014979753
217.42880908806595
217.53722099448026
217.6420147461303
217.72686510025136
217.81269646798535
217.9422309618052
218.16332999762557
218.46885868074006
218.8062128998374
219.15564475188927
219.50497082432233
219.96283210404664
220.60029255504747
221.36416942753152
222.12426127214005
222.77896804722997
223.2835865115875
223.65999981510618
223.92932323352446
224.14055809969125
224.3807604411447
224.6880171640618
225.0634499909878
225.49657027386664
225.94998359136073
226.37643242162693
226.70514944113123
226.86107292622592
226.7451559614028
226.2821618610544
225.47034467326608
224.33761186991705
222.93029350998478
221.31608665397113
219.57452895903018
217.737166495926
215.7946135618273
213.65705841329068
211.09807348018697
207.72900862304516
202.96761491419386
196.41698050827054
188.58532677640056
181.23204084429423
176.95983903100472
176.31972044716292
177.24742100245828
177.69353588207912
176.61316415638709
174.10805828216075
169.3301897861526
159.1990331776969
145.17890767875724
0.0
0.0
0.0
0.0
0.0
0.0
0.0
0.0
0.0
0.0
0.0
0.0
0.0
0.0
0.0
0.0
0.0
0.0
0.0
0.0
0.0
0.0
0.0
0.0
0.0
0.0
0.0
0.0
0.0
0.0
0.0
0.0
0.0
0.0
0.0
0.0
0.0
0.0
0.0
0.0
0.0
0.0
0.0
0.0
0.0
0.0
0.0
0.0
0.0
0.0
0.0
0.0
0.0
0.0
0.0