182.27176108032359
183.85323409952332
183.30796589222533
180.8874014220475
178.03002607876334
175.44004030725233
173.10116009629283
171.12216864273665
169.89268074261497
169.7440660184262
170.6592255038363
172.41103564143702
174.72081110599888
177.26512487421013
179.70840783557736
181.79527426947575
183.3771062400845
184.38465888754484
184.8466924952795
184.8777365903328
184.5759749148012
183.96049466244983
183.0032701276512
181.75830462940544
180.37632215773718
178.98087937686842
177.6900604999447
176.5784256312369
175.60391465769766
174.73390513049685
173.99015540092938
173.48984480911534
173.2637088911374
173.15671348288174
172.97296369514652
172.61228727308927
172.0923656467209
171.49121697584044
170.87424072406998
170.24942836305118
169.61919015310292
168.98519654114625
168.34553444103184
167.74742989808828
167.27534790281135
167.02473517542438
167.01276419190802
167.176518673542
167.41006463089317
167.6046164868317
167.7284769805766
167.7899223483546
167.73559522272694
167.51986016755103
167.16550400553177
166.75339062873675
166.3799406365403
166.11934435994976
166.05824921371666
166.2220943771677
166.50304457760788
166.70086383610126
166.67507734946912
166.47321696021993
166.29124556172283
166.38607764070466
166.8484662653247
167.53759553362573
168.28716493397684
169.06200114448876
169.89281945886637
170.7143802574186
171.43267716927906
172.15308011918953
172.83769643990505
173.35198784180255
173.5553049385562
173.59622312646326
173.6218443241752
173.52832637410964
173.29902811567513
172.86878339743362
172.59274492615287
172.6155372948234
172.93945529079485
173.3661316706077
173.69586480082197
173.96833923054203
174.11260974089166
174.33313247267353
174.63652478803488
175.06246835328574
175.62574483572956
176.2787926648939
176.93409020828454
177.36559291787523
177.53326895589393
177.57022011312574
177.5459504692481
177.35574013114862
177.03585859116927
176.81986254684574
176.79884348069587
176.9065183545712
177.0584803066841
177.1800932872813
177.2951664541611
177.46150034999175
177.64466501475496
177.77198973004133
177.73719788471757
177.50672719066782
177.12961770212647
176.61568580425603
175.94661047190357
175.15055827040644
174.34848507829707
173.64472535423232
172.98880547525607
172.20801595975848
171.19611055612452
169.94108835733374
168.47524761008555
167.00621878246514
165.83276976145757
165.17063334852253
165.06380016165502
165.40856727713668
166.0081180283841
166.68725149198875
167.0208205653065
166.96390994837094
166.73994616183467
166.41141863572577
166.16223389411275
166.11855777377994
166.48543497843343
167.2660901682349
168.4012850101372
169.80157752151237
171.02485211565389
171.90905965677993
172.3244564668223
172.41705803592714
172.44996451576907
172.5524468774678
172.82572623355134
173.37726822428522
174.22132887238598
175.19266998771894
176.06277052425497
176.61716740456544
176.74495571552055
176.55655904525318
176.28211065900643
176.0751400938026
176.03825705029226
176.20564072282014
176.5069160263078
176.83707074613403
177.1010318637591
177.1820312962158
177.00912800064762
176.63475533274573
176.22405661870516
175.98874203336072
176.02862760531545
176.22155860099878
176.33312820911618
176.21157308416372
175.82522493902087
175.21191277249858
174.45904051599814
173.7102077111661
173.0710272614008
172.57733843067058
172.27213120140607
172.1800094316054
172.26825751697834
172.49199184150467
172.79671337432057
173.10377608689538
173.3364284073291
173.40794742366262
173.31973510467014
173.2272850378093
173.28374856505286
173.5147127083153
173.89259489903452
174.37242316548452
174.87676670508876
175.31212650287972
175.61143736463995
175.79849957281266
175.98383050847315
176.28156031346964
176.69509938674958
177.076043892236
177.25365116002862
177.15358206974258
176.86432080045654
176.55369709944816
176.3120247490661
176.16607487651416
176.17948035859303
176.3743113866188
176.6960961800129
177.09053458972843
177.5253333959218
177.92105549824765
178.17782192764724
178.27559842273575
178.26235292334616
178.13638677147776
177.90733919100322
177.66578380257783
177.49379122881498
177.43440481299774
177.46452405387265
177.51288362821714
177.50904600286214
177.4037197437675
177.21858870259237
177.02284021340932
176.91082406226258
176.92023696928854
176.9682560901358
176.94808591015024
176.82822623373394
176.63495728221596
176.39559464221833
176.10552750317015
175.78509082652013
175.49259516368082
175.28407044533725
175.2039453028924
175.23361182047813
175.32497236175664
175.47549698178304
175.64799389956514
175.77072536221849
175.77462100763267
175.69133189802295
175.5160126126827
175.267185968133
175.05736107462508
174.98228788521624
175.07925489790023
175.28137625531866
175.4656516655046
175.4994306469714
175.3221503316731
174.96022194018988
174.46669340487807
173.8905239391442
173.30409169272113
172.7768685661334
172.26594787331666
171.72164170249567
171.1508652021016
170.56122465973493
169.9953872567037
169.54728788650846
169.24830310263852
169.06976075427588
169.02463657969056
169.19975060652297
169.65881900576764
170.3417688658451
171.1172259316898
171.89471805000994
172.63798275177717
173.27664352050232
173.75753551752587
174.07639832656693
174.2359004178791
174.28286890513766
174.26805873865501
174.2518193427171
174.31941772497242
174.47152679166464
174.66663498338266
174.8862287463186
175.10064651675407
175.3044468126179
175.46352695750193
175.670659967297
176.03600636155184
176.56854095379302
177.13329349850193
177.52844112094132
177.63813817370627
177.43601737733317
177.03641846664962
176.58111924077173
176.1718812272634
175.89209960643123
175.7193706046408
175.5602563303255
175.4089919363734
175.29890942260164
175.2631627951169
175.24859829311902
175.19570423216805
175.01005370509682
174.7188693052546
174.40697726349438
174.05796064911203
173.7394994538421
173.53197206286745
173.46538420420495
173.48933092297122
173.57971520485572
173.73979625886318
173.9513187978499
174.19132687240477
174.4552652802705
174.77586999403567
175.12943662912474
175.4404257388951
175.5849675881351
175.49999904660964
175.20527129343986
174.74197056408713
174.2333550553427
173.7964792275208
173.42739351732823
173.07515908931396
172.74166213876163
172.48402787915356
172.30532892634972
172.12288322791431
171.89732638748015
171.6172830291095
171.2927774088342
170.9471659012882
170.62896937144728
170.39543828752494
170.2744621527346
170.26032944925583
170.32534738082074
170.46927352016976
170.7056046304806
171.00494891582886
171.3010066948515
171.53859409316874
171.7255454624929
171.8990581861065
172.05340541760842
172.20700070292978
172.47905173086923
172.9768638845689
173.6434133156859
174.28230440822335
174.6984059199682
174.8515781120098
174.80158287924345
174.65507634333818
174.5373562019327
174.52306821306536
174.63109347871645
174.83007611053526
175.08960759669122
175.46372769079665
175.93280543448554
176.39169655674445
176.7323891933213
176.88782739014223
176.85310330529492
176.7014639055824
176.5731143968345
176.50752011887207
176.53822415199073
176.55260306404836
176.43658587332715
176.17252900494867
175.7691639379197
175.2986232770659
174.80572620976056
174.2920318026278
173.80613596917843
173.46593058124895
173.3066499255615
173.2805628995323
173.32513714179095
173.3602960922766
173.3361278458624
173.2588130314881
173.19736162290474
173.17198379022813
173.0848330390693
172.8364369800347
172.4717765142599
172.11570036196173
171.83914143664927
171.6082335482347
171.36448392979472
171.14094928449617
171.01074053848873
171.01221409854975
171.16727705096196
171.43137153016804
171.69102453447087
171.8387332470516
171.81261415476382
171.60412000359827
171.29084858499914
170.98740554508163
170.76875246669653
170.6454162254566
170.57185727168232
170.55439255664155
170.60143524542846
170.61537452220475
170.52204701205198
170.34020355809662
170.1757071945356
170.0900619447347
170.0784088252668
170.11751214318375
170.17205607110276
170.25454167520638
170.4370072235942
170.71298181235028
170.9933748958066
171.2435359199349
171.48213053437144
171.7133995452794
171.92175765879063
172.0306434183761
172.01183399061745
171.92427331558582
171.81507718166938
171.7180625583497
171.71865373906093
171.86576695320093
172.10604876350504
172.42239619448839
172.7647699160189
172.99346747110357
173.02276017305715
172.90073910553207
172.75028736565415
172.6650337431359
172.65370363659082
172.69116969095168
172.76229901329788
172.83641158509485
172.91156858383633
173.0351376273294
173.18285027994648
173.31029283692357
173.3657944986856
173.3166049809991
173.18574290438175
173.0305551954458
172.88753642138553
172.78097798468775
172.71865287825347
172.71496804075952
172.79392022461866
172.94331086408587
173.0921483819834
173.18802550607995
173.27240969098932
173.37695697000336
173.44698052578855
173.44650552600748
173.40630663513625
173.36632345213084
173.3328076166777
173.2854063566655
173.22332572172274
173.17202693217914
173.16877037842423
173.22595661565052
173.30287129825007
173.36837196544423
173.4568190176958
173.62475292571372
173.9079552726769
174.27711166621512
174.66333179938368
174.96541899012587
175.10991659524686
175.15724264880663
175.19394959545724
175.21781700930495
175.21640065196777
175.18165164832706
175.05336856267866
174.85041333635266
174.6545985062018
174.49009849061653
174.34673766928492
174.17867171021044
173.9492183029105
173.64007178461787
173.28183567079128
172.94693896417928
172.7108922281476
172.61479345113707
172.68186976606924
172.96576603566098
173.46314514975168
174.03059914558014
174.50494832007402
174.85642695108913
175.12090051471813
175.29175823207981
175.3479467589915
175.25012690948714
175.014031264259
174.69432833015046
174.33454381066895
173.99185707632188
173.73508531298614
173.58558543265642
173.50483415860276
173.40797948446777
173.2717841558756
173.13423770240652
172.99630230638087
172.83023876662955
172.68120850399987
172.66784767151418
172.84504031884538
173.12104801912034
173.39989091877177
173.6251580484759
173.7710211644404
173.85672917392634
173.88604889752222
173.82420730229603
173.65401976269038
173.39638223131436
173.09658887425587
172.79944608048106
172.49631630297608
172.1495795889266
171.81915443581966
171.5866063548481
171.47167434626814
171.46664497442654
171.43506401357513
171.2608685451595
171.00848392638466
170.72603632276136
170.46554892410632
170.38184980757399
170.4084862600971
170.4301629395486
170.42704355677694
170.380023921712
170.31795043663882
170.322567939042
170.4461904843282
170.64117777456778
170.75656459559016
170.76417789305253
170.69626073303155
170.58126051927442
170.52190332224225
170.5167216740379
170.5038965691214
170.45365077575457
170.36389713357687
170.2245981403856
169.99258178660546
169.76208305683383
169.76331568318693
169.99344144318997
170.30010296957587
170.54666311139434
170.75590801646723
171.0639166207188
171.4061887909734
171.6688311848988
171.81118368288995
171.89953935980856
172.0010234668398
172.04679780247852
171.94355454035238
171.72766477464933
171.5913367453067
171.58266355034456
171.613757244986
171.66226366431897
171.73299401841015
171.764931806214
171.74148139707853
171.7761486724312
171.86574996601317
172.02748896837963
172.2534650191275
172.5041547907358
172.82361837134232
173.0968700567784
173.29452867424348
173.43864628679978
173.507297108557
173.52960743047984
173.54146530901
173.50212837015619
173.38772322195257
173.2320409678273
173.0566978783855
172.8638217412095
172.67277417701354
172.54457031948073
172.5261572788396
172.6140173066597
172.83700341426285
173.13731924761225
173.4333709864171
173.67432246052851
173.83199903664917
173.93198409279356
173.9719826147393
173.89790462781116
173.74362070094054
173.56706681605328
173.3934512647685
173.20659511787113
172.97307876372713
172.695157860404
172.3972661899873
172.1232092989793
171.85619150586697
171.57029729366516
171.3049720958968
171.09894444922654
170.91597055198383
170.7148030839371
170.48083333335782
170.21144933329387
169.94875106116072
169.77131696940478
169.75560532311795
169.93189358406934
170.24173868989044
170.55744842073625
170.76826286739114
170.86114858976677
170.89080468828962
170.88177766422368
170.84061326500552
170.80430614455
170.81101802223637
170.88001487564486
170.99760921579139
171.11516225591993
171.19127762645954
171.298394371515
171.48485171206462
171.5666237619028
171.4948200836747
171.37469123545293
171.30687591057327
171.35752839517392
171.5248447447232
171.79609276669976
172.14174553050196
172.54635697784855
173.01737224535722
173.5438269325092
174.08581414426135
174.5495719064773
174.83927264669887
174.93919423815413
174.84440418286124
174.58560842372725
174.25733988837445
173.92108809054378
173.6106588620151
173.33636282161308
173.10782743679346
172.9173866189546
172.73498281497274
172.5952699408352
172.53423740311288
172.48722344581756
172.40027235432703
172.27428208757456
172.13849102402196
172.01881426536767
171.9396592393041
171.90923409722564
171.93672625566717
172.07067514732427
172.2482087904872
172.37900453585127
172.43283264026022
172.39481193704526
172.25788150352028
172.0572960777322
171.8520424500022
171.67207731638786
171.55329899041794
171.52044819608307
171.55295124201473
171.64744457274094
171.80902375880643
171.96692430985217
172.063248324874
172.15447959861302
172.26275682454116
172.35928788465822
172.48166333871688
172.62388795361016
172.70791185350686
172.7300390538117
172.67905551269249
172.62643571133924
172.59067549049084
172.54169594359877
172.49980364253406
172.51390720016292
172.6346237175087
172.81433277201438
173.00503487160813
173.16109152758617
173.25582530714814
173.27832838136078
173.19014496100294
172.9873593089925
172.7466533580215
172.50332417269783
172.24111539994743
172.01579075316485
171.90031118734845
171.8592180067963
171.81522305476744
171.7504764156967
171.65767277823988
171.5321993182634
171.39695661883258
171.3059079457698
171.31831828936643
171.45055453251115
171.59885597589067
171.60954271013009
171.44076536118138
171.1576119307053
170.87445891762877
170.703513831591
170.73652002243446
170.9144547478816
171.05113865110798
171.09358762599203
171.0751057264052
171.01056930568936
170.89421471179608
170.77125226654616
170.70191083098078
170.66346934050227
170.60292487327555
170.49080951580237
170.38816839801
170.37866992967457
170.52276730649533
170.78291118510595
171.02291523445464
171.1963675857927
171.2974882548923
171.28882742474585
171.1860076130261
171.0609352991252
170.97175330611228
170.8950533447342
170.80782008867385
170.73940162605805
170.72389121491807
170.77938802297325
170.87726629681498
170.97007835479604
171.0362775853879
171.0835261580466
171.09702256113292
171.0727965164087
171.06379589800747
171.11973729725563
171.27694656758794
171.51313949253807
171.72950464191427
171.79766429425948
171.68339235901786
171.48959625162013
171.32128017298697
171.19020828334902
171.0643766349993
170.95180583282487
170.90712036615145
170.9588909276717
171.06726574642582
171.19700546939168
171.3826603689045
171.64303868042282
171.93381739511597
172.2266697549484
172.50863785902348
172.74377811633354
172.92158747830942
173.0610919381014
173.17877840734687
173.3263220309103
173.55310286833588
173.8321635743535
174.18353246049378
174.66234420146097
175.22942905639258
175.8066756599887
176.3101787280878
176.7001357589528
176.9801454859259
177.17630861256941
177.33282644914266
177.46701792322455
177.59602166027804
177.72388381588564
177.81157425466236
177.81202005416492
177.69380399929565
177.44562486712894
177.07335227023432
176.61109982887046
176.15237042263976
175.76880409500978
175.50383025677388
175.29444297215912
175.00233670309262
174.5649360850606
173.98056521818552
173.30352663345082
172.60307889319017
171.86628718483746
171.1720156997093
170.6130969727864
170.14823479366123
169.75258390780056
169.44079745698266
169.1995466991529
169.07696127991127
169.0791419776133
169.18404146430717
169.33810169889802
169.48638275036305
169.60693256829228
169.64713641858648
169.59317951371182
169.45407865863288
169.31098973909823
169.20653673212132
169.09699612690417
168.97113417514396
168.83160737468515
168.7453009929336
168.72933648105203
168.71654364007983
168.7017808575588
168.75539182895002
168.88180121492468
169.06100074616387
169.2386642347002
169.38019276205546
169.4859100354568
169.53017389068071
169.52223561488472
169.4875539394367
169.39369248631147
169.27901805049441
169.20147918333106
169.22573291006705
169.36908521064333
169.47163822367474
169.4875413253135
169.46465710297568
169.44761114316665
169.44582112980802
169.4398536843167
169.43712575056483
169.47568611282432
169.60292594633495
169.73399653806698
169.76411351227577
169.71631473496174
169.69318460309435
169.74192007017666
169.7572797077445
169.6460668374774
169.42530048291655
169.20382120237528
169.06758302364975
169.00746302561004
169.00524466729098
169.00180683849362
168.93525012782573
168.7796072882737
168.52616684951008
168.23298766684408
167.99121796292079
167.8485587180224
167.75626091072328
167.73308351755932
167.74836289761288
167.70373959013625
167.64070775832172
167.61084988533565
167.60029879966044
167.57446536767327
167.52836499547115
167.48856592775132
167.484080697597
167.55262186143224
167.75555901615888
168.1358736337429
168.67964976468983
169.31008106935988
169.9272171701107
170.4656533672156
170.92425823921394
171.3125352827426
171.60584153690718
171.80863630694543
171.99100113547232
172.1882366043835
172.36293696385567
172.51288327576282
172.69732549346915
172.90377888419331
173.0687653792102
173.17056393787203
173.17041271192636
173.0588141589456
172.9269561700403
172.87306336886164
172.94257694782232
173.13802801919314
173.41158454109495
173.7040604454482
173.97887331455405
174.16075064875946
174.15928537973534
173.97859792074192
173.68321821845166
173.35112189178545
173.01788803383891
172.68388334896187
172.37970582030198
172.09915360858923
171.86647057837357
171.6549592693942
171.43330290151764
171.22654901549225
170.99981616289932
170.68289169725344
170.32612976158526
170.02069018959645
169.7781577609038
169.59229631129193
169.48550423405936
169.46736517909792
169.53196566576506
169.66172006562337
169.84957682583521
170.06395156667975
170.23416304374422
170.330106175233
170.37373901384123
170.37844592069948
170.29024901553032
170.11235673162255
169.86939620915322
169.60790865696424
169.4448856527879
169.44475898982097
169.5988927377873
169.88192925991717
170.23041270979672
170.53653058143377
170.73220501682079
170.8204069326539
170.81319585678114
170.7507895089203
170.70832492703664
170.70446171108125
170.72828527729732
170.8021657774495
170.9365123583354
171.099294483783
171.2877342794527
171.50884981962358
171.7332267419498
171.897458072733
171.9651404526081
171.9381670111842
171.8150196679826
171.64743341008742
171.52479201635833
171.49690911796915
171.52497809025226
171.56194476975003
171.63906954925727
171.79129298810614
171.99106157344292
172.1601767965288
172.27282589977514
172.34750448470012
172.4000988370312
172.47421132428397
172.56435012120878
172.61428733881843
172.64843693111922
172.69367985693646
172.7675650044451
172.89108393118033
173.07075163848936
173.26028159281722
173.3918599407559
173.4763907751755
173.50881304020118
173.49219049460086
173.46146643941321
173.43426235569223
173.39847660697092
173.3537823743727
173.30731194299017
173.246625259266
173.1933621341497
173.21233282252552
173.31380269187824
173.42935666042413
173.48125517754934
173.42884284938728
173.30638112649524
173.1583004260602
172.98040203222342
172.7598707770404
172.49071069777617
172.17906771478178
171.88013210698693
171.61566215445302
171.39154881757173
171.18417472181923
170.97711667345573
170.8302963237954
170.81855075482775
170.95042878882919
171.13189247332707
171.24458562257186
171.26547514012168
171.27035080182128
171.3185412806754
171.41652698884687
171.5248583313831
171.6060221988426
171.63833125188168
171.60479590397114
171.49730489060008
171.34560930350767
171.18625944791341
171.02021189346317
170.85928355921791
170.70465223860452
170.5580519093032
170.44661244501285
170.39239384502704
170.40892650964443
170.5091339881725
170.64566095242267
170.78229457852066
170.91693441432278
171.10366891120208
171.42934604590758
171.86941931430158
172.29307804733352
172.5942935790723
172.7150059237454
172.67614861859067
172.50699740922707
172.2669564595889
172.03467815103886
171.81128098633815
171.64794232112365
171.51785271179205
171.35535257619202
171.2134519783521
171.1872520411699
171.3204369174412
171.60515566831236
171.9323818052851
172.2037779100821
172.37614581069008
172.46686557771156
172.49355920283216
172.43797869272834
172.35211727132062
172.29913378149467
172.2512552643002
172.19650919224446
172.1151711050732
172.0210380617986
172.00035228523012
172.07311163280178
172.17820509068156
172.23691343428902
172.2102081550912
172.07561847633056
171.84577670335918
171.58119772333075
171.35308590009984
171.21766219054058
171.15036618609912
171.14210976111045
171.1673713119348
171.17660729987398
171.18090880489245
171.20116858657568
171.22451584490994
171.26722828314644
171.3688428763638
171.5228649544457
171.69734102533624
171.85720443037954
171.9865752218567
172.08398206282934
172.11272876513493
172.0514697308077
171.92521802596397
171.78740210334382
171.71559998725058
171.72944514084872
171.76932963730533
171.8100541307088
171.87080892456515
171.9774134902758
172.14820294013242
172.38835904681926
172.6411939984825
172.80406066531648
172.8268619276971
172.73355203188206
172.57835085982444
172.3835938239017
172.17342898530438
172.0018295366602
171.88791357774102
171.81132118545543
171.76698390530086
171.78238288839643
171.87135370733802
172.01526131922603
172.18069169740755
172.36348661653534
172.58596786770747
172.83586677207754
173.04059506511408
173.1183279412895
173.06520497030206
172.9599884461113
172.86711455146698
172.75334649036438
172.58864486297458
172.46056805295746
172.4118803684607
172.32281489746777
172.09856526182094
171.79703931025858
171.52002874013613
171.31843426330965
171.15228416571406
171.0009871433714
170.87128751100767
170.7731847331567
170.71410883455525
170.66692747971348
170.63663867719208
170.66835612799906
170.7895431595149
170.97799687057744
171.1854245606873
171.35909329774805
171.45970790518905
171.50179238850947
171.45068957587603
171.29834493002892
171.07729310076272
170.8114596318081
170.57715874441797
170.39607425687763
170.2519471275286
170.14907335053996
170.0902170757401
170.08775158283106
170.16346061116496
170.28734066916468
170.42297996030277
170.62281199693706
170.90312720962373
171.2166767426873
171.51783980529615
171.8213646154638
172.15512369841602
172.47779715922428
172.73507274879975
172.91381635544548
173.0388460735705
173.1339120992203
173.16326151399122
173.10728634260386
173.03837301623076
173.03158340389
173.08028720666695
173.14597051795968
173.1928861995059
173.1791226440713
173.08185420069543
172.91634379690552
172.70853003607053
172.49455528519718
172.32180841243445
172.22735828087585
172.22112832557627
172.28691039602325
172.40191867390212
172.53494774064657
172.6068771102359
172.58018198472186
172.48147651082485
172.3119549584039
172.0525348696628
171.73509655419014
171.43762593272044
171.21687801004276
171.11011086585395
171.1325546938163
171.25817040941624
171.45596002582326
171.6606412589445
171.79656948688142
171.90117400776882
172.03811376856666
172.16537421192402
172.2299664319525
172.30124615225378
172.44201023456856
172.59423255599694
172.70998727486207
172.77965094774126
172.7777039893915
172.66586505005105
172.46714938851335
172.2402348142769
171.99814386193995
171.79412835860003
171.74240445973666
171.8738374942655
172.06819912548423
172.22246810017475
172.3793306272057
172.5859161185186
172.79304436993442
172.93711522071334
173.00327590804199
173.0307840180448
173.03321878205406
173.00818285297382
173.00207032359654
173.00317229729052
172.96002879833227
172.86336289651248
172.73673783681087
172.52458834617659
172.26149810610116
171.98694708042675
171.64724548254406
171.2918228371241
170.93217023390037
170.58802203717846
170.27483276923334
170.05642003578703
169.95170839174375
169.89523849232893
169.83332594068006
169.73504550638734
169.57857623674926
169.3701952586412
169.12058459862695
168.83303762467528
168.5514859180521
168.3016357121726
168.09004404849318
167.93069545369897
167.83213511467682
167.78817669193236
167.75810914773226
167.73662891855994
167.78450336040115
167.90679850563365
168.03896071223363
168.15208512011694
168.2094405021946
168.1720112860383
168.07306928453394
167.94606314712564
167.81769322648512
167.74158434319565
167.77742816300383
167.9370092136437
168.19282520691314
168.5006066743436
168.82594478311538
169.16667884565572
169.51921112052466
169.87946057205116
170.2257043587716
170.5304179821086
170.85014455570928
171.22245969286683
171.55819736258772
171.74828940561213
171.71896237380926
171.51291003001162
171.25223106576647
171.01246751591418
170.84740308191599
170.81377019591474
170.93233376477545
171.16510558149355
171.42570825393997
171.61824029956375
171.67939817782417
171.6287315627348
171.52909305331403
171.44749004337444
171.43592464567678
171.5136955019059
171.6288086541149
171.6485537117735
171.46485674636972
171.0955926742635
170.65627421147906
170.22841278250667
169.82813266056948
169.47184374447517
169.15133749843932
168.9316417951654
168.87949072041243
168.9362226054844
169.04058577842937
169.0933627846087
169.0737255452771
169.0371307017792
169.03566340855917
169.11076013088461
169.26789506426195
169.45767899891985
169.65433463452146
169.8446388068208
170.0099077252935
170.15420366054502
170.29457761030346
170.45564293402907
170.6518762298668
170.88326479557566
171.08760377174437
171.22479799048972
171.32324404966266
171.40571425898315
171.46175872987902
171.47607785940534
171.41622173934172
171.2710456462056
171.09605472743345
170.9234748615064
170.74467585907345
170.53456977420055
170.28565675761274
170.04326650195028
169.86025802227223
169.75355586179617
169.73049826332124
169.80288344250542
169.95356563872073
170.10236367757054
170.19144275781912
170.19892478820603
170.14220004670094
170.0621984532494
169.95782564348752
169.80347829846266
169.61572596799422
169.41601396273865
169.23137832891626
169.0951801990188
169.00361257407724
168.98800355997497
169.05064368704683
169.1465170651221
169.2707074492181
169.44160748965555
169.62528978357744
169.75906680665503
169.85407306336705
169.98748361650019
170.23437959812625
170.59268710967032
171.0071307881131
171.4521617173832
171.89880699266064
172.31452753991647
172.69601525394933
173.02263598372377
173.23207705896016
173.3231656182151
173.3993454809145
173.52644136844546
173.6587847914692
173.67058771940148
173.45849078771977
173.0409318120158
172.49483776973094
171.9047222593623
171.38801138245327
171.02988722295376
170.81645267948994
170.67013429360108
170.52755425264309
170.3190869015375
169.98733884304195
169.56952121083614
169.17400523462405
168.88123533243055
168.76286252431646
168.83435973415945
169.05757311459647
169.39291739825595
169.75005498016543
170.0187379411701
170.18011828572818
170.23891765869084
170.16345010173674
169.97075433555867
169.74173819766725
169.54873108961658
169.41991928049137
169.35281283018355
169.3343639550473
169.346586891078
169.3643811363458
169.38042279406574
169.4191036715248
169.48600605216265
169.55385218922356
169.63266200320865
169.7966923939356
170.06520893590198
170.33348643417744
170.51152504322644
170.62757273385444
170.77267735023688
171.00915609739153
171.3500355223775
171.80187232854462
172.33379199530148
172.8738747102647
173.35580000977004
173.7917962343961
174.20728743144116
174.61083507288143
175.0154279522955
175.3619978715987
175.62769542741285
175.82067320805228
175.95361208694342
176.07741524870602
176.2022482040695
176.3119875070091
176.4280824750258
176.54702999010453
176.67485561720753
176.85219460773232
177.10435031884617
177.42988279273405
177.78755801226689
178.12108697622114
178.377305874512
178.47254613350339
178.346555081203
177.96730194798693
177.29167804423733
176.3593602551697
175.31310290496913
174.311924948201
173.45074816545207
172.75376911592832
172.24553948683655
171.9306410545241
171.7659400173876
171.6851095436356
171.59095147193574
171.38855899317883
170.99566782493497
170.30965414174597
169.2980663131969
168.12625052598634
166.84894572744759
165.40906144288547
164.0404411690607
162.98285859807598
162.36473396482782
162.3425906144913
163.19058371516547
165.60068224909244
169.9180259776947
173.8808714374149
175.2573959710972
171.5519052458011
163.48362268642154
154.29601011120215
141.9058129454492
125.232647838491
107.73358000657991
95.35705174824872
90.2900639463416
90.83364070106995
92.58242766088604
92.35443976652385
91.26306056508953
91.77660431675159
93.80813901862675
95.76329961563036
97.6706583731629
99.32094524917129
0.0
0.0
0.0
0.0
0.0
0.0
0.0
0.0
0.0
0.0
0.0
0.0
0.0
0.0
0.0
0.0
0.0
0.0
0.0
0.0
0.0
0.0
0.0
0.0
0.0
0.0
0.0
0.0
0.0
0.0
0.0
0.0
0.0
0.0
0.0
0.0
0.0
0.0
0.0
0.0
0.0
0.0
0.0
0.0
0.0
0.0
0.0
0.0
0.0
0.0
0.0
0.0
0.0
0.0
0.0
0.0
0.0
0.0
0.0
0.0
0.0
0.0
0.0
0.0
0.0
0.0
0.0