222.3746491187519
209.60460569038588
198.2821936712383
189.80795605487168
180.5057902531893
167.86244220618147
155.568216528672
149.23404167572158
149.13506043300976
150.93706806408696
152.4317340499071
153.74121098280085
154.73800127881938
155.41287417902413
155.92810904066155
156.3880196615771
156.89210788405092
157.50506448051442
158.26240381826065
159.1322341550158
160.02080390056759
160.8735802548983
161.73850192403063
162.61567080359112
163.3902576323091
163.948632719707
164.23712534425542
164.29821637323542
164.30350049689494
164.37240907764493
164.50619069844575
164.69879794950523
164.9139956528697
165.06040450895972
165.1034267411872
165.07890566331014
165.0560977498173
165.14211589211772
165.40142675105426
165.78014964324402
166.20900077434493
166.70089376118716
167.32022324436008
168.0664634578185
168.86925173773488
169.7122866378454
170.56095129466934
171.29925263218902
171.83908639326978
172.21080580446866
172.48554171713744
172.71887964240514
172.9280003072715
173.12246695742795
173.25296291426
173.25859338066053
173.15937419494833
172.96874866803165
172.65436151340603
172.246162905999
171.8227850640188
171.42326454407953
171.00375520859603
170.4881466468115
169.87267064838312
169.24821520088352
168.69107362932317
168.2412338070154
167.92392975652072
167.75339077832126
167.71666593988311
167.8042041488123
168.05882096713412
168.45867873266695
168.81360248233312
168.9387171811793
168.80086074704332
168.49496890352228
168.19661027866132
168.02848476507998
168.03760877350385
168.21217441809546
168.46235167562665
168.67342301754144
168.8250715799241
168.98730704368958
169.152064786291
169.31857286510353
169.54591003756713
169.84215639784225
170.16183150738166
170.46761386431118
170.70692056454655
170.80925896332545
170.75640383092238
170.58973507307277
170.3634784635267
170.11488573328012
169.79745381802834
169.41179740271292
168.92231978763215
168.35665155313998
167.82514925259284
167.41288721308732
167.24050303307337
167.29961653436712
167.4171137870246
167.48681983464797
167.5622129895479
167.69036092615886
167.82198368783702
167.88312684219122
167.89268303648214
167.85550573798537
167.76903189594802
167.7103297529131
167.71053134319067
167.82142297421393
168.25708010114425
168.95321885869737
169.6173108739029
170.14991013708004
170.59259034829404
171.02951846532753
171.43451049700033
171.68574110511872
171.82368219686938
171.9085637526767
171.7886154954749
171.46289049207843
171.21454420478318
171.10902200563575
171.00672574435782
170.883773210753
170.81963175450397
170.83948825704564
170.9153301421899
170.93516823235603
170.82553604122592
170.59068010430929
170.28787198445704
169.93856527114147
169.58802412902008
169.3798895010684
169.27534004705655
169.13032287981596
169.0229391387205
169.0255592711223
168.9904715043333
168.88662838299172
168.8581971419971
168.95159248793834
169.08345212759193
169.30568324806438
169.6637989183257
170.02184653571152
170.34336049473652
170.69230357327163
171.11527011237538
171.5542335528629
171.86062964554213
172.06737605880505
172.36348856202872
172.7145022657574
173.04706755537313
173.32771568751224
173.55658674761247
173.67861848647095
173.56235043109143
173.29173412379163
173.12596063416225
173.0493347186475
172.95538156385493
172.7656859673237
172.4111877679516
171.99987006496767
171.73233943996019
171.63399445378064
171.6470647974872
171.70573030626196
171.7622761774377
171.85405912396925
171.88516385979625
171.82052685710434
171.8661654553793
171.99048124382125
172.20934580975324
172.60722287011714
173.20369885854205
173.87137616265892
174.4323666632762
174.96001143973484
175.69030235888204
176.6071579403761
177.61216443029883
178.6874422204793
179.83740619141014
181.10256999952685
182.51147340739124
184.0964438752056
185.85837305435737
187.62587542844028
189.33908403398817
191.01307565185854
192.77135869933488
194.6978066044219
196.7320671793685
198.7192808504495
200.56096948988812
202.2490149674289
203.84977314253743
205.45594506898942
207.1110618496838
208.7156625530171
210.31007895184666
211.92684778561414
213.54806893060885
215.25845494459574
217.065899289614
218.89153931241327
220.68849252292435
222.38130595607754
223.85890403849322
225.0975297557325
226.09836029636335
226.96059800086846
227.7753622403023
228.68775275665047
229.76309058246082
230.70219922459768
231.33837593729527
231.83022109674152
232.18018910243637
232.35627758135445
231.9996750099632
230.96070016838837
229.368281097291
227.419122431777
225.31111801418095
223.08547066416276
221.0383474931734
219.22680249737482
217.782574020525
216.74343370667657
215.94902556714
215.46045945973444
215.19588382899065
214.9924061139521
214.7930005179107
214.6064554204683
214.47270308887184
214.38670218540028
214.34160901027568
214.34883764840015
214.3236138605044
214.2136695404025
214.07561009015558
214.10348823750059
214.4154088386125
214.87901036713797
215.27182845392036
215.50466817773685
215.6563194014496
215.71567665343125
215.63729169043387
215.3832672717547
214.9801855297692
214.5750495980283
214.2373267996283
213.91814557311645
213.73327186997014
213.7997180287349
214.17146541600783
214.78753800695722
215.36631448935384
215.78249472036157
216.28854039507726
216.81791808567087
217.18065991845268
217.3410838808456
217.38739397440511
217.42664747442944
217.3604322837238
217.06460310629026
216.68798895762825
216.3823615142414
216.04679225957145
215.69915192445006
215.36415619719753
215.01454511052683
214.72770150947133
214.49979791604432
214.34247983098544
214.357156708002
214.64446923798252
215.2091067728981
216.0563568441563
217.07901710166954
218.05810180116217
218.71207970074505
219.03353308807095
219.25718781152912
219.34851400535686
219.275325633145
219.1163237710163
218.847097346934
218.63090828152573
218.67970923605728
218.7697268999254
218.76491033854222
218.935219902205
219.38173994441553
219.9176503921304
220.20614421362043
220.09832204286334
219.70723337517114
219.25423064706655
218.91954748659947
218.80838568095254
218.8158856057769
218.74996890900894
218.57192057560212
218.3453559069602
218.20338497191477
218.25779253468994
218.42648449023227
218.5530790515548
218.53664729180326
218.33534221877466
218.08420388001142
217.91857269850007
217.90129453264848
217.95460054527157
217.98449290517758
217.87698997286503
217.70449063163704
217.4409475692755
217.17551162679754
217.02706736363785
216.9501656250646
217.00955297607084
217.15335798677205
217.2662854390452
217.37383376741244
217.58904636006875
217.91756537430092
218.2745284978716
218.49217731793135
218.58767004083285
218.770865117073
219.12524781024626
219.59581332241873
220.0489992670521
220.46492511819957
220.84561213681758
221.2248976599223
221.5802560056529
221.7945599722717
221.90571100282628
221.90140864568534
221.85789102675423
221.7397318643354
221.49388417176797
221.28306508682496
221.2483623601485
221.2616117107613
221.2114414769305
221.19502554528566
221.31412188101817
221.55286206771257
221.90659835696914
222.44358975101196
223.0652443201125
223.68643368428727
224.23222414200606
224.40003403045085
223.58943844441293
221.31785185585932
217.87845188520652
213.84370709885505
209.70841684248091
206.76898267464685
205.953940669386
207.2447186874249
209.8854501777219
211.9163434653998
212.31162223203393
212.36475666461794
213.63201353248436
216.34297724824683
218.98622507751065
219.39794660372092
218.21681613478242
217.8897297357473
221.07779370955484
228.91263467635656
239.8500439916438
0.0
0.0
0.0
0.0