0.0
221.58139095501477
206.54430379707946
192.02613691509558
174.76435556409814
157.31093865173827
145.95057319306926
140.48140265691666
138.6297830239069
138.84830198821913
139.63350094064216
140.2195266623254
140.6408116013243
141.0965361837476
141.74897417865927
142.6553584923258
143.6691037800789
144.57445102545032
145.4178016276454
146.45632340379137
147.7195296855568
149.04969027856598
150.29246246593766
151.32445869424834
152.12216988680865
152.7673118636112
153.35093647191027
153.86920628788505
154.22331166893392
154.39991265296908
154.52842214001362
154.75963882753626
155.20745344205494
155.86661403826616
156.63132532469555
157.3901336619959
158.06904623368158
158.6459913318536
159.22417164196693
159.93622717852696
160.7942987666949
161.72996672882962
162.6821782118775
163.63581863041446
164.56059158544255
165.43591211330858
166.31687396198708
167.23141925276911
168.29938461906463
169.67694866468474
171.30384516005762
172.94604222488408
174.4264399489647
175.60700371972445
176.50842375431722
177.26073443861048
177.916517682993
178.46168059874202
178.86063972090855
179.06013400504142
179.15708800739085
179.30835518501019
179.45429060999186
179.48160747450513
179.35143768387786
179.03495313603148
178.48508895299392
177.73512436516984
176.81004391839684
175.7318409935216
174.61050692606048
173.508284512788
172.46387317951132
171.49703862440762
170.60329716068463
169.8738477546977
169.40271877438153
169.14420711330828
169.11001453472363
169.18806984671886
169.27269945262546
169.31577554550023
169.27564932183333
169.1726768972229
169.0264198654167
168.74436921722412
168.3066102759314
167.75238206121068
167.11016248299094
166.3942036706843
165.64136395140696
164.9624551887046
164.45076327361335
164.10119084330796
163.94288344502453
164.12968782763596
164.67152688703268
165.32919757856715
165.87401235614144
166.26872346144862
166.56800994820355
166.75742438767776
166.79112817855543
166.71385403367935
166.6433715642463
166.58719662716078
166.43368200074443
166.12618660787044
165.7011059567351
165.26999325985253
164.98171654038913
164.93696427598223
165.0938140231641
165.33454879661696
165.62688301309097
165.91454868172858
166.17317132266572
166.44912837160518
166.77641255637656
167.11727212206932
167.38291222011787
167.59137584881762
167.78988875524817
167.88477355652424
167.84075213852037
167.845441742015
167.9956255019997
168.11751424832664
168.13284507659748
168.18080261690315
168.24824991489675
168.09659659703917
167.64021912538863
167.05128177005446
166.66563060725028
166.59674872720768
166.7542142814807
167.01447082088248
167.1599932340149
167.1413384443675
167.0932526875129
167.130090048047
167.30367590846936
167.6147254307195
168.03740037018434
168.4631855065351
168.69998094820463
168.66754356722478
168.48753184918382
168.36753734709794
168.4311001024857
168.63156808439436
168.89236242778748
169.11589532015935
169.1734010530953
169.0370717943291
168.93565672042754
169.13185981959128
169.49817513820733
169.82690064023205
170.02412408472728
170.03153705951584
169.78171090092806
169.29443024574522
168.76908705343862
168.248896178351
167.78248864642688
167.50078689735352
167.3953401900046
167.3312346685393
167.30416643200115
167.40497358377596
167.58832527840326
167.89968679786745
168.32876726557814
168.63058902470746
168.69982898905363
168.5549987459897
168.29994029660952
168.1840832713243
168.40816122724675
168.9862482017573
169.8149181999599
170.69075154520573
171.47385122064142
172.18318430412938
172.8694556948978
173.60219299638976
174.43450579814953
175.2924158038702
176.1863412893906
177.19113707435045
178.3415124534174
179.67520383927112
181.16490708924124
182.69670074737326
184.19750737339575
185.58656513531278
186.8100760813639
187.9444297072326
189.15576612450735
190.65640601011972
192.56782228560093
195.00570798839126
198.17552131918373
202.07779934208304
206.0613147995912
209.14049362881482
211.06980437513565
212.4780258088315
213.87839338078962
215.34905797013997
216.87110892240688
218.47135196520472
220.14226833788413
221.78740823129348
223.3144330590529
224.7128061285155
225.96706885313858
227.0771486235255
228.04803455730095
228.77800606282608
229.04690420572547
228.77522834592185
228.0199976978211
226.81522387348298
225.2958507995731
223.70053680036244
222.16112071323712
220.68590548103248
219.1544648032237
217.5130496718275
215.87774876600434
214.40008989645702
213.19310607900724
212.30155345554542
211.7386564114929
211.3773036868574
211.0896588801943
210.80725799438954
210.56385073106173
210.3878786703058
210.3860883049694
210.62800943158072
211.01236671383435
211.46187395301007
212.04234908836585
212.72612249735616
213.38626501233102
213.89687651719493
214.17108647232502
214.26166319833638
214.31158858833697
214.4031704348258
214.5225302628575
214.6173866883137
214.6726482125062
214.74765524835155
214.93776170317568
215.33621898943085
215.9369556260731
216.5663325930428
217.04741187587172
217.3318081223504
217.3957857827534
217.23058618770165
216.88911687532578
216.48872313470775
216.1446563428062
215.88101995860654
215.75652887237146
215.80856619444572
215.9989338490138
216.23344172593897
216.47533366941224
216.68658296191165
216.7945189225749
216.7389769315526
216.49948099422028
216.15636840650407
215.88035998888452
215.84119805598073
216.07055055167598
216.48423610381877
216.96889406208754
217.46280023346534
217.9519267816659
218.4459441030589
218.9490729631649
219.4253576479701
219.8043733991774
220.05004883363137
220.2087482183547
220.2774456037308
220.2377464939266
220.07781519528294
219.87141672786393
219.72061056625625
219.652386756142
219.6513308894094
219.66737329047524
219.6522361926389
219.58600800099333
219.49706832072064
219.38126521746904
219.2560882468906
219.14142212259145
219.04735932768142
218.97647143263308
218.83902000061312
218.53276843934785
218.08946390731307
217.6520395757338
217.4320108006844
217.49967686132587
217.76364506188065
218.05389501365622
218.23039094447353
218.24090874511955
218.07813527946644
217.79226680370948
217.52756784961787
217.39828324142377
217.42785593121008
217.601223755688
217.81132044606747
217.9466527135563
217.98895955725237
217.98639096525716
217.96778704028316
217.91739509137994
217.88454870847346
217.885271596684
217.91272654155367
217.9092859628699
217.83609318980456
217.75953525909478
217.7509303428041
217.86461085813482
218.1488818015908
218.57450067702143
219.05092716593364
219.48398727394334
219.76919656277224
219.85345851401644
219.74195127784975
219.52678065448723
219.29462934623334
219.1232070448581
219.02950705606185
218.9728608188331
218.8798185867696
218.73454308431224
218.6471444738858
218.68667678197582
218.85101161398123
219.1036718689474
219.39005178370772
219.64548921690613
219.8360991269184
219.99423862646518
220.21212795680037
220.53978317084494
220.95003145621314
221.44215840416942
222.1161480662027
223.04746767565535
224.2644274618787
225.622057212834
226.73912004131097
227.1408572862626
226.49074950446797
224.73972094037563
222.30901425918057
219.67351287892075
216.86049979961226
213.84422936404474
211.53204925359097
211.29138251797315
212.43091095109878
213.37719603598154
213.67894455730305
213.94354435985983
214.63939643614987
215.88471620260597
217.55434744088922
220.77305522863185
226.77490332678
234.71034287694107
240.64004691114818
239.63188268915283
0.0
0.0
0.0
0.0
0.0
0.0
0.0
0.0
0.0
0.0