168.56703151591256
163.8492552350122
158.77582465797994
155.3598806830982
155.04031544369934
156.88360825637147
158.26424051343702
158.74535137506882
158.91521326367126
159.14473462693778
159.73551147735958
160.51517788651608
161.1952808559859
161.63416055793476
161.93065296204662
162.29983690033762
162.78772003420926
163.35002019090652
163.90214143760068
164.32108579257346
164.58556411042696
164.77319039024746
164.90629239682363
165.0343591807499
165.32290711459248
165.948626992977
166.877091990407
167.85632751648737
168.72229169799434
169.50494135636964
170.3340888103561
171.30844803199136
172.36707853854594
173.3364963808787
174.1136248226826
174.6996191574729
175.0905355816042
175.25316254345017
175.21429036665512
175.05034544510391
174.82809631797662
174.61476814548377
174.40953727429275
174.21822479649873
174.06961946950648
173.96781883101536
173.87716071539737
173.75335620857336
173.5610718142186
173.28723139972024
172.97586208192075
172.69464642076986
172.4552055458871
172.21520533277948
171.95262243750187
171.70302628660784
171.52455394791767
171.43372290217724
171.42197964647644
171.49388281282685
171.66489488447596
171.9422684721671
172.2987910114611
172.66527954046379
172.95654345195703
173.1529322749945
173.24814520575745
173.2062710563613
173.00728003839424
172.66022469449248
172.16364875405426
171.5329028533379
170.8681380134751
170.28782914692863
169.8700007572187
169.64023083912883
169.53545957435634
169.46937691034543
169.38318970417168
169.25756306041018
169.1641799268028
169.1432116851471
169.17024987291012
169.21883688561925
169.2417215889629
169.21551090892228
169.11767400690042
168.92835861532055
168.70525242943972
168.55288585577705
168.49577344313434
168.5160935045657
168.5825104166443
168.68586911251245
168.8314381994581
168.96296704108957
168.98157995600408
168.88578454076108
168.79134834242194
168.8260666227171
169.03913017158095
169.341118867889
169.5486197786869
169.56000354682064
169.4416691020191
169.36770085437374
169.4278468197269
169.55991848677945
169.69380037652581
169.81733272222456
169.9508808130999
170.17183104526106
170.55534574506228
171.03790094032314
171.4084326489653
171.46062228484152
171.18884468706304
170.76274872584582
170.332607484289
169.9985126384649
169.84997071362716
169.8727923410462
169.99484043324875
170.18580943351492
170.37556128769035
170.5096185349496
170.56231415357232
170.56753135577242
170.6167601373955
170.67672406006432
170.5993208182614
170.43388473777077
170.20746584974538
169.9007015296978
169.5479051854667
169.22029040020342
168.94203720267788
168.72696180885504
168.73865933237744
168.94207883123153
169.21771360958067
169.54885116323024
169.95702421924943
170.32736217736075
170.4744048884518
170.58351147385198
170.83776527684546
171.14705053723935
171.2486492932759
171.08949434221134
170.99358213816916
170.8998128560466
170.63902055569696
170.28203115467846
169.96773543706036
169.71174821940275
169.51247211598206
169.4213390449526
169.36486935443918
169.29819196410222
169.23421075622383
169.22208186082324
169.32708901635303
169.51448886771996
169.74079741046603
170.00397737151917
170.2813288699169
170.58292527307344
171.0117664108687
171.6689353536123
172.5034771432897
173.39124015269107
174.2993214211911
175.23310917318443
176.2218407460829
177.33177875663984
178.61445763029235
180.09326061063632
181.8230069833619
183.87334860006638
186.32706133522328
189.36751147168604
193.11281952728746
197.44476479865088
201.9288815998079
206.08166110828358
209.96312130670202
214.48023448816716
220.74974076684256
229.73599480343069
241.35091695503428
253.60634419802383
264.62714318783674
274.54260261272896
283.79229543312323
290.17748011217634
292.79812486459275
293.1810607510373
293.2581976130963
293.7431023905504
294.6690842811421
295.8273428008458
297.26275076561717
298.96596372908857
300.9688879533499
303.4591008713645
306.36536142775833
309.5946792330075
312.9715068665359
316.3614142640927
319.49568207326183
322.1074043276145
324.2072037097333
326.07386519101544
328.1381720547578
330.7630551514012
333.8566139903933
336.63575053395164
338.62537081479275
340.01009625636124
341.09544079284353
342.07031508909154
343.1295131360106
344.38559273182597
345.78996837498363
347.1708915712304
348.3273010672662
348.90796479294295
348.4577811919104
346.87275379640147
344.6659834239806
342.8134612841168
341.7922219435251
341.8014430091648
342.9339185995368
345.1763100874577
348.0866400015619
350.66635061563
352.0308740659785
352.1413152737767
351.462057255626
350.39129856256477
349.3156168261174
348.65937996531824
348.45349795780635
348.3127358764791
347.93542746305855
347.27396253721895
346.44108872361903
345.64603024482204
344.9354226937122
344.0935433235454
343.0007670611176
341.8171136928507
340.7996334271468
339.99048700045046
339.4091059801594
339.0865074079338
339.0160382347824
339.07307804943747
339.0112997435798
338.69525736589605
338.2136192581861
337.7830641019918
337.6413071859906
337.9104023500402
338.44156152986545
338.9847243442764
339.3189513752326
339.54965792009375
339.9045515154502
340.4075701049594
340.84705361338837
341.1872102528106
341.4894445564622
341.8210995614131
342.28865827145336
342.97414062754353
343.6518363810882
344.02075349895574
343.9868597196429
343.5793384821173
342.89164280537716
342.07111248987485
341.4014338041193
341.0943789818325
341.10952439447817
341.3261293750785
341.5790897101914
341.7572832286817
341.82233354160843
341.80401817835644
341.7745766546791
341.74164530608596
341.61385052964175
341.34292576985774
340.98754988468727
340.832409148006
341.09444780353704
341.6143420400732
342.0763583143484
342.27586045083945
342.1881477186938
341.989986386539
341.79245883775013
341.66577565684787
341.6709050249029
341.78124845312436
341.8367470919582
341.68063325425805
341.35985081750357
341.0012632087802
340.6437839095534
340.2732794558001
339.98517739780175
339.96503170293687
340.2642911520453
340.66094208763695
340.8757800607363
340.8409586221009
340.6082285103332
340.1810118207388
339.59281598864897
339.01486431252886
338.78362383460507
339.02440397222176
339.6138336972454
340.4137105564673
341.3469358323058
342.29612627349667
343.0354262231236
343.39998821482106
343.35816659551415
342.9463559570931
342.30861630565676
341.62896363472856
341.11674413366745
340.96174807469674
341.17151493965525
341.60027617014396
342.1369563270412
342.7151607099348
343.3040983326225
343.9044095409402
344.44058678617364
344.79459475922954
344.9134751010933
344.83656195086223
344.6896136686852
344.6550798922698
344.8495408787555
345.2379721628152
345.636751121477
345.8601665336795
345.8814402005097
345.71200145946136
345.47315364922406
345.2808140764617
345.1320503683982
345.07812957531206
345.1203393182612
345.19385212428585
345.190864249997
345.1620344033919
345.29047163160493
345.75065371395937
346.49094022071256
347.27645915126055
347.82601054923447
348.02831214635023
347.97751905947837
347.8657778674539
348.077628787211
349.13003118824986
350.94435571496797
351.9358673232524
349.7861899683889
343.0534610411872
332.65189322262506
321.960207724645
313.48095018331605
306.9610873713149
300.8285150401965
295.64002390818547
292.9740054864381
293.3603856322916
291.67718558062234
280.4602358016808
260.21873540860776
240.70903418289078
230.00258478331511
222.44067669521235
208.26468873980824
184.92874579715524
156.71730570381382
132.386006574406
116.5201213047599
0.0
0.0
0.0
0.0