0.0
0.0
0.0
0.0
0.0
0.0
159.42519627367918
167.9948788055356
168.4402199072895
162.58782314889547
155.61989050962296
151.27326320038281
149.543149378511
148.88036501517678
148.32870753462825
147.6729123459421
146.99829911536466
146.37618835271695
145.8080437570216
145.29564694211797
144.91225521567904
144.71473963454574
144.6216411812016
144.58455439575388
144.60545937323764
144.69603525434812
144.89083131158955
145.16672059881716
145.5087333068568
145.97824187895523
146.6028291465948
147.42091007360688
148.41286118738577
149.42446350696076
150.3167770102554
151.09475185565347
151.89642245430122
152.85708672925722
154.01338126040878
155.30806350549497
156.65308479112838
157.94054568008372
159.08179308240187
160.04469898888559
160.82663875877796
161.4640916884379
162.07453568279197
162.72757126575033
163.45691972333893
164.23939179468258
164.9446204246061
165.56950398802826
166.22681875695076
166.96787922523487
167.72626543036938
168.40676556293212
168.96408184878953
169.38031483717953
169.6817259601683
169.90590093521277
170.10718648693873
170.31377022165796
170.47842162240823
170.5574160413767
170.56799002940883
170.5828419826705
170.62592249812047
170.55203398002598
170.18589759391722
169.57157315924957
168.94365574607662
168.50351964249472
168.36413060577524
168.49420957009733
168.719043125699
168.89810698459277
169.01114787282037
169.01791858025257
168.95081134973478
168.96140897016818
169.14846384042636
169.4643810386878
169.7785234087761
169.96250699137357
169.99184996832963
169.9292641669159
169.8630392553627
169.89782728963675
170.11058729201645
170.4852012573743
170.9269761830207
171.3213605714334
171.64896842359323
171.9376714735991
172.14798413322532
172.19892891011244
172.06955288417595
171.8147915138425
171.503872712826
171.17285481760905
170.88891348999593
170.67670407750384
170.52867557938134
170.52349788512316
170.69542545490387
171.0577993968841
171.57086188799664
172.12482037577703
172.58877971041917
172.9252504624194
173.22153494976237
173.50199553916713
173.74721970821884
173.87551817662262
173.83115790846674
173.6390230685975
173.34940360945575
173.03904130418917
172.80296427808275
172.72910437387793
172.8356112606005
173.0443258934058
173.2035116689398
173.21182943586842
173.10675954170597
172.9719117145862
172.84938558765595
172.72774249196388
172.63636181631347
172.5916705361429
172.59920181301027
172.70295857600541
172.92282538539112
173.2276839574395
173.51585140874457
173.76343972914196
174.03336297619177
174.33741121254027
174.59115217479058
174.73911682705105
174.84458015972154
174.98770593890833
175.20350992223865
175.44217052907695
175.59477827843423
175.5901077831659
175.44309102529184
175.19345762600395
174.90614085512354
174.60345850653627
174.29517708187262
173.97726607493442
173.612603277678
173.20249004449164
172.84319591851266
172.62916977540846
172.52978087054197
172.47389066547663
172.42230793475443
172.34182332316792
172.2462199903725
172.21951876170186
172.33626725337643
172.59608793327348
172.96152600587777
173.40738301008724
173.89851879979972
174.38103437649693
174.84316094377667
175.30511300198185
175.7388576464502
176.1077753177222
176.4257647298104
176.6687996339022
176.85780111188734
177.06384622496904
177.29353321401913
177.54075353407134
177.8487587781367
178.25633824103184
178.76288825334927
179.27948652972702
179.81764236972654
180.59576450545677
181.81850586337004
183.55364694644405
185.76720044172095
188.36531074268558
191.28705172970103
194.49111122250417
197.82638381468323
201.1492122323725
204.42155889715633
207.8741456041927
211.91749661202346
216.72411429892304
222.17933523652118
228.03322633361176
233.96609721576988
239.31836790410517
243.37673033503512
246.29259489022434
248.6375859340191
251.33996598074367
254.32805697294378
257.31536110974685
259.99462703178824
262.4906906597474
264.82501094477095
267.01639752777123
269.1825683640121
271.42481420311105
273.8187107590627
276.2996652942019
278.7332991077733
280.899462474922
282.6187615497907
283.9688707778667
285.07275829920303
285.8955652353046
286.2488330923779
286.0435654240485
285.3355565685591
284.22707422546057
282.8186261254459
281.15872983211506
279.24511570538607
277.12515996116053
274.9894389204116
273.0586753836943
271.24546865575064
269.4887912591542
267.8883588936753
266.4613184923013
265.17152346018065
263.88735931697033
262.43412600728846
260.7434888581554
258.87861625352616
256.9568697952346
255.14247833204237
253.38886365023848
251.64030830361997
249.89855732659743
248.2294563821953
246.73627715759548
245.5441953971777
244.70608886637575
244.31770126735066
244.51878235665873
245.2658431254635
246.3538808567672
247.54958565745648
248.64464314562332
249.52885648410617
250.16233891638768
250.57649411992918
250.8861843477335
251.14562152051485
251.39366161178637
251.75778673068558
252.42791192023026
253.5268523662969
254.9190623350813
256.33354435265335
257.5698134350165
258.57074246954403
259.28774652096183
259.80054915504684
260.1627651718007
260.4072100625883
260.5168614887491
260.4706289751439
260.30118909630454
260.11914813326814
260.02637357647893
260.04734029302665
260.08934848221134
260.0834246361321
260.0315716867567
259.979237077145
259.9366431011656
259.79918250902256
259.5463230005097
259.211419341195
258.9329835015979
258.78579139395447
258.8297392575939
259.0750356750028
259.491637571237
259.9532953308775
260.38555001173034
260.7417980777664
260.9844265942508
261.05769691183787
260.948431919515
260.70954540814677
260.3719904172952
260.1263313976989
260.18007294727636
260.5322831891154
261.12210544952086
261.8449298151098
262.48362407133976
262.82587128009874
262.7431069343749
262.33374775862353
261.71100343253033
260.9689734242427
260.22279611482816
259.51059123192283
258.8518817699685
258.360635867343
258.16405129235216
258.23570696798106
258.5404852459151
258.9060547804288
259.1452006888035
259.10854032115105
258.74460441810555
258.18691436688334
257.6390132652673
257.2285471577271
256.99297241972914
256.90945892118657
256.9144696976055
256.97682729564946
257.0581631367139
257.1796931450772
257.3504920535656
257.5362209045433
257.67580347293637
257.7029508126311
257.5987631161521
257.4128738378457
257.251363070195
257.26681537812044
257.56069862363506
258.1119719486114
258.7964224257671
259.4887664279922
260.0536717974397
260.36949824619626
260.4056285610541
260.17788518382383
259.8949139853172
259.6804218642527
259.4786082308358
259.1779408350235
258.78048291988785
258.39438173637234
258.1548162825027
258.1080253620765
258.2093106559189
258.43960667277383
258.6921793241095
258.8649244919278
258.8807783861614
258.79155882585144
258.73385345815814
258.7901001415196
258.9464624225073
259.25620210476853
259.75039061899844
260.3843517907575
261.1108461969705
261.9612743062291
263.0921735133061
264.63834280602754
266.54693512628603
268.5189125483223
270.2490377182853
271.6017180687077
272.15743366083
271.56119278571975
269.8680900823918
267.2811219584186
264.0663239410463
260.72367669875194
257.47744118188467
253.74068832270476
248.79887356258948
242.105684458001
234.31923982116103
228.7443719000954
228.75501383670914
233.71512272138241
240.9473818606038
248.1468355425232
252.20329142784027
248.634418793239
239.14887495945663
230.44155054558632
227.2777390632529
0.0
0.0
0.0
0.0
0.0
0.0
0.0