0.0
0.0
0.0
0.0
0.0
0.0
213.0729039264979
220.21281329998692
213.57589938743746
197.37095080917547
180.1253375950086
167.4030361293395
159.35374605760205
155.0279551972087
153.76859776347123
154.1668130519928
155.1139664981894
156.0609970886429
156.7671429872205
157.24652323241634
157.66281449640297
158.20840816796874
158.94476953520063
159.7543850088258
160.5190030840821
161.19030985170247
161.76047178993207
162.20384617870968
162.46623179576676
162.54390121425712
162.52031383447448
162.51886904129594
162.66241164342597
163.00612528278216
163.49773604997105
164.08071354845117
164.680719836207
165.19765695888378
165.5569681072371
165.75010094986087
165.7933180309535
165.6936801026003
165.54036801105605
165.51916992573695
165.79307907895983
166.42285021074244
167.34044126578436
168.30095659540194
169.03675642223516
169.4476508919579
169.5938692009963
169.59718827351335
169.54429360620134
169.42176132932502
169.20499084568928
168.93585742665726
168.6464260385129
168.3463465763275
168.06363572741688
167.82152036745305
167.71118049478628
167.7678068720548
167.93636399980727
168.13858074305756
168.31400585434642
168.47894036623896
168.70897177667388
169.00843150703892
169.31835719395116
169.55824183952546
169.68670925177196
169.76471773549113
169.87925115200684
170.07571427029865
170.40329871459025
170.83588013181475
171.29271748358147
171.73934844222012
172.1575716103907
172.52839090579874
172.85703938131294
173.15103592526677
173.34494535344498
173.3509536270406
173.17751493228965
172.92759355947555
172.6976905923645
172.4924150007888
172.2730081016817
171.9861846251597
171.6174885547279
171.19343673578322
170.7196932366816
170.2187807798377
169.739348292884
169.34120897938246
169.06870651143603
168.89862584587686
168.71667311977964
168.42309254605456
168.06625404035702
167.813628688778
167.8150925175971
168.03795731053512
168.29890894135895
168.48740613561478
168.62299859754893
168.75415419916035
168.951467056006
169.22671626550908
169.53389667327008
169.84548928256862
170.1350774574002
170.38491806311276
170.52370138458448
170.5020764268001
170.39393235287278
170.29547945496134
170.23531812260737
170.2529207663692
170.41288990309653
170.7245748596487
171.08472088838835
171.33120194475083
171.36029294794795
171.18378744902893
170.89310819786607
170.51898233803848
170.14155884095223
169.9256207050362
169.9568629673377
170.1819765352739
170.48362696487789
170.7185960896299
170.78188743231368
170.70831066203078
170.58186191224382
170.50796104742787
170.59096604638194
170.75006831491862
170.91379965637586
171.05060113691803
171.1497642677023
171.19929332738923
171.2287637010386
171.3541790124684
171.61028947107303
171.86075837959459
172.1046279327493
172.35732484839036
172.55075854473898
172.61394777517486
172.48322166729244
172.191974424274
171.76521060704624
171.22357294868073
170.73414737921098
170.42425439440888
170.269461726892
170.26648343838613
170.4241893703803
170.71213055771184
171.00602333675138
171.24238875706217
171.36332868954744
171.25184845390277
170.9407565244185
170.58389078789185
170.3542508718829
170.27451739897595
170.30144875369643
170.35817555357588
170.3508894201689
170.28439861919864
170.18445973699158
170.12084404060639
170.10667323079076
170.1206310664506
170.2414225588332
170.55788714275934
171.01079345038187
171.57362747155406
172.2141204651805
172.81954682155907
173.24488571821044
173.4378380969526
173.41811984613332
173.24236522732548
173.15994440775847
173.32767418651966
173.67867224039108
174.19651392812048
174.92817226477155
175.82494718552937
176.8565202683862
178.0090282452178
179.30528126276505
180.75403290610353
182.3031485618374
183.888802666682
185.47066217903676
187.05571289306553
188.7773340187393
190.85546035583099
193.34932589956674
196.09584127484518
198.90969912374436
201.70402345318297
204.479877144801
207.22692122119048
209.9549672284638
212.64786977365947
215.4001049569112
218.1924131544592
220.67030002777508
222.5093902077386
223.70894358533718
224.3382464730069
224.45113959357974
224.19140874972607
223.8092513181925
223.40721167481001
223.0207422848412
222.6548641466175
222.21998238717975
221.64763287391918
220.9709154648503
220.30284828510696
219.61053084724392
218.82297648168276
218.02358538780067
217.31296861868765
216.628284239611
215.93858858961053
215.32488242389434
214.80477564729657
214.35502929721363
213.9892758705432
213.79006703194574
213.83641746985768
214.1427570396305
214.5939691104191
215.09942301176898
215.59981014520073
216.13923179542104
216.71951049457346
217.23612064434423
217.5346008774332
217.5573710657266
217.40182163560488
217.12520682110085
216.71243576289262
216.22270609094792
215.77554104410058
215.50153619571591
215.41926668207452
215.47877749146411
215.6136213123819
215.72047760306486
215.74838287563844
215.66624405090727
215.43649036477882
215.06598430075235
214.63463875363487
214.244630824439
213.9709314722398
213.89868638091696
214.13597687418047
214.60626960345223
215.12535257689638
215.59363123799488
216.02464479658104
216.36803426857145
216.56711341500943
216.6230477110958
216.5853083086015
216.54733922534493
216.5886865707186
216.69184800811354
216.75479625130953
216.69987891207137
216.46585639611828
216.17631981693825
216.07853308379447
216.31290954077178
216.85172645488421
217.5546301942704
218.27838540061126
218.89241139812503
219.24631881307624
219.32546216660558
219.21033116921654
218.94257977887958
218.60152673803947
218.32433560925733
218.19699203836063
218.18325574426154
218.14824811940576
217.94646918814817
217.58228025844585
217.2346213498541
217.02723778084163
216.97768914919027
217.05180074153586
217.20520176270043
217.34784482031807
217.4760786473891
217.581984367975
217.62809768179184
217.58203684717688
217.54731676485676
217.59267869726307
217.75706233062206
218.0084497941719
218.29846361815527
218.63573007860887
219.01321861233853
219.44191458789712
219.88831401154104
220.30290402129066
220.59206409409563
220.62315548620683
220.48189090713203
220.21513366878264
219.9181989767956
219.69277069306213
219.52943036936216
219.34820996692628
219.1186503071026
218.8415347088817
218.49102737567
218.04947436297633
217.531244137699
216.96091784151955
216.46512233439495
216.12717304082273
216.00780681374377
216.08662129546124
216.20668680797718
216.28236770242137
216.30245214395376
216.31608145553048
216.33708348825292
216.29590550558635
216.15942437917116
215.92791805198922
215.66239094320434
215.45846039362897
215.4214560894087
215.5972998081138
215.8786076492777
216.2520018842184
216.73251972861343
217.2836631703941
217.8699412647881
218.35439283292885
218.72572655136128
218.99554185966355
219.23956256622444
219.47853028020415
219.63408566900128
219.6999242721662
219.70102490314946
219.825001775401
220.09818812534252
220.34669153663498
220.4904306610738
220.47569831831132
220.25112069084946
219.85230176269124
219.4041466154475
219.03403328583204
218.89486825403105
219.03892225999363
219.43820422019442
220.06877804603656
220.80710542086555
221.48874206195615
222.03255484760138
222.4714938940005
222.84796449216344
223.10009905064462
223.21515924025576
223.27857201124172
223.36550396098497
223.62255589429643
224.06482718085311
224.6481904713994
225.31918433434151
225.9800977187436
226.48446977384836
226.5810199166977
225.8779062861829
223.9390387985702
220.58419139076526
216.11001610445618
211.71594682106937
208.24911387953637
204.93016025415918
201.38150101103804
197.82847789612876