160.36875396951277
159.6080262948313
159.4090124975244
159.02587146453794
158.46471230052208
158.09434690226414
158.05584659281612
158.3134882115528
158.66327739246054
158.83587400247424
158.7637208713538
158.59715733080122
158.55022022850028
158.78656878954382
159.31345930521908
159.87816218751345
160.1919539028969
160.2064711939167
160.0508034128607
159.91401962940233
159.89374855006557
160.06855219874842
160.50365651001886
161.13615490732528
161.95382986687713
162.95932746679532
164.08983761759833
165.24711725324408
166.33253175151492
167.22840919120227
167.82398344737499
168.2143643148263
168.57371185404764
168.91209142712182
169.24802137048968
169.70580339890603
170.25367305536065
170.7617456217944
171.20062909515178
171.61475543345713
172.019485842385
172.4348643789177
172.88318932471077
173.3298743006949
173.65354293951341
173.75238913079025
173.65161470149138
173.45436548591718
173.2273045847129
172.9949931705072
172.8172567941976
172.75324862629014
172.80727929852654
172.93729632026248
173.0996703688767
173.23867948649826
173.29650022652916
173.29343609972625
173.28263270305152
173.25151393748698
173.13576940753376
172.89381119166572
172.54558135851957
172.15400389046945
171.78926824403268
171.5001563678355
171.3615653776098
171.40892856320679
171.57659998468205
171.73234483956185
171.7844223221796
171.7941875276769
171.84366276688127
171.96010479818403
172.11240952629706
172.2380564599976
172.2767277407592
172.18329700814738
171.99287159817544
171.8394466584374
171.84899133887671
172.09759186171206
172.55828319230827
173.02297304329812
173.25477437491463
173.21924465423822
173.00401674484476
172.72900835399938
172.50863046387306
172.39735508485742
172.3629007027234
172.30707320070002
172.14595534343812
171.8901112461446
171.61341234832253
171.3766201549802
171.23976907194617
171.25714775510048
171.3815377818515
171.47585722648694
171.48834987727605
171.4716576189523
171.44831343987283
171.37273408252247
171.21997346859334
171.02275045405926
170.84989271114117
170.81758310059897
170.99628587188204
171.39308001886243
171.9655513079972
172.591436323423
173.1227651586374
173.48494902362
173.71111864107837
173.91611268423532
174.16093483972284
174.40519512359856
174.55785193401204
174.56594814568467
174.43991608550593
174.2143059397571
173.99906359568348
173.90579381026305
173.97172738485477
174.14780597499285
174.2886258431045
174.26973257738968
174.1430050796352
174.05016953521337
174.07006178214257
174.15705512067493
174.18691721415138
174.0438274869654
173.68571969492461
173.1455648232767
172.53497597999674
172.03842160558912
171.76009205399936
171.68494565840697
171.76384359149665
171.92263128845298
172.09946662168727
172.3121658097957
172.54571351429203
172.71617485354443
172.76079700248243
172.62917224190085
172.31416240162804
171.86423087944272
171.3181743105708
170.75169275928528
170.31176531083995
170.1547770944445
170.32869948000084
170.76087640407843
171.33413725627565
171.94091322440053
172.50197052751508
172.92196518746957
173.16472201420947
173.2611719666031
173.26334024162492
173.21185879303977
173.14286487941303
173.11394883419229
173.1158712120435
173.07480861459345
172.96748503374747
172.86470469404995
172.873155259099
173.04693849851142
173.37751639182395
173.8338383732035
174.3286472610264
174.72050028421424
174.92708109209883
175.0206029186816
175.21844639166358
175.80352991983594
176.96212552832196
178.6489574072672
180.741620056849
183.27159132492295
186.46518304573107
190.47879466849423
195.0919221987939
199.84957874240112
204.4912465189691
209.2567280123588
214.89874109435664
222.122201419701
230.94448149181443
240.55106240184392
249.86976555617434
258.2972794092269
265.7508955653518
272.64246951655355
279.2146491412663
285.3961765158297
291.2205510179177
296.6734442836748
301.52289185408506
305.54784489885026
308.7732217718192
311.4248190373049
313.7825250279726
315.94383962712266
317.8542819693334
319.48038373254565
320.8515538498833
321.961437463411
322.82310645216666
323.40424606547754
323.66790777652295
323.5563011602505
323.0885915336859
322.39594975387814
321.72916038845096
321.2794871360659
321.15414460186383
321.411623264268
322.034111850467
322.98860391712833
324.2649166095468
325.75900530083265
327.35245447559385
329.0938064823953
331.0864616052276
333.13887299164617
334.8800150321069
336.24162653549774
337.52417807874343
338.9536914291324
340.3803380230752
341.75126372798303
343.0247054657774
344.1890270709918
345.24393020955085
346.2921197059379
347.27784121406694
348.0881719979278
348.9074818838655
349.9336876046193
350.97849273128105
351.9159982534196
352.69121289232504
353.1343428353506
353.0768460484818
352.69424347268506
352.21675603320136
351.559296153962
350.7453657097162
349.96257005415475
349.28755613588726
348.8068705738468
348.53391329978416
348.45320275531697
348.5136321434809
348.5343165990185
348.5258140289228
348.41587554122344
348.02921697031104
347.3066299040563
346.34470859212666
345.3600008220823
344.5463328001451
344.1368386223548
344.21875864925175
344.6134611485634
345.0978077018711
345.80586475290636
346.78243931283487
347.62241276598814
347.8330637784592
347.38407059517164
346.8081625456336
346.4303113814444
346.2454147993704
346.27165476154084
346.49410022407375
346.79866033396377
347.05547698621626
347.1415091816782
347.11428295598864
346.96716562178284
346.88953227238835
346.9921387187663
347.1131014696405
347.1887765425683
347.1656528216188
347.1703791741563
347.1555940196156
346.8411607097266
346.15090372534235
345.29163272868425
344.4724357201905
343.91017561535875
343.73971939440344
343.97825143160776
344.2875407586146
344.3202905474404
344.0602791693776
343.6117480540678
343.19034665172944
342.7306894029308
342.1796878781229
341.6877916796547
341.211809031729
340.8493099567456
340.91263801074456
341.3230355300466
341.89324992415305
342.3469882317062
342.3171159676999
341.7876409198075
341.1042386643769
340.8401633627704
341.3039891092868
342.18067804688485
343.04779662448504
343.7101427201577
344.1205627831748
344.37016115602034
344.4708810102769
344.5947779389182
344.728959056049
344.79695576776766
344.86785359585724
344.90072944918813
344.78930739118664
344.72846814478225
344.64975283193144
344.6534680905367
344.7873819025212
344.8007620528583
344.6305237294563
344.564684880826
344.6207774400811
344.65633978308944
344.3889044264481
343.74956160415115
342.8677105555007
341.9670537802594
341.2785249812928
340.86673625463817
340.69928641613893
340.79004134094794
341.0430436204983
341.2790579207838
341.47178673448326
341.66119945196095
341.87862293173544
341.9932601208871
341.8161641404473
341.5439603909063
341.38834518504666
341.3543996047299
341.3946083431233
341.5749461802077
341.9088453026257
342.31250432353295
342.74391557285287
343.06319638927533
343.17247513953816
343.1829483575226
343.22590269540444
343.3557179333887
343.4963910017328
343.60546158703806
343.7476251925554
343.95843574510735
344.2439237142485
344.5299106944525
344.8612861715298
345.1741060296418
345.5144487065443
345.86548345285195
346.13903686703026
346.3953732060154
346.6836346995264
346.9193343166771
346.99393302089766
346.78376939648757
346.1740363074232
345.3227264971975
344.6197603397943
344.3091266002234
344.3491969390653
344.61158653091877
344.7623073883393
344.68124182018244
344.54161163562605
344.475335297404
344.6664234897148
345.11787983829936
345.4532943548471
345.1382476369651
343.8177174506941
341.58798098645445
338.76200381396853