159.93585572095725
158.67344681610865
157.94185297513724
157.6369639738495
157.4418526541134
157.048275304984
156.43992711128732
155.8921312700707
155.67015208224026
155.95447153857526
156.7450663626973
157.69269793307618
158.46298544893043
158.92579944905043
159.18742626679193
159.52277625808304
160.10545768164906
160.96096385950165
161.9149374600935
162.69415435273044
163.14986719302672
163.33328647429482
163.38129778587137
163.42881183163354
163.5417924154575
163.71588211933772
163.9370442272415
164.23964155843274
164.61642976591094
165.00289043850984
165.37991775312122
165.82750353464232
166.371661220269
166.90461722496664
167.3896459548888
167.9088800830192
168.48016288163385
169.0574479296631
169.59939626440266
170.088859744353
170.44637226481143
170.60910261710882
170.65806146459065
170.68360800922497
170.61317765672584
170.34184035910977
169.99424965419163
169.7225146469183
169.53388186936712
169.39521811238615
169.2906490306706
169.21893167592722
169.20049534053308
169.31947194721246
169.62985677722014
170.08494031814803
170.5701348752727
170.9269839216711
171.06390770845667
170.97041269444253
170.79845076146879
170.74171388802742
170.82315132670635
170.92405347526628
170.97323207763986
171.04246334499987
171.20399393469478
171.42733417074476
171.61610252934076
171.7454927829051
171.82161830294203
171.79577431984342
171.6277930176851
171.42907981440294
171.3291105301209
171.3542472127321
171.46061429829652
171.5847739558108
171.67432711294578
171.73622721182977
171.7646301822503
171.82238654646324
171.959436164255
172.11900180272093
172.26062397557936
172.40165111816418
172.60812109095954
172.91181333460935
173.20067840328386
173.47862002908073
173.76916224897855
174.00166422004634
174.20214783454173
174.37770762513097
174.50828114851524
174.50419050165442
174.47646402264542
174.53108406974468
174.6300173351912
174.76213288774812
174.8998612146289
175.09144881457615
175.22549618112055
175.2235754789914
175.1028806310677
174.9907753637709
175.03018605936273
175.22780915127998
175.44943804563948
175.4829915316089
175.34766103134132
175.00460607633934
174.57992134997616
174.26602858735617
174.07696242138027
174.00225434250098
173.99632132903554
173.8622960905768
173.56006898820078
173.20672700034302
172.86493898033447
172.55010056470746
172.35671996536604
172.36007230932915
172.45252783752642
172.5674933538992
172.66644297624802
172.76524975901293
172.8629321355831
172.92594744857985
173.0273093352954
173.34718524888802
173.88282396073873
174.49958754112814
175.0613664560105
175.47308356509632
175.67004405264166
175.6302693898556
175.385741776262
175.0729233165683
174.87245336822727
174.93240126427662
175.22413796060204
175.57869983336343
175.8329648423987
175.9016309456049
175.72900310383582
175.38361258184563
175.0548545654604
174.7794687467113
174.53581349210094
174.29602277311398
173.93449031402804
173.565505114119
173.52050985341168
173.88149619347968
174.72122088507257
175.91819655710964
177.3553385524597
178.9480090672155
180.54005188067111
181.89822715504977
182.52702011955728
181.7266881589928
179.22048873370264
176.208351739461
175.93000990862578
182.25342351849073
192.88210493323552
196.07438753694686
185.76891167915596
167.64779934030454
153.07478735516426
147.76351917619493
145.81587814337863
138.8467756486783
125.67129790333638
111.27773745975804
100.52419821297312
93.38127697323252
88.08148160283159
84.96053243419269
86.28415454369164
90.33699078692494
93.42784609532731
95.48713952025184
97.88517784712236
0.0
0.0
0.0
0.0
0.0
0.0
224.26456840063932
231.38811203364872
249.73400961122846
274.7495213033155
294.3712032716693
302.70188762732874
296.8756962395772
279.28515997235814
258.8782068914741
245.33679523480274
241.54550410029745
242.91294501954832
245.59857325473794
247.79891426194848
249.15093333831732
249.79899647457393
250.16494606243918
250.72961231700162
251.79150290442328
253.38195409212594
255.1832534259729
256.7781829058956
257.8361273378743
258.302732369001
258.29974692454994
258.002775787646
257.58454198107734
256.95126794314325
256.14637576681247
255.397383697826
254.8930036203709
254.73862536454993
254.8386535876451
255.03047478697533
255.22524261794206
255.41387120490035
255.7021724076101
256.1559571091649
256.559355749314
256.79464477404133
256.96072548325196
257.1758628500995
257.49459435365986
257.9398925134707
258.4436707979231
258.98361446108083
259.57291782735865
260.1291738267625
260.54243355686447
260.73434494761904
260.8581278275131
260.9932138354118
260.99600279810574
260.8465574351944
260.56578393602524
260.2188547058198
259.80457719251297
259.2320586161931
258.45168339009416
257.49392363862347
256.56395478366073
255.90478782289486
255.66546844287274
255.84520805340043
256.2165183485327
256.6021176574001
256.9535462934243
257.2557781183221
257.4982310509723
257.6818611309603
257.8066317471572
257.94218689153206
258.12959581704473
258.3347648673239
258.5255286830683
258.72029413325106
259.060170944777
259.56532496470277
260.25620037497816
261.0218104420945
261.7844338096998
262.35111155919725
262.65085273236383
262.75243638483363
262.7360082000057
262.60399073539867
262.3803598773319
262.18086017519676
261.9620297754634
261.8278024738264
261.65113362157354
261.4091272194145
261.20078826107215
261.0015333560593
260.82558971731504
260.70448894323965
260.60737749628834
260.46422429406044
260.23183828409924
260.06513838794467
260.04255208949525
260.1028458635359
260.07992124858225
259.975174557195
259.9152907692369
260.03590001144755
260.4054035789121
260.8569226038378
261.15035591158266
261.2881102886919
261.35751105885976
261.3878304829411
261.4389263371199
261.43494594386635
261.29523608621616
261.0766002560498
260.82106783602904
260.5803027198648
260.4305937454485
260.4947346687366
260.78134151942396
261.22157833093155
261.5332422190917
261.5663722444863
261.4113755790448
261.1962704708315
260.9984684545067
260.823291309815
260.5855991050561
260.24148460096285
259.7740678905851
259.3055761930903
258.8838486963793
258.43496474776305
258.0147754498616
257.7358312357931
257.7217537323994
257.9100500409181
258.0353747905813
257.90896616266616
257.5937214864209
257.2669053780961
257.07142825703585
256.9679149301099
256.8524957710697
256.67718691751975
256.4765759530395
256.33866065478674
256.3174873137023
256.46250395573804
256.7795757590374
257.2495594744615
257.80954290833995
258.33860295089505
258.7797901558513
259.11634269716956
259.2481453931738
259.14855421691357
258.8556229530102
258.3704432625905
257.73081228026155
257.10283202756784
256.7127984227275
256.60488987377863
256.7503352486657
256.962074909466
257.0718941481163
257.01553226643824
256.89471677638335
256.7857503790484
256.67054838633226
256.5505196972865
256.40509209401137
256.4389532441337
256.6939243576795
257.1448613449685
257.82526167241593
258.7825749144042
259.969706052619
261.2008251157527
262.28914403072196
263.20880983866016
263.88362003821953
264.28629717154536
264.4556873027749
264.3973758424311
264.18661573837187
263.87606214758074
263.7086244014567
263.808886118369
264.14863688578447
264.82124872099604
265.6007846347555
266.05301409768396
265.6333238758043
263.7938869948909
260.52844221236376
256.6845120480196
253.21946777530997
250.54809264704173
247.98866589203826
244.1374834392154
238.82434829726563
233.67599999365237
230.44138317445547
228.7708646893761
227.70258893329742
226.5934669849322