220.2918863840306
211.71627190792634
199.9999463655412
185.76840225549955
173.7627636666849
166.7850591461245
162.69558836762738
159.61318869108652
157.25286771583978
155.58684471536745
154.270735444529
153.07197980505387
152.0658289268965
151.39041873094484
151.09610801917842
151.1630387796198
151.5179119402619
152.01570658491946
152.55305527348452
153.136642910536
153.7408246420489
154.3428689250496
154.8968942894515
155.29496407789125
155.4659580189351
155.43703950155634
155.2501801450379
154.92971863954153
154.59205562024226
154.47263120747917
154.76638263316065
155.47987063662023
156.41520457163912
157.3197861137524
158.0406763069806
158.56859399727296
158.98285106340265
159.39672331969203
159.92618836462833
160.65760841293212
161.55402659144565
162.4772638331393
163.3521784055907
164.19724225012683
164.99430252355566
165.63844272568312
166.04814237690357
166.25858471583916
166.36119718529287
166.46867950397478
166.59365398657604
166.6840144293597
166.72544749077565
166.80407973902243
167.0444834735746
167.44068717803276
167.86965418309896
168.20541596034917
168.3862331180167
168.4284677890708
168.35425241649313
168.11597936982872
167.7490058249448
167.39061925536322
167.12745122032283
166.9076301159432
166.6517112803971
166.37592543058602
166.08477231233095
165.75201496689417
165.40771627196258
165.15772912767721
165.1162296107633
165.3104243981516
165.60753407213312
165.8478766529969
166.01138761902018
166.18134997407594
166.3939750693361
166.6139964981839
166.71447793456147
166.633957809126
166.41046358186446
166.13790220345956
166.02332878862643
166.151908974154
166.4477510825189
166.7968159638746
167.13314746452258
167.4289605166942
167.67205843438467
167.94000411886452
168.2878550572846
168.63013185385887
168.76622783899884
168.61981349978333
168.37709308504313
168.19191640538872
168.1668775522117
168.3213412930582
168.5796915592643
168.86870389742023
169.13280313400293
169.38311618086797
169.72105512104207
170.19896416648672
170.81185439905371
171.43490138603144
171.84222317561137
171.9627885065642
171.88336307406465
171.78334652407193
171.73632783452763
171.68802688034833
171.53040261393204
171.17672205804658
170.68821446465145
170.29292046120582
170.0784889651291
170.08586123048565
170.21792377370423
170.34484010666546
170.48600840368331
170.49531916300847
170.36275126281265
170.2075067653819
170.06002908869058
169.8147693753873
169.4804384230361
169.1865315045236
168.79224549753576
168.33293733673065
167.95407903782632
167.66183186570467
167.463469969337
167.40394801113496
167.40824151433938
167.41935536188709
167.45540136331255
167.57708474132502
167.8429731273129
168.257407755109
168.7694862672469
169.28230690766753
169.77306608412144
170.25668512539977
170.68175599821504
170.96554369981052
171.12915990746447
171.32452367488688
171.5480773899451
171.74002902404192
171.78670627531568
171.71046317797732
171.67695847790074
171.63709480559436
171.46866480873723
171.10365565238726
170.80042574362187
170.82004446326158
171.19841974226466
171.91813871198775
172.90929802440888
174.07230286653996
175.35263175559484
176.84314710874224
178.61132126600583
180.53024493401216
182.46264412848825
184.36662132679973
186.06510715723687
187.6507638222648
190.97973614111544
201.81009486565318
228.444460391347
271.56938775413465
315.81035679627956
0.0
0.0
0.0
0.0
0.0
0.0
0.0
0.0
0.0
0.0
178.6159728877969
172.95381369923086
166.66780527479236
162.42926266657705
163.50151890580446
171.67790337590912
186.51352157667532
206.78739718114065
228.20491358334834
245.28366537637555
255.50383296168343
259.3893159411126
260.0226763632762
259.990584560751
260.1285253818026
260.2869836758126
260.03994969124847
259.26478803159546
258.1600269568969
257.1258573232607
256.4782530941252
256.1656312136972
256.0757484787991
256.1760559192967
256.37844883668083
256.534612690733
256.5023478666552
256.27640969876023
255.90664983357664
255.40292684430233
254.8572573476191
254.29480288312732
253.65846480778973
252.97956605552693
252.383755649799
252.05687890013138
252.14624305577738
252.6086521566025
253.16530231038416
253.45745447715913
253.33474421371307
252.96526924816106
252.602715555412
252.39784156883513
252.34295982624107
252.41159893938755
252.62142512585382
253.05224573429015
253.78582275679994
254.81958493143213
256.0314142593818
257.27923893496643
258.4073128460366
259.2181994030643
259.54177081012097
259.39712547687225
259.0407872106216
258.75455082058465
258.6868221544505
258.79981680952335
258.93771534104934
258.94635282146584
258.6967011762916
258.2045732649606
257.60538136428335
257.05732982514684
256.71895693847625
256.62661923814204
256.72104291817914
256.933419374416
257.16524993630753
257.3368558715094
257.3879050705368
257.33410345217624
257.2867161277883
257.2927363100969
257.28117756871393
257.17404773912574
256.98746242187383
256.8440892246078
256.8621144712579
257.1546437534484
257.7539762105642
258.48480615177687
259.12788026433833
259.5127150234537
259.61748792897095
259.46365131455764
259.19996464798595
258.92534294957585
258.7822631886921
258.88067676913187
259.10540929058135
259.3301773932382
259.58150021913895
259.9635420230982
260.4210489059306
260.8129059234225
261.07924168892754
261.2749343230814
261.48263412348876
261.6886447132329
261.7836074899918
261.7179811654099
261.5085685524284
261.1873991534084
260.7838358739341
260.36858881782865
259.9892632359747
259.72957283120263
259.6222779706
259.5817223738074
259.47558775395044
259.28537736267583
259.1354310323919
259.1254415195659
259.20591270445004
259.1988370102956
258.88477297593926
258.288106600977
257.55137296318475
256.8976115944089
256.45557807782876
256.2326207766874
256.2069446506375
256.3145895093297
256.41848744691254
256.44943036031725
256.40138636798764
256.3594978282681
256.43918874585364
256.67645958613235
257.03606470497664
257.41404237026103
257.65929597468573
257.69291882843817
257.617622666724
257.52764644933103
257.49976869480577
257.59118528370254
257.80644851690397
258.03470944380587
258.1952611272878
258.3466716221635
258.48027876546536
258.5705939139175
258.6444177799704
258.7269679052555
258.7480787043605
258.72230469700185
258.66159062429614
258.5987489391198
258.4926937187148
258.3478674165393
258.23954847641204
258.22923389858175
258.2753658020863
258.3586697107565
258.4741508026282
258.5961546794088
258.75894680784484
259.014897543114
259.36965484285287
259.74778662363985
260.0342323165896
260.1952443301938
260.32419563329427
260.46119512105076
260.57558129326577
260.5891927647386
260.54557887014425
260.516830489164
260.5048329294515
260.5153623870722
260.5280625155965
260.51298753992296
260.4977957999726
260.57232735869536
260.8070796993081
261.2481449375219
261.7789546559819
262.2265506936235
262.5764538245819
262.92642422570253
263.3188864138024
263.6310086965179
263.65464592044145
263.36422223830556
262.9380567740221
262.5672736210431
262.3378045201106
262.25782781393025
262.42193873645147
262.8195139076039
263.3588655406851
263.94560652894063
264.41080925052665
264.70371184254293
265.0083899838367
265.5878685050957
266.37890348854523
267.03039005503035
267.1165166500256
266.2029444912186
264.11143409743454
260.7421087714137
255.68766273736958
248.510259482372
239.85061626558257
232.3500834743476
227.3336095626819
224.07972071580926
222.11089282762282
221.1720553556754