151.74631792237776
151.97230667617796
151.5032204041168
150.66778062111308
149.75808124018306
148.9231198947658
148.31129011485356
147.80983722633607
147.30579094485506
146.8765280404321
146.68748653377807
146.78316863049537
146.98212567350663
147.1214639242982
147.27400480692543
147.53760077605932
147.9810677539473
148.61724662278726
149.32897697279583
149.95022734885217
150.4602516853261
150.9550747474415
151.4636154765799
152.00721745876453
152.5534776190234
153.02475454500353
153.47463195200686
154.031124073055
154.755862703617
155.6101138509634
156.52326698557704
157.46725610558906
158.41100758676157
159.21622950755042
159.77828654160083
160.19509954531577
160.5873468853562
161.01591196220983
161.5452031189418
162.24445232251753
163.09388350862372
164.01546287130932
164.93273764637578
165.70848011971808
166.24683212786897
166.60385771670806
166.85560810506158
167.02720913368552
167.0526899558724
166.7888015433163
166.14872171942358
165.23152681650058
164.30214293257563
163.56643785329112
163.10154394380288
162.82334442103874
162.6218228683865
162.5029016997414
162.47691711971842
162.49945878916174
162.53847310738527
162.59830368610068
162.72276976178594
163.01409540102384
163.46916232255668
163.9938944082544
164.53143305754315
164.99182871284023
165.26522030044288
165.3489838929831
165.30019687076705
165.2034351613126
165.14394471026273
165.101782397036
165.0753962132034
165.1683464056039
165.50443359470464
166.1076421227291
166.87030669652933
167.61937213585895
168.2178092013799
168.6903562632071
169.10833880144725
169.45473363055683
169.65559848954484
169.67537440205552
169.50205006083394
169.16535397487834
168.69641642435164
168.1837067292414
167.76719474219914
167.5152179067191
167.45286173999267
167.60988972958214
167.9939805338253
168.5548890503294
169.19815162838609
169.79228590406723
170.22053001555372
170.47094459242356
170.52969331162527
170.35666462915785
170.01059315909745
169.5637429071374
169.10792661412123
168.7473692591062
168.44697257521915
168.2564880309592
168.27862350251843
168.43568639830534
168.5976852016512
168.76046862759432
168.92737566439615
169.14706403599817
169.38001887731593
169.55550347151782
169.59486208369594
169.40044378977603
169.03614521397304
168.7294855675558
168.55035746115416
168.45757456480234
168.51647410499984
168.72121006073434
168.9545009036789
169.22742557996364
169.51866039207005
169.82196470467488
170.1436229433349
170.52634290896654
170.99342157175965
171.45766176137326
171.9201307058895
172.46075837513143
173.07637408827776
173.62202759781178
173.99832266786515
174.23791654811927
174.42117766621897
174.61193384513678
174.7689730800173
174.87508106215938
174.95722105355833
174.94847706661355
174.83727492312596
174.73923092813527
174.71505592667938
174.761136626099
174.8301310638173
174.85414190071486
174.8437156185179
174.73854086950786
174.4663071691794
174.0708716093244
173.6342891545335
173.29603279623075
173.05219881087098
172.86889244893936
172.71774371453103
172.55368408587418
172.33938414184905
171.99891163903231
171.4952118360056
170.85446683026237
170.24099034236133
169.8127717754151
169.61469670910463
169.50495220524974
169.3046400506998
169.0487316199696
168.69478370612458
168.23322299329715
167.82921472882435
167.6394484469634
167.68402446337723
167.8660666541389
168.07009160526243
168.19548335696234
168.30190107773782
168.64260325943258
169.4164445088783
170.4774125594424
171.546264406918
172.55759484920472
173.61597152068344
174.8217951907754
176.2244915725419
177.8314402001825
179.72104960336748
181.98841549541675
184.6184041331723
187.38994843755182
190.10847977013913
192.70473754344638
195.33494981398647
198.32936234604136
201.89247644643115
205.9297543689691
210.2025404780832
214.42311480537043
218.09887692654812
220.58967161201028
221.6733271105585
221.82234573895568
221.50180849160864
220.79685041451089
219.74365493820153
218.40928322037715
216.96673703663896
215.69815820121892
214.7965745499884
214.2934749510379
214.08897528961992
214.05092608825555
214.06075820484423
214.07254238069294
214.10607813353965
214.23436581536868
214.54921638181636
215.0595258690136
215.58154617488296
215.94976877082058
216.19205605748374
216.33332028133145
216.39955490954335
216.4491029736982
216.4873551973572
216.2874438738916
215.74110306778167
215.00588712955548
214.2520867257254
213.4994134559559
212.79437235663275
212.1867863393983
211.67378050836658
211.29935526554283
211.08886970186265
210.92471755701897
210.78112163420502
210.65932432784257
210.61596666199875
210.65231583269426
210.8316794350429
211.2136622057222
211.75454701988747
212.48602781148128
213.41651355410536
214.4156144638981
215.3546217615824
216.1644540932444
216.813259907558
217.23309874442896
217.36392097762032
217.1976130504364
216.7525388925106
216.09633309794685
215.41512580775833
214.93415380853787
214.7529039103144
214.88488043614615
215.29632761548325
215.84897756719332
216.3561469124683
216.73033253127568
216.94523591842454
216.9621980592224
216.7551424468007
216.4298193217698
216.10819317583753
215.9616762527988
215.88963490486617
215.78737253626954
215.88445491961068
216.40935879495058
217.11707174042363
217.71923291751656
218.17008501686993
218.59153924523534
219.06065426776198
219.45588371990257
219.79490440259826
219.90455017025488
219.55490862305916
218.8338761896646
218.03649785511402
217.3151062226945
216.89400030570445
216.60845093707786
216.2727655185612
215.87674245667455
215.52676374773299
215.21299419704772
214.95544192988143
214.78253822092537
214.65691617153462
214.4869092164928
214.21012713954147
213.91128428646573
213.6735688625693
213.3521574547093
212.90478114017068
212.33494624131697
211.76606697089616
211.25287245208696
210.73394415983773
210.34952628149637
210.25083819383013
210.58906383872264
211.3208669811308
212.22327567505954
213.01587056927758
213.4803856015671
213.62422132048215
213.6553962399785
213.5939301531177
213.5471383281983
213.6240475379323
213.95778041919942
214.4490029197732
215.02473981257634
215.62455214861984
216.2725131434229
216.95910795846365
217.50662704713304
217.83226715070404
217.99216129749328
218.13112747853518
218.14501808396514
217.97492689861627
217.61367317738953
217.2514138743628
216.9353750913979
216.46670661297247
215.92519772419956
215.6387681360007
215.57870056338152
215.43893984647747
215.0696713365347
214.52668604245537
213.9319121949279
213.27197899386087
212.75428039722505
212.52376855872467
212.56107252055978
212.71887400705387
213.06686570098802
213.67873551153122
214.33823946387892
214.85773301478116
215.2141218589557
215.38234578893832
215.50787906573441
215.59187156291415
215.57969387761185
215.49776784634238
215.37451589231347
215.27714936927023
215.2401663638585
215.24827551487354
215.30077442684362
215.31955003764506
215.3451839840777
215.27807092985216
215.08166444460943
214.83991492803165
214.73761082277082
214.87902799160477
215.11916986272615
215.40106845107616
215.7373217700241
216.14346243300528
216.59536356534198
216.96900607632324
217.1238905409444
217.13007850230596
217.22636800499012
217.50372612623374
218.01373195402067
218.71530512305617
219.45644211577843
219.99674068637722
220.0092630166465
219.46349263784148
218.55285237259812
217.50087234943035
216.24432477674975
214.59191118877158
212.61583296882745
210.50891481058096
208.93538754291478
208.92832704930143
210.32610038200562
211.64636863788792
211.89361914581622
212.27654290465017
213.60731766348056
214.94561700907946
214.0446443277421
210.09151699241295
0.0
0.0