215.81989422196324
193.82047040141467
174.37039200461336
162.0663717787891
156.15955730484342
154.1407383843117
154.02230176059572
154.75750643467097
156.0024128521802
157.67632441317323
159.61723538412406
161.55612641782065
163.1220364837784
164.18194213196008
164.87502741848596
165.31695962897464
165.63850116378165
165.98798412211954
166.35066980929872
166.6950296893758
166.99574478688783
167.1182118415629
167.05858386691432
166.86745196203262
166.63040496902624
166.538408668717
166.74094994918448
167.15360052113215
167.5368646177233
167.75397073736593
167.85144252789655
167.98972159995975
168.34428954803207
169.00444705060656
169.93173929391784
170.97187123339904
171.94262131814273
172.72033585160048
173.23136946527984
173.48521551837752
173.63429302621216
173.88467405339725
174.287146362102
174.70441189131893
174.95827129441483
174.98640014855133
174.89203498136123
174.87861282566575
175.08812632352604
175.44141639621415
175.75131016857137
175.89655617599266
175.88588974119136
175.77987074249768
175.59092412846644
175.32922738301932
175.04527140091722
174.7865222533806
174.57139029886397
174.39114983077775
174.20712304678506
174.0334875042817
173.8471688446714
173.52896294217666
173.06516889348964
172.555072629378
172.07656736333203
171.6753648977958
171.3412417569086
171.0495812546152
170.80372380626414
170.58596456390515
170.34028018358345
170.04764362499625
169.80079766773795
169.71385267243215
169.80756162764996
170.0771381474757
170.47552001363832
170.88088729313944
171.25725286825994
171.63640196001876
172.03431847104247
172.4428463739132
172.80674344365323
173.0906097189299
173.33566934139031
173.58691685943944
173.84126447592632
174.0517532711267
174.16685254974297
174.1740082053978
174.0813994321658
174.03225952841854
174.1773289899409
174.61243354579557
175.27102604564868
175.91645506140944
176.2925215202316
176.28412631815553
175.96576176178203
175.45849899719474
174.98922658455137
174.69866968540288
174.62983584889741
174.75991233155833
175.02233474532497
175.34266824706646
175.59433255814363
175.7766589622211
175.90312656388522
175.95861269387672
175.90579206387176
175.7774914051222
175.63915271614795
175.46883971387965
175.22662745187137
174.8914483406599
174.5467144096794
174.2772290460579
174.16882996235591
174.27686212499742
174.5097507070831
174.71577148556185
174.82940135799686
174.8707371355405
174.91894066789
174.9815079445638
175.03908097676106
175.01686759456751
174.85749311721747
174.6885667020441
174.6459174434839
174.81704344424926
175.17574854605084
175.5724688635837
175.7938859906555
175.78330137131468
175.65267731895887
175.4999488928592
175.4499980725272
175.51701366339174
175.74378962385444
176.00396159961872
176.13418886679503
176.11911463782008
175.98675145706898
175.83718885649085
175.78338319034538
175.93070610564814
176.24057186492544
176.5973598864843
176.85080131696526
176.89625710410317
176.72323741504573
176.4216905506359
176.07875923076665
175.66566764998097
175.33372846483337
175.12200271684628
174.95407060261476
174.85017275810856
174.87113826906423
175.0810029825366
175.5064796540348
176.0107950423457
176.4663936541789
176.7386862224024
176.91623476141618
177.17753978507292
177.55749654275215
177.96914579630632
178.21510929275482
178.19373974266182
178.04222214441947
177.990086440709
178.2415658929209
179.08715637045526
180.64703971329556
182.76931242265408
185.2225274293142
187.84631127643118
190.46687480879177
192.7280434389219
194.4928227497009
197.3884392135358
206.19574249349216
225.41302102235267
255.00865871314795
289.64750447679927
316.47054148682764
330.96516594074325
342.8356047487184
354.1856974082692
354.00874445168716
342.17403815528826
329.763606410702
323.8577268913003
324.935079539245
328.400111107586
329.657546590794
322.64992841227195
304.8969681187233
281.9301241525872
265.82141417025326
259.15752008269834
256.94237750634477
255.9107607426404
254.63336579124513
252.85280955730127
251.23374853516646
250.21578291484192
249.55440830297474
248.967669856265
248.45362253801642
248.06969648992506
248.00328594687193
248.51991326485785
249.66016728411606
251.1172549347936
252.47466086700624
253.56730045022158
254.51706008648353
255.52094942022703
256.576513749965
257.45953635485046
258.05417701219045
258.35994822101
258.3250755716685
257.88094433222057
257.14226690102345
256.3910209742017
255.8265414462527
255.49318065121503
255.30572154736194
255.18189426414773
255.04201839029295
254.8092567292637
254.53233351200953
254.29646656309586
254.2304166109419
254.41647832159293
254.80600516792595
255.25578087182674
255.50066893987415
255.37301174682926
254.94447387434383
254.44306033618753
254.03639206637206
253.9037706052265
254.2180085904419
254.94720815249124
255.86465857764193
256.7375784919071
257.441758361536
258.0204503637521
258.4330433704965
258.6132474306591
258.54758907143355
258.4232670887099
258.51961961507226
258.93746809894003
259.51497706103123
260.02853523020354
260.40202943463794
260.6468366083418
260.7743632549563
260.7596897908816
260.6368478153897
260.45060018959987
260.26777699993966
260.0726351320218
259.88607714158104
259.76191289972405
259.7060511524663
259.6438373871166
259.6020803884662
259.6621293783621
259.88891455599736
260.32032409856924
260.91492419129906
261.57266083606316
262.13109080682784
262.4192370948491
262.39363453902934
262.11155650838947
261.7186537916678
261.2712869417321
260.86848228635455
260.60544582222906
260.47812312350584
260.4214409367428
260.4168887131239
260.51152623478123
260.60017149374073
260.6636680172918
260.71534774057903
260.76472139745715
260.7095566989663
260.58240010367155
260.42229894720623
260.3583822911025
260.42701869534227
260.52324268028565
260.45885314427653
260.2156620462082
259.88605597812364
259.67724336462277
259.59589603161663
259.51969720473994
259.4394730114388
259.3806647686596
259.34020759240445
259.2485549268031
259.0773594677289
258.82945455734387
258.7144608511574
258.8766696250549
259.2607798107821
259.64640218686355
259.79724115597605
259.721185619957
259.6317924983663
259.7865066286224
260.23566407039016
260.7964862457631
261.3261347620849
261.8330343663518
262.3035997621929
262.7400370222844
263.1835837505048
263.6155395235431
263.91334435627624
263.9358136346457
263.6672047846404
263.1437510742614
262.4427629047142
261.6853239890443
261.0029557339675
260.48183110090326
260.09993078047194
259.71016251531944
259.2419702587837
258.67820097291053
258.0642985783222
257.5325589814919
257.0988741494234
256.606557628243
256.04692850952455
255.4798176449549
254.96801862478762
254.55304729892555
254.31208939434043
254.28431654006835
254.38752491591848
254.55370119110734
254.75830155778
254.919189991648
255.0252204422378
255.08446547363405
255.21597763196246
255.4767298992337
255.91635944164216
256.5642610908024
257.3760966366051
258.2153661129278
258.87038514345363
259.285284645161
259.5875501389437
259.9331822747687
260.41964481157936
261.0964146220338
261.9267969376238
262.73851631863073
263.38199726882675
263.8584029708653
264.31811571518847
264.8530409925485
265.37225408916834
265.73330179006143
265.8675050195258
265.8094927390005
265.70091365185687
265.7596327669045
266.08527096138016
266.55997130384026
266.64153863118366
265.49367348353746
262.45342277043005
257.2274941970909
249.70291026510407
240.02377922627784
230.91717965914404
226.41541308218623
226.68219421587872
227.10486719456168
223.10339359614838
214.87191035780222
208.7826062254782
208.00777027147734
0.0