264.19564597493195
244.14754933216443
218.99323878074955
196.22692494950758
179.41770782029454
168.05140013686156
161.52764926360857
158.76952674640017
158.2475418390425
158.7849256407387
159.5259686052487
160.11699472367235
160.51167754808785
160.81333044805987
161.2002719797882
161.66049468694845
162.1166516757939
162.59051840497165
163.1575374290939
163.84409550348295
164.61661110838025
165.46409752110227
166.33472061482922
167.20354684184497
168.08541183505753
168.90786685974638
169.53988579413408
169.85606960254967
169.85343548941037
169.6498207709701
169.41894668743555
169.2802641060944
169.25211875232705
169.31684568976254
169.43032513664036
169.528580588779
169.6513417248517
169.9302772621703
170.44055060487642
171.176092707056
172.12065213627687
173.19083569142592
174.09208761002236
174.51739256253245
174.4335853838971
174.03831786680968
173.51069753738136
172.8918816718381
172.25721611552655
171.64498345135422
171.12103934202486
170.7947356384447
170.68263606038423
170.70801868538828
170.74687475469585
170.6544747752323
170.33480769134684
169.83840756175624
169.2676745425618
168.6671177652451
168.0702537478455
167.53080411007983
167.0552228141687
166.61743416505084
166.25936374745422
166.07103603730764
166.08537268012532
166.22343151074048
166.3853696750638
166.54210823651601
166.70923230554024
166.8983105796269
167.1140613393398
167.37273604601526
167.66968493758833
167.9921236382487
168.26396954164755
168.42131128432857
168.5301684265504
168.67253011286795
168.8452263598993
169.05586462423966
169.30276519643738
169.56947869158185
169.88889024885924
170.23213500261653
170.52134621163748
170.69236992979785
170.70384097753453
170.6289653923393
170.62160954747003
170.71225417551656
170.82702949421972
170.87300783866982
170.77730239453894
170.56136678931733
170.2978690143937
170.05103595264063
169.8826478029852
169.77631838584873
169.64806014693812
169.45311727946165
169.25171151815894
169.16869044751866
169.273467405479
169.52504882658636
169.80715558388513
170.0266695140317
170.14552248081358
170.18497034337207
170.19610417495875
170.21058616752646
170.24044851879825
170.28305173093037
170.33919018692444
170.46204171882712
170.67369338198256
170.89163889955535
171.0054606984578
170.94812452929455
170.77611397973746
170.6368819636205
170.6556711654963
170.86692979093442
171.2040758855626
171.54122030472968
171.8037547095571
171.99404435958127
172.1366891723718
172.31244984659355
172.53772329760562
172.6832456545407
172.62958097327282
172.34343882767806
171.8615109080073
171.27633115035866
170.70023497457308
170.22607128782982
169.92288314130485
169.83421853490233
169.96308809499862
170.23817406414037
170.51958491132987
170.7348305120949
170.89543019762897
171.00705099699587
171.06248211808062
171.06858082922903
171.03066269310807
170.93042298758007
170.76897291741824
170.6212258289532
170.59214136080146
170.70703220335955
170.9130874485121
171.1496443087272
171.34084831927242
171.50576648547047
171.72210350523505
172.0104607065555
172.31992831710772
172.56277440548007
172.69285636106875
172.72861004126378
172.67169659757386
172.50534686933227
172.24684694698104
171.8997915988284
171.47164931931204
171.07146998612336
170.85196337601826
170.87295935772704
171.06838834920896
171.32210623561292
171.55691110645668
171.671287433926
171.60551019144074
171.39535168531134
171.111920325999
170.8507263146483
170.71108621266876
170.70912519602
170.87356795588008
171.17306941935402
171.4904008990781
171.8164964689053
172.24231320510074
172.8242791827867
173.63624972200918
174.7484729680167
176.1788009277713
177.98857555169917
180.25195126850352
182.9351797960463
185.92275021670713
189.11046144360787
192.48018532698418
196.0605242966067
199.67089379544677
203.1178646660262
206.34496298748252
209.39727281157627
212.4774768095071
215.6834651718847
218.82030832725178
221.57923337971133
223.96318139365422
225.8805951382558
227.35206038210902
228.3021514829151
228.60583028465248
228.32709117291915
227.71835090316497
227.04596881064367
226.49767676983973
226.2144649849189
226.20224488340676
226.332126228713
226.4153857802797
226.340103355863
226.041165421218
225.52413959955635
224.77809297144609
223.82879404701765
222.80366663106625
221.81728168726517
220.88340656114622
219.97725542817614
219.11834858227425
218.32268494824575
217.5927336413932
216.9568972623154
216.4868943572299
216.20516897425324
215.99520308338674
215.72046522817743
215.35659801410685
214.9875071733884
214.7166252019758
214.6312845436236
214.7637360941756
215.04814079409994
215.4281626176625
215.7908294784996
216.08520772091407
216.42794095316086
216.96748821678827
217.71863402266285
218.536029654448
219.2023318328349
219.602129701186
219.74717966207055
219.74692033464476
219.69177048534021
219.59129436790096
219.38745928746445
218.98466301192974
218.37643010454204
217.65546733466041
216.902607817264
216.163194004898
215.50412590466414
214.9971737146254
214.72163175325088
214.7167994315031
214.86318477228696
215.0842865270063
215.37632426203737
215.73161556829015
216.16118306174755
216.54736089052517
216.7490738872835
216.805197390878
216.75798496352564
216.5903546215173
216.27699799007664
215.88914095677558
215.5601368221632
215.43877457905944
215.53634980407418
215.80310956681924
216.11427763228946
216.38201942761535
216.55300745913075
216.59873798160208
216.59850194183986
216.73828046549994
217.02034318508913
217.33386701394963
217.5042134876196
217.3810501391402
217.00644642120884
216.53974234233496
216.0720018168001
215.75661138592557
215.64713318097265
215.77818902814653
216.09343044131325
216.5545575537874
217.06486539182765
217.54680917514622
217.95183905342773
218.24246168049797
218.41685750091716
218.55648089693153
218.7177138991389
218.81935585099885
218.9232357985032
219.02504559152825
218.97447212051966
218.74216936124787
218.32015478991133
217.8553168158854
217.56875494170532
217.56853683644823
217.8800452950902
218.35455010950758
218.72053594624776
218.9230237522628
218.98943854161277
218.98207974888192
219.0094442934739
219.0485181667662
219.06375923962034
219.0981883469797
219.1762015665132
219.2433057878368
219.23581111663316
219.15596148714005
218.99656560344636
218.80133985455674
218.63920730262473
218.56227230632413
218.57213867189267
218.61672832149907
218.73426296582497
218.90043313490352
219.17946826529078
219.53492136549377
219.92529756948846
220.2639589536442
220.462128481531
220.51531344991136
220.50055865613916
220.44172863206774
220.32226508710875
220.08950842667846
219.75476108639108
219.44227376531921
219.17978123095523
218.86151205469932
218.46052729338675
217.98469277985993
217.56601730632966
217.24578820306985
217.0092463503129
216.84582996423103
216.73715899511507
216.57644441277384
216.38495104339557
216.25993197047688
216.30729152698547
216.60119572838664
217.09371887791923
217.74308629297255
218.35726029698012
218.80487847375477
219.05045456112987
219.10282939955442
219.01912194897582
218.88771155859806
218.84209728572074
219.0073598526995
219.51853717344997
220.39978427740823
221.56390055158732
222.92061255940024
224.39000097570388
225.8449523178571
227.07510019782626
227.8700566997824
227.97306432080785
227.23565237575033
225.66210599423522
223.58359278355852
221.4645038896192
219.19189199260737
216.52535540397986
214.27260353312687
212.55437530483127
210.89363201881042
209.41588805804227
208.44499927905483
208.3700034289607
208.79768887430214
209.56908782534344
210.66129440415727
211.57555703833995
212.00524413816254
211.90608231863953
211.2738438042749