207.342095347693
200.7488221776547
189.95478596736345
178.40532821034577
169.54101436647107
164.1670567476513
161.15187877723474
159.37795824364588
158.40109004307948
157.9846709356049
157.99236532509727
158.29957859562614
158.87387780495476
159.61510672041697
160.39815622524887
161.33262912946478
162.45675972296914
163.61320872617043
164.6656021003576
165.62707261506756
166.51234123157064
167.24424827324367
167.72307939935098
167.9596777943108
168.01658623149743
167.9311283565093
167.78193009778178
167.70975291368873
167.83714989805318
168.12802052888682
168.43184668348664
168.61248254208806
168.62436803564708
168.52928031481093
168.4601213141225
168.57842005391726
168.95596650926996
169.50787144122484
170.09199272898198
170.62224668282545
171.08421553802225
171.5539142308354
172.13579626155718
172.82428701240232
173.5051534087833
174.06584568557074
174.42925474656147
174.5839743299747
174.60628845955088
174.60287541733152
174.65091908865844
174.73953904723425
174.7968607989106
174.73765293319286
174.47107372387936
174.02185185158297
173.5671423282365
173.25283447908004
173.08838862778487
173.0105293866175
172.94137638188772
172.74380742671917
172.31613660035384
171.65623129654762
170.8342495449499
169.93393792595782
169.07196616010884
168.42860883700166
168.08666448557568
167.92504257293837
167.81074398006464
167.70005569022638
167.62884331691149
167.66237088351338
167.8444173255179
168.19412027431673
168.70044875408794
169.29307794195478
169.84030332315731
170.24952435540223
170.55595522152356
170.78985519330706
170.9127147063821
170.94454151221575
170.9326972980962
170.93969995657568
171.02514441652423
171.13374058233015
171.20739870946977
171.25842416930018
171.3209979709768
171.3892888370242
171.42353648126533
171.43068754003977
171.4870788897771
171.6425455236357
171.89006666740568
172.18906828110028
172.42703165158267
172.44995201456857
172.2328730222597
171.89986261438855
171.5883253447717
171.34508424761145
171.1475409797306
170.99860182852794
170.90859614032797
170.85864678049845
170.85298113122298
170.91495411780312
171.0602982422721
171.27962568795795
171.55379402850144
171.859757549931
172.14378080273934
172.29215440943068
172.2880924587499
172.2251224728583
172.14930611461418
172.10390601478326
172.10443124393177
172.1008818944642
172.12969687374084
172.25428693410703
172.52535140273073
172.94568424188373
173.4307484370541
173.8153152344354
173.97493869167047
173.85858538495057
173.49146301438773
173.0280862010955
172.64548582033112
172.43264596578186
172.4119117415765
172.52472738227817
172.65589471990444
172.70998636275428
172.66369190932673
172.6010199155953
172.5531396053263
172.5083462819927
172.43908349620818
172.3752820944095
172.42905894298985
172.61918628952526
172.8432724608744
173.01411333838107
173.10226400391673
173.1258483893879
173.10469418363073
173.02588419226674
172.92065352123248
172.8497790739836
172.9023526602715
173.07473164580915
173.23434920513643
173.25736062235848
173.12451489540538
172.89332491250647
172.65112452252419
172.47246370244477
172.42023846746972
172.47721598849378
172.56520863729062
172.64419377891753
172.70874068370244
172.73521424174626
172.7803210072462
172.94524373594885
173.08568768101262
173.092591687725
173.09238590881813
173.2244020676453
173.53610517506402
173.95555922611283
174.3942784287785
174.82198191736802
175.2206307531647
175.58697986213068
176.08939616865868
176.94484015223026
178.23431542224247
179.96619179178967
181.99379310934683
184.2816839535683
186.97683956772116
190.12999476159936
193.56859651505363
196.98101754583746
200.0762993829253
202.6543536821106
204.79547745823837
206.8364638694074
209.01863218939314
211.3481817608338
213.6811173161291
215.89430072686562
217.98462668967437
219.91675444291778
221.6234610912765
223.07712421241519
224.3153288113857
225.4060844341367
226.36606853179106
227.13598615569717
227.65612759927893
227.97788834517053
228.18925875825033
228.2628043732852
228.0329648967514
227.34046038984522
226.13038621003557
224.48239922649003
222.62176259843505
220.81018798983473
219.26281326436055
218.0497789667074
217.09876720410836
216.30600528365412
215.63658477455232
215.20044068333812
215.0783421489962
215.2324048515414
215.48094722641497
215.57103057323891
215.3989338312512
215.0560917565951
214.72907271085143
214.61817693468726
214.75554685913562
215.04100520542607
215.37398692097054
215.6744416539002
215.90194939465584
216.08609865626613
216.24986247972464
216.37944080871623
216.4697553914042
216.53417608435268
216.63353960701517
216.77398433785726
216.95764038853616
217.27085038231198
217.7398806261375
218.24627472797988
218.65813081206772
218.89206857688976
218.91917901682757
218.83667692078723
218.72526008143782
218.53642494128113
218.17439147650154
217.65480316085498
217.1004886862802
216.67977495834552
216.503250184072
216.62430027712054
216.9199953464497
217.16584272130305
217.19462272266549
216.97435589189055
216.65919106974462
216.4751547119211
216.50137443015484
216.6539473849825
216.7924559213327
216.8407523619755
216.80792814599545
216.80946595486773
216.94741656871474
217.23803734990275
217.5672653916318
217.73578619764683
217.67712451754574
217.558831898969
217.45508874915657
217.39490162606006
217.44321461485237
217.67794026134638
218.1001689623858
218.64351808446344
219.12705443043748
219.45832869697648
219.6165726075336
219.6183243418655
219.49749689213948
219.26031134465688
218.94716351774323
218.6822733625101
218.52078473369585
218.4220711693592
218.33918630280027
218.24054713819382
218.2030583026504
218.28945256373007
218.43994162818308
218.62032404286637
218.83765628660768
219.115030333603
219.47444581139092
219.87758436802707
220.20742154295542
220.4100401552441
220.50117026322968
220.4721462133626
220.34447520875113
220.19335832781815
220.1051384722905
220.13881508231128
220.3245441504123
220.6387716731596
220.96615182813744
221.25663117220927
221.53313057399248
221.819336771093
222.08081770804606
222.22137496786291
222.17059119788712
221.958838248519
221.60485672682276
221.2007521100836
220.83685255818312
220.59351352254038
220.47279112522133
220.42926525908632
220.4106138156865
220.36677789897078
220.25023260682727
220.05121495676605
219.80027922887092
219.4532849505687
219.04673047104757
218.6754935028035
218.31480881149307
217.96854861325224
217.7086613839139
217.54404985476566
217.49947023690567
217.56282136530857
217.6922827460936
217.77500370995995
217.7713372583508
217.72685813759716
217.64677843060952
217.58402446135844
217.54214084697955
217.50142642755608
217.52806583971397
217.65396156522263
217.90145451068065
218.31581227151975
218.71448899032953
218.92721694534032
218.95223780526163
218.89428631592793
218.8790904934277
218.95096839242564
219.06924367601556
219.19390138215334
219.28503229916683
219.29754131718133
219.1723890814635
218.90792851369434
218.614503724926
218.292501161495
218.01457734718747
217.83031745359472
217.6672602116158
217.40209376912912
217.00323476111717
216.54899204282265
216.26723576995363
216.27561107543926
216.63044388204344
217.15352339351048
217.60197677519866
217.85400361927827
217.93949113351562
217.95244921144186
217.9714204312047
218.02137299797133
218.124647806891
218.23267365494965
218.37558468902017
218.60330925058093
218.9531793754406
219.4248900606291
219.97129992721116
220.55918954165404
221.1880310730998
221.8246045300071
222.4004363064908
222.83853290025672
223.15540406250665
223.46986472202406
223.90849488564442
224.43960193683577
224.69037190820464
224.25707678860974
223.5579043625536