168.62347673874143
169.7598601587191
170.4355915009994
170.377691900123
169.818528138409
169.07239197439765
168.3658524419877
167.80408582317045
167.45023609006006
167.39222879002398
167.6256955882565
167.9853993023641
168.30625205943758
168.50415799911877
168.5298341577378
168.46072990503552
168.44001080224555
168.59589699344883
168.89634745394005
169.1430192888773
169.2473081749172
169.21970588997658
169.09904055984907
169.0128438800002
169.08690768148654
169.30066794838868
169.5491278305908
169.73910920533962
169.83410534446585
169.8733790770067
169.92806442789234
170.0634803785819
170.2892114085824
170.5310923907774
170.69544008435605
170.7226643277328
170.57863846931255
170.32423065173745
170.11404883699225
170.06552816911667
170.22000905793368
170.591729267979
171.18131613199049
171.93265463469274
172.64080487162366
173.05098446678136
173.04046822081568
172.6735012719772
172.1503237951027
171.71602449968458
171.5041191802927
171.43584037543638
171.36782008747255
171.2353895375378
171.04361911257885
170.8227726248705
170.59158584746842
170.44002981804817
170.46705913282617
170.66610708891997
170.93487091246624
171.1214986712294
171.10530888128537
170.88237686910261
170.58925118986068
170.41686771944285
170.41031911269476
170.4069763818862
170.19927165818063
169.7427168739916
169.14947340093494
168.52168010007924
167.97015336328442
167.5887551478576
167.37168609422082
167.31316585476503
167.42403903314067
167.62000125951573
167.7950942579052
167.91510643241315
168.02255376477413
168.19864528132453
168.44995334311466
168.75682823639937
169.06276643203842
169.26367289212396
169.27814339298016
169.15411005011117
169.1187073328661
169.35303538046583
169.84225306944495
170.45517304204304
171.0445652028152
171.47117133629928
171.65763823311772
171.62186195636713
171.46188500071207
171.27257572504323
171.11288395079498
171.03822547565653
171.06196264893575
171.12573263115507
171.21433716494946
171.3085464433646
171.37916281113826
171.41655288212257
171.43455349418525
171.48353550180758
171.62711966839777
171.89865754735683
172.25086003825373
172.54406965461868
172.64868583401085
172.56426387997342
172.41433389174293
172.3569554072238
172.4193855464161
172.56744990917358
172.77603977537532
172.972814369914
173.02570881216948
172.86909990821613
172.55440754751805
172.18591711700776
171.84587044282438
171.51750920491372
171.19775915608164
170.94608581831403
170.77759447050713
170.6623356187557
170.55861615146907
170.46853762705297
170.44745568201654
170.5289295964102
170.66053515542455
170.7863362565841
170.92993400852043
171.15828584459263
171.47116639587
171.79741246001498
172.07222615135936
172.21256833374287
172.1776613155231
172.0621005740104
171.98441875558595
171.99199485667995
172.10786386666223
172.30316642093246
172.4966062785811
172.64045745339743
172.74687595690696
172.82498914906483
172.83948104130272
172.81341494684168
172.79229019857104
172.77828079794006
172.7709667880324
172.7361830092405
172.6718118059265
172.63386381384774
172.66416215101955
172.76871000141847
172.90828972987458
173.05011988285654
173.15933804365966
173.17656118138888
173.19485906654168
173.4040913232244
173.9187451569385
174.71022755698823
175.62994820997375
176.50156539620096
177.19961749706246
177.72389848843085
178.15251046000418
178.60111105496162
179.1888508481373
180.0076055023781
181.03009621984987
182.16714406011857
183.43355127689193
184.94428625298121
186.88788396525356
189.48093285098804
192.82795197276016
196.78839590082168
200.9176954449332
204.800962543008
208.4045093061645
212.08047208236292
216.27752102880544
221.306056741746
227.3412443104805
234.6060129794139
243.1571702558841
252.3989602501977
261.27689265034553
268.9614990516003
275.27312934888863
280.43968408557976
284.6970356257819
288.2808791724399
291.3471088603177
293.97990502680585
296.3868692510806
298.7036095234676
300.8266539366954
302.54615546442267
303.84402306996435
304.91863143312383
305.9676541511975
306.99157821683315
307.8450058007827
308.3609912476768
308.42524764281285
308.0659120367819
307.42521580205283
306.65976696617014
305.99527746626774
305.73020301150336
306.14545344490494
307.4534657127255
309.7671363260538
313.0930997491041
317.3621430154406
322.3962750315526
327.7698912672316
332.9195176241352
337.5116693792415
341.21792907643874
343.5936648573746
345.01639840132634
346.2050462415028
347.3868292258588
348.41417162775315
349.0970234913807
349.32528426504643
349.1697858663615
348.8234547905082
348.3548758468528
347.8185845986635
347.2556473139484
346.5572200792722
345.64975012009313
344.5863517550808
343.51406576167125
342.52563778137153
341.5378763781252
340.4171074079449
339.1784902879634
338.013651234597
337.0975588926682
336.503584706283
336.2964399003265
336.45828765522697
336.80125668664255
337.0770388024465
337.1990288632934
337.28523022428067
337.51878156993996
338.0879506400008
339.10571459697024
340.45078797252836
341.864591697493
343.2307479333322
344.5160961931799
345.6050668264471
346.33584092033146
346.60320595654
346.4435278044475
346.0460413686785
345.6292245331674
345.2952337683196
345.12548519542645
345.34521749341496
345.9577153495304
346.5993182198765
346.93832683354515
346.9205736634648
346.5285772657246
345.7960033263382
344.9625539985466
344.3514333534562
344.1085095611919
344.05961283983544
343.930293909472
343.56959734875824
342.93001707829734
342.17046845661673
341.51994210799745
341.03518903913016
340.675643797657
340.51741818546105
340.6853097458472
341.1422040370652
341.85904505542067
342.7440047417506
343.64780009408446
344.4291650935737
345.0349078355299
345.4832043284176
345.7204936368079
345.8789812549958
346.1062257984896
346.3518736251133
346.47329844750743
346.4566706938205
346.34444786550375
346.13572179353406
345.7842129881502
345.3699737553509
345.14271324817355
345.2459503811514
345.50412642658773
345.5915999784779
345.3672766603264
345.03746205551454
344.85903374493483
344.9349271819254
345.2250813646698
345.50111988938147
345.542726292013
345.27375398707846
344.82679066841683
344.3480379356672
343.87510200822715
343.3498509041226
342.87807539854447
342.5695592387223
342.5246694970559
342.6601862056697
342.8983384613501
343.16735979568085
343.54621214974776
343.9804582859745
344.19582579380335
344.09058765813245
343.690196163128
343.0405088561737
342.19151119664104
341.31777808160064
340.99987344564573
341.38645568722745
342.00070205086854
342.5244177837549
342.94286934044584
343.2199766575126
343.3492225944893
343.4313456404974
343.43259227482764
343.31237960566295
343.1979844574093
343.17194987893146
343.1456975269405
343.2081084373699
343.30314067156235
343.29815556431265
343.03577146174143
342.42084728780935
341.566190177309
340.6940138327335
339.91458688151477
339.2627722577648
338.85887789209346
338.8552433466451
339.2784496896327
339.9341458795393
340.5546829232456
340.8842524324585
340.87632687094253
340.7001937742222
340.3676124823727
339.98198365697766
339.81505929714893
339.95562057144224
340.4230484660552
340.968101795273
341.47243817618244
342.0677821555821
342.9240947054175
343.97765995969587
345.0562824022953
345.8952629254936
346.3732028939553
346.59956068553794
346.584990633737
346.3567763719933
345.97026015066103
345.6281584064307
345.3337880753737
345.20047478671063
345.40489043866364
345.82534355904284
346.20800515252586
346.3865478377319
346.2790429717729
345.900691129431
345.54009718059706
345.98276957805496
348.3768338915451
352.84872872220024