220.51685724429655
208.79801947500312
192.7895583888834
178.08026349888289
168.48076469118507
163.3548011425795
160.27826103105082
158.06073417506207
156.74056069160034
156.0518322234403
155.7191812604969
155.5631405978184
155.44034808478622
155.32725094351352
155.33957135704728
155.55898553246075
155.99716184669737
156.63697349458084
157.4093254841986
158.17186750747783
158.81133895409187
159.33362713215007
159.8476297812931
160.4469411539179
161.08334072017826
161.65313919883246
162.1053487862356
162.39878414478974
162.55911789966277
162.69751883587807
162.933002725775
163.3345978396552
163.93607919646672
164.74476880369832
165.71365811885812
166.79279824535016
167.88231052041988
168.89056478176957
169.8405073442276
170.7754112230046
171.65281473015756
172.38481323394683
172.92414648550647
173.30755713323305
173.62396172323812
173.9121561723271
174.14119023134924
174.28819946337822
174.324158779277
174.2489870980892
174.10234654215742
173.91334993434862
173.66484904444604
173.3437517438059
172.98543800595525
172.65157935632078
172.3561768692296
172.08700131865663
171.82559696824907
171.5634364624418
171.3129662978692
171.0609115907295
170.78822115631652
170.48379874927616
170.17114922621164
169.92608531674594
169.80963737542757
169.8536975647113
170.08974590002484
170.44330513037715
170.80463517565042
171.15138380101226
171.5375806785373
171.99423889045423
172.42137580925834
172.69383264866053
172.76424401928278
172.6565965372494
172.43244060645853
172.1923671133921
171.96929785602026
171.72475897610929
171.4618593387791
171.21434766574174
170.9623516463511
170.76515412787114
170.74373201097558
170.8993164599263
171.15319997956368
171.44721969301665
171.70502462059315
171.85508679986827
171.88078666425255
171.8157416787101
171.72477252967067
171.674419659582
171.6513609380551
171.60813238987214
171.50193869911607
171.3602522216417
171.21609812507813
171.14624675435158
171.23260501925532
171.4801987212448
171.89066125089943
172.3531541807987
172.7108829429077
172.88998274616682
172.94748450881798
173.01042400817397
173.15736729726348
173.34228938294552
173.43618864250587
173.31085662336193
172.96671364058486
172.54311975087307
172.1516419417988
171.8260434909269
171.59663817888944
171.4872107884202
171.48086241404985
171.54778108980219
171.68513853985385
171.8833725565109
172.12620355495739
172.3931930217207
172.66447727227
172.87524392517938
172.95962260253995
172.9068906261199
172.74474016790683
172.54380801987654
172.375642830767
172.25985280843122
172.18485267374612
172.16660986055138
172.23659209586387
172.39665928639639
172.64437366638765
172.97832570976172
173.32602584494376
173.6521035471686
174.02449634294047
174.45979041596573
174.86150106248226
175.14639601051175
175.2961194814652
175.38337256922404
175.4605246208811
175.56157506728385
175.605704832405
175.52181196773932
175.3208176331417
175.00253548164366
174.68428266574412
174.4546194119801
174.29772834067109
174.15319836694889
173.96704984054367
173.74773729231322
173.55901038007897
173.44870574668911
173.38939747120955
173.2960901653739
173.23275215006478
173.22899319714176
173.22922047804008
173.19659124497701
173.1221375355185
173.09021826503914
173.22754587571987
173.51272614964975
173.7872742922967
173.9230031311903
173.95827871768262
173.99951466605168
174.09156571349683
174.30665163145872
174.66996639967272
175.1994699862891
175.9897754768408
177.17188610010743
178.83296814330183
180.98379370619693
183.57195208199488
186.4692726152025
189.4787024307997
192.5101524538704
195.55728193200554
198.56084210210585
201.52237661006907
204.40367097409825
207.132152303002
209.9250295052172
213.12952007510017
216.82442653868281
220.75077047038462
224.4926169421127
227.89506378129053
231.2635334071672
234.95094760375457
238.85483777354153
242.76230100543006
246.39105934044628
249.7024876209772
252.80237946145985
255.73715500776416
258.48420436404984
260.9338200007612
262.96543615297264
264.364152917488
265.0043186217731
264.88442724854497
264.19171193238134
263.18746566092864
262.0806374561964
260.99239155605073
259.9310141846112
258.90124122367206
257.82762474584763
256.76207190263716
255.68901363011463
254.60711475676374
253.4348848654075
252.24553878880346
251.18137755135407
250.2514707751551
249.42554397298298
248.77635224299217
248.27179248270073
248.00643433329648
248.08934801159842
248.67220227988102
249.68361764359128
250.94485486009597
252.2707426358972
253.65032191292138
254.93724480705674
256.0009205928672
256.7814793883274
257.30273899834066
257.70075336200046
258.21114230582083
258.9936365993167
259.95607278506895
260.9258475209525
261.6787563809814
261.98540722882325
261.79597471782785
261.179002157529
260.257438908417
259.3344475366519
258.58726526119335
258.05113170974715
257.71468565560406
257.76016313583705
258.02648003435274
258.240184349307
258.34771335637265
258.47880957894444
258.74570471484924
259.0809624097993
259.27928173355514
259.41433184972686
259.6193785553456
259.7007348082765
259.60253557453746
259.4209349361602
259.3418003304907
259.4335552616978
259.58485230369104
259.57741964066764
259.52909822193016
259.4948039538055
259.5792149216403
259.8406969516404
260.1690871247575
260.42161227475816
260.43059746021646
260.2381528025866
259.9981132175638
259.89785667790045
259.8379485964843
259.79913767290395
259.68727373494687
259.42487947011193
259.03324413184794
258.55909403699866
258.00012704334915
257.59037351916277
257.4292388904243
257.51755210917577
257.82050052494606
258.281788662763
258.80608216306683
259.27084517715036
259.53287350274735
259.46810501861387
258.98115826531523
258.24781638182424
257.5314025439013
257.03121929692384
256.68027605262387
256.3994055698429
256.26041418944493
256.3190485978444
256.58917315691593
256.9532336057519
257.29159311228557
257.6625167563167
258.04125641689086
258.45259489903407
258.8373166837947
259.0583336137737
259.0200496811332
258.71741317682864
258.164222693335
257.6189158241649
257.2270007797142
256.99074572463275
256.9429122055791
257.162439617612
257.7398744072396
258.50727510203996
259.30409404677664
259.900306618423
260.20750452885017
260.1841822674137
259.8885463386002
259.36005428691203
258.65954911218535
258.0083695060775
257.3804273389118
256.8155419643885
256.38432644950103
256.20238426086246
256.3673562063436
256.75066899956744
257.15957395322596
257.38734366778436
257.260079923006
256.8028231535885
256.11583637038706
255.48556660494347
255.07616385460244
254.77037873570066
254.64981567874923
254.81003574177518
255.17708390335437
255.73841081760483
256.4120407194843
257.0863020184686
257.6542261006798
258.0276149297456
258.22381726939193
258.4259557875457
258.6254521394049
258.7648084198828
258.8651397614799
258.9232661664416
259.01766336761096
259.2442439016034
259.53508116501166
259.82019024885545
260.1893319761886
260.5907085651667
260.82990704564025
260.73761309818997
260.3211175753188
259.68402208692424
259.00566011011625
258.3701395225798
257.7393143135681
257.24860560969944
257.0278663691894
257.23082998671066
257.8196858972513
258.6969882508084
259.68797353924185
260.5683818366234
261.2670760941889
261.9282011568594
262.5628623633854
263.27411967804653
264.1036720658215
264.9106138234236
265.42876892804907
265.26859647755043
264.00352707308457
262.12481182486744
260.7682147980802
259.55065105222315
257.3907096517411
253.23592590832354
247.16443232292977
240.4429950032726
234.95361265740368
232.34805147356758
231.8138933550814
231.343743889286
230.21693007127053