0.0
0.0
0.0
0.0
198.08812137961326
189.05184639568867
179.40288849107532
173.26783848968586
170.42431241061638
169.4046173337339
169.18162313070746
169.16633115491638
169.15569711174783
169.1568603092375
169.26168746360986
169.5103958703208
169.90966424258062
170.41489701038597
170.9169584347501
171.35168120224546
171.72148923496948
171.97851115344207
172.1062653223137
172.11594404283653
172.0373732516473
171.89297850110933
171.70131065380846
171.526795252493
171.29645944569776
170.98348937796501
170.6287115266033
170.29439591372648
170.0826429397728
170.08706235749437
170.33924166386905
170.69697998269174
170.97199218255713
171.056872216979
170.93428857894313
170.6722680538628
170.37649910937319
170.24617904000854
170.3804441218598
170.686164533652
171.00358718537444
171.21294142083846
171.31013925971897
171.35269020215017
171.36173457201323
171.30958512785472
171.2277112647876
171.18416943377264
171.23937311872584
171.39214342091435
171.5473474950402
171.56263872386114
171.37574068423697
171.0720774410015
170.76644244371764
170.4957890484144
170.26448934773526
170.1254499019638
170.1982810244445
170.54269255370792
171.1044640811584
171.64716133053028
171.92897382743217
171.9575602552731
171.8433242757096
171.69238030729332
171.64855702978397
171.7395363411106
171.91560431416866
172.10713407669508
172.23397879965842
172.30886725446828
172.37141596204697
172.52050607403547
172.79654290986548
173.08511426568538
173.22487377293172
173.13431938584236
172.84984172986663
172.45732096159048
172.0226588150362
171.6381464135731
171.38392620724454
171.32228965791802
171.5025992602568
171.8710070459612
172.3135312862849
172.7077940964217
172.99452321179464
173.15125254378586
173.18914575998895
173.16204982595605
173.10016360567153
173.03269067152073
173.00870603712747
173.03310850161603
173.06382882404742
173.00176369096732
172.77900075084955
172.535605314306
172.45838373260707
172.55092988240503
172.71069595524978
172.7970065846103
172.7396966068589
172.57571532282137
172.43591070749733
172.46527202742618
172.71030064913884
173.1441926910597
173.66241233945433
174.12416681085682
174.42037603875224
174.50820047699227
174.45719861300043
174.40282916099966
174.4253052682598
174.4657415191329
174.3907351642801
174.12012487875467
173.6737476267586
173.19069918833804
172.893651123893
172.87480009272204
173.03015467665915
173.20765864874704
173.29259748462698
173.23715031000842
173.09736628826866
172.97031232782155
172.92731915142662
172.98191186452468
173.07022492828497
173.06544804554957
172.90955961425843
172.601551493535
172.1673012743981
171.71357031863596
171.36405159356318
171.20710446193073
171.22306201438818
171.32945746540864
171.46146744902944
171.59024623617884
171.69693752193294
171.79841621850204
171.84828271650417
171.81446684950996
171.70857624356879
171.58749620560124
171.549281183539
171.63226174096198
171.77041558689083
171.89061215035233
171.99650122109136
172.12040174366842
172.28150801511813
172.54401313472715
173.0005672227613
173.64796684433307
174.35451685884814
174.98469557260285
175.48238286736824
175.84956865373908
176.16961100828973
176.6298785378403
177.4374615593645
178.66515926204403
180.24237019087712
182.18456663120065
184.5477806160395
187.42499714152024
190.87165313709352
194.93832231451694
199.7650667964155
205.4405215167858
211.84444884500573
218.38230251033067
223.0809031130871
221.5921803127721
207.88327801051955
179.30740687164612
147.71189012048438
128.25423030774172
122.92683797036146
131.20752204074722
156.54098431593115
200.5083794519077
247.66313984464568
276.42708697792415
290.4546399884244
298.39265424587694
304.4153248498393
309.2482021124056
312.49000815730403
314.61050354906786
316.219964376573
318.0546306406594
320.54583261783864
323.5374971426304
326.5849259831647
329.24902540277265
331.22627125462895
332.45570102984016
333.079232866873
333.25941129665625
333.08520349660773
332.6980755949435
332.2671825476541
331.9238654717291
331.68636448333916
331.3868234143695
330.9435004631764
330.545138249449
330.31136832679505
330.3019522975171
330.54112690365787
330.8741081108684
331.12668889780025
331.36862806803526
331.7785291158558
332.30055228651804
332.8385360678519
333.2534878111653
333.5544057772794
333.98204977781364
334.53244392391025
335.0524931676069
335.553217276953
336.266060112261
337.2324911634598
338.4322079300665
339.683677693447
340.78510692267287
341.720879093687
342.591417290017
343.4688581088485
344.2986001438112
345.17236261276446
346.15291470951513
347.25196388240926
348.3067341208361
349.31372194021804
350.27024966943355
351.12365863888783
351.8239381860813
352.2453582588195
352.43603365811487
352.3332723302887
351.9927213684648
351.4616476114914
350.81734411541373
350.1779066959714
349.60281434680314
349.124577358737
348.7424194458537
348.3152712414937
347.7124757105421
347.00251212575415
346.3560733613673
345.8805100575438
345.53323423276834
345.19359913800304
344.851597575107
344.6152833056142
344.58994632291706
344.6141151133378
344.52189359392514
344.37490730395734
344.36358341798484
344.5508930366781
344.78715400734615
344.9599171289152
345.1028681538929
345.2448677564606
345.3638359825473
345.4137705352885
345.4527123733245
345.5942705804623
345.80669746110925
346.05798036167414
346.2763326986549
346.4031502767128
346.3871197152532
346.1562351201162
345.72157810543695
345.17995821784456
344.610150898072
344.22335393230327
344.1186553948405
344.19784860825825
344.3921184314522
344.668954201431
345.02105087816557
345.4379757469203
345.93980143275763
346.4368665567319
346.81493609832876
347.0509202560024
347.1169994111146
346.9972320309927
346.78083295926405
346.576947123262
346.37030147078997
346.0534375031283
345.6407916548488
345.2550981993977
345.0055359340332
344.8807638446343
344.8151809719515
344.8985270831754
345.1754724931338
345.5418963990259
345.82514800312873
345.9079680737568
345.7193169858569
345.3024209383183
344.71753254780594
344.01419465432605
343.2397906220476
342.54019152749856
342.0516700099463
341.8558601742921
341.8889161560393
342.1207622845107
342.61817553011065
343.2243798824044
343.70372629357377
343.9826666948413
344.01774041694824
343.77569726321565
343.24170710724695
342.5961969824036
342.136395135314
342.0623451899645
342.4662787603032
343.28402799870304
344.26306355323976
345.11711116380036
345.67480305388995
345.8604586864515
345.700188039512
345.257157274026
344.64104200038395
343.97042904121594
343.35026864029027
342.950762904562
342.8999659171888
343.2057675280075
343.6922472015075
344.2000917640938
344.65723242584266
345.0549423924016
345.28002796008377
345.17536143275186
344.6746728644574
343.94620348341925
343.29695450336646
342.9365681959846
342.9157093100231
343.16009719828133
343.5250001412282
343.8531452379526
344.0356994659236
344.0885270806016
344.0701262511006
344.01291782493354
343.98204774480587
344.01664464200815
344.0050866478403
343.80831119987164
343.5566699232289
343.39895218689776
343.30050495943186
343.137050590096
342.85436711079774
342.4922446657118
342.12052247263586
341.8693710962894
341.8384044936331
342.0094612492401
342.2810971851808
342.5259349716573
342.7575318478712
343.0370418893164
343.37199891279045
343.7441677557556
344.0707782019152
344.2687897123735
344.37681720719866
344.5464074065041
344.84390917345985
345.3295603365282
346.3860369174265
349.0875356117201
354.9060971690295
363.763132728182