163.11992802559232
163.7343058988155
163.78374113342682
163.50511163365738
162.80356049454633
161.8468972870686
160.7844182148633
159.62874540068236
158.53477314604902
157.7704797142856
157.46405397579753
157.4729434705314
157.52970005473523
157.4936805825167
157.38901350294952
157.26048364547518
157.19030017597123
157.28152360300086
157.5487075517144
157.88307697022736
158.1555238884725
158.2847380852861
158.2424421758076
158.08720532234486
157.93864506695346
157.9444357982881
158.16409004685656
158.5110690722438
158.88353910070393
159.26882433619028
159.71685273331468
160.27061349908465
160.955989010319
161.70204115221972
162.48006428895678
163.25625212993532
163.92724178595824
164.44304059555557
164.8645645927379
165.22612203392887
165.55798822924345
165.87614102706362
166.12706231733816
166.23475184278777
166.19095423495352
166.04486584866999
165.83638563607332
165.57430724366304
165.29273257890517
165.08601797202024
165.03700223126017
165.1247569812655
165.2626694352679
165.36391446282946
165.3610019659564
165.2264691446657
165.0321021280749
164.90185178765338
164.8694314747049
164.85201172688622
164.79102724563035
164.75154335657876
164.8199069268277
165.03152292710143
165.31485164320515
165.54986202711677
165.69602738366177
165.79312082316545
165.8966833354694
166.05131815481462
166.2152353213716
166.29773887724647
166.2670548017956
166.15316889323609
166.0415678471077
166.05640036312985
166.26231833725984
166.5881373228042
166.89429050603462
167.07511793060914
167.1020767410413
167.0501995408166
167.02166014286414
167.02217622828633
167.00020512706368
166.95841319196614
166.90476088835632
166.85007812557058
166.81876117632697
166.84985129786645
166.9634195827959
167.12145733031278
167.3059417295912
167.45669027275073
167.5328111336231
167.57601865459367
167.63982962819395
167.78929696082304
168.04520279279717
168.3225628951517
168.52721082441658
168.65346964366782
168.76758937552202
168.91900996137554
169.11422835776278
169.34436336144395
169.53293997480975
169.59321538226686
169.54317273143778
169.452022235544
169.34876133317528
169.32178005263887
169.47664677322885
169.78581010456747
170.1250875855817
170.43087531919525
170.70002239321616
170.92643969582372
171.09063548885078
171.2274463284475
171.35513573207902
171.41748541656492
171.38631808315236
171.30014933848355
171.22151274627169
171.17415473702175
171.16831040879612
171.16606466502452
171.10566227293836
170.99430958191738
170.87085552787528
170.87514144745577
171.11660623960506
171.51965243437263
171.95850030647432
172.3570397937945
172.6901677624635
173.0120680903504
173.3426294170989
173.65007701842322
173.90846657685142
174.09340691203437
174.25638481322014
174.5387452097587
174.95581776343369
175.4122847484569
175.70337749046234
175.7112117516075
175.51692456293932
175.30187066548962
175.22498168683575
175.30933746238028
175.45770428528644
175.5195462066476
175.3916964848444
175.10331166121492
174.80583086610764
174.6286336631239
174.57311911276304
174.56591628175923
174.5406511744485
174.47484459848485
174.38796216285775
174.30679660974147
174.2558247635107
174.2449195730154
174.2771895797036
174.38239383633666
174.5923061113758
174.92882166252187
175.40306854311274
175.9562648412787
176.37786531714414
176.56512523030213
176.68162945625448
176.90116825646078
177.35139183243712
178.07766472892757
179.0476261727505
180.22558607551483
181.6481386990301
183.2986136098241
185.09974877506818
187.03935776988803
189.16617405412188
191.5816691804882
194.4247670939231
197.86779005790314
202.00117378037467
206.58476517278868
211.22301019653617
215.81114595765962
220.50389540936456
225.31178408821975
230.10919523918994
234.89738083772016
239.6114685573736
243.97712302947397
247.75270925621413
251.20665135178172
254.766469532688
258.43437508251196
261.9332185243808
265.08265263958094
267.8454752654567
270.2059857231692
272.14657316688147
273.6198301636482
274.7289296010334
275.61504731851676
276.3794458185636
276.8983278338071
277.0052706091493
276.60519609498573
275.8801614799344
275.05657904999697
274.1711677843356
273.07627006727296
271.4770727905552
269.22877163768317
266.38608451911387
263.2452720621189
260.39040498489646
258.23620365061595
256.70685132859006
255.5563743773488
254.58981709399978
253.84057503155128
253.44736025496655
253.3672360892567
253.32438186469602
253.091674017433
252.4934898142904
251.52082655726323
250.3697977384275
249.27151620190057
248.38887403634686
247.806203551901
247.55551969121748
247.60785381223627
247.9980052727435
248.67781331031523
249.42154964088132
249.95728797014417
250.23332507659342
250.31223845546032
250.2728412607403
250.15345810229826
250.0414226487166
250.0098932968383
250.07958890405604
250.02787062966073
249.80144986411327
249.64953722422683
249.7981531290351
250.1991249601047
250.59334428295108
250.8856726804405
251.23518853670137
251.82659486846572
252.6207321798686
253.41406792366115
254.0260995427151
254.53473371699891
255.1978821359175
256.10463237928144
257.1905451992282
258.2778078304567
259.186755044408
259.905936226557
260.5396520273746
261.22305049351314
261.99790996274646
262.87782336177725
263.8567666634503
264.75643038608666
265.35427088181467
265.5504970672024
265.3753496406947
264.89587483538446
264.19105370603745
263.3486397704989
262.5208614312312
261.9093922061992
261.44971109978485
260.96407923907014
260.35749894028675
259.6564053174293
258.90449442972
258.1799014653452
257.62228468456493
257.2533438775812
257.1620930702141
257.3421909183839
257.68333350321507
258.12210635133823
258.4953802939285
258.6574516239665
258.71725067281295
258.813030242616
258.9940723183369
259.18218911939164
259.27145540117516
259.3201269098436
259.4887501050116
259.84280581976145
260.3064543554673
260.72584187177813
260.9938420397791
261.01205317227385
260.725606094941
260.28650591972877
259.89603231552576
259.61277472363327
259.51576434813484
259.5540688595531
259.6698129537405
259.78488241591833
259.8388078000075
259.81848075792055
259.7003923307843
259.47020408309515
259.17798970578394
258.81365427567846
258.4420250533958
258.1355381784062
257.8841093321552
257.59685847066027
257.2536262626659
256.95836386507995
256.9005841150219
257.1028875902013
257.448984236314
257.78417567400027
258.01930443987135
258.1875961419964
258.3474476840134
258.62898122993835
259.01232302989
259.3798915633421
259.7192057729624
259.97782710632566
260.1751466100148
260.3676734385563
260.5955002746729
260.65700847390775
260.5081223895834
260.2525504704979
259.97521449902075
259.7987188983198
259.6942668344274
259.5914142032211
259.41525421272155
259.08207630189446
258.61083974102655
258.00419637685854
257.40950559814803
256.9448996096221
256.64574880459367
256.4941841017604
256.5406389681332
256.7549521261155
256.91570447167544
256.90859388061216
256.7869918218596
256.58522752723167
256.3683926734691
256.2265388318327
256.1948782436601
256.23462294709236
256.3382296493593
256.5489714987552
256.8806009675118
257.2961831728377
257.76300920175134
258.25042596941626
258.70241967494087
259.0120057045816
259.1486964846888
259.22627277094375
259.33773902276715
259.52662394212865
259.7990095964346
260.12982282260145
260.49700851832154
260.87321520154666
261.10322942341315
261.0321025126399
260.77981417158594
260.50199465045444
260.21002816222557
259.8590485243563
259.44942899845216
259.00873591439154
258.6392345093779
258.4343231546758
258.4406321375764
258.7245154256167
259.19772075802877
259.30768674322235
258.74635486897853