164.7109614920083
161.7876084027879
159.03614382170804
157.07009805674255
155.95085220118935
155.5557472722858
155.6973055867854
156.1191005289878
156.60449183388226
157.02227806064195
157.3376895448893
157.67462899852018
158.23993281381024
159.13838502158058
160.24901898742723
161.33041993799407
162.22031751955726
162.84141804359058
163.17577255377577
163.24938970633593
163.13205135929414
162.93781441140277
162.7835149608344
162.75342479179312
162.87618467073347
163.10019961774876
163.38769144496175
163.81756879974432
164.51010685762486
165.5287459942004
166.82535562912477
168.20419551045825
169.44563473862993
170.46648071699377
171.34622820891383
172.23006154278175
173.18702869401267
174.1269657508294
174.84971127617254
175.2484702198413
175.37640150104525
175.3651406212299
175.3517373319758
175.40251252112466
175.51334159893088
175.63182610593609
175.661488248349
175.5270387485503
175.21789009816928
174.8085656477062
174.4383507059216
174.18000554217815
173.98369066705936
173.71707259706298
173.22781951418546
172.50607409819972
171.72989614284427
171.02535399329176
170.43532288740977
170.02439070486932
169.83473027330794
169.82625806023725
169.939400985773
170.1634043602866
170.5103378683538
170.84577522475564
171.02555226878033
171.11303907893435
171.15939552829843
171.15876330650178
171.15306067939383
171.15088390569542
171.20716562413264
171.3750348171532
171.56219457432366
171.67524892817607
171.69312463567147
171.62104366978826
171.37708126208653
170.97759882436185
170.5811910259397
170.26307593509375
170.0076699492504
169.8412654731009
169.85984034838447
170.09344465967726
170.47241636801513
170.89984141043468
171.30387641789147
171.64537477948127
171.92070399661688
172.16884376579753
172.4245549804993
172.7213256336267
173.07484769959513
173.40793519220344
173.63612755250983
173.77984467828824
173.88650348817237
173.97810150368878
174.04427767675674
174.1281093807418
174.34805859828765
174.75228527399597
175.31263170265498
175.95977802717493
176.54018234597837
176.86823629415244
176.97168536372104
176.96229437401087
176.84343001842473
176.61329657828088
176.2899373220527
175.97219567059665
175.657946460749
175.2802456158838
174.8398660256171
174.4433378554706
174.21837484786556
174.19073035228894
174.34542631300988
174.56139267481097
174.70833638105205
174.74557785281962
174.6909551819772
174.56773424170225
174.36707355607368
174.03036404438473
173.52756621465522
172.94832044349508
172.48546714987475
172.2398293254848
172.17852549754815
172.21426645080498
172.2845829780248
172.41427039467857
172.6324917818166
172.89713470490835
173.2453107226807
173.62314180516537
173.94098236264222
174.19894080930806
174.30224447459548
174.20435955121891
173.98636124849696
173.8597924554497
174.0120998693095
174.39205847253814
174.80574285084404
175.10929655820647
175.2601959121986
175.38613704216178
175.6085067982644
175.9815717618812
176.5190960625924
177.08995164961726
177.47596406332931
177.50693269268464
177.16352092697565
176.67894549490603
176.3278939872041
176.20166148077664
176.23036323527828
176.2619470226582
176.19975990115407
176.08044852696847
176.05813908726122
176.2500329514345
176.62710658428648
177.15636522604052
177.76440471485273
178.34713157365292
178.9672468738074
179.74300100583403
180.70250133966334
181.85695846418386
183.17947710996577
184.60159993361088
186.10825616686532
187.74870592490927
189.56866264961187
191.6700925856947
194.17808831923193
197.03886743034127
200.0955649646597
203.13608286017381
206.03034930702793
208.9274320865003
212.0328480622057
215.35330528685114
218.73337870253897
221.98339750862962
225.03417714962555
227.9905370931238
230.99134556061506
234.02842531825604
237.04684763163223
240.02280166302307
243.0724556383874
246.29394810027924
249.61555843204914
252.84026782062796
255.6898656220757
258.0097716748876
259.9099695343689
261.4432083310145
262.55701274518935
263.225795050922
263.3838723727545
262.96212314417215
262.1115844600821
261.1385295449505
260.31592654085796
259.75089474189366
259.3297514578976
258.88590387885137
258.29373331503473
257.4527613401119
256.37104615194414
255.16491657696062
253.99819017718917
252.89888629837156
251.9144952859399
251.18146434228004
250.75474058732286
250.68311215756216
250.98723018844197
251.58294073336634
252.31383242715384
252.97156724695137
253.32418336599093
253.2971878769515
253.125707180056
253.14238701967557
253.4869555528759
253.98588573874008
254.43367434886753
254.76839548285116
255.0294739930718
255.23733707428664
255.42102106038152
255.6530261825942
255.99147205045392
256.49084284291376
257.2210458391064
258.13564772539746
259.06641080261863
259.9042904059238
260.6947248467672
261.46529167940594
262.19348039687344
262.7285641827837
262.93896584012805
262.84877407788537
262.5939607115901
262.26673336845164
261.87865037412945
261.3999575300321
260.8152412439996
260.1791597097781
259.60407342134783
259.25572741571926
259.12852674037987
259.0568196485025
258.9515073153827
258.8794944853863
258.8884894528963
258.8563269725444
258.72533002882653
258.5099027796514
258.2694086300394
258.1481760435595
258.2315580865922
258.5131796972263
258.9551849388529
259.4698407080986
259.7874589139968
259.71121963499036
259.3429540601145
258.9956505111279
258.89512883979864
259.0964680482642
259.56168580806684
260.23366913885314
260.9486924577644
261.55776124913837
261.9789178103839
262.12064024842715
261.9216594633541
261.4713109778106
261.0133456600539
260.7316932164345
260.6906355620781
260.79224098021234
260.8460863770186
260.7456802188576
260.55583490571314
260.3438327749073
260.1179683781139
259.872908381088
259.62141985195353
259.4165229225679
259.25327045866396
259.03381425272283
258.71971928951336
258.39313411176784
258.1614088655995
258.03470452482765
258.03602757440035
258.14848507260837
258.2197820205387
258.1242108798147
257.94181810683887
257.8621206995562
257.8936872285353
257.9402445195508
257.86217497921916
257.64043225008174
257.31876881706637
256.91841539768023
256.5762631458613
256.35045103929724
256.3244670772092
256.46614585766474
256.56966174243587
256.5148016598208
256.4065005741612
256.4228309660421
256.6456931774423
256.9874215177054
257.24775542185563
257.3099236034404
257.2551966081493
257.13570566636383
256.8888003309429
256.67086009942193
256.65069991335184
256.8453542909287
257.230843788866
257.79763576722166
258.5271713901755
259.36866086590834
260.2470600976081
261.0577575826254
261.72084527101407
262.1593361618751
262.2902282661547
262.01791610321607
261.4385433678961
260.72642953652166
260.05785818902797
259.4834139564266
258.91314631862093
258.23489222318665
257.56764420499786
257.24112871247627
257.39888515528236
257.8563414527187
258.31417986344525
258.50655892636576
258.3558086552731
258.1185333441324
257.99398913779015
258.06769912951955
258.3528658267171
258.7286006530256
259.1500647297012
259.5776530299109
259.92324393557857
260.1978826983581
260.5695233821401
261.1716736129972
261.9764283597567
262.8763390730231
263.671901335917
264.1846431037549
264.46984184368705
264.5207760659423
264.31670170892386
263.9160375225689
263.31152577504264
262.627689969102
262.10451569411686
261.85823885778456
261.70395544064456
261.4258993087536
261.114346598891
260.82880490516317
260.5464750717385
260.2820390629863
260.0119698413067
259.76594832478446
259.5078811237684
259.2588427361336
259.148691273261
259.1499672232465
259.2388075297338
259.3414935489851
259.0262104650951
257.6314712672896
255.18274384615674