0.0
0.0
180.81256728003032
181.9573178025621
178.86227024281987
174.83971973767285
172.27824533322107
171.05937899337135
170.2420688985448
169.4456253479068
168.70373613541014
168.1539799313627
167.9371759631475
167.99072067459662
168.10897171548896
168.12623354943625
168.05127172683243
168.05153039161422
168.28753731479105
168.79882733933258
169.55329160797803
170.4592710894088
171.37385464278915
172.17692986205805
172.79420413822442
173.16145271934215
173.26465729408497
173.1509794082092
172.86735259464615
172.51138254114537
172.1888258669639
171.94374645325493
171.74491213252358
171.51761434931572
171.28411416304053
171.12164596229815
171.0086716101671
170.88902135894438
170.67984698875415
170.26101185919913
169.60605520042375
168.79561395037683
167.99811327463527
167.37163166121064
167.03775236983864
167.03660099502773
167.24748751449602
167.4967716004187
167.6783680586764
167.81014450483931
168.04085903500805
168.49776388890788
169.15439046308188
169.9432911164596
170.7358348356243
171.36682004925058
171.74915337706662
171.91198683645413
171.89722306850462
171.74488428415046
171.55203915676873
171.3711065283955
171.2882553946239
171.33038033576167
171.4639354351319
171.66801607940027
171.86164848877405
171.95556178460652
171.94255486515024
171.83510447639986
171.64134502263101
171.40994467202722
171.07892065199815
170.53864596303222
169.9415456705808
169.40276278596343
169.12761047877382
169.2307364852396
169.57839786547467
169.9560244368613
170.21870607167935
170.35224500520243
170.38149597443896
170.42017625182558
170.53808481351592
170.74191832528552
171.06232426843482
171.422446564358
171.77903001187306
172.11686300968177
172.46633137764434
172.7946101229199
173.04934966716138
173.2539507658245
173.31259777752788
173.1575839791431
172.83686390563855
172.49877932125443
172.24165920420256
172.0874241524579
172.07080465331552
172.14227034060343
172.15970579440727
172.19089597565255
172.2427313878714
172.33422867363703
172.47757016447568
172.5841542020988
172.65971903608778
172.70263063971723
172.72011844251278
172.70871949761056
172.6578258591307
172.59241353038027
172.58225955808106
172.71113699677932
172.97200464558534
173.19988858221643
173.2076567055588
173.04062372211888
172.77978632959105
172.47083352832016
172.2587416226259
172.24190547395494
172.41364821595187
172.59021337088006
172.62485168577646
172.58621283654924
172.61351849508713
172.78996367933303
173.19580703828223
173.77844792362768
174.29644415429354
174.6119490655018
174.69743018738077
174.5621149576511
174.32408720369136
174.09813401569048
173.91285293466044
173.81504856618494
173.7132359062997
173.51967057843365
173.22365934350523
172.91049204595205
172.70616879926897
172.653326612236
172.73732077531713
172.88977086556716
173.00016533093589
172.93228104324496
172.696436522901
172.4377264221099
172.28770463040013
172.3391737315418
172.57979277865158
172.86132874654913
173.02306299001734
172.99037519630411
172.80141892761554
172.5130765432605
172.13755595795539
171.7921450568165
171.64427115142007
171.74185963048802
171.9754387134733
172.22288491518205
172.43984949080698
172.6299989807871
172.83011177822502
173.0177161721481
173.23513398739237
173.5769607455879
174.09924104369279
174.76681415042464
175.4827567770298
176.2172728299418
177.05268458102756
178.1502406184208
179.60537809662492
181.37567607363786
183.3037102593813
185.28441786970077
187.43133497399322
189.98987154458928
193.1674969060415
197.0280379490075
201.33842321578246
205.60203560626067
209.46900638884512
213.31689598564878
217.66395921085785
222.68017639703834
228.3349932188743
234.7565289005823
242.0214900333398
249.85924752040927
257.36514449646626
263.6676781035741
268.8878188321854
273.48861370507586
277.56154004263533
281.19904228741535
284.7038637490726
288.2814465448671
291.81370931838916
295.165667501225
298.32870211741687
301.3203601978229
304.0955730650319
306.56637709593315
308.8114594243323
310.9563718044674
312.978255617536
314.79940847392083
316.4113866666423
317.8363397137136
319.1524136388409
320.3223122352531
321.2560329591703
321.98585706137817
322.64672491250764
323.4054781305228
324.3964566617076
325.6582743063967
327.1395497182953
328.6726209502066
330.06320929765565
331.3246000424556
332.5290575219088
333.6471111753839
334.5133389130625
334.9886107867071
335.1413575451981
335.19514713361474
335.4785070079585
336.1268144648007
337.0749402757512
338.310763048243
339.8920318138168
341.6091572545764
343.099253472201
344.1611299643263
344.8547542734758
345.414502242449
345.9621737976801
346.43427126271934
346.6285785492746
346.4828282520655
346.148379658714
345.9365158628996
346.011114061026
346.37825050044466
346.95710585081235
347.6303479811164
348.31112430820673
348.84478970482013
349.064523772764
348.96364634487355
348.6607266332227
348.2658362694219
347.84916060739783
347.46853729406433
347.26517153135165
347.3817526200697
347.8016957946081
348.35492509124344
348.8059361172167
348.9472415873289
348.8007558471177
348.5080501468261
348.26897552185255
348.1479873422148
348.04437964688486
347.777539371942
347.26092761647794
346.51741296816215
345.58208734631404
344.65128559526624
343.9556785351394
343.5768587755548
343.496795986183
343.64874017536994
343.8767399917746
344.04561859832944
344.0784817602306
343.8963697889282
343.34300272459546
342.55280483058203
341.85299459264553
341.3730620969727
341.0279162241524
340.7724232488427
340.5771998346081
340.459984527776
340.4313004643169
340.47747255489605
340.59443289294734
340.890166700215
341.4343692012122
342.27998887229717
343.3811308681484
344.5227159348673
345.4455209966576
346.0886841358095
346.4635717139598
346.55362071011103
346.2991103050774
345.79829479513427
345.2282732775966
344.7059235805111
344.2677764485601
343.93910310358945
343.75801522626085
343.71954605255155
343.7459879715892
343.70523842074135
343.52822601943325
343.2944985359071
343.0999720458701
342.89620056719633
342.5184165055158
341.901381863386
341.1655898163449
340.5100837048733
340.1982918665532
340.3371491436578
340.8631241586132
341.7363298175188
342.71632833261003
343.406069889119
343.5545123280411
343.26885406802626
342.8671334723282
342.57130206961773
342.4746611184228
342.5745621572371
342.8272632026829
343.21515493522304
343.6814397140521
344.12016453845945
344.3174642712629
344.1487835286112
343.6419942084109
342.95261447879864
342.3989374283801
342.2501497858724
342.5139009790497
342.9805407840632
343.3743664634957
343.67024812439
343.91001653306
344.1112987833037
344.31068890015894
344.4824008047103
344.57258515940094
344.45141912220396
344.1137665352959
343.631695329492
343.20294379520203
343.07656218490666
343.31756427580046
343.8333905725325
344.4376129433604
344.87201092577425
344.9919899824608
344.8129630963906
344.4521956628433
344.0622828326547
343.69322853250475
343.30749691390884
342.94445412893145
342.6828130867846
342.5725266078499
342.59388516357245
342.669487558553
342.7714720802977
343.0640686146063
343.5690070798746
344.1102205144065
344.5212618691566
344.69641848994513
344.6179709217814
344.26425422717614
343.56788380204677
342.6039065801296
341.57025355807986
340.70838591240795
340.24546198665314
340.1971224217433
340.4616243058439
340.87532794231214
341.37566790650544
341.9721218477633
342.5669539977819
343.0294149524436
343.28969485742084
343.2963116587355
342.98472976207177
342.30199579735506
341.20141086112
339.91558029995514