0.0
232.99647495752674
216.26683621949272
197.55550777847117
181.23986272273618
169.6935461066278
163.11166941703055
159.4001765484553
156.8486584584877
155.10295450821718
154.3254686281928
154.51502691456528
155.35077429825208
156.36692754194218
157.25361680659154
157.9904348499171
158.67881066267694
159.38643314117232
160.13763528850143
160.91470841074934
161.69656318035442
162.47406231014895
163.1910869393236
163.7670785821358
164.1622322062061
164.42660653414936
164.65223275004212
164.84094670863095
164.91705092630076
164.90853484361972
164.87041125109374
164.7965670477502
164.63916513216088
164.44943032963772
164.40935554701434
164.61111224278164
164.99338073937346
165.39669711122755
165.71768066508713
165.9824750660889
166.27802749043698
166.6913164576045
167.246113543999
167.87856768140392
168.47015216901215
168.90952765755512
169.17305819821297
169.3577340643069
169.58952414635715
169.888018090312
170.1647461409013
170.32361233637047
170.36034913991531
170.33723529234578
170.30347308280383
170.32519017103778
170.38136038477208
170.39334152098024
170.30714026166737
170.08770707922272
169.74520777232155
169.35776352290037
168.9811585106524
168.64947305438784
168.33627388132126
168.0059649297879
167.7295280324136
167.60002440896034
167.6138420475292
167.69086186168778
167.74148320883958
167.74994228425243
167.73801373254952
167.73800715136326
167.87084672113818
168.09088148341704
168.25158347516077
168.30620277935347
168.2531947364298
168.10173134165842
167.93849670349687
167.81986685572318
167.78846515379976
167.8842275594117
168.119255902608
168.45961483503893
168.7795126222585
169.0140196220023
169.14812349953138
169.1874687649286
169.19524506546873
169.21768847213886
169.19598166856724
169.10095354473142
169.02248461692068
168.99486524989996
169.02183220093764
169.13273069861629
169.26072172128676
169.338724690153
169.39679544955177
169.48283352928354
169.5775798218579
169.66597610882434
169.7723939815124
169.85246474248376
169.84270138775076
169.75606762340826
169.6648680131877
169.6015587252581
169.57044175321087
169.58241869768707
169.60733408278213
169.64757857336676
169.75565327410908
169.8925669782052
169.92406682856102
169.7522846357876
169.3775598153691
168.93170523043798
168.57769685489933
168.4292292206311
168.47319831712892
168.60285664244046
168.72112458456684
168.7273330508428
168.6385307333556
168.5472393403893
168.5196245205396
168.6013989326269
168.73589358491125
168.77458557105032
168.72550567987057
168.59819745951287
168.38752022436861
168.17951997119314
168.04962283765752
167.99739387143342
168.02737505904548
168.11436939501047
168.2345673571725
168.415444759778
168.67040348981826
168.98232770305606
169.3750005774482
169.78036151232772
170.03928734499476
170.07429050343933
169.9296430495053
169.71898125225798
169.57082991589476
169.50341493164484
169.4669467117116
169.331873950322
169.13678899981016
169.01762164187127
168.93123804245144
168.87985290940344
168.89325445270518
168.96363230063224
169.0515232229772
169.07458648257307
168.9379544202646
168.65678462735852
168.34730157654627
168.07139563389165
167.8752346834577
167.7938158642603
167.80771089331773
167.89084805621349
168.04731661105743
168.29517257125048
168.59253067534976
168.79977621252482
168.84733630955208
168.83110947126448
168.85220391090945
168.96918405206998
169.2501223327357
169.70461947331663
170.22632218652527
170.71117562816906
171.18429421263428
171.76188840593392
172.58053123957993
173.6995132987301
175.13465073708556
176.84625163837228
178.73011574916035
180.78609909057363
183.19435393264658
186.08991032470948
189.38072298727337
192.98732756882157
196.95546310319247
201.12435530959473
205.14033173754746
208.82065363100315
212.33378158534254
215.90276276456535
219.46555872702032
222.69442714967664
225.38027594749215
227.55849724805262
229.39550405356573
231.0040116165223
232.45397172343343
233.83583145612351
235.21781929720956
236.671469859965
238.20996708893614
239.8232654728991
241.5030635652822
243.18140422835444
244.7363590939462
245.99166196205317
246.80829522810183
247.22042753730284
247.35795767789426
247.39056493598872
247.40598282231005
247.39389220283078
247.37338834231383
247.4571154415318
247.79043533286665
248.4688377492492
249.50919872105644
250.8901856519838
252.5564416758514
254.43815314555155
256.420219427225
258.2729504921208
259.8605158431718
261.27067377884765
262.5045947956751
263.50567933891307
264.29787187567706
264.9231484570441
265.36686456445386
265.6047433394182
265.63184610454385
265.44348914954
265.0720319882372
264.6261735861341
264.1739743923032
263.7127757395714
263.22229164061594
262.6735930067545
261.9909633087813
261.0568209421333
259.80843065763855
258.29748834645767
256.69391288821413
255.19799217439737
253.95320737837704
253.01466421058052
252.38997809356147
252.07411839463367
252.06753121224656
252.34469407783888
252.8530459717877
253.55062850538098
254.38280362300378
255.20416118579794
255.801950669471
256.0645918644469
256.04570856263007
255.85429871297538
255.5697030962063
255.28703233077465
255.15680731718595
255.32249546147693
255.79405320813825
256.4564492481489
257.21449049520595
258.03642488233766
258.8455005978712
259.54734345143186
260.09762168745567
260.4729340534488
260.6720947526601
260.6749633227938
260.4654275970455
260.0691270387026
259.57919862151283
259.0899865614906
258.6706526268911
258.3840557850789
258.2691695875176
258.25414475582863
258.1930303460795
257.93411901505647
257.4511828662844
256.8814626124133
256.4468624490247
256.36920573894747
256.69576944301957
257.2288440822801
257.69508851820694
257.94242728449063
257.9399805509053
257.714063042914
257.2889700200319
256.7546235035737
256.32806559348234
256.1996168097436
256.3755344297641
256.76592935730497
257.2742334492249
257.79634560991553
258.2715025837375
258.68168923655236
258.9802937081672
259.16007240736275
259.29800081025496
259.42939954066605
259.5819134866725
259.83277709126247
260.23884845003494
260.7651130420837
261.2705653151813
261.58070427357967
261.5999562438386
261.34058849402663
260.7644243378063
259.8925780165745
258.83900322876485
257.7258711040487
256.6970305306408
255.8729502099205
255.34555966624083
255.15556755259541
255.19613279697953
255.26385784198405
255.1428825340941
254.71148702335313
254.04854305180726
253.3511094367771
252.77068540328875
252.34766369738054
252.06669460093875
251.88872917338887
251.79080637019092
251.7345720360694
251.6921029898591
251.75554700742606
252.10416162257707
252.82391390226866
253.82244577195098
254.89731670568744
255.83661472583742
256.56564631548474
257.1103393700727
257.45114151958813
257.5903138037765
257.59221836391714
257.5559116025736
257.56123502694356
257.6284326434761
257.70409190448254
257.75456006086586
257.8178704171935
257.970083354178
258.26431052110894
258.70632697141093
259.2063775329033
259.5457410538086
259.5855088340158
259.33193291575776
258.8612447352946
258.3165723909483
257.78944958260377
257.3647788869033
257.05771006418234
256.7372023827107
256.1888540709043
255.4092266449433
254.61870156032438
254.08361168916116
253.89052828300822
253.9220974266324
254.0573773368075
254.2368753997837
254.43941483348192
254.65993747963222
254.87402082239151
255.0905898061655
255.33286530370714
255.64027283114484
256.089654936834
256.70647310187945
257.38516954943935
257.9528423534405
258.36913494422635
258.892867296115
259.9376595865015
261.64506911387764
263.5181543251083
264.28753337213016
262.53234493389743
258.6211846484517