0.0
0.0
336.2992731229051
318.9971183770616
288.2699232235284
250.64480801152413
217.41148993397223
194.64228070171544
180.64877312617776
172.1638924173977
166.4159378546965
161.76687571414115
157.92579246757114
155.2956521865545
153.99780464389275
153.5580811206502
153.55755885705761
153.81173462673632
154.19821024627643
154.7022588978512
155.31709932007604
155.93655997724568
156.42343318225383
156.7634461469653
157.06101513785333
157.4583559785424
157.99983337915546
158.62227544173965
159.30041360452066
160.03251419145997
160.73758393589927
161.31428144205847
161.7990572794512
162.31379693787244
162.91781334871007
163.64649283648407
164.50401146450133
165.37200912507092
166.07041384761064
166.47264243506552
166.57662387499764
166.51704202363118
166.44529746404834
166.42695107990164
166.4943040386549
166.6644580272644
166.90560637678914
167.15876157953053
167.3882025284543
167.5694854697125
167.69710837907647
167.8058016207273
167.96095172570944
168.21330759338397
168.57084757127362
168.99127296317857
169.38692507142508
169.66577195715774
169.7966622476012
169.7884860577018
169.6826301266617
169.5336271061277
169.36666479816822
169.20088912625926
169.00486788874687
168.74675341733416
168.47979550657985
168.26630876367457
168.11675936770663
168.04554730229106
168.07864323626197
168.20829947357942
168.36966426977344
168.5006260495076
168.5454374099842
168.4587243935602
168.23330283767683
167.89394927984316
167.5195348780906
167.20957998371352
167.04848677864626
167.07879455299656
167.25258791552136
167.48002568032786
167.70335632072687
167.95241024962638
168.27120931124577
168.65263119334816
169.09129376726375
169.53255810833343
169.89607970317346
170.1362007930719
170.23827426198594
170.21043664575538
170.09226353395707
169.90983976941493
169.6482491181945
169.33373054006825
169.04104140283798
168.7938878924954
168.5294975928026
168.22170923536933
167.94894096991098
167.81794927042085
167.81489884069282
167.80197248151967
167.70630005639921
167.57987821678722
167.48241947379827
167.43478829236886
167.3968299720906
167.34433409766046
167.32059801445703
167.36979087678588
167.53249411058968
167.81038379002297
168.18255058884503
168.63718401796052
169.12116064882176
169.55804241652038
169.90798898569273
170.15643165182178
170.30342608871112
170.3815067317599
170.4492804374571
170.49005843030812
170.45172017947317
170.3391410619949
170.19443781725008
170.0541120569889
169.9237989610931
169.794367979737
169.67035214732599
169.54765907504014
169.4124994765764
169.22265035595245
168.9789617000611
168.7576897666646
168.61260361714767
168.52250258216722
168.46355125679557
168.4191845839909
168.32900786800298
168.16641975837146
167.98830927491497
167.82674971844412
167.6707400139536
167.55708760613152
167.48585868324201
167.39799859079525
167.24831021347634
167.08982982331156
167.0239081539952
167.05254266466898
167.1163943549332
167.180524926196
167.22225968532246
167.20013833548938
167.10000067607714
166.9900939817167
166.91961388998678
166.90748715435726
166.9457734700896
166.9858076965625
167.0255136968798
167.10385341757805
167.17239530774881
167.18305437304787
167.22085055286178
167.38430912181516
167.59269891784177
167.72764323499405
167.79584290411026
167.84443978646743
167.93119150018867
168.14884221023436
168.50385651917057
168.91308811938777
169.28280547057238
169.54316321505445
169.70556602255527
169.84395561823163
170.00189323855238
170.1757856001205
170.43142134235396
170.76083202836207
171.07193973137424
171.2977736140839
171.43176156327908
171.51971973936878
171.61624381511584
171.79216883146046
172.1185092494804
172.63058860242276
173.3078081668335
174.12950811565173
175.12373952028534
176.23971563399158
177.4056331503985
178.72634044410876
180.28476191099293
182.01451774631673
183.76350467043358
185.4295954241647
187.083098099861
188.9466076457474
191.29357539014194
194.2092067722037
197.59009056850425
201.3005752816776
205.12370524212076
208.82767826843516
212.36769862991537
215.87617303740666
219.41920728307866
222.8622693606513
225.9957214424708
228.69730634935257
230.97269669813898
232.9003394346222
234.60649399872045
236.1307218141962
237.37304639778856
238.13701831545708
238.34771546466652
238.04347457450586
237.26644533244905
236.0783188418469
234.6413688400076
233.14518482991957
231.6547228466613
230.2007595412948
228.78109630633992
227.37841834683942
225.9814202820735
224.46781397291699
222.78674053827774
220.986422670357
219.2447167968342
217.6843978856457
216.46495455489713
215.66066919749485
215.20125870845726
214.9653481041837
214.9318441040683
215.11633205371936
215.51642890324862
216.04823527056396
216.613461326876
217.1759747878183
217.74456360355364
218.3932570319084
219.11821892427594
219.8529646733617
220.5426187116809
221.1435859104246
221.64254342423388
222.10348365432452
222.55962619050365
222.99897428512796
223.4759272464312
223.98172483222524
224.51729827780719
225.10518867660153
225.71239813046844
226.2184540897607
226.5234482000555
226.65401033589953
226.62459116896795
226.29612400554038
225.57164089441068
224.56120459604912
223.496909137261
222.57513076265764
221.87166909681665
221.37742497826517
221.05929428789327
220.84911300487275
220.68846219981847
220.5071794182637
220.25008827919848
219.91942352341601
219.53995324019024
219.13731815422273
218.74243009159
218.4245671525855
218.28080538333575
218.34470467476126
218.61719029181188
219.10809209667502
219.7126601220877
220.27011827071868
220.72155120420194
221.04568527670446
221.3011774790185
221.54200127405784
221.80672823648618
222.01566871088082
222.1613533299389
222.2680336474565
222.30952840855608
222.30782019579925
222.30329258161302
222.2999092845473
222.29812255511973
222.26165499021428
222.11065646636882
221.79936839620396
221.3812140721124
220.82849277051315
220.2385677522066
219.69773509904044
219.27410539929235
219.02135483982627
218.90106053880433
218.89892852768133
218.90410517535565
218.89920909100928
218.96343875097352
219.167251163238
219.52459820017407
219.92282581102768
220.1828370787538
220.25318298566873
220.14022697105239
220.01436665683897
219.9866597802063
219.94110008080057
219.8568759950678
219.7840296087191
219.78873444810495
219.84960217529834
219.90251106845173
219.98433698527816
220.05876353332948
220.1172582853181
220.16117789167816
220.16295297195745
220.0766497659168
219.8885904136656
219.58743615165844
219.2372972367067
218.97995679550326
218.92848579872353
219.00446786060752
219.09024028501585
219.11527505625668
219.0699044474076
219.01314255834134
219.07216071397465
219.2390019389415
219.40796995383502
219.50922996170468
219.5215738577995
219.4565537898623
219.3418668912322
219.17170872436282
218.9072990049076
218.49959105656717
217.9802584068516
217.48253509789527
217.0556276272416
216.67660740580266
216.35190341507948
216.12981714000597
216.06301629188178
216.1723307274649
216.43650461327667
216.8135864393156
217.21625401003746
217.58653067141475
218.0066638511338
218.49863330787858
218.99158652149575
219.39869234578117
219.65214883445526
219.7702482410407
219.82679338337755
219.8607025085671
219.89386564675837
220.03632398113382
220.230115685054
220.38089132441786
220.42201776634988
220.35201657691601
220.2362319031161
220.1602581106518
220.15006223139517
220.17787842806058
220.23872102724417
220.37858175171002
220.62716089709582
221.04558307715413
221.63986978080368
222.29600821792098
222.87653919775627
223.17196155402326
222.7559966275739
221.02658398245433
217.66057576825878
213.75874565590982