0.0
233.20346535208893
228.28239180583037
229.03390554105647
231.45287678023638
226.71573590510624
213.63724215778728
198.10519810493395
184.00168341768318
174.04986536955894
168.8571604610753
165.83809297319155
164.1946128572161
163.3659313566065
162.31082066968378
161.44193267811318
160.93440400398424
160.79105272821855
160.98088565503977
161.2547881050504
161.5201359936621
161.861203480036
162.18712306487936
162.37584598212285
162.47351711121894
162.53624730707347
162.69776777087876
163.07990890049825
163.6300170271355
164.2247015177647
164.87107779217683
165.6147139793011
166.3854975982492
167.08975440722298
167.6417410278036
167.97321736275
168.1304757927511
168.20729142191004
168.27701364101537
168.42647774655586
168.69443670499544
169.03254116238764
169.35323621815118
169.5159430950572
169.4334326157618
169.08442318354463
168.61010064819752
168.26920118537632
168.24568209149967
168.54436574090613
168.97842909813917
169.3395042789957
169.60008282140066
169.81663731682886
170.07930705583777
170.5127054248686
171.12589724798946
171.8806984540251
172.67719800134824
173.41748640918098
174.0263645375585
174.44404237897245
174.65106797197578
174.65529423264712
174.540416481967
174.3504665060464
174.1227175057728
173.88466301378512
173.64597907240267
173.42833434235683
173.25812566681572
173.14898802119723
173.04739504138917
172.9658662706384
172.9600059836398
172.91445577487616
172.67832032412744
172.29758354139736
171.88889951588231
171.5740266144905
171.38033415639683
171.21312145223115
170.9834861728432
170.66387569516868
170.25399696120814
169.77828930749234
169.31012195176282
168.92849285187532
168.63093288327755
168.36098810014698
168.1021589335749
167.88802104894512
167.71918944533635
167.50322861374576
167.1651999915859
166.71181759675287
166.2147638470528
165.78825354351176
165.51981191935155
165.40701418794703
165.50009186206327
165.78721922325565
166.14088747370732
166.48926918678916
166.78865106809957
167.00660564985776
167.23623752046674
167.5521478586245
167.91172691329686
168.27439021265857
168.60818398759352
168.874943937349
169.07134853678932
169.2592584490561
169.48877192271067
169.77796811687713
170.18087168190402
170.70437101043362
171.35132925569457
172.07970170491424
172.8073343081869
173.48793364859057
174.071529664688
174.45488044048264
174.58007248527196
174.5507813943646
174.4775082371333
174.29981949898018
173.9482500941183
173.54378324978967
173.238464004512
172.99865783531777
172.70248171523906
172.34707172560746
172.04504910923197
171.89214230179428
171.90269753788044
171.98632850034843
172.0502275509824
172.1145714428686
172.15036446242485
172.0947600908738
171.959525109727
171.81394685976494
171.70448004157015
171.6033872630516
171.48976934718556
171.41010551562795
171.31522327447323
171.20546309144027
171.11438132892255
170.95276480487104
170.72329789987504
170.46255678790607
170.16707437875243
169.8519562862487
169.5187152254575
169.16959147603228
168.83863353232422
168.53324911928271
168.29613039360424
168.14497150254766
168.13937536799855
168.33440398597253
168.64239083143707
168.88412046244142
168.93707393315736
168.8342676444677
168.75177972043042
168.853906462594
169.11257012081958
169.39311529681675
169.67017410032332
169.87503081315813
169.90048762564516
169.70361072937058
169.38727979827897
169.17085906423074
169.15590934335987
169.27763272772
169.5237805774289
169.84835443358833
170.13045969207397
170.27710711955797
170.2647593263277
170.1960299677969
170.25659740899425
170.58534473876685
171.1353742394152
171.70492961682749
172.15268717798398
172.47921288064592
172.7142029205187
173.00252897042847
173.51486080741293
174.1600993864052
174.83660660652234
175.6408572708266
176.66998459686604
178.0511466250121
179.8662349214302
182.00358499600074
184.14989889394164
186.10635881769423
187.9529115460336
189.88901750380555
192.01032138062544
194.1881644061196
196.21736473213522
197.9968281192484
199.60538267740793
201.2148746140467
202.93637740761716
204.7631703858279
206.62872938514045
208.43285171310333
210.06433297280543
211.46170731291184
212.70935651799059
213.91556857891362
215.15558366537408
216.39510607042783
217.59304546849404
218.7982535920037
219.9340981546726
220.9264358476574
221.57963051779157
221.86941443546766
221.71415595859622
221.1133770819987
220.1629663353334
219.0593965909556
217.99348149365508
217.08429692303017
216.40270530811486
215.99425603853769
215.7952444740259
215.6436432673759
215.47070835163387
215.24096168738458
214.91832041552306
214.51079917522364
214.02427604393137
213.49300060076885
212.89901936737428
212.40455465416272
212.12719656523905
212.08618234535027
212.248687100075
212.55903262303963
212.95052667424585
213.41146155073577
213.96526120769363
214.59406143498975
215.18279807664143
215.58192403917099
215.79998671831797
215.9165885293359
216.01023798230804
216.18975415169297
216.37333715700623
216.5259195966874
216.66404127961988
216.79680027153597
216.91886649474498
216.96420890137588
216.89032539728709
216.6547447065719
216.26120248550663
215.83238473026302
215.47817550571577
215.32330965430043
215.3944698968353
215.6332485115079
215.95173880569314
216.27326577182058
216.54281871532044
216.62433807892938
216.55866940009372
216.60801250923296
216.85258014403487
217.20770519893364
217.51462706772656
217.70741373841417
217.84477820570376
218.03162451597834
218.32161964896594
218.64664304121402
218.974228828898
219.2190459369228
219.33894354863264
219.28570642207782
219.16535531588644
219.1719531600258
219.3754895952752
219.65612465339865
219.89297462335526
219.99084781437887
219.8882593707864
219.6334007716751
219.34504121990494
219.07880883773095
218.86756760851978
218.69384209883304
218.56417016295478
218.40277933460064
218.19081280277464
217.888572276341
217.51613607056652
217.15934192794307
216.90646170249687
216.8450188779926
216.85859427388385
216.85723448161332
216.83354353467712
216.8641504691566
216.93311972023417
217.00572108546308
217.07668049525458
217.18717995446787
217.40073408098067
217.67516146768855
217.89112635288603
217.92799322081265
217.78084024302706
217.60830671635253
217.56016294515692
217.65525770591958
217.81906873954878
217.95336387394852
217.9641035848567
217.90988791950755
217.859632998556
217.82925503096936
217.79035412448167
217.7704482202987
217.79564793147722
217.71344815736313
217.49629437855373
217.22671639219348
216.98602728257725
216.78339291928495
216.54081539222707
216.35035699429577
216.3810583410011
216.60802099247275
216.92679209158163
217.16726779648744
217.2125176630846
217.16717893354206
217.14622061045722
217.15523914663174
217.18647634714182
217.29938513959374
217.5242365082814
217.715084047943
217.68961740145127
217.4407620854911
217.0832395126797
216.92059310401507
217.05775777621767
217.3189247110899
217.53698074868893
217.4994720426909
217.09114534183396
216.59348323896256
216.1538109875735
215.84967132929066
215.77085548594442
215.94227931661038
216.24756522879312
216.39173253383777
216.40014254132694
216.39510817687878
216.36732400932763
216.41206630567956
216.50856875901889
216.58255655412665
216.6621314920328
216.74111053636085
217.0349741030757
217.37873132311196
217.5045308127148
217.4524227757942
217.6482735578394
218.0684816237427
218.34357992457385
218.39014828599974
218.28529759568985
218.20358778243354
218.14651276362696
218.06438120944338
217.88567400387024
217.72592911035366
217.79315074878576
218.00602471885495
218.19714211552287
217.88341030155033
216.52734159949796
213.85720861160172
210.51955596756213