166.04609168642932
164.9754911201293
163.5650800461462
162.1565438915143
161.07633146089518
160.4296278201744
160.1684471303662
160.1509471679539
160.23996412322526
160.35418138049104
160.47640450940239
160.6756933521919
161.00882315562208
161.45004430718453
161.92744475798168
162.37914887139294
162.7653753358321
163.07468847451725
163.35551520624662
163.6441829908863
163.90339912249135
164.11142945636286
164.2195133532932
164.21449179511254
164.16133174241057
164.14762828705264
164.2908868913418
164.6945999431633
165.32771488046586
166.1124093056171
166.93700807203072
167.6490136304441
168.1994733427362
168.59017229797317
168.83964826732014
169.0670735602847
169.40687029852324
169.88899699830927
170.53101585881865
171.21613396170525
171.8380189978421
172.37654468269506
172.78029689403903
172.9948057796296
173.09411182880027
173.22496513383228
173.4204860929593
173.64837562422827
173.86210349798313
174.03800257632403
174.18250563477608
174.29740420613996
174.37732331814763
174.39900917894627
174.34088275898785
174.20706654632312
174.02575506410165
173.86908010373298
173.8237609783809
173.86775521710388
173.86447450824028
173.6820412874111
173.30263889465039
172.8627496119803
172.50561863299592
172.22972899186396
171.97142206102342
171.74732932182616
171.5875004142349
171.47849463393055
171.43244837602492
171.49842987510263
171.6482628627174
171.7564821274069
171.74801995187855
171.64836896316484
171.49675289257618
171.3146240421067
171.14016377404053
171.03960284802534
171.04112981612877
171.11400291888322
171.1967310162196
171.20582968120195
171.1637711794922
171.09366683123898
170.92379716103582
170.62787286408
170.28405739819235
170.00045442094236
169.85317838935157
169.86674548059443
170.05337840319203
170.39375693801946
170.78056339452806
171.07240890103745
171.20447529761393
171.23033685336392
171.24510419192524
171.22940142615215
171.11098859513407
170.9053360236443
170.6519130651055
170.3623562934896
170.0961490094799
169.98781100322802
170.14481747526216
170.5351227793313
171.0159326901148
171.46863763225375
171.8372952105517
172.11143623515
172.3044494118592
172.4639184841168
172.59716101953583
172.6557174755886
172.69146941808833
172.7613381355058
172.78608525753137
172.76305814423188
172.76801028651536
172.83017628857442
172.95708690350892
173.11173692035376
173.3002818416408
173.477394153025
173.58441828552208
173.59984658464023
173.55858947217837
173.53732853224054
173.54368435413414
173.54652737683165
173.47353046299943
173.34397340107373
173.22197948529111
173.13822453797144
173.03155850257292
172.85858546166492
172.776672368773
172.83348108754723
172.93190629886385
172.99807220916688
172.9483243948481
172.81071364440618
172.70054264568606
172.60199469919175
172.5253105550645
172.45050248748151
172.35059438563886
172.2626749607784
172.17217503577163
172.04190464252076
171.92664010838172
171.88538905717928
171.87273732284217
171.82216928539214
171.6948209223582
171.51166805772132
171.3277969850446
171.15247073902086
170.984343182784
170.83747666563056
170.7439020945141
170.75099893474263
170.87488508159004
171.0860509789278
171.349445574774
171.6271202032262
171.8644217089715
172.05447394207528
172.192805172802
172.30250797454568
172.4832631016198
172.82460469352094
173.3030384727236
173.779140793794
174.16381335116924
174.42815797818506
174.65840137128913
175.06294431744146
175.7510366958728
176.64506231747848
177.6715420901428
178.82212134497485
180.08533137597766
181.42483057059
182.7475088467121
183.97143411510402
185.14359991733016
186.48286068590224
188.31707139730273
190.89908776160306
194.3325958931624
198.57161361888396
203.4290878138588
208.66910735266626
214.3249530383107
220.77566699339178
228.06029247106335
235.65438827388903
243.106933110078
250.14632713938832
256.709189388971
262.97207243199796
269.1789556651826
275.3556846324194
281.2671176216359
286.99144192996783
292.62537334111704
297.8924135449155
302.69172745753536
307.1668092467511
311.32167458889876
314.9929873442446
318.20618470970584
321.2685365525399
324.3575364651173
327.40863722662175
330.09110819676584
332.1052803208762
333.45155759809825
334.2526129493235
334.74499146225645
335.11517653961823
335.35288993859365
335.48524339209985
335.58413961749363
335.75712282264175
336.1474353896123
336.8239684241509
337.6605128512885
338.43610479034606
339.14482440518714
339.8571261078838
340.62119226780834
341.36344418303287
341.92184392566116
342.07426741171173
341.7797573421558
341.5549263148989
341.77636208529043
342.48616251694364
343.466632127695
344.3813505868997
344.99138014125754
345.1542300570246
344.9095371206088
344.5748609588486
344.4368391974723
344.5018697425548
344.59927408080034
344.5388595720594
344.25867674691705
343.85831473526144
343.3552704078463
342.7230593631839
342.12209023564805
341.6106455841104
341.22570094781355
341.0324464219673
341.0007793922747
341.1862995017663
341.5764963630236
342.14614313088555
342.8883454495399
343.6723780646622
344.3327206054219
344.77226666984575
344.99848141532584
345.10849826280844
345.15344941493555
345.08563343502294
344.8832563915256
344.6557709485816
344.4781766857781
344.4310403096462
344.5576382629323
344.8003833151342
345.1229417138372
345.50374195469794
345.90925920353163
346.27052652068267
346.4094194955727
346.18221427426283
345.48705157495255
344.4453508153142
343.36578983332413
342.56241807210506
342.1437205729464
342.0588669514036
342.1816286098174
342.3436583186781
342.43605105366396
342.47281088079217
342.5546325660639
342.61608872821455
342.54047356242376
342.34532949401114
342.11989365101715
341.91805819977844
341.7568218944171
341.6948297819001
341.71695539122356
341.73707339349545
341.6862636365415
341.5633157683833
341.41551793437236
341.29277484592933
341.3067785668415
341.5152361483167
341.89609215791114
342.42357018959154
343.00742869009616
343.5265635592858
343.9421667856203
344.2257558072565
344.33223011879306
344.2861467725927
344.1525399091343
343.95213992051634
343.662934542294
343.27436874424745
342.8313902650445
342.3845139100514
341.9300256515237
341.518502746659
341.29829322558976
341.31601573862906
341.44392534393086
341.54608538129725
341.59839914930456
341.6171793166108
341.59932839553755
341.5790860515482
341.5850033201633
341.6223804266386
341.6342203623759
341.5727730069791
341.33986494176776
340.893450731573
340.4635148006692
340.27111986081866
340.2916749942426
340.4875274457933
340.91561920026766
341.47618013923307
341.9611167742215
342.20107653411196
342.15376404547106
341.8823222217678
341.5282692575906
341.23476249424584
341.02338650762624
340.9180352716015
340.9151149547408
340.9564312599194
340.9798127031107
340.93942431346886
340.90528288266285
340.93120485068164
340.9522643412833
340.88279121276537
340.7739446242931
340.7132777964327
340.7517539712075
340.88613995986157
341.0669388024718
341.32887354643935
341.68472855963165
342.0899647918642
342.5594324740164
343.0973259995598
343.62723028985016
343.9549483215729
343.9817880736944
343.84031210104087
343.7114016399526
343.6046047192823
343.46848883935536
343.33578948713347
343.2413824431097
343.14733863498043
342.96000206257224
342.57739852968433
341.9955058683585
341.36061011922544
340.8771648414988
340.5787397289975
340.37846541016626
340.2437569734758
340.15467254701764
340.0265306058433
339.8018635068916
339.5218423206708
339.3145776650447
339.3212456938968
339.47359119282504
339.1242410379047
336.85765381067176
331.2225090302303
322.940376224792