201.77803477179214
188.69098941263616
176.05671017009405
168.7978174179003
165.84675779507864
164.39635668272007
163.17497554993938
162.11255148287776
161.41115660090838
161.1668306388684
161.39042096085063
162.03360899640575
162.93127330531175
163.91512177446907
164.8047572622737
165.47736674645463
165.96774067001184
166.37943766245587
166.8086370642537
167.26933346563294
167.70392982042694
168.03630811630526
168.21131483632038
168.22071968279164
168.1105111532491
167.9928550086454
167.98780974268084
168.1161971065978
168.30431217051276
168.49794318418657
168.66104611938243
168.8274455654757
169.0941387270573
169.4760427570028
169.9047838248174
170.33167082248735
170.72309877210412
171.03078066315777
171.20480012077
171.2745767368442
171.33404856191783
171.44811762968328
171.6099297089467
171.73792262515386
171.76076652188044
171.70424406455143
171.6156262666969
171.50049313743932
171.37620231408553
171.3008771716608
171.32149201503012
171.43331988932334
171.6056398961956
171.71969586134864
171.69210406782608
171.57060720981045
171.40130544393625
171.19120117157698
171.00463008703113
170.9262920338487
170.9333269177701
170.93745258881316
170.91780151990096
170.90628731114103
170.93054861395694
171.078191986211
171.34743657901132
171.60738469123902
171.72005784682793
171.678528979668
171.56656197005793
171.4018819350346
171.2133921396154
171.0589964169023
171.00574480881082
171.04475243034267
171.09666115011555
171.11508104912727
171.07077823247172
170.97844219242185
170.91318296256367
170.92457489441446
171.0048413345084
171.1393442950519
171.27539154856163
171.31288005600965
171.23165546497944
171.1113099406998
171.08283501803743
171.2369737802
171.50513754975626
171.70851914570784
171.76139101706787
171.67391715203146
171.52393981646728
171.42399694136762
171.46342271762254
171.66257125539994
171.9260184060707
172.12833480430749
172.27131475616824
172.38671155562093
172.47737288026045
172.5546852549751
172.62169911477855
172.62321066221244
172.50675354733642
172.27914366590284
171.97069419906325
171.6448422714573
171.38598236875305
171.21497261273242
171.1302567737016
171.20521031022022
171.50915582215038
171.9862542678896
172.5390204320135
173.07262719100981
173.45960810543693
173.61807838066005
173.5675112922376
173.36179102297947
173.1225721785037
172.95671524240115
172.8840229623976
172.88000919651944
172.91982451846994
172.992123629701
173.06312800830605
173.1391122817819
173.29429374717586
173.57414709189027
173.88375123860058
174.0564979980758
174.02659573889767
173.8564438460101
173.6431548072072
173.4702062304365
173.41381869160688
173.45909162866627
173.4760732016074
173.34364407159035
173.05026208380139
172.67217964658533
172.29932491740453
171.95977621615066
171.6670657319459
171.44322459214513
171.26928145582468
171.14020895732745
171.0693645778965
171.04416158373536
171.05081761674134
171.0918241060707
171.1715110506711
171.23815577996263
171.22753225881743
171.1384959078434
171.00586317233552
170.87768819620186
170.7791043794228
170.68335086710323
170.55932118372613
170.40657782706825
170.245058230656
170.12545169107162
170.0503748659641
169.96675128218925
169.83877764300283
169.66753891624973
169.46948741229696
169.27048141921017
169.10362504560865
169.0151053267797
169.0621195240505
169.30958062730843
169.80088963929379
170.51127241403447
171.30468968591757
171.98708907875914
172.44417410480946
172.68403635173354
172.8257344453658
173.03981842280083
173.42099223833435
174.05028285096398
174.968743918915
176.09408856628636
177.34638196550264
178.72569650678292
180.22765356609133
181.8663825687763
183.76100364363563
186.15934751597354
189.29660439622177
193.28964211287473
198.02664137184263
203.08062106482583
207.73069987966778
211.67467842572657
215.46616619559313
219.57627619577715
223.86011563418566
227.9668833152689
231.75826817994965
235.13410620353898
237.96005377221053
240.2875143894168
242.43220942661492
244.61786973481296
246.94149744387005
249.35897106953269
251.63952012153158
253.48827231714012
254.7429049804765
255.40936129286885
255.47649506633712
255.06981921334466
254.37070421226437
253.51956757003106
252.64796035370705
251.82239415796226
251.19173804261402
250.9645456925665
251.215739905965
251.80622189542422
252.55939810130909
253.33343138016238
254.0911092926318
254.85014866460227
255.6157611923289
256.361837032008
257.0185431569398
257.47531049787204
257.5875389831381
257.27130796311894
256.58312816585175
255.72911553952514
254.9960317512379
254.5666312038235
254.45548362182166
254.54965091018505
254.88163371527213
255.55045255892205
256.4702393431551
257.4088629547757
258.19372076235425
258.93160434414494
259.7144284413206
260.4100966529484
260.7758223885886
260.67403384715954
260.1922319874939
259.67004680188967
259.4712409629188
259.6671388201113
260.0769352057018
260.46878019021005
260.71366996798923
260.797730251932
260.80681371670863
260.9451133953502
261.31393936395875
261.8099473485304
262.22882292474253
262.5046404238653
262.7121730026713
262.89065925935444
262.960827051671
262.82326229636794
262.4482717794449
261.85757354017625
261.1328808370559
260.41676397194664
259.81330666057977
259.3478131626168
259.00116381666334
258.69471867015267
258.3907970874717
258.1439821753363
257.98390334354724
257.8388042160094
257.67519074461484
257.5648677268095
257.52804521923383
257.4430731087765
257.17082595744256
256.75040095221135
256.33773706850593
256.00149735310924
255.70856277273887
255.44381434723462
255.23505380242466
255.10505469567656
255.05346848996152
255.0192207803247
255.06128332572484
255.31102727751374
255.83274232248766
256.68331135117023
257.77163404371277
258.77474476963454
259.4220096260006
259.66535719790846
259.6781631222485
259.5091089222558
259.1112067851635
258.52205177354705
257.83777381960476
257.21379341598475
256.8756099820897
256.86510731299603
256.98149685057126
257.0945812775283
257.1985055315353
257.2491350473176
257.21094758053573
257.0726220045253
256.779835237106
256.3030997137172
255.70281046377448
255.18021507390293
254.8616220684701
254.76248426064072
254.80938401246686
254.9496011452119
255.13133406874144
255.31845892503054
255.59278833024104
256.0269596765142
256.6283074313824
257.2868052616736
257.84931098377325
258.2745223003438
258.5444805307774
258.63339454544393
258.4953986874922
258.104816920419
257.5866476683169
257.20410837330985
257.0527017722351
257.10077897131055
257.3842645374691
257.87783392471334
258.41070815224356
258.7574712530227
258.80262352361274
258.5521270341235
258.0913773913038
257.5258310432013
256.9358232662879
256.28857628016766
255.57299940801425
254.91840513965275
254.46793392749896
254.30932754084037
254.41566305350005
254.72537294821845
255.18029440868906
255.6099765631531
255.84667754115233
255.92784452263652
255.96675514919724
255.9471946567948
255.78664931257288
255.5449702734438
255.30637321040282
255.1315006533428
255.12668308197283
255.3884120239687
255.83109711230568
256.2896358383996
256.54901814178396
256.6297089455643
256.7285005584467
256.8986366119501
257.0442267290333
257.00423730244023
256.8136949710688
256.6524956598906
256.6238176292003
256.7487605968903
256.9708168974496
257.25934451502087
257.643311697381
258.11175048363464
258.5945209228348
258.9777540269071
259.23875102738157
259.4529383022022
259.68114293154065
259.9347839372217
260.1837942361715
260.39285027890867
260.4687296082228
260.3793075536154
260.2212818985762
260.0942103511081
260.07806220277666
260.2422639617893
260.5941367615536