0.0
0.0
218.11951245549028
217.19200984318388
201.0319642293281
181.0655492218733
167.6921004697175
161.55963861880798
159.61218595790987
159.20299176145164
158.9852351613942
158.60144732868145
158.22141886435952
158.11370453304835
158.3507095307507
158.8345892231111
159.4349715666047
160.0339660007467
160.56814184867213
161.0964615553566
161.72529791303484
162.50050129101032
163.3039118399261
163.97287071180838
164.48206283389482
164.8590024897047
165.06643288094324
165.1087779416789
165.07230949385482
165.05842470403886
165.16871154596703
165.46390400514113
165.91935852862144
166.50610430184955
167.21067839826748
167.98177457598052
168.77213140531643
169.50959790342282
170.0296045237808
170.28774899943795
170.3614234905158
170.34700544527345
170.37498048174402
170.44468825177157
170.4687566455949
170.45505563251425
170.59707505073322
171.02060573136873
171.60701904338083
172.16845420224945
172.55622800572718
172.71642026441543
172.6645271718755
172.43512217694226
172.07945957504904
171.63362099530315
171.13945613993832
170.7122744306103
170.46423571216695
170.39371620355283
170.4671555002729
170.70417993610374
171.10552353660643
171.63430826575964
172.27636646847972
172.99222035402815
173.73722884203403
174.44373630053997
174.98870777297148
175.27706472260562
175.27579051591053
175.03614963801684
174.67599066406396
174.2541803402421
173.78261012695512
173.30042081099265
172.84996448366877
172.49561093090398
172.32014838104283
172.29911433223373
172.38415222039558
172.5039462460525
172.56681274658607
172.54159213223795
172.47114061098745
172.43756251415596
172.50029391767677
172.5841906939528
172.728841183012
173.0139076659258
173.43743202415826
173.92136400660786
174.32619126053663
174.6095511229203
174.75629928053726
174.71346865117516
174.5906326484132
174.55920886770403
174.60014119791188
174.63335403573763
174.64207013059286
174.59474518513935
174.4613866937201
174.27066612890044
174.13242633425577
174.11648150824334
174.20013174913746
174.3514126476935
174.49933901200097
174.53178743791545
174.42630884295937
174.24422339255776
174.0327653107122
173.77173118456682
173.42439022739885
173.01063694879645
172.5675981745801
172.12352505364993
171.73672239197174
171.43587105884933
171.19190891880123
171.03083486884134
171.00794532462777
171.08470516153142
171.12671067742167
171.07565834281172
171.0078905693952
171.015701827631
171.10289445298636
171.2001300722228
171.22418523729507
171.14420734277107
170.964327609452
170.7147255712821
170.48103502406232
170.3361527329526
170.2891123043915
170.32749983834444
170.43597489430874
170.5879917151688
170.75301057022455
170.87718773058597
170.9054966617106
170.8210673859528
170.6847611352032
170.60025539479426
170.59308670001235
170.61733252820432
170.68056907962318
170.85638726580572
171.14512850186387
171.42527202914584
171.65271035054843
171.85652939264276
172.02410742291934
172.1509860325734
172.25838043182017
172.39204920006708
172.5768269480949
172.77032077276087
172.97586270280175
173.1938372479616
173.35647956320133
173.39741424568405
173.2841932872206
173.07312921231156
172.88163297167148
172.79715376947604
172.7972416566319
172.7585819594324
172.5838024487239
172.28544881246458
171.94546147105467
171.6588517658609
171.52300061832057
171.57722106084844
171.7607557619301
171.9418196544798
172.05913868179454
172.1417806881651
172.23229192118814
172.35042448457716
172.52868601055468
172.8186487845684
173.25291447120688
173.8025234828669
174.41291410579964
175.06098027703325
175.7760920888248
176.59398359675677
177.56581135944617
178.69282507443506
179.95926849045452
181.39832159316083
182.99021604032907
184.65470207093813
186.3134267085191
187.9676653164425
189.61896075326246
191.3368307735143
193.19102845337002
195.1211954795252
196.97688373415815
198.68123255798042
200.2523373347983
201.77811362549926
203.39553281478948
205.14399164400737
207.01954734583907
208.9247934195132
210.73030708662597
212.34263428559373
213.74102401161514
214.87460562631003
215.73276678351064
216.31292078066684
216.697094562302
216.89954438328124
216.8631603158954
216.65319036847777
216.34436928911623
216.0665300913617
215.86453208111544
215.7064261722461
215.582832998708
215.5110672564575
215.5660099444075
215.65904888938636
215.62709109636327
215.5202535550095
215.39998356648604
215.32752929516562
215.39335349154229
215.6115550288503
215.83688247260278
216.05825307324062
216.33605312183417
216.69105878606217
217.25839061443352
217.99258048294303
218.63814318770906
219.1675670404854
219.66971981318983
220.1430752987123
220.62110016091958
221.15403854766066
221.57030392530405
221.73388412913326
221.69205084424652
221.43840799175626
221.07126732752062
220.548730386275
219.83623598642316
219.0627941891508
218.38512524849753
217.95271958751954
217.7925296198942
217.8736010153074
218.04132552388535
218.06540957374648
217.88792487392752
217.62837232421714
217.43801805835082
217.41642056956533
217.5231334041975
217.6313309497471
217.6414699589564
217.5009609779322
217.35372065244894
217.4794069007091
218.0146421882581
218.70411187262448
219.20666746362946
219.4165003699269
219.37655365298042
219.18667028781013
219.01378911723074
218.99184538762202
219.05407071850664
219.1756139375577
219.40941698457775
219.88499195082838
220.5830954069489
221.2993435489673
221.75386835777167
221.94725436028648
221.96587171587268
221.72669499866856
221.225701629637
220.5588160112892
219.90843316451017
219.4292038820853
219.14605219086215
218.961883800873
218.78545581884583
218.57720545453225
218.35302830701647
218.18828066810508
218.10133859940416
218.18696316824054
218.3392843766532
218.33291380289228
218.22532220277813
218.11250363148903
217.97657529459522
217.72998492985505
217.44275551210805
217.12627075874326
216.8065605296327
216.63546654688162
216.5881588784598
216.66700885604251
216.80610467441466
216.8766596394552
216.8528600888512
216.8579725541576
216.92787696237306
217.12423038334236
217.28262543384906
217.28130743631831
217.3135408118165
217.5644923897543
217.84314530661578
217.93575711105913
217.81536103036316
217.63088984844856
217.28847958112533
216.8936519974402
216.9095686438162
217.1973900092685
217.4935010859952
217.66356540852405
217.62134962817672
217.4396047716889
217.2639970138468
217.16480187905304
217.22112496625817
217.4331280448459
217.6666286524527
217.86848878200868
217.99134299019696
217.94790099642742
217.8975844833575
217.89302460751
217.85002653195642
217.71622488162637
217.56742630041367
217.26339005265498
216.77571513030568
216.4528953296553
216.25782115618867
216.1719568041499
216.31925305513585
216.45240829019772
216.5370106054214
216.67960055263345
216.79274672673697
217.00045153562286
217.2834540228298
217.38508639485303
217.36358884701457
217.26003112849534
216.95513847678112
216.65639010208935
216.63044501994773
216.76796044148657
216.89444818511484
216.81449818582865
216.58321576609745
216.48952340592317
216.64565797858506
216.8515014323729
216.83490903501712
216.70381704357857
216.68304525546378
216.7366943231621
216.73731605902313
216.67029663286257
216.53745535865443
216.3339386554468
216.10450577045754
215.93357609891518
215.75346526718383
215.41219487828027
215.04450894403087
214.85758820386107
215.14733825001326
215.8765435173031
216.82566569479837
217.83954806406945
218.71104838313414
219.3189373239455
219.62420996072285
219.60650709942973
219.3171229383031
218.89330973214174
218.63828778311859
219.19651341205665
221.53702492449253
226.31868098478014
232.51490574732