0.0
224.74145493860635
200.05552502792315
182.81764702933916
172.56292732801694
167.30481834932027
164.3829146043723
162.25786925702997
160.82471252995066
160.22892925023547
160.30752077001824
160.8149242371632
161.53441601008282
162.27289229717746
162.9250538909851
163.5649160266133
164.29295257273014
165.1233358382454
166.03769114200716
166.99150147781972
167.83807224823443
168.43149117628965
168.7723390371919
169.04134695098185
169.3918172856795
169.80089212007692
170.2129300892069
170.61825481295966
171.0328043036194
171.43271979408755
171.83495326343888
172.3043445185046
172.81634074828827
173.24208784291898
173.54304528493623
173.7562503686463
173.93072533270492
174.09975902656993
174.3450426141282
174.75657763375466
175.3135813780685
175.95673631874342
176.54625932128232
176.9462412354461
177.10899349009281
177.0582166625801
176.84551746624862
176.52156880065385
176.1302180590172
175.7171265383637
175.30261698996583
174.84309427386194
174.32509191602753
173.80075258418609
173.29921573888714
172.84441493300352
172.50238181747483
172.29526368648936
172.16317829201833
172.01139007928
171.76083406679282
171.43143415153227
171.08939626450254
170.7496647612213
170.43845238918294
170.22659873173964
170.119926828634
170.05463757754757
169.97497783094053
169.8584280428322
169.74370485619136
169.73614336312548
169.92642633549792
170.29332042679675
170.6442509334757
170.75034881099882
170.54549097899215
170.1619575144691
169.7904162597602
169.6052061754941
169.69329671713388
169.96297292122978
170.21947374732554
170.32259442235937
170.268900218134
170.18860872887254
170.19588525174245
170.3041675138508
170.47754163038192
170.62414909971608
170.63671327040345
170.49407395046785
170.24431495456088
169.9971828594692
169.86909724614947
169.8902030625092
170.00371481893166
170.10762105109436
170.12872208443042
170.07326735455246
169.947165130387
169.81482725163346
169.74182112207544
169.72934141049694
169.72682449864874
169.64282166531552
169.44786946723966
169.18177010778498
168.94424021941663
168.84930592967342
168.93777415957834
169.14915028192044
169.39155943069926
169.62387972096414
169.84686182672766
170.04912263049746
170.18395258940473
170.2493861093834
170.3258393071375
170.51004192092623
170.825465447152
171.20447568994788
171.5546576053434
171.82679678773883
172.03090916061558
172.2068891156292
172.30717557433877
172.31454878039077
172.26705100070296
172.17804238321898
172.042292857405
171.85955875892614
171.65507318708904
171.49340106895613
171.46280319641147
171.60084888616558
171.86006218632676
172.1325276495228
172.33654055904208
172.43844854034768
172.40992828182937
172.2595053268238
172.02963332766527
171.79397259419716
171.59310125962904
171.41695096044174
171.30516133117487
171.33645208520593
171.51526309826795
171.74550835541817
171.94571667495936
172.0651469687925
172.09783303522138
172.1122560052958
172.14677104512313
172.22254002195905
172.30725700308903
172.3428132080012
172.3099885795346
172.2029596535524
172.03457675574833
171.81354308090002
171.61690259205318
171.5119568596562
171.4774154918733
171.47616385558
171.49600845736524
171.52937938318726
171.5596369232578
171.5805056192032
171.5559031858682
171.43261778001252
171.1994623381473
170.89034226577715
170.55977963315206
170.33305836394396
170.30107806606168
170.4619043383308
170.8085757305832
171.34039167387024
171.97882592316006
172.58901742462933
173.09829923248694
173.542688201734
173.98632289970922
174.52961544764972
175.2946966273056
176.29124832059256
177.49377860301362
178.9036584564883
180.50780931979773
182.3176724167654
184.36314878030072
186.70869679833586
189.49450527018166
192.8215113964834
196.5478538584585
200.3759299027882
204.1722305525952
208.0981311336046
212.52136152303922
217.5529906083386
222.82275496570742
227.8197641781593
232.1699930170076
235.93256036302807
239.41728907040957
242.927227678913
246.39744066796356
249.4067518183183
251.59654952775105
252.79705703535117
253.0314257165989
252.63909816195272
252.0337763795303
251.3960833459795
250.73736115928705
249.91757200829971
248.8362203386108
247.52217538073222
246.16802582780096
245.21330663520854
245.0964724459588
245.71485268486074
246.6950647068291
247.53819589333904
247.97329037880576
248.04410598008656
247.90297536084168
247.58180029281556
247.2488196839349
247.27202000936708
247.98442973278233
249.40081634007458
251.14574580848847
252.83872162000964
254.31986684590896
255.6318388170761
256.9622942391554
258.34648641101
259.6716170477628
260.8401362628217
261.76773781426016
262.4704657260581
263.07551367552776
263.5321978709925
263.58829927759996
263.23224766961147
262.7482421912785
262.2532422063224
261.7140090779694
260.9835581168557
260.2468973903069
259.637095349208
258.99939005941985
258.28837826644786
257.62045634071364
257.10592402381724
256.67230900567836
256.2913832881614
256.1248239711285
256.03088552661563
255.91702324937415
255.76021764659936
255.6907652563371
255.78221133763017
255.9362623689611
255.94915576054453
255.86313601388366
255.73128676285984
255.61842169309634
255.6986188625872
255.9549818255225
256.2481008723988
256.54960377780355
256.76372488779117
256.96188117481466
257.2228160422475
257.5782741001333
257.8547543519866
258.0016397991362
258.1157466875245
258.1308949763968
258.0771800483763
257.9768426966509
257.8275303237219
257.62340217658425
257.40027831268844
257.15178923577645
257.0464651658797
257.11612345460026
257.2196118840791
257.28918871117037
257.2229238144006
257.13022420883397
257.1274620213241
257.2673995122933
257.27445220520053
257.1117735629327
256.85749943030817
256.5654325570073
256.2561665337955
256.10417781697373
256.1310730006047
256.17377732681587
256.210692978477
256.46629630883734
256.8791456738212
257.2001728629747
257.32768688707097
257.155715564079
256.7106388030509
256.2692112195224
255.9006370220199
255.51265936901405
255.1256368484498
254.78680486460985
254.52787853250751
254.51413002073903
254.81838925824917
255.33812064060402
255.9369202980445
256.5598062859949
257.27923804582247
257.97926633684915
258.4215186228156
258.51897087151013
258.18981584051085
257.5748381409044
256.95958559859196
256.52752137063453
256.39674987987274
256.5573787951066
256.8841570169163
257.24201162355916
257.5161997405784
257.6809115627757
257.8461306842425
258.0938541784353
258.37411856483493
258.3722771281715
257.9990477735712
257.48719048944633
256.9276652163212
256.4856486785175
256.1840987911629
255.8326267639423
255.4289988662385
255.19555903235928
255.20533798132564
255.28105077255958
255.25079410134376
255.21194503110505
255.27181183778794
255.3365060789528
255.3595082206373
255.30579377534968
255.10955634157978
254.7917748400331
254.54912133573146
254.4173681426232
254.4435642636961
254.48317058750078
254.2789112975496
253.95181003023083
253.74459344403746
253.7370732526635
253.80941028931048
253.97241575468107
254.25171020537476
254.535014175629
254.79190142979007
255.027876838713
255.11455430907705
255.03562449301086
254.87388594979947
254.72139958392657
254.73565042103172
254.8191814085622
254.96079832736916
255.21412690869556
255.64406827194665
256.24354898867796
256.9211835925223
257.4981767471854
257.9591340989306
258.4335365779524
259.1062298633259
259.9807285631971
260.93624113243885
261.86722359068744
262.5562774284035
262.8374982125425
262.67592586142956
262.17339264954904
261.5167729153776
261.0140101040438
260.9262024578885
260.7196982088792
258.95816907462074
255.72725631907423