0.0
241.04275635705432
221.49513281852944
202.23833390045814
188.17591867308005
180.0391336804898
175.91356813890235
173.69478001152072
171.9522460268155
170.27000859837185
168.73694922054867
167.51160550017627
166.6787565847978
166.14387821829104
165.74950990932524
165.3307116324945
164.8461261512491
164.39228687456878
164.1416174534333
164.25605240951484
164.71890415842432
165.38319752739937
166.01713386204767
166.39868646580368
166.42930251821954
166.22372050287333
166.05449293841792
166.1043896364905
166.3682220607993
166.67197727388555
166.79533708810126
166.656026638463
166.29571719013413
165.81325220333417
165.39707598821013
165.22631647166372
165.31107694924145
165.52705431072485
165.7127985170895
165.7566931001315
165.71705266981985
165.7047271461526
165.83697877705814
166.24924510681416
166.84441603695402
167.37841037101762
167.71431422026802
167.88375940705123
167.99306039299432
168.22386020430648
168.7223268017357
169.43060294435125
170.13215743097066
170.63286459497346
170.90548257952656
171.0753615547239
171.19904680606928
171.27424974175713
171.28564523288273
171.19212919494808
170.9488908185324
170.5913862026061
170.21570349412963
169.91411945089447
169.7417512299316
169.64436002182512
169.53590484149973
169.38421101318121
169.19259357366963
168.9952311614918
168.76410544529693
168.49229367794484
168.26325177919446
168.1351186816467
168.11862178580597
168.24021910583699
168.47997398251937
168.78937001925982
169.11477547697612
169.40951598207545
169.63586413750184
169.73862935220188
169.68382598708718
169.48310300804812
169.20395615989827
168.91918631948408
168.67246938300485
168.49966555556844
168.44757417419714
168.58210682378856
168.9275364271532
169.40841397033256
169.89316993999608
170.261694691335
170.40100154996605
170.28615633157798
170.0522165764998
169.81022692322293
169.62137679452047
169.56248144050554
169.66783228742233
169.88604109777785
170.11880387167582
170.24096146180077
170.24343180264202
170.24878943765296
170.32413699868235
170.42333916524035
170.53558991777916
170.7088001886549
170.9168320656653
171.05210835024323
171.01581233676106
170.84103218270542
170.6776276364821
170.65988108378585
170.84746119265452
171.16530321132518
171.47143492852928
171.68806377585543
171.80986228159048
171.89062879287667
172.0134564306672
172.19978159019178
172.36235559599612
172.40404741571956
172.24282951822875
171.86094239839895
171.36977520768724
170.8890331432262
170.52450212694208
170.36624273959387
170.38030518287724
170.47334515868297
170.58631064185892
170.64407677850775
170.57013325461432
170.40398473139783
170.28159743667703
170.33055401769872
170.58211187568318
170.90183858637684
171.07425097113185
170.99428233346387
170.72258409706808
170.41555362686415
170.1927310064665
170.09267971037175
170.08903258431704
170.12183923524847
170.15352183116693
170.2141426695227
170.31019421259407
170.39406261285316
170.47309750585515
170.63145075013608
170.8739792041847
171.10245171684835
171.22442726809388
171.18263156632037
170.96348068984506
170.65167647201787
170.3664277162567
170.13010741243988
169.86861236788997
169.58714756485853
169.3151675103025
169.092783305373
169.01773681434287
169.20415035716272
169.7169503220045
170.40709331042245
171.05869956721335
171.44746278673136
171.5007401259566
171.42002014954002
171.45708886207854
171.8089277088189
172.526397797116
173.50192135582125
174.56851771193203
175.6131226140823
176.622144175064
177.71521108707014
179.1207893485744
181.09474465845864
183.82098630739347
187.41602003167026
191.88028138489125
197.050527725326
202.6829040832123
208.49615525531215
214.47539946611835
220.99902712679824
228.23385769778315
235.89812070486988
243.78741906825792
251.86177284071985
259.7035472492385
266.8448485798946
273.2929731168077
279.2689817397662
285.3090652543224
292.05662175862597
299.4066483280345
306.3615192614981
311.9241699053703
315.6086696714003
317.774375918524
319.23164014652514
320.54259031979075
321.77844920293603
322.9086173797325
323.8714725180213
324.47508771861675
324.6919587710421
324.6788071815085
324.62704815792745
324.59800641206004
324.50024406300116
324.10148407213285
323.3815265673048
322.94575897659007
323.5375338912768
325.6864916438233
329.79126995037836
335.32999943838274
340.28597819134313
343.3169952587758
345.19999603151973
346.52569721436265
347.52168090595063
348.37317837088466
349.2717714365511
350.32700450492723
351.69804034266366
353.45720749903023
355.5033234199759
357.5540122552714
359.3130627237009
360.485018141914
360.9510719813862
360.43244931022895
358.6508037711321
355.95445710598136
353.20387906731753
350.8087404333221
348.858172575066
347.2115182648215
345.53967228397335
343.766376046417
342.1087706021365
340.8050485901703
339.91848166569196
339.32777871177007
338.9241857615731
338.75910890545515
338.92906933754546
339.42935329867663
340.12409623627343
340.77664014263166
341.22807742781197
341.5492715898624
341.7562601117618
341.7579128203378
341.56454532293304
341.42081337191604
341.51373339461117
341.91326006766883
342.5817593986577
343.37603673873855
344.431505764351
345.73894352428823
347.01568041654696
348.0470026054178
348.8319144565636
349.3369820401323
349.4363826459646
349.0055109144755
348.1164733225701
347.0632314938831
346.2484841341205
345.74834354290294
345.20572724669125
344.52299079855453
343.8030607539188
342.9621423033254
341.9738199421354
341.0375075900364
340.3570313427589
339.9447987310079
339.71523201622733
339.5419067866104
339.3913688682925
339.2980963404009
339.23764085820835
339.1973184143909
339.23358247641727
339.2907382151334
339.27315078397385
339.08493414702525
338.6845371360226
338.3194667098102
338.29941653599707
338.7954724223888
339.7058249829018
340.90918062969723
342.2765151334408
343.62037190797
344.7881233286996
345.5160842334502
345.67870882226146
345.451510473968
344.9447687165392
344.3354765048184
343.8126517887551
343.2666408782436
342.568076410642
341.8031974022632
341.0465109672727
340.3203625210003
339.51428011123176
338.51240687123
337.7460333556818
337.53961253573885
337.75872900162705
338.14034646054597
338.51406674747767
338.8526966363625
339.1414076839186
339.3246471529532
339.32867904631325
339.16599021688137
338.8657138599701
338.6193239807395
338.90167867023814
339.89669793215114
341.2749856053404
342.695223368882
343.78999219884656
344.2730895946798
344.02256481778426
343.25941439826136
342.1872634929862
341.2315120635012
340.687293234084
340.72284671660486
341.2749911274814
342.18653257282733
343.25975043511653
344.228513069486
344.7925540290146
344.65700551402085
343.84457256739927
342.53648931808345
340.94591784756017
339.5598120628075
338.89982711881186
338.9910252676576
339.4506478610284
339.95183454667335
340.7085115243493
341.6340707079978
342.3209483478151
342.6026861800013
342.6784774062644
342.8747753947071
343.1903014354864
343.40408063115
343.451140477513
343.42914343946404
343.4820784709465
343.65972202167967
343.92997274522605
344.3578264074782
344.77756048855764
344.97674820853706
344.94525892541304
344.662119280454
344.1250414760788
343.42026461745365
342.77441281571606
342.3407895499115
342.222076263789
342.4541621877215
342.9737880779968
343.6059642292774
344.10851895586006
344.19126526192747
343.8711560640976
343.383172236066
342.9530028380685
342.9635330957564
343.51590777230587
344.2889110269472
345.25820475967976
346.27938689918045
346.8340375690547
346.11748700618966
343.4141549724292
339.1464127203955