214.8103396991365
198.52712659950942
183.41277366874684
174.6427867552462
171.0943072924794
170.0258166659566
169.67964616976514
169.3375182841382
168.93139381944422
168.59204437806187
168.50558197098596
168.73936459071692
169.1961308616782
169.7750789903895
170.4689730220419
171.3357653036242
172.33538869010374
173.361464975016
174.29460452140125
174.99340277509114
175.34520081582968
175.36183444719092
175.22452486148728
175.05008159283966
174.90912939719962
174.8445015242045
174.8386034485012
174.89039810536855
175.00274721849763
175.13446809641988
175.23018361025757
175.2125108337878
175.00272744177138
174.56647008916067
173.9390525829171
173.20605071144888
172.46526058580923
171.82488911428075
171.3626974498356
171.08603807530145
170.9723224042209
170.9781725523433
171.03477831650517
171.07188775560667
171.05590071108935
171.03795103423425
171.08938055194804
171.18710454932818
171.26356235575986
171.2393598456486
171.0926952749738
170.9507349916609
170.9786573224929
171.20967313677355
171.5165111633491
171.7041718655408
171.63250181935567
171.2968309468833
170.83325836824892
170.42116415405644
170.20055715882145
170.1716559656935
170.25705542396247
170.36636184187105
170.42448105439553
170.41825073979038
170.3756759460426
170.34530130880273
170.36195345133726
170.42385470805982
170.48131939582498
170.4445522988691
170.2160357090228
169.82212154467499
169.43627053043886
169.1887087994085
169.10964103446435
169.2101073897481
169.457133887776
169.7185140644716
169.9158974179797
170.00134371947763
169.98338934260386
169.94315225008216
169.9809091584619
170.1710508801192
170.47800051645288
170.74625286075843
170.7782699455542
170.54411469658203
170.22324393583088
170.00597074459054
169.95466543952568
170.01952422764145
170.16695273681972
170.3379920815558
170.4507292027461
170.45525280989443
170.32023939761248
170.06066512685362
169.76292952166352
169.48868558295246
169.26920243676656
169.13490035902691
169.08418064586243
169.0959601708569
169.2061243274407
169.46738392613042
169.91295703177545
170.48836776561916
171.01989024081797
171.3450689274761
171.43298328860973
171.37546682699232
171.29846734717142
171.28908142038563
171.30882723967807
171.2685523456567
171.14543709551575
170.9997258119031
170.96477609391383
171.10413184200453
171.35339333434473
171.56751873418386
171.67999781296345
171.821761675505
172.08774204357326
172.37691017551526
172.5807042729638
172.70370725016346
172.7915607804784
172.82901031328697
172.77833233851254
172.66027759150904
172.5426481891535
172.49407280435162
172.5201229635755
172.5788097005767
172.59573549073974
172.43510869640468
171.99801127365805
171.37473255836068
170.75269520468044
170.2901667579044
170.04152155236108
169.95963267965553
169.98149755300332
170.05226073623027
170.1102383541767
170.13311595492
170.10179747025967
170.0355711475121
170.0185332286694
170.10581420970917
170.23652172432756
170.3054648318499
170.3252067269835
170.36826252775313
170.47329822565945
170.66156236929712
170.9310867189776
171.23851892377297
171.53042593671415
171.7425369585252
171.80573855661413
171.75642248040998
171.7164068351739
171.74159645374237
171.81210607019506
171.8843030854939
171.92471484478463
171.9403761198266
171.9430811148046
171.93768814154967
171.96816314977826
172.09253156378594
172.34669361648633
172.72051161768997
173.1075192650643
173.3430991332446
173.31851306662446
173.0858654617714
172.87335856713477
172.9568604010043
173.51665612256093
174.64450419453703
176.22761048659885
177.93243280682282
179.4964510254244
180.9659798189831
182.5875593960506
184.53906496999988
186.85011889611283
189.5453701258176
192.76213422162255
196.69120409780982
201.35495613421153
206.4886336366917
212.05202977970657
218.22805611804114
225.33298794586432
233.46572307658587
242.33755917848757
251.43460350395446
260.0447797784126
267.7342224320386
274.7942333571453
281.2187176919417
286.6998247404302
291.4068941390023
295.7178623086695
300.0155379422765
304.37282967375467
308.6446535228307
312.78012973612465
316.6958822101835
320.1217639117062
322.74437335263167
324.4061775582702
325.2220663044951
325.4904103746983
325.51033877449015
325.5382232902462
325.75270671097
326.3092938565045
327.1888309518665
328.1627478159798
328.90775938492425
329.273838432693
329.36677084775755
329.29994944478557
329.0958688320041
328.7359563896991
328.37192836413584
328.3265070147128
328.7118752839385
329.50069510127025
330.53119939729413
331.69751516169765
332.93496190863056
333.9721711130055
334.67116803762326
335.2645947532121
336.19176876153233
337.6553320099291
339.5893337749226
341.8141741133398
344.0319470948329
346.09071337849446
347.978598821449
349.4903242350866
350.4296590020475
350.9324768417312
351.3080491801819
351.5854858160019
351.66612697413336
351.57610333172937
351.52688844844505
351.66798344526836
351.93023817263577
352.1406113514962
352.23616101067563
352.1616896083815
351.72621478052184
350.9372724295627
349.9243056991596
348.8134694032876
347.9771572316048
347.6510363940678
347.81868959105486
348.2657745739605
348.683109503529
348.91489101491214
348.97507821823274
348.9150362957319
348.73387634316015
348.45551979708114
348.08035425176547
347.61218894295007
347.1381135148612
346.7437506219099
346.5437770093255
346.6545719270645
347.1107098808081
347.72115167278105
348.24833769925533
348.550866692555
348.7223920984234
349.02247982978645
349.39475427964845
349.5437289970349
349.277866606814
348.6807526622762
347.9267705018893
347.1697446632477
346.57836468301275
346.4067783563097
346.7341257365631
347.36583424739507
348.021631960517
348.47727604531894
348.58573618625564
348.30540422968704
347.5866629995542
346.5107991379608
345.4256376751564
344.7407209580651
344.69865918004575
345.1933502947603
345.93686709885367
346.6518005458443
347.21451905791594
347.515833963947
347.4357096730747
347.00861185270924
346.3778563778624
345.76361177853573
345.3426779742694
345.15113309828024
345.0043421837495
344.77230303457276
344.56413170447735
344.5928385825798
344.9566358790237
345.5603370971569
346.177352168515
346.5263018942781
346.3804388565143
345.7164421616229
344.7710448967426
343.84615123439573
343.20664771968165
342.9649800331279
343.07327700739677
343.4431420427499
343.9601829710648
344.5272334810129
345.13259995365155
345.73836189944103
346.27731768918716
346.63525939280316
346.78372347772137
346.8695943899105
346.94244658192923
346.9620817927949
346.87311847312066
346.6782644396609
346.41104055109327
346.08686500300814
345.7847657442012
345.576490643701
345.5083751659001
345.5434309119805
345.61433515353673
345.6521084763422
345.6830686752076
345.7613767784877
345.94127730544443
346.0920908680709
346.06104412122477
345.9343180795176
345.86151314053154
345.8761731782213
345.99679187548304
346.14658603496235
346.21891057332004
346.1405790695826
346.0058483672659
345.9658005690902
346.0558254246794
346.30220510409373
346.579343139633
346.77307187178343
346.8800738635958
347.0343890376035
347.11996705531453
346.8915326534046
346.5024559386079
346.1828630584038
346.06098825762166
346.2131660832688
346.51664327692447
346.7468432206315
346.7834619088856
346.6524564373904
346.34701903646555
345.92504042194815
345.53517601562504
345.2440370170459
345.2644356744232
345.694912906839
346.332818513084
346.9494232268963
347.30627143371294
347.2354454791115
346.9373578942014
346.6176010991261
346.34124117302383
345.91008010468744
345.01378258267874
343.73629188614484