163.00673569899232
162.2362407915456
161.51141183996228
160.61023731338952
159.53489389629152
158.53186789084256
157.82515481965805
157.49516249794044
157.52841991401647
157.84072968430021
158.27667771370884
158.70263004006765
159.08924820310747
159.4775197868048
159.921671771227
160.43718360546814
160.95534779381222
161.43745400019606
161.89487399314504
162.2799969444426
162.49041081185612
162.54184712323556
162.6348576769708
163.01456795791685
163.7965149396097
164.86436888540112
165.93136022652976
166.81093263795194
167.48810385873966
168.07588715488967
168.6905282726946
169.3209324098175
169.86945406839047
170.2887360843075
170.5677276651211
170.68837627998445
170.65593937442765
170.53759732582606
170.4524832735441
170.50995591070628
170.7388308506138
171.0562352146357
171.35470425299755
171.55519080970652
171.60969492079775
171.51684913280792
171.32516543148824
171.11042729475994
170.9219049902114
170.76086826381717
170.61303323127916
170.46231654555498
170.293758396903
170.1194044385835
169.95276767513013
169.81935898426406
169.73464078490147
169.69308950518024
169.6569341357638
169.5656126059436
169.44019566238353
169.3281203433066
169.23833225237075
169.17592782673356
169.14961886276683
169.12375971167336
169.0542844305404
168.91719216327456
168.71779057153492
168.50502614316082
168.3683780850937
168.36373119288976
168.44707815018475
168.54175250790217
168.61674385408162
168.6708260810667
168.7570114318087
168.94074620888316
169.180438868772
169.40570827686264
169.5894803007459
169.6965678327547
169.7018559001561
169.60858787461063
169.43542414076953
169.2414346795505
169.14695918971853
169.19426282599363
169.2992844515618
169.36217753000534
169.39019224979626
169.4112920788085
169.3969473223685
169.34903169481905
169.30565922659594
169.30628792529558
169.39025897343922
169.57510423375703
169.77285486769995
169.9066511780221
170.01072403158145
170.11306676635445
170.2234926263434
170.3612771288623
170.51983895346646
170.6908953769405
170.8238289526932
170.86480297201345
170.82486079379396
170.78734333991332
170.8358734598447
170.9725596162663
171.12862040023919
171.23301581463778
171.26233555124838
171.22163013330325
171.09520153836021
170.86144744187501
170.58214018062466
170.34909358144537
170.15770171603396
169.99661769536561
169.90121767948136
169.90606076167757
169.9952359963331
170.127154400872
170.29794128144485
170.50683653940078
170.70866298047343
170.82567190592175
170.8354285663839
170.81813650916544
170.84199095412325
170.87236128087994
170.8650728890778
170.80940457994507
170.71060887007053
170.61035974946242
170.5827329035561
170.6548543765067
170.8187721126946
170.9879211833951
171.06951777167268
171.04307332814767
170.94327911260018
170.84211988238837
170.78300540688645
170.7617830126516
170.72563009984705
170.640567313112
170.51963682974582
170.42479464886304
170.4410421888025
170.596074000721
170.88712099553163
171.29258660723417
171.69227782021383
171.93464648970212
171.99738742526188
171.91959687032502
171.7544284900945
171.5794455159662
171.4262250247843
171.30927302712536
171.26246331844933
171.2458013651742
171.20759629628637
171.14383503280675
171.0548809883571
170.95276120373177
170.86908884079457
170.78194463414803
170.63897531106886
170.419389573065
170.15067293849114
169.86561425781753
169.59158415616707
169.39454330681582
169.32525019117503
169.38199770770441
169.56634469052253
169.87884085536973
170.30763200049714
170.7988298499534
171.3131003820279
171.8672946023379
172.4661864851634
173.0560494652978
173.58611668364154
174.02571769513693
174.41453869353683
174.85359491544014
175.3857816357691
175.97553587725352
176.57621832408898
177.21403154739363
177.9833079982993
179.10176220258774
180.92901809863005
183.93769187373994
188.34415302547242
193.56395325581607
198.5080112726836
202.2921098912042
204.75488050000283
206.4126180234985
207.86852371495647
209.4298255076127
211.0069383614883
212.35730074476578
213.48391391900043
214.58136259625047
215.7529924014502
216.98141076533634
218.14339285433906
219.05542458892268
219.6278040968923
219.8415592536852
219.73568824200925
219.30464728264806
218.527727535091
217.46832973187486
216.2826342148028
215.11498086013205
214.03977581639225
213.1197649254459
212.47596920894352
212.04394198974944
211.6643030326997
211.30974773688993
210.9993892430451
210.77388357740895
210.6361399328213
210.51599943738455
210.38344546618617
210.28518081400122
210.21172937139357
210.15505986030513
210.09202349976158
210.06594046648084
210.18148324149632
210.48556949261788
210.91570501591391
211.34328038111047
211.71562265892635
212.10256456461588
212.667858928631
213.54465775734056
214.6512095832623
215.69327972555396
216.44244033864388
216.86804963601702
217.0719918616767
217.17588355661968
217.3018488098317
217.51655151445675
217.76211217462503
218.0114279172575
218.24629750909995
218.46624997497128
218.64331721448733
218.6616492070961
218.462779608442
218.03729608976874
217.4925241084872
216.95199598723406
216.48564426116585
216.17374755306716
216.0423196106201
216.0411478057287
216.143811165578
216.3677034473216
216.7107864804983
217.14609498502543
217.57950338761268
217.957967905272
218.31743936461348
218.65237009126162
219.00090982517625
219.33375028608117
219.57067052042
219.62763667938498
219.53289904829109
219.37740471840138
219.23305370239126
219.1572553550404
219.14891923159087
219.15320183729744
219.1211548525697
219.07992409626843
219.11014288072295
219.23337208044478
219.36205402882482
219.40496251237215
219.3357687201001
219.25016577365068
219.16479700129858
218.9524469361406
218.53941464950512
217.98329306351903
217.39804418031707
216.94318325603544
216.76457616602283
216.88190344000432
217.2608378924387
217.8684139725193
218.59875656143365
219.29225032739814
219.86086805316154
220.26604961208133
220.5513916867668
220.71058755454567
220.79191444980486
220.83817368396828
220.8358001158809
220.81372613588152
220.79665943837966
220.74357923170632
220.58179514914218
220.2752446927572
219.91914013630927
219.6886325429798
219.669167005144
219.77663434168238
219.89243841167342
219.98200352694957
220.08567012856437
220.25221918285192
220.4986537898618
220.71282723520153
220.78255469103317
220.63683672182063
220.27894633243366
219.84617964469493
219.46406781216126
219.19910992255498
219.02040170563473
218.80743699167368
218.49849403906435
218.05001186115692
217.57163040150115
217.20332951116595
216.97655355989647
216.7973868090265
216.59390832492187
216.33218233714194
216.02904804959843
215.75602599518868
215.60500353513095
215.57796307787737
215.62191505613555
215.69334695715946
215.7717510711591
215.83729121529987
215.89043971017028
215.9396486697403
215.92631665728254
215.88579993936395
215.94008531719948
216.15104496727497
216.52807576934873
217.01359062298616
217.4819489193157
217.81018061016758
217.97340087617948
217.9918157954491
217.96600189412896
218.03300481084244
218.21908544963452
218.46683170655615
218.6610279703001
218.79498589418358
219.00239202328635
219.37299391152135
219.85223668712462
220.3004951968924
220.66179883203705
220.95049731703892
221.1992440735359
221.34803390474866
221.34602881480413
221.21038404478207
221.06189402901424
221.0425807472776
221.2452788533185
221.69099673685434
222.19621611150822
222.5601370211995
222.76241288434457
222.92811750067816
223.26991552096467
223.8169227283514
224.29903844313873
224.42096581105423
224.08274742062372
223.4353859005107
222.63309334573432
221.5883862036635
219.88643662347692
217.38732418363122
214.81126299509242