0.0
0.0
0.0
0.0
0.0
0.0
0.0
0.0
0.0
0.0
0.0
0.0
0.0
0.0
0.0
225.65291129791134
218.71064804299598
204.6911217892142
187.8397338231396
175.64857238541993
169.3001678923813
166.58912866858515
165.51812045488902
164.82053759805967
164.13025789967884
163.64363085564446
163.56732682721724
163.83531144323283
164.2935956891002
164.78953601878746
165.1469194113491
165.35887878209448
165.55034882803298
165.81629555118627
166.171111936237
166.55299501167895
166.8761252872782
167.09021266757162
167.1757658331456
167.18336085627135
167.13235450279072
167.0405166591451
167.15137907447865
167.58063703985246
168.15280101250124
168.66239367734445
169.1111539965384
169.55826870227577
170.01446369367633
170.5156299984984
171.119972164881
171.79468063915783
172.4427320341327
173.00715872690233
173.46192637828932
173.8490566214753
174.19837970687635
174.41976883912457
174.52680292202066
174.5763264048586
174.47929479407685
174.15475660263309
173.72802106365026
173.3622772662096
173.14665374930493
173.0694717245588
173.01028620705915
172.86590931248475
172.631561024172
172.34991095203287
172.09379232934913
171.8521589054348
171.7136310812288
171.78350715116846
172.0147582803914
172.204568925354
172.1608716635437
171.88212457765863
171.50950400209797
171.22271122487464
171.1406479270175
171.27040776567327
171.5368868030911
171.78517767247286
171.89558608069171
172.01539931255215
172.2938954769937
172.66067978495764
173.00625252911033
173.25161968983417
173.34895042596256
173.31085998874647
173.1223306355114
172.94836326094224
172.93668114583647
172.99127298100882
173.0154573057996
173.01773914471812
173.03465457618495
173.1542511383247
173.33333694157207
173.4811824581783
173.62344750375414
173.77061759468035
173.8830437142052
173.98148961658757
174.13046361482282
174.30718768707123
174.34212137265115
174.1339991480979
173.78787486739998
173.4852130709864
173.33126748992214
173.27488545457174
173.23869798906242
173.16960397308952
173.01859913673934
172.798166567382
172.5006791911906
172.13633044924708
171.8548031183662
171.6732532801336
171.41786546900207
171.07761095436777
170.77740370453586
170.54365039577294
170.3575792491304
170.24913548459142
170.22813675364168
170.35408858311354
170.59162009788076
170.85089503739204
171.14838840515034
171.55185810192856
172.05542735101392
172.59687035513824
172.99576702170185
173.12318279003514
173.06273210858794
173.02944055450138
173.15409882794407
173.41767856224047
173.69873091730884
173.8545217525709
173.8214674129103
173.63127915650287
173.37615406555577
173.12822594089437
172.9844287778517
173.03018024112131
173.1868635560973
173.35250960109352
173.4940454952241
173.647344442623
173.87741059667908
174.15277242521339
174.3614260927494
174.39133839216876
174.1523528353627
173.66989757630748
173.0512257228397
172.4839243816387
172.1580299681808
172.12156605715825
172.26840070627514
172.4201251705701
172.48203116930264
172.44423619692682
172.38498413160033
172.4475928835187
172.7210421102121
173.15141161353876
173.64353272902068
174.05847574434964
174.30575799014173
174.43335244369624
174.46965914045109
174.3709938495448
174.199185343631
174.04304410805514
173.89431054213895
173.77210273827376
173.67944884916295
173.5947149562003
173.51329194627053
173.42663549206975
173.36214680615444
173.33636056696866
173.33855047276646
173.37913480525066
173.51251185778546
173.76303961537948
174.12677133327594
174.6287842217048
175.2709885839945
176.00998624587652
176.82410703151515
177.66569872727052
178.52226432860996
179.43739967094945
180.47224944940143
181.6134407654688
182.9026818066818
184.5255383889375
186.79950419418577
189.93799287401302
193.9384488594646
198.5641761960436
203.27873767408366
207.5639510479107
211.45462085540012
215.32772766086907
219.41134064015853
223.58891491195104
227.49500514782437
230.8105325767487
233.47841942902895
235.6550428010076
237.35362843953533
238.5936052595079
239.68566504027285
240.97551666614197
242.43801660890784
243.6790470394321
244.45588146491332
244.76831382850372
244.79783511214856
244.67654167129322
244.34633168844564
243.861083659374
243.4169973759739
243.13199397903952
243.0319806667863
243.15310401724267
243.63023234677468
244.6222058562604
246.17243908255168
248.22590371541224
250.66197297181935
253.19692019494056
255.38961328321528
257.03573423353384
258.1991505450519
258.8077061853742
258.7762843475414
258.2925171928124
257.7500935430086
257.48436299784817
257.6483756931263
258.25972932320053
259.2159436481445
260.35524040722004
261.5804003303147
262.79109144375263
263.8340110935301
264.56257725090586
264.8314397734903
264.6254437329972
264.0389188388167
263.20518574176253
262.15781607330064
260.9787601504286
259.8645375354967
258.98491304548486
258.3803088932085
258.02505904527777
257.8256446700962
257.68467718079125
257.6241686288864
257.56742270377924
257.3967151372659
257.17184858814426
257.0304271244913
257.0811103476582
257.3699452752558
257.80216091920556
258.22706330820444
258.52897364409944
258.6233420434335
258.40068056537166
257.93368917881287
257.41120981937
256.9551797739449
256.6080151988317
256.38509865492665
256.2956091288458
256.33292246845315
256.41817042966204
256.5066483527334
256.6058334487051
256.720084650251
256.8141841080102
256.8222276377348
256.7380721087359
256.54572966797235
256.2466360404469
255.84543511768695
255.37510045501892
254.97431891345363
254.78365775842127
254.89410499639607
255.36034929864672
256.14937193056875
257.1114765449919
258.0275930030351
258.794539988104
259.4419484238566
260.0223910302499
260.4713450177929
260.6464894647667
260.48205335951116
260.09031067943033
259.7159447080445
259.50712862966674
259.42883555615947
259.3703250703602
259.33013832492304
259.3510378562205
259.3951139351563
259.375533847827
259.2045108797681
258.7791322537482
258.00172498548443
256.920912281921
255.70899845220413
254.6294263994415
253.91826337917144
253.59484881493503
253.54833241340074
253.70395065404168
253.99246756976189
254.34274727520204
254.69061591025056
254.94331384761426
254.98394021544374
254.7595174288886
254.35716521486805
254.01661920575665
253.91176685374202
254.09498864680364
254.5654570039834
255.2570821473842
256.0064207380597
256.65217957276855
257.0910704091151
257.3849508551834
257.63464116021385
257.84411395875594
258.00546747393173
258.0677048150298
257.9734753219916
257.7777553505624
257.63368241927856
257.61790237108085
257.71521013749657
257.8754941839775
258.01285643207865
258.0494949738868
258.01611791410505
257.98274111142257
257.9494873564573
257.9086521483806
257.9031008384334
257.9603440607715
258.115136911105
258.4371528711429
258.93823058576675
259.54224301281226
260.1462963690298
260.71350483082233
261.21811867674944
261.5120497490116
261.510612727442
261.3034644034536
261.1403071426735
261.22519730202265
261.5222612603329
261.8331938210156
262.02453173202093
262.08408474695506
262.0635664561931
261.99948789865687
261.88262711728356
261.65382420786045
261.21099449289204
260.51926702465204
259.6588659157014
258.73190366670786
257.8748699682158
257.08818996685295
256.32069063105814
255.6063128109499
255.11655441610796
255.11418240318167
255.8809715103468
257.5335033504456
259.4671795608972
260.2985083119811
258.99215097097357
255.72053848410926
251.83171885099347