676.6533613383673
678.0709987352964
682.2009776021245
682.1403732912061
668.8564389168208
648.8718317900382
627.597602478044
590.6907970721319
530.2795116464397
468.5957286754523
426.8127568446753
393.3960406416814
352.25568837525736
302.3249470040179
250.42820897509827
205.93439089700573
177.0327802763818
164.5534501787316
161.84094423854302
162.77703860481003
164.2831746512046
165.28438519272783
165.6361653063463
165.554754521749
165.2623100967752
165.03881952201598
165.0663703820248
165.2867051029894
165.6071833123846
166.02425856605296
166.4249971639849
166.63419691845712
166.63147370087918
166.54501230648663
166.4954740999092
166.54106392445738
166.67777644239663
166.80447290370162
166.8073674007619
166.66240011065952
166.4081046478123
166.15695912720037
166.07685163161344
166.26994579583686
166.78658144491123
167.53848976630573
168.28266292276425
168.91694894511465
169.46657880819785
170.04191713510912
170.7415740460777
171.53182052809493
172.201143000103
172.52561116548145
172.50749384093314
172.24780349320653
171.99127106215408
171.9621561162749
172.15803713071762
172.46601609581245
172.84662561804086
173.33842193778054
173.98268482518623
174.79979274500792
175.66979066342807
176.29837826357402
176.43516918396847
176.01731247048946
175.14520231594713
174.0578830309634
173.06900969170437
172.38571418820206
172.02753384365937
171.87625349327544
171.81072566989286
171.73245201842036
171.5238693619093
171.26542462048207
171.1442457720674
171.29867938415174
171.65393819083567
171.99750824202704
172.28504799501223
172.56375789140418
172.70673887763795
172.55965968313632
172.16789528092144
171.6884805628715
171.22708339823862
170.84279391646874
170.67097150054184
170.83586105233053
171.21376157110322
171.5821002303975
171.89197201289073
172.15769951605603
172.3325297176363
172.44614425315083
172.50855456866668
172.5904879635633
172.6448533768213
172.5979449372016
172.52476602718053
172.50952414012934
172.57424852324522
172.68459405501537
172.71957166135843
172.6754594381751
172.59719794106599
172.4779393198836
172.32566710223995
172.2049399862961
172.2677896553644
172.52240771281566
172.82430223192245
173.02720022192474
173.09656203561687
173.08804093032305
173.09947127297912
173.25221163991503
173.50588908467194
173.70326632616158
173.8513525046625
174.01084581319887
174.07921853984453
173.95292866777268
173.7014579776734
173.45791713716616
173.36714054833095
173.3749645857612
173.3423358901099
173.2087122011582
172.968945288451
172.65745686170916
172.3652203311734
172.31155041965621
172.58664758853234
173.00637954040118
173.34267616750384
173.5045788229624
173.50945366685505
173.4311472691408
173.3897499435069
173.3698842426871
173.30264532380775
173.15814775618264
172.98825192120998
172.86367784800754
172.74679155151037
172.5932277591566
172.39403394917503
172.22523938319193
172.09868890988008
171.95557292872297
171.8113997785996
171.77062432097776
171.98853663504212
172.48641565203098
173.07594323513115
173.4644626291679
173.5694700637601
173.55062739311984
173.53830532682
173.5706770154069
173.63930798048517
173.69715163671938
173.67122593068933
173.45735103695756
173.1323662788863
172.95838703467322
173.07074912223783
173.43177241766477
173.95241477752938
174.46639411535597
174.76773670218282
174.75829490094526
174.5325462543251
174.28013879312587
174.16175044824058
174.23246517678322
174.42375882245062
174.61412061212891
174.72635310848113
174.86568102333865
175.22886984921618
175.90062292488946
176.85880682404834
177.965727001747
179.1399930077745
180.32602950298264
181.46710078191634
182.58438794834973
183.73861699033304
184.95954489137566
186.29857487318287
187.77350159595414
189.44034722703634
191.4597550092986
194.0150713950579
197.16253671152683
200.5872234900412
203.9475695419449
207.22905546514593
210.86823216988898
215.4259091599338
221.1168194525543
227.83980976099932
235.44654027617378
243.70243587168738
252.1178478159979
259.8880468830747
266.3744057865255
271.6812409387117
276.1496876319625
280.17159446557355
284.21325186544186
288.47842274048344
292.8467697093298
297.2167145971821
301.5994415317257
306.00660379048213
310.3675801214041
314.34504599765444
317.74920510836563
320.55583570007366
322.72616960854015
324.34476162051163
325.5577776943704
326.44718232717366
327.0058908809947
327.48959629607873
328.0968088490002
328.7392483498613
329.21600635712616
329.4659437700277
329.5637033787547
329.4030647301763
328.9364490062969
328.2641972550115
327.5072350103255
326.82221325882824
326.358989091217
326.0942941534847
325.90998712588
325.82471847295074
326.1183865837975
326.90485368043016
328.07590050906987
329.5050619838398
331.010986518944
332.5637342021691
334.23628127431687
336.0588401564693
337.9223338336146
339.5428447007125
340.8706446326781
342.1998559337341
343.81833852436716
345.5359050591773
347.0358170561947
348.1245915435535
348.891763128359
349.4749873741389
349.9304008258339
350.2515320416781
350.36284057538745
350.39950245069485
350.62816752303456
351.1317679518261
351.7922191918538
352.14127081966274
351.8822929333707
351.20551709453486
350.35509803764324
349.3791738528311
348.4518661914011
347.91678444564127
347.79832779860186
347.8387388677695
347.78355179671587
347.4671923456798
346.8942866161758
346.3057974983864
346.0310636160179
346.2906152351995
347.0045007717282
347.76435007917433
348.1761940595078
348.1907250217314
347.81030983846995
347.20137353955636
346.5846993908259
346.13377685513376
345.9137623580905
345.7672597991113
345.5252521121
345.367459694559
345.4006351423589
345.6578693347501
346.1370463879432
346.7479050581083
347.426352887276
348.1342316946639
348.52953808284684
348.3675791093964
347.7265534365188
346.89528378541206
346.15787855044334
345.7740118272328
345.9346196202619
346.54286998018904
347.26511540928914
347.7504336243728
347.8816801444634
347.6504656952977
347.1049345499361
346.3484866260991
345.58020153941095
345.09046261423
344.9075402551315
344.9364833087335
345.096909107062
345.24619481143617
345.1401267419482
344.72978376182664
344.41033342218867
344.4113149196806
344.4980056904973
344.3845868068034
343.9713016463288
343.33458291747985
342.7455684364658
342.3871413392664
342.32235789785136
342.51325206704064
342.83736737134683
343.1052970383236
343.35820704830144
343.5510039254402
343.5221835266583
343.39495905346905
343.40839267517094
343.63091271919853
344.09720315172956
344.654893947073
345.05230410396496
345.21638024815434
345.14695035855857
344.8655579106302
344.4707116829291
344.0394481707262
343.8743580456122
344.0692110338677
344.5107775925818
345.0906296629943
345.64137343071474
345.91834078606445
345.7497596948071
345.37313738694553
345.07822887214337
344.9241450885596
344.88633094296864
344.8393198424974
344.82071521543753
344.93826797950805
345.15123928921906
345.30751269293717
345.39219514745383
345.4357674590449
345.5023590155065
345.5977790339688
345.72621698532555
345.9143838341398
346.183923172981
346.5256713437458
346.92540163940095
347.38327112074955
347.84546088590855
348.2249334226537
348.531779022228
348.8522605671925
349.2539904008711
349.70342085295226
350.0796604589794
350.3702606743075
350.59973690533104
350.6207540664015
350.0478518814451
348.40404191597383
345.3364705616409
340.6546038266328
334.5828470692237
328.14733022887276
321.11197607305354
313.0118128021029
304.28273956910095
295.0817079703919
285.8798946168509
278.254875988259
273.3701777488023
271.16166317003245