0.0
0.0
0.0
0.0
0.0
0.0
0.0
0.0
0.0
314.6301187288836
309.0662549256688
292.2895639477304
265.0021271484115
233.56845118035335
201.9897253246231
176.48917360272097
161.80586660769006
156.0763877582799
155.33164567368055
156.53553601153328
158.27232707558628
160.01354209748183
161.41983201708723
162.3230077144095
162.84530618768508
163.17628156525055
163.40554121041453
163.61818948764844
163.95914473580675
164.50106731748835
165.12116089857105
165.63908564097247
166.06057171149934
166.52570731879942
167.08234504429828
167.68478800176786
168.2470440174094
168.69163038944822
168.95697970358668
169.02168967600585
168.9312014454811
168.80336862308909
168.83636943490555
169.07681004304962
169.42901229128788
169.79149273723255
170.07023934466352
170.23938276159475
170.43564852914903
170.78513579163263
171.20937725312365
171.52882296460103
171.68007640104395
171.73643022686275
171.77110160117974
171.77186643138774
171.63437195956618
171.32014139075238
170.8676311215845
170.43431613262072
170.1863251904375
170.04944036319216
169.87727547128543
169.5843772934666
169.2294546850044
168.9264612241965
168.74246371300924
168.67208945251684
168.63117155019503
168.63415206151413
168.74835375295072
169.0571736837347
169.57238296364034
170.21700056408318
170.86686935143973
171.37925441901365
171.797512117634
172.2676478445989
172.84522031373777
173.45391790374478
173.98457941899875
174.3786347907798
174.60662185949047
174.6783859477973
174.67021204096469
174.68208870038978
174.73729230877848
174.82316830403948
174.97080000064284
175.18162386885513
175.42077852499
175.66410064499962
175.80103386591296
175.84445413227604
175.84185348918282
175.77922683452707
175.65371509493477
175.42435658402545
175.07087049227394
174.65714360140342
174.27920123343804
173.99807915282005
173.81928039210095
173.77097140528434
173.84053248123615
173.9252747527686
174.01529830661732
174.06166623596187
174.0143331297936
173.97609100967222
174.01570588320394
174.16181499459123
174.44705594816043
174.74914220150117
174.90266000309322
174.80619306410495
174.51655250726304
174.1203292526662
173.67829173768388
173.27095881451743
172.94094825513378
172.68597092340613
172.58935765500036
172.63739741268262
172.811803402014
173.0996130301246
173.43847094924143
173.80551116032171
174.11138007416392
174.2534253711363
174.23765188775798
174.15003324193376
174.10380224157112
174.10297592227343
174.0018464227921
173.788222888695
173.64924805821144
173.51842039958063
173.32809684770083
173.2324347595649
173.33373948346795
173.60858565730916
173.9066820602729
174.07012080955425
174.10964431192122
174.09309330893203
174.15021267071702
174.32366816375045
174.45591132062475
174.3676654944539
174.0254819663964
173.55488709971422
173.16251298392282
172.83562856109592
172.5873629032073
172.4951336305666
172.5218730855741
172.51872523978437
172.4679550910862
172.50405375210005
172.55806883245663
172.47630764064962
172.2277926853527
171.8939597725781
171.607679958959
171.46842080059113
171.53736429929415
171.8437392750817
172.26988616856823
172.64470636035912
172.79494085530197
172.63667090679238
172.27325443345353
171.8661726078768
171.55442452767326
171.4143592437404
171.46590138722166
171.72370378628392
172.13990532379583
172.62869502980422
173.1010720780895
173.45706198378204
173.67947080146334
173.8467945422921
174.0860530148373
174.45113907892843
174.8855630334741
175.34355917978246
175.79247507069596
176.144980737745
176.341191297852
176.4942735332075
176.74886072713082
177.18435238093372
177.81324756686342
178.69315607812197
179.8645588190551
181.23535714775653
182.7357400153749
184.35839589253357
186.13080178688654
188.0963799716293
190.31998683188365
192.84602257013057
195.59698894603213
198.43723313165597
201.23370571177279
203.83223602116126
206.16373542446587
208.33679378693137
210.6447199572946
213.17378414085192
215.7340292646358
218.1138724189535
220.0840265400975
221.60013514982182
222.9277019202578
224.39301197413502
226.00168246492913
227.48467796479125
228.63924137144588
229.4645832896125
230.12652168403574
230.7802979557513
231.4630322613442
232.08831671902956
232.53439343069144
232.64753849483503
232.48859250319018
232.2184663610244
232.0760848587365
232.17598012858372
232.4404859199785
232.68302785332958
232.70190369248928
232.44147382794168
231.9614284230422
231.31833783095365
230.49977332147617
229.53182296734963
228.45761546019506
227.23638376783674
225.89728211376502
224.5200488034947
223.175111539905
221.98010453791588
221.02460751813808
220.28410288238047
219.63227769743514
219.02176310567114
218.50910362736843
218.15062617852112
217.91352865312876
217.71964392303624
217.49212558366085
217.19161102957452
216.81850687414826
216.37755941123126
215.98603243942594
215.70482823974925
215.54770943856266
215.54255748791385
215.61330814133566
215.70280627249326
215.78792258134968
215.8372929817917
215.8693155832206
215.90580530648512
216.0883008495698
216.5198627773538
217.15165737412906
217.92084138492237
218.64206730730746
219.295180594669
219.83026226903164
220.0906138847219
220.0479042960958
219.77369335629868
219.3884974025479
218.95561397808888
218.4729865584872
217.94172462842164
217.40699203252692
216.88114585788512
216.42984970667902
216.012625521512
215.623750748902
215.44842901767043
215.49981427070938
215.6533212107902
215.7093796854816
215.58158020186377
215.33889026336058
215.06203224471074
214.77487239601862
214.6556730625823
214.73727653338256
214.9213220784524
215.1115641199073
215.27179060314592
215.49535880299658
215.7148859954764
215.9929804132609
216.3306724202949
216.7634960063631
217.25157459364914
217.62581384586457
217.76503030242404
217.8622895822276
218.021727407688
218.22513244349892
218.50838209580667
218.80023189484467
219.0001355203772
219.06597534718944
218.98820963501672
218.82372138130054
218.69072101086317
218.70578997852613
218.7969206989487
218.87286173474672
218.8243627723179
218.6116010456518
218.281744967828
218.0002737636503
217.80634569764686
217.68322805883898
217.54353030546568
217.28894359835874
216.89085497855015
216.4906857254681
216.21201192271013
215.97697982213504
215.73407385699477
215.45803750364607
215.21863675813572
215.0997355957102
214.99950211137426
214.98673153998354
215.07614173598716
215.27119730486166
215.62427903138325
216.0746155263523
216.47083338159405
216.70892307244145
216.85188241517614
217.00085279115228
217.10402628325252
217.17090438868794
217.27562138495858
217.36102779594137
217.25728319354891
217.16286842185474
217.21755486151415
217.37297301431244
217.70549186977217
218.14612188536273
218.68445535800237
219.28308096417112
219.6926764493805
219.77913914639385
219.5697260498631
219.1859875734819
218.6859146189241
218.17502352281238
217.67856368373006
217.15766479148112
216.62290661594534
216.15222355264748
215.80854291930567
215.68053387898684
215.77939163497882
215.92471282077577
216.0310733954733
216.01356398059082
215.90117658911953
215.7173949999511
215.4950840694254
215.23699589408608
215.07781670363278
215.13645496053886
215.3522683872649
215.56659209545268
215.72442329953856
215.89906280042942
216.00838932868277
216.09699527309064
216.10189998061279
216.118655214503
216.16365312538525
216.27766180072524
216.46976525088195
216.7190338964069
217.04091203348125
217.37670870728155
217.71277263367284
218.03459093680448
218.22761750617428
218.09828702628334
217.5760504871228
217.10643514055863