0.0
334.94643576550527
327.3639475631857
315.00742170676335
298.46861102810453
277.5620977997021
253.9633322843021
234.9790891038076
225.60455067759898
222.93813957677054
225.2405234527762
228.07353963786343
221.4354626964094
205.01678922867438
186.14679568794372
172.052924893055
164.7256845269555
161.4400061379951
159.55678980946146
158.1696451399048
157.36460257380028
157.24807878339942
157.63003057071586
158.22600480082127
158.84224627487498
159.43258442607367
160.00496802546687
160.5182141994065
160.9249704952564
161.37243624076171
161.97522032182937
162.5504831962701
162.9478513277163
163.1698370959749
163.33170224482913
163.4601213868831
163.41434530425667
163.07013899667692
162.44708311062234
161.6779418373892
160.99229651694037
160.57552801741363
160.43875018035445
160.5324924737946
160.79244823619908
161.20798490614405
161.852359740616
162.8195841860401
164.07311991020248
165.3057745847796
166.2091671230197
166.75559259761894
167.08402989951531
167.31938606781253
167.57029262170352
167.9269908469243
168.45880472443304
169.0593954299285
169.58457315687428
170.0840557676554
170.569859167233
171.01007637735302
171.41436832978926
171.77135176365903
171.98395270122546
171.9632019792166
171.73761565077993
171.46329023966297
171.21539365658558
170.9712627885713
170.734294420917
170.5019850885294
170.20783058144292
169.83762310984278
169.53168100841458
169.4415594199859
169.56169196637308
169.75011933390286
169.91708048879536
170.0911350699892
170.23718896587872
170.28730766713818
170.24512210028195
170.17052955659878
170.09560026629467
169.995058715264
169.86793107987037
169.77297068742388
169.75484437972034
169.7557704163244
169.7154880850153
169.68742598999452
169.697686122675
169.693665124487
169.73684455799196
169.80744110756632
169.87378965031806
169.94505936079935
170.00851021029638
170.06897911059002
170.13921546588327
170.1924391980536
170.17380045734365
169.99007101388864
169.61693712563638
169.23237052427277
169.06842745471494
169.16703407533325
169.38569783114474
169.57404077126776
169.73933389498077
169.9460627562469
170.1308899745986
170.20070877932142
170.24917841680747
170.34690613997918
170.44673832237828
170.4929995551202
170.46850642713707
170.38269778727258
170.26541434308285
170.15562864523687
170.04118141549975
169.99326339125085
170.07167785673914
170.24927227701698
170.5465095982917
170.81590250315207
170.89450999747683
170.84302440068825
170.7283603230236
170.6686012019324
170.8187790552451
171.09476333068488
171.36795377577675
171.56393894946217
171.63006945554585
171.57988922457866
171.49247220599506
171.43455005245022
171.48226860208496
171.62242523123334
171.78275004579294
171.9281059672361
171.95369762270755
171.83981899556787
171.76588240080866
171.796690636117
171.85557787035697
171.99793945769332
172.20592989779817
172.34381866206508
172.31243871129533
172.19341828697114
172.13485815540116
172.05495828670203
171.89239668965251
171.77651017278004
171.81427376473485
172.002237501686
172.21556095485795
172.31644203048853
172.27225018998192
171.99281466153394
171.56515244085142
171.0799078104116
170.6048654235375
170.24494389072868
170.04599712501033
169.95139080414447
169.81197254136399
169.53295650015707
169.17943816698275
168.89374079335062
168.84065254308106
169.13191904075677
169.63041027139178
170.12062309920321
170.4656783746445
170.63683195054568
170.61219433068393
170.4479992456591
170.35547252484315
170.3454444331161
170.29714960649744
170.12534681356658
169.80549503752076
169.49422299465905
169.47904458706557
169.81498655532923
170.3641839313769
170.9443446006681
171.44744446138478
171.9517324271598
172.5281524864017
173.06503813047652
173.45581748920299
173.58530196258695
173.55276571960297
173.5644630686296
173.79760908510443
174.37626937679565
175.326813784051
176.5939369649916
178.0841716552371
179.73764153069308
181.50469793312516
183.449747201185
185.6512919397835
188.10843597047563
190.80364887347434
193.75447702605646
196.96714926916488
200.18836454116405
203.00620953218373
205.24918898127166
207.19205391813634
209.0927535134756
211.04055808110184
212.9564271620781
214.75408138255784
216.5219529271749
218.2730346651593
219.8688260072227
221.19135414547642
222.21848512062195
222.90731127351063
223.09955876727616
222.7709968493349
222.0538083658834
221.2154297425102
220.51812250785576
220.03780890400697
219.61073819631795
219.12415755798492
218.51043987509752
217.6828430283365
216.7292840938964
215.81291593740713
215.17063038572377
214.96283189974451
214.99463414382225
214.9976673610134
214.8339599795774
214.45414966045274
213.99734369675554
213.66554148667666
213.562417862317
213.59803918220783
213.6585003656718
213.6842516011001
213.6472208244361
213.5190303104804
213.33490849888938
213.21359826177698
213.2183054787485
213.30701904265658
213.4414152092272
213.6592103745266
213.8818147553929
214.13058942790133
214.31426928646366
214.30992838553297
214.12878987434533
213.81207981433388
213.48567844275857
213.22990884718183
213.03350437711532
212.8306093398765
212.67419432871506
212.59922946677088
212.69279890017805
212.8612822578464
213.10550331907623
213.3335299146965
213.53098291196795
213.6389781691058
213.56914807191652
213.38321369413336
213.20293068161385
213.17602912518194
213.4938543943428
214.1429877211525
215.0123982425061
215.87836998202746
216.48907794655284
216.7451435470227
216.73280028175935
216.62289684678365
216.6303082227688
216.81935856673857
217.11414205941028
217.43908452534583
217.68557697490044
217.7618973267279
217.70661603473778
217.56491606168888
217.40905961575513
217.29597713186917
217.31357391937914
217.39104929827255
217.366725387708
217.20956978205473
217.02552624954254
216.82591822191836
216.6348630605193
216.5140922089155
216.47683314379668
216.4435192703071
216.4238383396376
216.43445711643525
216.4844848762973
216.44261543923676
216.2883996373286
216.17619701832493
216.15391158477382
216.30403694569586
216.53089517520527
216.7338653259408
216.84353347655673
216.89256756391708
216.94000466630004
216.90763374592694
216.7498991588058
216.5190430721817
216.32614054529796
216.30187041389098
216.46777897127038
216.7233617954192
216.96157050970498
217.08634499986132
217.06155150177273
216.91831982165786
216.70854923176728
216.52080502233235
216.44103228534442
216.4874399137593
216.63178953339977
216.88371506226397
217.2245955905316
217.6192381720036
218.05105201831861
218.44413141404732
218.73608906649574
218.93730319349942
219.00330018665628
218.91882489230085
218.70463762279414
218.4678298092048
218.35693246857088
218.41376009512297
218.69883390434754
219.07583484314966
219.23897488190556
219.24514383593294
219.32292795470607
219.5425398863705
219.77695064398358
219.9747545833313
219.99589174576508
219.8267798689155
219.59211362431918
219.37887882345143
219.12678271499567
218.73536021162698
218.17618438257924
217.52817324178977
216.83681644907057
216.09891094115014
215.4374141031101
215.0149067095899
214.86209433638746
214.87180612651392
214.8384402846326
214.69124660055354
214.39205244648042
214.0862973057672
213.87692952717464
213.8629063303776
214.06760937902385
214.30683204706742
214.4894705678394
214.61440444505118
214.64349735608488
214.71037110897848
214.91608406191716
215.31688202989451
215.86309408114676
216.470166848861
217.07225787068657
217.55506455991855
217.8955073464768
218.10367955954354
218.10648495442388
217.8599164577156
217.37455220367886
216.71881688387873
216.02676705764367
215.61758763969584
215.87674681049072
216.81779740082698