0.0
0.0
0.0
0.0
0.0
0.0
0.0
0.0
0.0
0.0
0.0
0.0
0.0
0.0
0.0
0.0
183.68238228851615
191.343138528791
191.333274039581
186.0316926972876
180.7462899560938
177.08076136725822
174.80535034836316
173.10579243972384
171.66502288316636
170.6291876442811
170.13178428702827
170.09124358913778
170.2734822308527
170.45987513024838
170.57944938067837
170.6399630574531
170.64803514578983
170.6403032599675
170.65634808845374
170.72948308258262
170.85439445217048
170.94788590582857
171.0211096510751
171.06779947644196
171.00368223577487
170.80324369565014
170.50578580322144
170.14433577286894
169.77174820827895
169.45921381089266
169.2925930716578
169.3327409829591
169.54502030451974
169.84141484662726
170.14861007688597
170.39633680672452
170.53922112529463
170.52203088158052
170.3876700514691
170.25010671999317
170.14410121649968
170.12654172953964
170.16355499439052
170.2025219214196
170.2308898944405
170.26058443947318
170.36914815246803
170.64278375029755
170.9675339887293
171.20436453039443
171.3517092863118
171.46640678247732
171.59449042194086
171.74724375736042
171.8950292389437
171.9896810712055
172.04390532213066
172.14035148959482
172.28951667571422
172.41500525313887
172.49246377144644
172.54122667713847
172.53085852273654
172.44586127424915
172.31022493262256
172.13693101246804
171.92311418797846
171.68807108069095
171.48503094199867
171.3703352068785
171.38736252496048
171.47688093684835
171.51505788435372
171.521395869544
171.5847914364856
171.69858378433784
171.8686529309609
172.01317287926196
172.0391058455152
172.00093384131253
171.96630241893513
171.92217527573712
171.87615590640917
171.8008961058043
171.66946658675738
171.51565674112723
171.37095704182403
171.27512986568195
171.19121971937417
171.03719634214312
170.8535415567713
170.63772847518436
170.43389977759702
170.20976557178162
169.9332642509333
169.6984265203997
169.55315073784033
169.49128598794147
169.50711171187461
169.47520861082742
169.41505601707004
169.44537000195763
169.55273552848095
169.73595632975358
169.91459421753672
170.11672036838874
170.35616495277532
170.5798081074755
170.71075673580648
170.72796168187423
170.6763539514205
170.5846141804599
170.616350550986
170.83514304210786
171.23173150754144
171.73148696243717
172.1922248412768
172.56994595969726
172.8522943177088
173.0152062913807
173.00052128593342
172.91892478205108
172.94766899898445
173.13050269688827
173.42344951770076
173.79496531062023
174.11772795528412
174.25433143136232
174.2311928854464
174.14320477541463
174.01332812411852
173.7878244166026
173.418220459594
172.98313708132443
172.53985732774737
172.13497982137898
171.897592088177
171.89744651073528
172.05112009160814
172.25374442718513
172.35303374931368
172.30277169395254
172.11524313101665
171.85980216120703
171.69942125507723
171.65084908475072
171.5617320249272
171.39346353219292
171.1354440298737
170.8571415347325
170.63969303282352
170.53934156888715
170.6059748361741
170.8164294035839
171.12492452006103
171.40019086041536
171.57166403632064
171.67924199679365
171.77724850174224
171.89437281240515
172.04668463749246
172.17850207133267
172.22023777985208
172.17672993883806
172.14824901264137
172.18448573250612
172.28589345641527
172.44690639331432
172.57342818598795
172.5814532477371
172.49524401655094
172.3230757144034
172.14290541848817
172.14808633856364
172.3556617859729
172.67300601712765
172.9844479431005
173.23533134088441
173.4260275420507
173.6418526688887
174.00710092755594
174.58672643111288
175.3491635235356
176.11226033781873
176.84525923007197
177.6100166170849
178.5219979586281
179.73417227895055
181.24148470733212
182.87115003047285
184.4818307473451
186.1058980379841
187.8864853408248
189.906212070211
192.19058295267874
194.68065769846157
197.22288792280696
199.58837134204205
201.61593596648441
203.34448364883306
204.92837213563496
206.49803294095403
208.13653611942863
209.88997434093392
211.76094254703497
213.4510494478792
214.52760397014396
214.96951126454587
215.22938405538815
215.613392195511
216.04668049917166
216.41456590682114
216.60987653545908
216.5748749997066
216.41484613938758
216.31380691382697
216.3387983713322
216.38782883858545
216.3500346288809
216.2033892486272
216.0782238198464
216.05325495516774
216.0425445727583
215.9633598995069
215.73918032800023
215.3581072005104
214.85985440457273
214.3369384031234
213.87431483544742
213.59437553278948
213.5706265856364
213.6681326999437
213.74161333682014
213.7769782529309
213.8786566515529
214.1015769647832
214.39524061039032
214.66973486411806
214.8185833767623
214.76614878852712
214.52973672679573
214.21620109354313
213.94032135120216
213.78921422264685
213.8330844008241
214.08130174268211
214.44843915428262
214.84207901756844
215.18064795483738
215.39195836624333
215.4383428002796
215.31282923604581
215.07859728708007
214.83955783729039
214.68382920271208
214.6250691791828
214.5677026817778
214.37600627639827
214.06298516615428
213.68292806890065
213.3496157278795
213.1861530513318
213.18136368644585
213.32786319871582
213.64695887020852
214.19235899839202
214.91394054170127
215.65519415384023
216.25455212941827
216.6655593431461
216.9491222116753
217.15373478240738
217.32210457032227
217.52779951671369
217.8431661987222
218.2615931669428
218.70404388050164
219.03813407182128
219.16472064151978
219.09740781502356
218.93406622236864
218.7949323224113
218.786625058619
218.94100971872862
219.1590776587257
219.33893753841417
219.38470023611916
219.27105958901467
219.02250665220137
218.6248926908587
218.06440171582994
217.42565221024313
216.7743550587212
216.24088780565518
215.88216273708588
215.6443334161751
215.48457128876538
215.44028731043926
215.515599157974
215.6655360842899
215.829234905546
215.9598032442162
216.03993816219085
216.06377248856415
216.04598890896392
216.0248379717885
216.0318503655323
216.1673229344062
216.39955942888696
216.64000815492315
216.8302061647975
216.9862762960935
217.17040796670446
217.43404229101253
217.72149690403845
217.960716212239
218.14781582590925
218.29979614740378
218.45875571370084
218.66249362116562
218.8740499568661
219.06130282951983
219.23609745334858
219.3769055749409
219.45362167836728
219.45669840910801
219.37483984146115
219.17540649270478
218.8379433749918
218.42119366116046
217.99985737046066
217.63578174285112
217.36485400624167
217.18507577841336
217.04443005218536
216.85526370473053
216.5497969347678
216.1719469945774
215.84085383930284
215.63531416807382
215.5551185812349
215.546578071092
215.55243767749616
215.5605038672443
215.57044418953555
215.56646939061238
215.5088900770012
215.32898477063267
215.02455944626274
214.68726736666147
214.41851007690536
214.24844785578117
214.16593029391822
214.15718258043879
214.19045871388008
214.3172395746851
214.6235491940148
215.15104385420776
215.80154653292564
216.38276330435846
216.81952236092434
217.14013315902616
217.38672174947607
217.57862025285334
217.74897125682637
217.92093102337805
218.02415094487918
218.05062215305304
218.03679715431292
218.0408870378681
218.1260091975416
218.3178766811145
218.59852837763123
218.93479605688418
219.2472268399464
219.39073101383397
219.22860994179584
218.80102724166028
218.3286064402925
218.02205905549042
217.9929316495087
218.2710757763875
218.8184253287755
219.6937094433704
220.85896892846588