0.0
272.7008480841209
248.04057668949477
222.5885780178829
202.45293883990843
188.71224665279897
180.45754363782532
176.08274042359585
173.77961343929877
172.34618779700818
171.28243297003752
170.43653979650034
169.77153763181875
169.23656080589902
168.7796016033445
168.396624356409
168.1542928407516
168.18466781090393
168.56533752788238
169.21088242633957
169.86444678106238
170.25717678873102
170.3361416945887
170.27519993509964
170.31790861649216
170.6189797726384
171.13511309944676
171.73480622766746
172.2847512031913
172.61301232853393
172.67463608788998
172.55292226855852
172.30572599952808
172.02101813642037
171.7936202655926
171.57658650220569
171.29004484454643
170.94773493299977
170.5636503223268
170.16071324120702
169.85601424644102
169.81730662337904
170.1199992008391
170.6569270951889
171.2001522798062
171.54192675920496
171.65618656179916
171.66039895680495
171.64410293189343
171.65038322298454
171.6985599883568
171.72591401843948
171.6664306229829
171.50934616642428
171.30588044899176
171.09869585437033
170.8876356690756
170.68155947740013
170.49713223280133
170.38000883237794
170.3062872224151
170.2372227523266
170.2524029375446
170.45641885011867
170.8623392806033
171.43010678921752
172.05523771489882
172.5451708740686
172.7449655445909
172.6286047464246
172.277893159546
171.85123259628733
171.47925655264436
171.17680303474157
170.85986086659943
170.48415993249608
170.14270525631676
170.0007982700174
170.12098119443527
170.4124696665859
170.75581440289233
171.0925477636228
171.38961309385945
171.64397800949877
171.8820975624544
172.07201947587032
172.203270892884
172.29653310403484
172.36617965610938
172.4083661609132
172.34931940715393
172.13981188947633
171.9405200861094
171.90136247409274
172.0403339219644
172.27201958523943
172.43502791354524
172.42255792091385
172.28420566436893
172.11370765454126
171.94662466774392
171.8027662433352
171.68972554992223
171.6088227286766
171.57508867976935
171.62585361438573
171.81209121426394
172.15119250338637
172.54970341464337
172.8863173958396
173.09123461154792
173.13584171738228
172.9979428066425
172.7000191628189
172.36724657381598
172.12988428314577
172.077929527388
172.1531668876115
172.23560363723678
172.30585282817822
172.39196106928676
172.51500517173525
172.6591166318543
172.82471510167008
172.99308311064186
173.14673905217452
173.25685033873822
173.31288677246764
173.4101984249236
173.52781152541667
173.6823330932565
173.88287074127504
174.09197029585783
174.2902118225951
174.45539400717908
174.56564146730463
174.64657641945536
174.7494164580238
174.85820001685101
174.90224306456912
174.87701491842563
174.8747113695373
175.00684140637784
175.32854431270553
175.82018636752687
176.41457364087802
176.84943195114195
176.93137679190613
176.70469476660838
176.38916496932075
176.22956489656877
176.22564427294955
176.31401893169436
176.43965040430328
176.5666159473864
176.59593045292692
176.45172089925745
176.22395660017332
176.0722092759757
176.09152898190777
176.294195893368
176.621348565333
176.93483499403968
177.14270739443248
177.22043714250958
177.10681430828413
176.85422836236117
176.63288849996002
176.41631108540454
176.1094376859213
175.72882078677915
175.38322887315837
175.17588445199732
175.16846266993903
175.37277444632463
175.6961768004095
175.9844528587156
176.19035313164235
176.4006314213651
176.6919791950342
177.19922788076002
178.09817820860215
179.52746180475535
181.46937913952954
183.75270287389193
186.24981544767695
188.9174021698518
191.8326342349353
195.0819369799105
198.75214133855366
202.89961724150402
207.54409294129982
212.90407107820596
219.40594769010008
227.0820522185581
235.53538499827485
244.55257809690056
253.9227558976744
262.95567396874264
271.0120091479147
278.03507651386826
284.1444386236559
289.4919932695992
294.45369149909254
299.17286370446027
303.70109402894946
308.0969252982901
312.36766283932866
316.56077334884964
320.71464012087233
324.6718621068653
328.09222101403736
330.78298375649683
332.7774020924762
334.1448824256466
335.11271252718495
335.83550789826296
336.1842542149653
335.9800326271707
335.3161523833136
334.5342474356261
334.01150766643354
333.8540148839934
333.9534651683589
334.18550152936336
334.560463182686
335.23109478173353
336.305530580286
337.61549088348
338.80772907091085
339.67584763114485
340.2165235162214
340.61730039473287
341.07681236551537
341.6641380918329
342.40944630827823
343.26864843745216
344.28970980582864
345.5362573724328
346.97638445078536
348.419195183272
349.6303308876793
350.53467330201266
351.12414647946775
351.3283878465379
351.1396585348147
350.63520879501675
349.8274861745184
348.792120527648
347.62393612448966
346.4464611254308
345.426561040624
344.5625251034441
343.79503877795435
343.13618278597244
342.6859809946069
342.410193992551
342.206530456046
341.9764235111676
341.61242424259706
341.04914974766945
340.36156499861687
339.67688239963366
339.13676628020403
338.90918213073496
339.0486915437473
339.4809827119863
340.09159286104637
340.72835977321597
341.27053335816674
341.61588973968696
341.6996958476797
341.5041501072503
341.086982404497
340.55887590632307
340.11862941336267
339.9902580480992
340.38877378394557
341.2969005239974
342.5241685818106
343.8168037494462
344.95635036602255
345.8326928707112
346.3813691719642
346.5950669836265
346.43114529598824
345.8981707288429
345.160248060918
344.3403658253876
343.54511040224395
342.89845860201956
342.5308119683902
342.3904195946434
342.30818560298803
342.14300813966713
341.8340642999941
341.46518651837164
341.1957825401355
341.08548697641567
341.0954500623875
341.18708086865706
341.3465653057198
341.56142668388196
341.79553923227365
342.0426146095857
342.2794371175047
342.4943364271621
342.7675204837462
343.1819691921459
343.6946623260946
344.1362449290691
344.3992077465266
344.48950143933695
344.45662990075334
344.352173643292
344.1515268350105
343.8902892092493
343.66256915471945
343.5376797075419
343.5489350836312
343.69156468747843
343.8803975970925
344.05040818208374
344.1846461374961
344.2908252161785
344.35287762829387
344.3007208607449
344.0869304995042
343.7201148061097
343.294470581263
342.91770387917694
342.6170808052667
342.37723184267594
342.27010207353226
342.34924930378565
342.54703200281546
342.7526409788927
342.91268562418213
343.0357476781524
343.15632249160626
343.27978817640957
343.39050081857476
343.4328775995296
343.3444455875326
343.0913048921012
342.773460711924
342.58528895372274
342.6583898304756
342.88491662211965
343.04815065043834
343.06020848980387
342.95649373630016
342.7742365036831
342.56819086993374
342.38014097877436
342.2551998485045
342.21660911752275
342.2141922099369
342.25812653848095
342.34650569535955
342.4064754278904
342.3735334860942
342.2719744596693
342.13022728389524
341.86618400880053
341.44518556802586
340.95163917116724
340.5345195965006
340.2990049553472
340.212749844148
340.21425830811927
340.1943854119718
340.08247166552303
339.89728751700676
339.61076520595236
339.23538847027794
338.8241132553045
338.4364195008641
338.19570770119753
338.18768304061325
338.3904894947253
338.7272671442926
339.16439970562595
339.7139752949072
340.31550733146423
340.81103826994564
341.10981339031736
341.22006935221225
341.0964298105077
340.788518329934
340.53873485268076
340.66311355404866
341.1861245591263
341.84298579280073
342.27564077802555
342.27984854628096
342.038285856815
342.42925024435436
345.1466741626057
352.09044669274584
362.98076991615505