0.0
0.0
0.0
0.0
0.0
200.03049957454573
202.25512596076987
194.679038364743
183.63741864842
174.8663091047158
169.63204852024742
166.86276581026328
165.3493358814402
164.3073747036021
163.37020831437894
162.4434833943462
161.543983250035
160.77016728095188
160.30095593975355
160.2889719830985
160.72963588405779
161.40542962562108
162.0258946840155
162.3920183583208
162.45036805988767
162.3568607184849
162.37775658916584
162.66421184144164
163.09320713042464
163.38029096813034
163.38445646504266
163.17207108025858
162.8685092154959
162.60301446703642
162.4743541091549
162.46889644582598
162.515712813498
162.60570918934175
162.74479629093457
162.8747543642239
163.0052312964686
163.18815135173188
163.4644195177175
163.88480985386664
164.47093596515714
165.1803995348305
165.8816299397037
166.41679252107883
166.6883226290849
166.71483155163426
166.59841034815864
166.45375340592693
166.32103902229747
166.20786604507984
166.17369595653744
166.2222508578937
166.21586995487496
166.05965627009
165.77256166894892
165.4329129810643
165.18604733667854
165.19555897372535
165.53609106906828
166.10793122862162
166.6715097103487
167.06464879375216
167.34165278865768
167.62808326745102
167.95150648910283
168.252802406297
168.45141308811617
168.47662733341338
168.33342541748615
168.1305771118029
167.98404234560616
167.9687495841561
168.0860168673281
168.33950037491266
168.7393215929831
169.25320332910675
169.8076871735558
170.26562102370465
170.53710024794918
170.59884228936713
170.50897754376388
170.40111012302557
170.37235197310224
170.39621359574798
170.39295970543486
170.2898630344141
170.0439323764145
169.67281437866473
169.299718975355
169.12929313309536
169.2861849675379
169.64839583321432
169.94447265782748
170.05274995901786
170.06198172526706
170.11026087862624
170.2675127279456
170.48382006817354
170.6703792804844
170.73856937309782
170.6564918970143
170.44992802338834
170.18464060899046
169.95127327858717
169.84295872755465
169.97791543206773
170.35693082821055
170.8802187323152
171.43835923386482
171.90721132225434
172.1659419771452
172.1827084155123
172.03284571182522
171.83042220544263
171.65125413978654
171.5475250237925
171.54151040154062
171.5847510944933
171.6216012710629
171.62971302781287
171.60466952042935
171.57647432095195
171.65479822738502
171.9331348643892
172.35322900764177
172.75128271635523
172.98037680754942
172.99419281425457
172.81291175531473
172.50652245911152
172.1935711300772
171.96699819026753
171.87023333606317
171.93335386155962
172.1647305516684
172.4722395815027
172.72845977704026
172.90154554323144
172.99909014714635
172.9735340319105
172.76663440796867
172.41790288747237
172.09803523737497
171.9475848525896
171.95733052819355
172.05981245557444
172.16410371945008
172.20161746814
172.18863308300718
172.18716957324335
172.1942390767826
172.19389173778308
172.21202452981748
172.2497436400919
172.30303222305056
172.36695610073096
172.42593487813866
172.49058302092985
172.64070951518025
172.94001583377292
173.3459465514465
173.78385428805282
174.20620278442843
174.6175460729696
174.961196768864
175.16464925536536
175.31416487776968
175.56829288196678
176.02090364806602
176.61992189268878
177.22065828322798
177.7536348375757
178.24752863769763
178.80439623406568
179.58595365995433
180.67679321684915
182.0093624544407
183.4556272357878
185.04062625539905
186.9497607461152
189.38049406756392
192.39427812309694
195.83422508073872
199.4219891155716
202.90166905041409
206.1106159006341
209.18670266389321
212.53328717058963
216.4377928910348
220.92146984057604
225.86902442576726
231.14988450484736
236.63093772329256
242.13647659947256
247.50890585673855
252.66397541627015
257.4626225868232
261.6517576340678
265.0159308273153
267.532407733423
269.4051222049393
270.82383155246
271.85110494285937
272.45116802775334
272.552001831299
272.1720242991894
271.400224670832
270.28500761944224
268.83343782575963
267.1781033508826
265.4440149002093
263.7740890026778
262.0574705482476
259.8801962658562
257.2042291037319
254.3919487643652
251.68613973838922
249.19795788010165
247.02683177150962
245.1890553886334
243.65552302925676
242.40184120423385
241.4435295258422
240.8006899142852
240.49560644306695
240.57497543396437
241.08274406175636
242.0469038894157
243.56527096693844
245.7155389096157
248.3832616820584
251.26210629108317
253.98751784433566
256.30107665649206
258.20044582459445
259.87791229376137
261.53450294186786
263.26812979809716
265.06261807903593
266.8791404056142
268.61746174992777
270.17361243054
271.4800619628926
272.4108089197499
272.83920923891014
272.69290413862973
272.0042366962058
270.8752000985017
269.4228811328355
267.71826113856366
265.7955142167379
263.7788502336402
261.84246077495226
260.08319050909967
258.578309239272
257.3506802008283
256.3477436727966
255.51643812028607
254.8929612049222
254.60132285546123
254.63891407453318
254.7813999428126
254.7817881443046
254.5599490662516
254.23414007563366
253.94671307250647
253.73883752934222
253.64849944040844
253.7249688456526
253.94941572200335
254.18874189511448
254.34430975856367
254.42454275271467
254.49276936371865
254.58456222876538
254.7129461828763
254.8838188655506
255.06552584261163
255.2582602961069
255.53085327081067
255.8633570630118
256.07304646081343
256.0057676120203
255.6453857113412
255.0744187516778
254.44447754595564
253.86640025619937
253.3778219810908
253.03912727444498
252.94996426879553
253.06004197416596
253.26563675545685
253.47043814142108
253.6369652548374
253.8326960419019
254.20755777041214
254.90502410727103
255.97604968768997
257.410962623047
259.06851010139303
260.6551194145011
262.0249010775949
263.25785539908776
264.4535098661713
265.5935225194499
266.587618236719
267.3752763582865
267.87196624592036
267.95325579357075
267.47199613038435
266.4314367566518
264.91050306868453
263.04897897146026
261.1420163378747
259.48258946712986
258.0554897269043
256.693217132929
255.32839878158177
253.995724780282
252.7995284723875
251.8548657626289
251.1626242364785
250.68705782764027
250.43653758415172
250.38640142194427
250.47822380283512
250.75037800489446
251.31580312884776
252.18138741867782
253.23588887379117
254.3607532019721
255.4340652161122
256.3809228759428
257.2356246614447
258.1168725739812
259.11202573685983
260.18611249428994
261.14003566827625
261.78370086472205
262.11530219622915
262.2749063552113
262.2483746552207
261.91818170777213
261.3839988380062
260.9530898628585
260.8497365558284
260.9866864764675
261.02265535028954
260.6656278527627
259.9235550172444
258.98975760124813
258.02029343820186
257.0538667004025
256.1175874272779
255.23003152472944
254.37958774465596
253.60816747827798
252.93025506285005
252.35689401100245
251.98441786951966
251.98851784137392
252.40115171399808
253.0324937105383
253.6880976258185
254.29141212659923
254.8261183899805
255.27032003286786
255.63344576575267
256.11799497912466
256.8851061002646
257.87428520667197
258.8754298621411
259.6945915174957
260.2276782865394
260.5394740246333
260.75406719935387
261.0254404114467
261.44393984672837
261.9051655816811
262.2898282034375
262.46985159082624
262.3082878223866
261.83614496614086
261.239876284579
260.79046437982214
260.6436236803781
260.6695285944614
260.5083188412198
259.8506816565266
258.6018867160922
257.0094639942852
255.3332713108478
253.56965924493952
251.3172559612028
247.84752908738022
242.61303925228216
236.41560557744378