0.0
0.0
0.0
0.0
0.0
0.0
0.0
201.28161056903585
199.43758813177345
191.96193486060383
182.50041362400816
174.47932568727765
169.09213784178664
166.2177425390584
164.77103302236213
163.8814865013087
163.19779599824204
162.66603849897047
162.38928543801276
162.50807986472893
163.01967298255357
163.69953061633743
164.36188567839093
164.94721843686133
165.46986394169141
165.99357586160312
166.5132670813553
166.94483792795256
167.2128082500364
167.3315500595257
167.42700882136586
167.6312117901618
167.9653268927854
168.3758423387837
168.8159055845644
169.2605927756097
169.7168961540223
170.20213731670515
170.73380049051386
171.32854119737448
171.91532836400114
172.43234693000664
172.91175906884905
173.3964387150159
173.87158669807724
174.26551327686818
174.46750679311063
174.43025070321008
174.18098496665692
173.79532874303231
173.37388564401147
172.94691113386557
172.51089267393078
172.0921264552469
171.69480161276744
171.2977023681934
170.90905347737757
170.63038445666842
170.58562695636067
170.7753974087897
171.0865519536511
171.347800343303
171.4123205960057
171.2497855067853
170.96948622509484
170.74268409734935
170.76288013363234
171.1510085671293
171.81979625986168
172.54721304018685
173.05593930613296
173.1644703486071
172.91696500419104
172.4851551144145
172.0320708192559
171.6745391933125
171.47057896795744
171.3989059124481
171.41335570686485
171.4655507509518
171.48938097403285
171.42547172455767
171.27372600376637
171.06199662716637
170.83549444079733
170.63308925352135
170.48496029699172
170.4159720828833
170.35058490185588
170.23442029039063
170.05106478480752
169.8140551494826
169.52826429610406
169.1690211043194
168.75342088003663
168.34832122946648
168.03007079735488
167.84983800960532
167.87196573987313
168.081017417482
168.33015670820012
168.51753164165112
168.6394346901152
168.74174117740614
168.87845105581408
169.06943637937505
169.2901247951629
169.45963285253896
169.5870397925039
169.69399534454698
169.7443769708269
169.76086828906767
169.84863765992708
170.076146167752
170.46577914977928
171.02907444337552
171.68754130896338
172.2909154688768
172.71588852332926
172.86152434493957
172.6630961168643
172.2205174777705
171.773120339079
171.43906522831685
171.2885847143726
171.35675805714726
171.5292432057803
171.63946539451203
171.62464544404605
171.5670261680201
171.60093620563939
171.77783998146373
172.0359036809965
172.2409062643236
172.31520282722045
172.33004266060462
172.41070284114693
172.6320450339397
172.96265735704807
173.25529984670436
173.36278191096972
173.3155178999321
173.2054237176148
173.10006293763115
173.049407806731
173.03749817239185
173.01617081613952
172.9862493212885
172.9604552700158
172.92079596943552
172.8862345982633
172.8907317770208
172.97959558627252
173.11596768010128
173.28255268602808
173.4960125227528
173.67331107592673
173.74292597246807
173.76917141340988
173.78944356205687
173.74882046954247
173.618922151896
173.47604160773872
173.38081123453605
173.29449350837086
173.13328618013296
172.7728578056259
172.34784577499974
172.03887085566961
171.90946371617792
171.99694983428353
172.22006003884624
172.45940800953076
172.6715011955076
172.7779236510964
172.80474420515554
172.87446184499146
173.01619976144707
173.17389298163866
173.34623594080162
173.57599767231233
173.8061751027605
174.01509627975574
174.24482210181696
174.56129179932498
174.97368701874888
175.38048694145814
175.7439335547437
176.1015320601139
176.57382885693943
177.2758048593792
178.22980872801543
179.362816784634
180.60066600089547
181.9367526485568
183.38286308681063
185.07454625564958
187.25430259305406
190.02537696157384
193.30641450373366
196.84847087309814
200.34960070626465
203.60673335518695
206.54246343996266
209.2259902005911
211.77674904350704
214.1699897118183
216.22929451411352
217.7132664535654
218.64431048959867
219.2536028085183
219.61789062109656
219.84147936871605
219.97395751741135
220.05653169264764
220.08317334133545
219.98790511123931
219.81770549948192
219.63356387007394
219.39518094369106
219.192593856129
219.0903381845451
218.988135320909
218.75966837325083
218.43996047520164
218.17346250970783
218.0103763189105
217.98755882777772
218.14942128218638
218.3942493975657
218.55901110066478
218.47827228430657
218.12271437711476
217.66275818099365
217.28808701738183
217.1252904720797
217.17925211257344
217.36546734673772
217.52228578746175
217.44584491833314
217.24802925139645
217.11194564946956
217.3087979341687
217.85175147858882
218.62298368203406
219.21915693940156
219.5235326808348
219.58590883327477
219.5285373993403
219.4045016535614
219.206286856064
218.90846331648123
218.65665311608453
218.56739578909222
218.5417462983479
218.49732848629944
218.39892274390087
218.2759633233692
218.14723899016838
218.01267876746223
217.8419666966172
217.67132455328368
217.4897197442326
217.3555388291749
217.35638843027698
217.4998204231183
217.65610597268864
217.69670824062928
217.59136501198432
217.39231704291439
217.14534472570608
216.90366566920932
216.69999985629846
216.50087737972595
216.29037982188274
216.09546692250754
215.9413408700892
215.86796717334786
215.88006074770607
216.02953286165751
216.3555817327665
216.78201351429362
217.2257763542958
217.61434617896347
217.9284492970125
218.20052125375136
218.4332007492472
218.6107313867074
218.79920721953232
219.04224123761344
219.36758737527586
219.73392243594313
220.11996542156834
220.43029435217778
220.5863513956033
220.54682352689616
220.3319738488029
220.07498427797785
219.84840720442446
219.67303036176006
219.5833442717267
219.61506381214357
219.7711842766703
219.93825297786154
220.0498621380303
220.08951138575225
219.99552395520854
219.762462037923
219.4152219024462
218.99868331894214
218.58151635465887
218.2662478431388
218.08321658247016
217.98664959556237
217.9279304811319
217.91828729417352
217.9853696413591
218.12427383896937
218.29377280819452
218.39717034616206
218.33310716333068
218.10697746361566
217.85009066647882
217.68568020422794
217.63607246011043
217.61276801402295
217.54716259679475
217.46901111103494
217.50016914953653
217.73433580652892
218.14465384076436
218.61806993860202
218.98050860778926
219.13639269645958
219.10456864498434
218.92587476894718
218.64491675718318
218.3420420102844
218.07148847948523
217.82622008176764
217.62468782903198
217.55494720184726
217.67824308960436
217.9117155372548
218.09733991366218
218.1172668872162
217.98597998098694
217.70185719801424
217.30497965033504
216.84825291267168
216.35217082864858
215.9044209005208
215.59789371382647
215.4969801120212
215.49878783485886
215.49225980053555
215.5038669406966
215.56686344103738
215.72003358914645
215.98218697644074
216.31906673084688
216.62342017507393
216.74171959730174
216.6297316051701
216.3345599260631
215.95130692879067
215.62366733371022
215.38482797384938
215.2137675094638
215.10658000929828
215.06429945128178
215.04018120767472
214.9816489666656
214.93231595510656
215.00551209427604
215.24924480114913
215.6397382548868
216.1143496570925
216.55956681712723
216.85270355834876
216.97780857704743
216.97142795637183
216.8428076133773
216.55802108584686
216.1105627785671
215.6483611932369
215.3618872196196
215.31449747092609
215.38154086022047
215.44427975500662
215.46287878268845
215.468478310051
215.52094634639408
215.682236904514
216.05655972830326
216.63354652544572
217.13259460988746
216.79216952028125
214.20814662419647
207.94151948854565
198.99381559284157