0.0
270.26485067082217
241.84319360318364
210.1415780220474
186.5064656439148
173.52923379182226
168.0519592104635
165.84238874053162
164.44740731258094
163.23498511382115
162.36933358516245
162.03132663402823
162.1690624011991
162.54502613312565
162.9023486712706
163.14503598669572
163.31039097439535
163.4614902347866
163.63468850705544
163.8274385615626
164.0094068378389
164.2344043524672
164.5102327500846
164.74259735299944
164.88949800482692
164.94505908155566
165.01145483145697
165.08213077229289
165.07626588506272
164.95598652090996
164.70888299167746
164.42227002709308
164.21007638333612
164.09200739890426
164.08910450637123
164.28448272263785
164.69758837052402
165.26589928978
165.83523340955324
166.21677898444392
166.38425138419328
166.4940103268845
166.7278224781394
167.17591453385867
167.75273711827546
168.2728631583934
168.57939410628208
168.6655961965077
168.66021075487993
168.66939404429766
168.8047041790536
169.17274279588258
169.74201728850943
170.34778174439805
170.88512815071
171.33489630980807
171.63369634856588
171.76591007559625
171.7464680439435
171.58491644765678
171.32854407553288
170.98183650658328
170.56381130003427
170.12041763400254
169.70311224954062
169.33451167438417
168.99844789493187
168.67174416752795
168.3754489287912
168.16854475561917
168.07924535083887
168.07727035293914
168.08958256498613
168.09848431894784
168.160505655135
168.2397782306688
168.3054516150298
168.35168207877194
168.41236630596973
168.59098138005794
168.9233070775847
169.31362887855357
169.63322023238356
169.8869949810668
170.16187273819634
170.4965654501195
170.8475269031863
171.12303721248858
171.2475293449746
171.19015307312077
171.0251516978553
170.87716504022336
170.83599791291016
170.93782014470398
171.1467148586584
171.34917231592797
171.468994928611
171.55661551537986
171.67697103372018
171.8336108381049
172.00095103711993
172.10828134715825
172.07523411219907
171.88566899638
171.66463567509146
171.5635281124595
171.6352480675406
171.84478274632409
172.10550547875087
172.38145560013848
172.70233235299182
173.068185593598
173.40206965467758
173.58504176802344
173.54455670996467
173.33123803741046
173.1210497965148
173.0750078769576
173.1807075442379
173.35714234785885
173.49622236913936
173.49051252711746
173.36708237231994
173.23481929057655
173.15948440375436
173.13446488842334
173.11397754716216
173.0973777082935
173.13209298302377
173.17396538694067
173.16292298573512
173.1489387045607
173.197783214205
173.2759161664974
173.31355391666892
173.30419163528774
173.23398484411265
173.08594971481108
172.95155415431145
172.90085773839888
172.9624222618084
173.0259051482498
172.94475860230799
172.74328839614233
172.57100641494395
172.55663963115353
172.71477792332269
172.90781832406554
173.01329641826388
173.03945957801187
173.02021148909904
172.9612387830884
172.84258683744207
172.69193519375315
172.52141278471467
172.3507733032972
172.18406456528948
172.01285801810346
171.883198599027
171.85742908540934
171.9309363436343
172.05839598064122
172.17722638717078
172.24975764867835
172.28003260689957
172.3172883704348
172.39063478450365
172.49458890895005
172.64489645140674
172.8127409933308
172.97080651809964
173.1336876544409
173.31862267710886
173.513635406709
173.70631993592764
173.94513905247885
174.3177281097826
174.98766626789495
176.06774321501257
177.45662987872447
178.90101232007
180.21478919419226
181.40800921682313
182.65922547711634
184.14141980244008
185.89488879138872
187.97680926291565
190.5023352746093
193.5755052393288
197.10615071319705
200.82358101646855
204.4131961218131
207.6937450265891
210.90646915557022
214.4256618420673
218.22579308999332
221.95279487843843
225.3047864079515
228.4180091160051
231.5706163532846
234.77094057947576
237.8926794517547
240.78042402128722
243.40740119566837
245.9084743852818
248.36339714777426
250.7176803183698
252.800338366767
254.441795632912
255.6832897453524
256.58242426425926
257.12168933221903
257.37481150247373
257.4417033328634
257.3094975255068
257.0069180389584
256.4792509877109
255.72242007120775
254.89724786943097
254.18608158285883
253.68076764677204
253.46319548740314
253.34943236423157
253.144778148113
252.88077069584335
252.7761229454536
252.92370194511784
253.12726574240722
253.16221167460114
253.06855042826646
252.91197612171607
252.7913450463791
252.8025684159046
252.84999996789517
252.87608086633963
252.96210625904632
253.26097860248154
253.89129916019354
254.65729889646263
255.28258732199924
255.76175740881752
256.1305223665969
256.3367718930059
256.4063857247804
256.26309916225136
256.03252971870575
255.94393995201716
256.0749400317776
256.4328933384217
256.98123267690835
257.7185243694561
258.51438616086534
259.39012165733294
260.3250634095954
261.1576319225756
261.8103631830348
262.3222417699913
262.65142484435404
262.69000892239217
262.4255276787188
261.84871533579957
261.13551426097854
260.5675796501847
260.26035072060563
260.2340102309189
260.2789863470182
260.21587312245117
260.00005985774067
259.6530020215382
259.201553407758
258.6549978666953
258.0534340292097
257.6003632544129
257.34454177495104
257.1831065723195
257.0125967697644
256.80435663335487
256.53101665706606
256.1424445624922
255.78413402143502
255.6195563944592
255.7241707159474
256.0524202695318
256.4299355070378
256.73414587781014
256.95074283841166
257.03835305841164
257.05860679250884
257.06039215248
257.0296974799099
257.04932752424475
257.24983950681656
257.5435992927073
257.8347587852604
258.1370872363032
258.454094482514
258.77992337005975
259.0536670042486
259.17395877936644
259.1174209988907
258.90287861422803
258.59871521639496
258.38726260207403
258.3247026147841
258.3226895506632
258.4352554598977
258.6585943660282
258.8405693828794
258.9407466843749
258.8261571510018
258.4253709390384
257.73535491412093
256.8707364302944
256.0573858795982
255.47303851404854
255.17143205244992
255.03837917521673
255.00601473724637
254.9794122152513
254.97496657946303
255.02791830708645
255.10668006414465
255.19298586660116
255.27277183148368
255.35575665150293
255.4703981889812
255.65056916300114
255.91080863283986
256.2243051740178
256.61157604549726
257.05239628297386
257.50811372179123
258.0166871172213
258.5261839099038
258.88729690410315
259.0581544855163
259.077703096186
259.0353749503863
258.98174097611684
258.9230403212754
258.74258724971986
258.42164176721207
257.93278846749826
257.2641171061919
256.4731371573376
255.74904326669963
255.24949532911802
254.97133239979618
254.7936715166418
254.64142373613873
254.52138081639131
254.4714908077949
254.50127722878688
254.58188866915327
254.71634633526156
254.88492426348688
255.08736374043153
255.26502375456218
255.5002327777017
255.84002039958426
256.23114524302895
256.6219588406637
257.0830592102542
257.53246029319394
257.84891209977616
258.0350091660797
258.15534345661666
258.2291608526769
258.18835550608736
258.10392126993975
257.9796350046091
257.874600924876
257.89584390447646
257.9976060951013
258.1173252705592
258.3924137500877
258.8239158043954
259.2474667013891
259.5357922189363
259.7574042300734
259.9875958340288
260.27170023432933
260.54720320071533
260.75490252608745
260.98790374999743
261.2313401350466
261.34381055331954
261.2191544190317
260.8789333758248
260.46667366744
260.14761719963184
259.81058841618153
259.38357396145307
258.7714380951598
257.8653882780435
256.8443197941921
255.71539419141843
254.18907659534824
251.6509453020859
247.4474734325579
241.9651610230461