159.33774077027434
160.63667041695615
161.72083877601978
162.26128375294917
162.48450703733386
162.67771230713146
163.06031833697654
163.68403963085603
164.31807678727003
164.69132437907496
164.73749222944974
164.6504354733849
164.6747508885271
164.90856851685223
165.3480438000109
165.91990167322152
166.4121888968473
166.66114422713773
166.68432747488094
166.57108056812996
166.43638235295384
166.38789413223455
166.38131435036888
166.353432969071
166.40345687206883
166.61769591388622
166.9020402876532
167.11541651664186
167.24871890310192
167.28607595563824
167.167668105855
166.97761953905643
166.85263451540106
166.8774596631053
167.06018103032284
167.37222224491953
167.71451754089398
167.95516159177157
168.11007561957985
168.28741727468682
168.5073534953798
168.7194921209655
168.88449065548505
168.98129582306905
168.99506978533907
168.96525677201421
168.9404247878174
169.01606527755533
169.20448056106775
169.39140033053508
169.5043492537202
169.51163717350323
169.32359405055377
168.89237994869458
168.35832684588866
167.94097276573538
167.72820044678522
167.66767766659103
167.61589588995497
167.58422348751918
167.7258314349182
168.04170084254275
168.3731424434561
168.65476718833906
168.92724521980867
169.2342920132478
169.59922730876502
169.99985938562637
170.36014542861
170.63072859737915
170.79578929038524
170.81637377646356
170.61060540979113
170.16874168073855
169.63874878312993
169.1937963634773
168.81265710349
168.3895455273374
168.0623006872974
167.9072132365299
167.889347506616
168.03659940185173
168.3410395943753
168.68315926328617
168.94836504876614
169.08377836045491
169.24044948783558
169.56822800298704
169.92965608900016
170.0954235741098
170.01609305517556
169.71872426730638
169.2377070843905
168.68703541237437
168.20574697100395
167.90668397594982
167.85474595612544
167.9686409501428
168.16743497718318
168.38924901035438
168.63067084020574
168.93761967055798
169.28083437191103
169.63326677774987
169.8812385016466
169.895888947075
169.72457223624878
169.55947205594563
169.55955814785608
169.79292481296758
170.1386392457927
170.2775935016028
169.88485191203407
169.01823456973287
168.06565575944387
167.2910781839857
166.76022510397863
166.4842457912255
166.40759138026277
166.43564155471648
166.5237961069654
166.67856994284602
166.9178280022623
167.2787631349457
167.7126993444616
168.2065308757465
168.75283955935578
169.22436460696744
169.662767489076
170.1006726712734
170.55027179211353
171.03276644808014
171.54384587560185
172.0750107435267
172.66559202344177
173.325558817513
173.96922052110884
174.51521604712056
175.00398224810317
175.51573786630132
176.04524096024434
176.60139488401626
177.17402155350055
177.6100175643766
177.79022739124795
177.7123843235907
177.45609382143851
177.1407176722115
176.90112980827888
176.80059662022262
176.8519496862305
177.15866583201077
177.48835891020562
177.62140742289148
177.45051894158254
177.02871002726638
176.4901764743385
175.97859327607156
175.54999798263307
175.13977810805974
174.9120662140989
174.85292421619172
174.7521306870624
174.6198548531866
174.6787250425205
175.02159731620992
175.52479164903633
175.99403347432389
176.2795338958182
176.44477270474223
176.48770549062317
176.58925608332171
176.92562854826014
177.6062804564136
178.65260907738298
179.80831106880905
180.98250896623796
182.22097198103933
183.82325699334126
186.10604817840365
189.20619180186543
193.08002663212267
197.50383565550263
202.0101577774297
206.1042701302687
209.67808141586372
213.00616056891226
216.3020782616937
219.58845540413026
222.76861011866717
225.96825727477153
229.2680375175326
232.51365576449396
235.60256873960998
238.5958839211342
241.52809573474124
244.2357966289504
246.41742773935653
247.91836928445758
248.9752053129528
249.9259081078759
250.81628326237754
251.58367108974582
252.2941786582057
253.15401799449202
254.18840213213318
255.32469995615583
256.38465518624156
257.2051871953925
257.75467817705817
258.2557149765087
258.92672120153395
259.83886930089596
260.83144356301966
261.7707118924531
262.5592063459686
263.09203314010426
263.3292139466987
263.17127135875523
262.6782786987286
261.98033930525196
261.2990574632389
260.7448332754504
260.3085716393912
260.0798845063206
260.08200325570516
260.3054575449693
260.5119436392029
260.50845828946586
260.1822546805027
259.59237435358995
258.7602943180915
257.7967988638226
257.0065766480757
256.4764619765064
256.1240759878225
255.80465038916054
255.3434216364848
254.7147500189918
254.04902052867135
253.5765853737126
253.47136136837554
253.64854996916404
253.9053634595403
254.16636210778194
254.52313192037462
255.0259483378702
255.57826162730572
256.0734036522636
256.4721324437118
256.811467176992
257.01500127150047
257.1048022929047
257.1384911617021
257.19596960233787
257.40809243031686
257.89487008815183
258.61952540265315
259.4805029963449
260.33923768096224
261.0078516639669
261.3945890017555
261.46814624525655
261.2499524397362
260.73946233168544
259.93345052655604
258.9066541519288
257.80559323761184
256.8053726392201
256.1575019258063
256.07674209289615
256.47356159271766
257.059001923933
257.592575371689
257.87294893700926
257.8496297751237
257.5381618802141
257.00817298665663
256.3611195401708
255.6621087935148
254.99496440393202
254.51483602695913
254.29362478926643
254.24991206834773
254.3721410736158
254.69322645644087
255.10617055731086
255.56611048835944
256.12693141197616
256.7377681923522
257.2582636684348
257.5757328475655
257.6517877837728
257.5351561033351
257.40212033640876
257.4262628282955
257.68760789389887
258.09801720080145
258.5649727336598
258.9703786404773
259.1877972632898
259.2145230981081
259.0846498301452
258.90282565080577
258.7251439676803
258.53912629663967
258.3052827545702
257.98503909886364
257.64678716147773
257.3424416391266
257.05558187545677
256.7761693405096
256.5218405552226
256.322053478401
256.22426026655705
256.2114335438059
256.2160297349525
256.2225451606509
256.292128160264
256.415842221785
256.512701757921
256.557160018181
256.56860896503946
256.54087485064605
256.48081211092483
256.471736251421
256.54921945567105
256.71969915957925
256.9608259500189
257.2347791717773
257.5960124324455
258.2380207958105
259.18649214158376
260.16917433893366
260.92217397889704
261.2997809786492
261.3627800290122
261.28832765411516
261.1282132606308
260.8653402305408
260.47642398168233
260.0513746615552
259.70676024013176
259.4972417634424
259.4432660812061
259.48902649615144
259.5358982600901
259.52434382480055
259.3223629202936
258.908854342886
258.41375536547474
257.99607487403847
257.7369803549245
257.58434918416344
257.47411127427404
257.38318435314943
257.4102394484253
257.6760630169053
258.0789020945585
258.3232269357587
258.20556725574556
257.7036510887341
257.0030215054521
256.55476341090355
256.7669514882429
257.21217981295007
256.68505692629367
254.77538625165081
252.25050525734773
250.05150984576574
247.3396189237057
243.7693364846406
239.824159898627
236.63983183366722
235.90519570125753
238.54605692742143
243.85931412093515
249.0882443141327
250.23046439189966
245.1549805412087
237.31910880712175
232.62913237892124
233.04082723759117
235.58791104693955
238.04969800508576
240.0039743530599
0.0
0.0
0.0
0.0
0.0
0.0
0.0
0.0
0.0
0.0
0.0
0.0
0.0
0.0
0.0