156.2291762153519
157.18534624194456
158.1867554493944
159.21012494480306
160.14235412684366
160.85442930981262
161.36977745376976
161.69396301540112
161.87852591397376
161.94083918912204
161.98848404850014
162.17586061556855
162.41373231083946
162.4914036428254
162.53138815334603
162.6398483306596
162.82541026318245
163.16589906186465
163.59597760509433
163.98179244761624
164.32985869637815
164.78090673205705
165.39227940758104
166.07499909102884
166.72678470114772
167.26080563809876
167.65802620282807
167.96811720226356
168.2503541638016
168.53511889310707
168.8459445123504
169.23427047002468
169.6527874880143
169.9482160036943
170.04806597105312
169.98803180212636
169.82714110145577
169.62906000600967
169.48359866208477
169.53409638492224
169.7633876535903
169.97315027737483
170.0208951510342
169.91196876078993
169.78701326382316
169.77073488939726
169.85384576503128
169.9378856333363
169.94014133492666
169.83847860063076
169.693203351706
169.5853717163027
169.55257871821692
169.6180622254049
169.76607905871154
169.90936047556298
170.01023906040945
170.13876274823664
170.39122868398115
170.74930905943023
171.06799380727622
171.22177666448383
171.22780076378652
171.15283528341675
171.04856461511002
170.95670017187814
170.93786405374968
171.0631968549951
171.36063108922247
171.75084553669183
172.1096904132471
172.44983707205012
172.8261842932384
173.21098386999253
173.4716179725387
173.46805679408126
173.22895633570187
172.89882165641174
172.55024664790392
172.2274790078631
171.92707199730566
171.62845626686067
171.3423433902791
171.0502146770823
170.75328871406728
170.542703868395
170.55278248034722
170.77608831624548
171.01440327701175
171.06914318096992
170.93172525791866
170.74799308052357
170.7268246430712
170.9545645166202
171.29805149581637
171.5773577022772
171.73691377549983
171.84354926438908
172.01869545473957
172.3277042470176
172.65562206417596
172.86743569923456
172.9524833879544
172.93495973983434
172.83666076526637
172.71463319304402
172.606234098211
172.58628963162454
172.6593200617338
172.7317108249608
172.69282481530917
172.57354873112882
172.5505015953211
172.7228697472188
172.94855044782597
173.05790128051865
173.00477147580932
172.84227766242134
172.6246367876698
172.37868408104075
172.16171247017547
172.0613204953634
172.0555527305458
172.11267802197494
172.20124459251707
172.25335628384897
172.2605700202333
172.3168837838572
172.49634072206214
172.75886210833417
172.95034878205394
173.02835673921726
172.9984981161982
172.83166110158405
172.5717123779402
172.20882602611576
171.85437308832812
171.62294923582778
171.5585036230797
171.6789928039193
171.94086203287947
172.23159272043944
172.47767119163245
172.6307174522116
172.58012310527437
172.29956285546706
171.8749479584255
171.41845553911253
171.0015156522894
170.58453380582938
170.16403178766674
169.7899137688747
169.4995829994105
169.31733175092927
169.28069569162514
169.36578310097116
169.49797486157283
169.7521705107449
170.17340642966303
170.72501828376508
171.3218945284402
171.8484521816177
172.27503432850915
172.5298463917681
172.63160421753372
172.66416232691702
172.69755411617803
172.81922382908823
173.12443917642898
173.61444325953312
174.2259739832356
174.95797273006485
175.8560349329078
176.91342506838689
178.16867459912936
179.78758326473738
181.81682513648613
184.17295208876268
186.743692079602
189.5685343112497
192.747603665448
196.30362640244988
200.09628922620874
203.93521572225555
207.61951089606674
211.26876224041962
215.05118542292735
218.9293662805408
222.76201328878886
226.53918875605726
230.40887468937245
234.34474167086802
238.13210725045292
241.5330363965698
244.48625890743872
247.1624111261969
249.81319673834963
252.52738561800794
255.18766851648064
257.5548890906933
259.48862994952304
260.87808367028083
261.67337337849574
261.86780498987173
261.39749905326556
260.2994381139324
258.68167617803175
256.8277875664219
255.07047830741968
253.65377958594627
252.73340053213332
252.26177027452746
252.11817283136463
252.2392698916699
252.43800868445663
252.56779322556608
252.61663219653332
252.54579792852667
252.27745681860932
251.832217498534
251.42963154996733
251.2854316488502
251.524379253468
252.125500565133
252.8876532466763
253.64108670246043
254.30117930409247
254.9326931508723
255.62536068278814
256.42215368188613
257.28418410178057
258.1561215267228
259.00128521888075
259.7501864112254
260.3424199072985
260.7171207971361
260.8800994483683
260.80634798565984
260.48079495465583
260.05716042312883
259.74128984224023
259.6802425814398
259.911827896917
260.3982685288266
261.01411606596724
261.5393751162106
261.6617417616846
261.2329253184817
260.4089460954487
259.36332773669324
258.22142802200517
257.1618713623899
256.2774304196695
255.6532970818362
255.4425876874743
255.64268055349132
256.02150601143813
256.3174465853679
256.4171551457245
256.43437142873495
256.4856849183733
256.5095851009353
256.4371431452922
256.11367615253823
255.51018149973993
254.7670941268404
254.03154963208976
253.3976474440052
252.9780505725188
252.8740000608003
253.0717598944202
253.3375039474495
253.4556280286033
253.3894291001183
253.26022352697748
253.23767062824183
253.33361870292404
253.32845190665142
253.14439188877276
252.9467717289857
252.91388183254074
253.16855973427425
253.65139496365845
254.24864933572871
254.882326747054
255.56309890564438
256.25260536557334
256.9455313911349
257.67624393522067
258.3276674918578
258.8011627810207
259.09373884895933
259.2932334275792
259.48409382856664
259.6726723030035
259.79105500523156
259.77043417707347
259.6685976452631
259.4436867142037
258.91435682065287
258.0725104317253
257.1262853214976
256.35214235164824
255.80025320902368
255.4552563351082
255.2583493971421
255.23145615113805
255.38213840983133
255.56374640731116
255.71319201384898
255.91769696339583
256.16770741101817
256.4136356662342
256.6081198423959
256.7186908584773
256.8710141452631
257.18017050855667
257.70874700603
258.4150230957245
259.176406295333
259.84730855278224
260.3626026022315
260.5888766306532
260.4656923903894
260.05301798989603
259.4531250715524
258.76083796939565
258.2668290164937
258.18106492588504
258.39869082564076
258.76020256960703
259.1986603298981
259.59950509140157
259.84842361884716
259.8493055683291
259.5397458874269
258.97242447351914
258.3029278282209
257.70748900262225
257.27090873856764
257.0341170812496
256.98983459378553
257.0944917592462
257.3266479855839
257.6072692263806
257.81912622700975
257.90928634459
257.79066652089074
257.48453161222085
257.0626642648753
256.61222084971547
256.275898061517
256.13832438067783
256.1791778324805
256.3828104080582
256.6825768413417
256.9975477663521
257.2925413942313
257.5695495700832
257.814343057531
258.0076746590046
258.1626834563626
258.29246590616435
258.46748309382735
258.7589647000017
259.1889761676673
259.6748347731723
260.1237754664843
260.5334722071798
260.95486631767227
261.3275919756442
261.5732578076945
261.62956623515646
261.5557489094949
261.4864897030858
261.5186107807195
261.7686169319919
262.2907447291997
262.94004263452194
263.32624972077656
263.10196008862033
262.0096261642176
259.59157675704313
255.38937726294068
249.80707919307832
244.4867897483963
240.09803783135683
236.33297432018722
233.1700379833571
231.2998381116194
231.62026699414582
234.3109297721865
238.60087659415439
242.57257073746206
242.0860511145172
235.07409428331982
227.7205423097086
227.73260992721106
238.1799529517536
255.41598064537538
270.0481802785549