153.44731264865896
156.17397007079956
158.94763775929965
160.9103233197439
161.95707390092562
162.35953935715753
162.359974226052
162.17429947082297
162.05293176186865
162.16716335898877
162.5457097215612
163.05836331153347
163.59874535702218
164.15996036764702
164.74001252419444
165.37096506074857
166.0525882766915
166.6944953372539
167.15999286295448
167.36567381839637
167.32139216539127
167.15404930568167
167.0289794456324
167.05005469507472
167.2198067673635
167.46950968774388
167.7336873222293
168.01937087551954
168.31522673529722
168.580230723952
168.86712014166392
169.28317444126003
169.7951093246866
170.26812404971537
170.61663618842306
170.84179680612738
171.01447810788085
171.13945921447285
171.12077278652112
170.9285078861154
170.59588046235532
170.1630386636556
169.70222232857301
169.27143267153775
168.86379618382915
168.43553514932273
167.9287233580502
167.35573746163647
166.72842014405882
166.0346048688221
165.33882469893717
164.74952161535953
164.3417571549373
164.1724791586173
164.1916625369626
164.2331198098831
164.19758253995377
164.1490111305548
164.18865065056906
164.38263958500477
164.70854175324104
165.03703494033917
165.2281068525037
165.24477714446607
165.16563169305152
165.02416420998605
164.8320777499672
164.67368671237108
164.66685647516496
164.89276650178934
165.31646766091794
165.81407702636605
166.3155567529785
166.86154237032605
167.5007829822087
168.19119593354077
168.7857030832476
169.13138523311042
169.18232466958742
169.03949836586128
168.86901476901056
168.79993768874047
168.88456290783841
169.08970522741177
169.36126905204046
169.63809159978797
169.88423060760186
170.1611030729583
170.5262962586213
170.93048866791656
171.22527907001222
171.3455576037005
171.38206883560582
171.42383866869153
171.43170892033555
171.30045801443356
170.9989409544098
170.57139974980348
170.12149078649045
169.73709423848686
169.44544821806127
169.32975247024712
169.39014326507012
169.5191286249515
169.61151966305738
169.64378257250357
169.74082337270875
170.05871891719713
170.54790939761654
171.02767695277285
171.31772875317068
171.36790986883216
171.32651369614763
171.3099676944368
171.2984151441357
171.37920910903497
171.62587028066
171.97990819556588
172.36632106258574
172.757890214659
173.18090495324518
173.66500985749425
174.09932133572323
174.31396358028968
174.32826126347658
174.3027930387792
174.30439135885285
174.3008030131109
174.31701673375022
174.39471423395685
174.52476937106616
174.6016326697278
174.53422940505683
174.40794917622037
174.31291163478812
174.20280705185615
174.06485428370496
173.8902254544589
173.77132686455886
173.64347555926764
173.42330460229326
173.15245412528128
172.90311863346034
172.68946896043127
172.51901783551767
172.51033619333523
172.62046494641137
172.7133521665424
172.7386859975963
172.72809971788115
172.7344012469712
172.71306119178524
172.6960235905314
172.67267534239522
172.66476344242886
172.76558717427775
173.0439630905221
173.44393123678446
173.86593973040397
174.30063052884296
174.7259228142683
175.08304187386807
175.4382650199751
175.91749107585483
176.60585454125345
177.55692050497555
178.68902760713775
179.83813754625612
180.90566728059838
181.94160900612886
183.02793880323463
184.23597662547303
185.55663621626576
187.00971348030336
188.62427931283437
190.4407377210514
192.57247379409486
195.05807469983597
197.7460983790768
200.48534732831698
203.24986479982016
206.125202804189
209.21846505906703
212.4646920191136
215.73263969751102
218.86947652472492
221.64123829001122
224.01607440178853
226.19806207169992
228.35259533646342
230.7718522243114
233.51192957182107
236.1216722206081
238.39710502323948
240.30318728295182
241.8428095384295
243.05595892444256
243.95953771752258
244.49046944841928
244.67536433008343
244.6875714546909
244.72368723373853
244.98010911942592
245.59850642905906
246.69814120518993
248.36478108543898
250.44073414044834
252.60304335421716
254.53943350483715
256.0443436644877
257.00184041188936
257.4840599940021
257.6472274944961
257.5320853803773
257.1459643686571
256.62353709613643
256.0785072816332
255.6819909559594
255.58480088759555
255.81422632155432
256.3699614478702
257.0970562104436
257.7597335066398
258.1859607662543
258.26404796648796
258.11303783647037
257.82697096967297
257.5698585599967
257.54823599923606
257.7653496392018
258.1805666277254
258.6387503843953
259.0655147649456
259.34882393570524
259.35136263386966
259.1514185619859
258.957805450753
258.8389567053964
258.816506842519
258.76896978987526
258.68120938559093
258.62007957067624
258.58813883975733
258.66509955305395
258.97383078598176
259.5615035988939
260.37039096633305
261.1316133645674
261.5705154948669
261.5586232734799
261.0758243900138
260.25057855403617
259.31200484721023
258.513022740686
257.94271050715815
257.5069753814023
257.16622690007375
256.91501214968196
256.76828724213976
256.792791866124
257.03768314207923
257.4523867834438
257.92598873420604
258.33490249085395
258.5915711539206
258.64758856611513
258.44056848820685
257.96853780995315
257.2944016078662
256.60980179867175
256.10283202349996
255.85071736118113
255.82269440671885
255.922982666002
256.0388405604609
256.1678321021832
256.30117215168644
256.3957363927123
256.3563199434594
256.1675607303519
255.88506114462842
255.70013384528403
255.8023638817237
256.1464487797962
256.48833116445223
256.68390092535566
256.7064140505326
256.61608811346923
256.49548773744175
256.36679805276003
256.2846118279487
256.32729334752156
256.5041960849335
256.7647549805596
257.1062802577891
257.49993697565117
257.9707533018153
258.56064748291845
259.24311986874557
259.9455074632789
260.60825506713377
261.18780433398996
261.65680953751576
261.96624121653497
262.0776273710971
262.00187587234404
261.7779207941153
261.46096745720683
261.1019571009089
260.7413281489863
260.394497097879
260.02415038884334
259.6085673419162
259.1704061876065
258.7332068143203
258.3411708615139
258.07727466426087
257.99863434285703
258.0268597698976
258.0010246962715
257.80370722462146
257.4298890918441
256.98103933912114
256.64877921565267
256.54619319863957
256.60957905147217
256.7610544156144
256.8855222289469
256.95434573709804
256.9888260413726
256.9554470876525
256.81666980350394
256.5247331204582
256.1440793233383
255.84078212469842
255.7466247635389
255.9073490565616
256.3189148321281
256.897133919065
257.48299989633153
257.99090113465286
258.43098388113526
258.812646723214
259.1021199503689
259.29499551496656
259.3065200425786
259.0273109200308
258.46910449310803
257.76308185318356
257.0767199131693
256.5228799408461
256.07295429092164
255.652953329624
255.14931311536165
254.52466240726997
253.77811205775686
253.00270863396784
252.26974088942518
251.63763068895844
251.23153474395647
251.1196567868185
251.2992610367976
251.67589217752354
252.12596552683823
252.59204927402334
253.0595733589676
253.50104475919204
253.8028909588833
253.91711497411228
253.87466954153828
253.8518339537646
254.0798650439604
254.61854917246947
255.36113638777573
256.1464679569601
256.85957574292553
257.50486452027974
258.1656626381351
258.8994444247588
259.7044716441667
260.4369459151785
260.91668589645866
261.1431403072743
261.3807374522277
261.7678617745513
262.1274718834999
262.35041664111577
262.4231057388476
262.2905058060262
261.8869629933499
260.87076644803716
259.220993299803
256.73081634146837
253.12309330956552
248.79825998910002
244.62798396190271
240.312427935846
234.79605530219132
227.70420021312646
219.69325859383346
212.41293708147663