156.9017293496824
157.75113643429842
158.2472083333671
158.30800384382584
158.26080264018583
158.41467407313957
158.79481379697407
159.21906952676105
159.58266815592836
159.91386463490093
160.2720340706594
160.69081769788937
161.18748344523829
161.73289142077746
162.21265782331992
162.5284056892516
162.70897010115698
162.86221236168058
163.01905861020765
163.1824879465915
163.35749196896182
163.5907604954785
163.97408611712197
164.49763593850977
165.1311122431908
165.88595014086027
166.7438774519831
167.6505088786922
168.5587054213783
169.3962952739081
170.12185925903717
170.74183229786343
171.32334573331588
171.88887894140777
172.34558447751104
172.6601328836388
172.90155309029836
173.0877776619334
173.1743588623774
173.1781728890752
173.12876470445164
173.02175165633707
172.82562407879794
172.509438328117
172.11377988922413
171.6918645233292
171.25631375352737
170.8301903157733
170.44294464227187
170.08800756942043
169.7269453962325
169.3076760957932
168.8707239154441
168.5252349765837
168.32544448563243
168.25763265727232
168.31015872704182
168.44957978556295
168.5731683439404
168.6194752807856
168.60099630971098
168.58178786662324
168.66217952360046
168.90140905870905
169.23580774938497
169.5168211656008
169.67079711196868
169.8014585398746
170.06544315080902
170.51881252416445
171.05118366547313
171.5828387687752
172.04898444386285
172.3969814005613
172.65270781267128
172.88011047917226
173.10990944679787
173.30186417139595
173.3971592515419
173.4059378483433
173.39104839698444
173.33794213268231
173.17361572034554
172.8814251611605
172.4929479269142
172.0825624825822
171.71383793468084
171.3596682062779
170.9938933540589
170.6802052556343
170.45001495203837
170.33308790388242
170.29606177033608
170.18648135139142
169.8886751896631
169.50149780766964
169.1844996436952
168.97366904332895
168.83302765687029
168.73088850357672
168.67650081450344
168.740335207316
168.97771161793554
169.34088238136536
169.76710620902404
170.26544613802852
170.81841529271838
171.42196220287602
172.03714619863612
172.57028258439317
172.9664922280308
173.25324141580657
173.4808541086635
173.59339922429626
173.54385298845204
173.37982012635712
173.18009097676259
173.01568279676545
172.9030708172012
172.8011760641787
172.67680341931865
172.55847891999105
172.56149840588927
172.7266318088241
172.90110560880174
172.912053747053
172.69210007739406
172.33309419283864
172.012586513328
171.86746736553712
171.9243803684806
172.0808327086237
172.22348672190424
172.3786110458814
172.59274906089138
172.84327450392834
173.01731871274973
173.0655983035297
173.0898560445063
173.2155337888786
173.47267464512774
173.81574933631885
174.1266213874045
174.36658835122765
174.58936752335518
174.7557849170952
174.7861585747696
174.74531629834144
174.7310090725024
174.77149259684057
174.8421739872176
174.84256092914123
174.66985162562142
174.3539801961153
173.96739768574056
173.58423710650231
173.35314860949697
173.3495778592971
173.51197725166986
173.66957327147202
173.68087316540556
173.51577938976695
173.2408370872986
173.0262165186703
172.91406069367093
172.91998926570545
172.95699150357132
172.88418048732058
172.6972695156241
172.64408285868126
172.9159178263086
173.2915891094081
173.68356749894744
173.96796536974847
174.09762728219016
174.156579299437
174.24773450671424
174.49059019370776
174.88482856591855
175.5399581654204
176.4660575751082
177.59288104655843
178.8505626077161
180.16814905107594
181.48733978329614
182.8491098458452
184.38296218683428
186.13801104979783
188.07605670486583
190.27490909257227
192.87938082137327
195.84476338757548
199.01587212450724
202.10812628241666
204.9061649529403
207.45607668027407
209.7347437218812
211.62660630507034
213.12054772743713
214.38543528702505
215.66592587524164
217.13412867370127
218.77433817922972
220.58915486440046
222.50361021483096
224.3141170573225
225.6974854714399
226.48014450502893
226.81311009894503
226.78424821148144
226.46213279556997
225.80234011941
225.0234410449607
224.1386491369574
223.11830152298762
221.91690360839786
220.78380244519497
219.7482912906417
219.01893853491228
218.580901989125
218.34145171312176
218.17607096635663
218.01764761805157
217.74967089334768
217.34516545707817
216.90091439498113
216.48282403221626
216.0775961572579
215.70388143136597
215.36458892770239
215.06229424652682
214.73818552054865
214.36527888208386
213.9610078324268
213.58533196450492
213.28040239765505
213.08694435024947
213.08358572434383
213.160569886421
213.2555088927093
213.45475344107152
213.80375025654598
214.20038377509246
214.5106642063484
214.74061570584038
215.01508595085883
215.38433936327624
215.75724086237375
215.9814057985907
215.97686227304652
215.69381798756592
215.21569554207576
214.6910122283216
214.31529245746304
214.13486268217326
214.20026742305924
214.50203984407568
214.9376209215651
215.3935328408822
215.86969239408035
216.3914937158919
216.91888200258683
217.3715471785264
217.64459411362776
217.76230911599515
217.83526068839333
217.9117120993679
217.9813047628899
217.99717046062653
217.80147859777762
217.41419686807262
217.03537325792396
216.77916878229098
216.65353229834398
216.6281356301261
216.603762030316
216.56322047368872
216.4875882885559
216.34642713319903
216.15244370826673
216.0144717846788
216.04857459871798
216.19005469004634
216.32037668138628
216.4760893816722
216.69348313788203
216.90517922056142
217.03595523403777
217.0429917426908
216.85839697164806
216.5221859253285
216.14522655452052
215.90521633717427
215.88300360048305
216.04478354494842
216.26836072960575
216.402803777354
216.31409679427964
216.1330576983999
216.04552082535128
216.18639296266127
216.51976936227226
216.9037233629237
217.23681244671695
217.4885836382872
217.6460175338604
217.7517367849686
217.85906378347883
217.93960847909386
217.95657789427142
217.85089303871408
217.71060082782807
217.67670669800813
217.80491852679322
217.99908639665708
218.1801680789553
218.2665148880796
218.22231104520358
218.06107853051157
217.8318791439072
217.604626631597
217.30388815097933
216.91949993895926
216.56231163113964
216.31978598778306
216.14070211047834
215.9873966333388
215.8636508776646
215.83825730587932
215.92672377329214
216.00709576385938
215.92613808671157
215.6428188534577
215.193637842898
214.7607294635377
214.44392989304876
214.26716828292408
214.33320671768448
214.573016681378
214.93608007796337
215.45009789369382
215.9643489379019
216.14779409133672
215.91726044382023
215.40416766301885
214.87030725428625
214.42325388555935
214.10035808384808
213.8995791768677
213.91086831711462
214.09588679534698
214.3057489000582
214.3592802300735
214.19590224558968
213.89677324986357
213.58286465774046
213.39047142851558
213.36524955808426
213.40465234718587
213.3232039407657
213.10196438710219
212.8202828250724
212.6734997479023
212.78228190861836
213.11554838728193
213.51328558743995
213.77191623870144
213.8485501152736
213.87970230682865
214.02236204174034
214.22604694858407
214.48054435021047
214.84110957000777
215.29693455160358
215.76885270628372
216.18803579580734
216.63222911243312
217.10461140558576
217.6403523595744
218.15327322398193
218.48151207639893
218.55382363445688
218.35935583606397
218.23675384337565
218.25507207442018
217.44313189456847
215.96536215819344
214.31473199128135
213.02917943013568
212.6568971708938
212.9566768293055
213.02733525963862
212.70718449266863
212.73514118515195
213.7432276597521
215.55888278780384
217.13392585026025
216.5053182638706
214.33628909754466
210.28705171599842
203.85826063068586