164.33651762597378
165.02859767848443
165.504118985453
165.89323861794648
166.31390297767123
166.77774818163456
167.1957050011847
167.55978767713813
167.90609490266485
168.23590145441068
168.50681286078628
168.6150119408288
168.47241047354137
168.19099686670017
167.8884029575414
167.61023905535586
167.41637291188337
167.4097293802348
167.65405640036954
168.0424123150287
168.40940670906627
168.6423460390054
168.718110947029
168.7310694106152
168.82511220671333
169.0690234281828
169.45681559768906
169.91943557607436
170.30552076248597
170.41551243664583
170.1567532240343
169.6448461484683
169.12050693501925
168.79263086000657
168.75551746748957
169.09152868303028
169.84587204865005
170.82054329550223
171.65537462557634
172.12757480556522
172.21332055664817
172.06638384576868
171.9365738071413
171.94985586651234
172.02951384732376
172.0848852166263
172.106038474973
172.17560551380404
172.341365081232
172.54321872652346
172.6911407039758
172.64810897781985
172.22245599971467
171.47028654592668
170.62485528616432
169.92970909995805
169.5523073850128
169.533980600333
169.7694015421327
170.08495084922416
170.37350325584993
170.5325334027259
170.46118933056454
170.2500218529214
170.12629903947584
170.19487896263547
170.4660677695607
170.9185279931074
171.42408645165898
171.79096292277606
171.95805633496752
171.9953070877387
171.99271559983094
172.12810026549096
172.48746333108676
172.9675385319399
173.39174947430803
173.6007855530723
173.53339124704388
173.2610688278832
172.8767380093252
172.50897224535112
172.269877877282
172.15833373764968
172.22456763223235
172.52869445010765
172.90969376915467
173.12871786689232
173.10443598773332
172.83273390271094
172.3528858802543
171.82295376860537
171.42972929530538
171.2350441860919
171.22852758298706
171.3787428720251
171.53323830718256
171.56963376189583
171.50472851535872
171.43740639380238
171.47175404568316
171.65362350349164
171.93264151001438
172.1587704508279
172.320339892
172.4276258540223
172.48754660842803
172.55307375388912
172.58552873051826
172.53213604882603
172.4565702214477
172.4473673899218
172.52756091560587
172.5953676450559
172.55462888868902
172.3944796986582
172.13015909789675
171.92176637584686
171.89918212251862
172.06620491214727
172.29080238080672
172.4535886554692
172.5701982010972
172.75064680039875
173.09690450883448
173.47861333867516
173.7493593396279
173.85437728852602
173.781276712788
173.5156053717905
173.05760096185443
172.49239317558317
171.97405757936875
171.66034016073007
171.59687827019135
171.6980085055471
171.89094403952825
172.14346272116993
172.42230770548014
172.7097522272465
173.06767621678782
173.5394742456259
174.05737627492172
174.46106662252126
174.65175595240635
174.74201537767178
174.8980586144832
175.10445827400872
175.2667063121967
175.25202131403412
175.0293921015186
174.73522907574528
174.44054828871353
174.1084081170871
173.78832174228964
173.59522221692183
173.72525432162837
174.1500859226913
174.621326252324
174.93557195354035
174.92666658464805
174.6090076760783
174.21810327225012
173.9171132429056
173.76218641874812
173.83396271521448
174.1177772091059
174.39641862980517
174.53328910216777
174.60102031971638
174.64321526027274
174.764573595267
175.05610835300055
175.5151680800463
176.14435232307923
176.96818746856582
178.07454073420496
179.58661171788918
181.56979377720208
184.03446582046828
186.9626902950771
190.3957369017203
194.40180589591552
198.82348362279575
203.28028374378962
207.43871692560288
211.49571371813775
215.9867912366673
221.14715340514516
226.81240908760367
232.88014979274266
239.4137794997949
246.22394678701542
252.72286646782098
258.5011579833367
263.73324882246084
268.725328678457
273.4000097283192
277.551304623248
281.40043178992767
285.3806747628075
289.4571952998268
293.3717741193431
296.9988071082733
300.2419058177353
303.060768339517
305.66445969975416
308.13874855228795
310.36761855239513
312.21800000910804
313.68808246157135
314.843019543063
315.69174493723057
316.1568162762848
316.325595584807
316.3903491687611
316.48225577884966
316.71600713122973
317.249123009139
318.2586393135436
319.777102671963
321.64263410393215
323.71070217789514
325.8889793729056
328.06307670705985
330.03553573756193
331.5279316531956
332.45106962205756
332.9245808035684
333.18675187741735
333.4343726126963
333.81321247321506
334.3830333860447
335.1583489520411
336.04557394426547
336.92158045041873
337.58874291509545
337.9685357810548
338.1384574355072
338.29876660977015
338.55403719198705
338.88820218113113
339.2499165800588
339.4922557363003
339.53665069201895
339.47107978617385
339.44285165980125
339.45835248833646
339.39276169476415
339.19181085781986
339.0722421595678
339.07801395669316
339.1587665418865
339.26918613870265
339.38969549848986
339.7036660015032
340.2662136343955
341.01506195036916
341.8173313269208
342.5576118131798
343.1614189829403
343.63968196699335
344.0499807802082
344.46375590159346
344.94985855359766
345.57357736010937
346.43211104010743
347.4170579549269
348.3329060268227
349.0037490123693
349.3736365429915
349.4804691424667
349.4329444463476
349.2717562182485
349.18063435900325
349.34861370390763
349.7118115147358
350.14343171833445
350.6117990018389
351.0062830259548
351.1750276546315
351.12329841772197
350.99163632077034
350.80248984814386
350.50548025635703
350.12752711507204
349.6461493478664
349.25313772952455
348.9941619540259
348.7363848789578
348.42537413963566
348.11683693705425
347.8552826874485
347.6544765316309
347.4718681413293
347.3499416429474
347.4185936930706
347.6614562239739
347.91094205957194
348.00081985156316
347.73429927599454
347.06663275606405
346.2262821537581
345.3952799353044
344.72668329298205
344.25507147937117
343.9745182910074
343.7863542499404
343.62536335348517
343.49294851072625
343.41311548651606
343.3696779105966
343.353235825385
343.4285300651122
343.65517154656703
343.99226684618213
344.4092047476579
344.86632724713064
345.3012178458979
345.6621231779876
345.95353557577255
346.23633510148886
346.4363738514023
346.39540484467597
346.0995839037079
345.7300880853443
345.62990638033114
345.95550561653704
346.4570825900968
346.90978972337047
347.0582720746505
346.6965234407453
345.90732139117597
344.8153854109288
343.5993499816289
342.57129458566044
341.92387645019664
341.6412677395185
341.63860208013404
341.7908891409514
341.91518295089236
342.00853412836204
342.1379820446932
342.40169791419044
342.88236153959446
343.4761095851923
344.0213998783011
344.3365531142026
344.3503561552422
344.22593564442263
344.21531081142757
344.44121290531587
344.85441085297686
345.2764189455105
345.477659543145
345.4968967249349
345.55044176147163
345.77341395755593
346.13227014827567
346.4797957445344
346.70218136590285
346.73834205343826
346.5464935798891
346.19091103502035
345.7968765612808
345.45382597758896
345.12330052922624
344.8026084033572
344.5965834887295
344.4016248698263
344.05397668979435
343.47537610174504
342.7795955962635
342.24618344582876
342.1055092245954
342.45515981825093
343.2517343671383
344.3714252620626
345.63743403456255
346.86410197386556
347.9206407122702
348.79407008821875
349.497992466766
350.0365089343021
350.47078495636066
350.8969529285578
351.39214613677075
351.9537199040517
352.5438558330103
353.13196125358337
353.6736127682058
354.0433261414734
354.25638154951133
354.6133953146863
355.5692152791342
357.67204314758476
361.46678696862443
366.76583465542575
371.8506570566117
373.9252952332294
372.05131410633624