0.0
0.0
0.0
297.2861829574514
297.9406019855034
301.3073193484579
305.17732947363555
309.98139499630133
316.58446694191315
323.3463397792664
326.5377452975721
326.0333477906605
325.0706297196218
325.8212647735618
328.25492835864003
331.5092744303979
334.81851788247025
337.7938963135057
340.3427011565565
342.4739832353082
344.2089628093521
345.5630209696423
346.4869875544349
346.9326812985643
346.94523195325985
346.7669090352167
346.6695587097347
346.8141043854791
347.1371339552429
347.3209167646818
347.16674001549785
346.8145335776645
346.56674295807704
346.63394803744967
346.998595837933
347.39908121750744
347.575799302243
347.44545010892773
347.07742300219604
346.58722623985494
346.06384428520624
345.5597092340922
345.15081424142676
344.89569537697844
344.8045853424618
344.85931570111586
345.0265322745624
345.2546506117419
345.4791129457258
345.62973220173234
345.6366295417208
345.4522942068795
345.12621127338497
344.8693535080429
344.81172177826926
344.8244942566793
344.8101326476678
344.8080607284137
344.8111039537445
344.7910957872489
344.7389326958224
344.6858625127354
344.7492124757813
345.03800125235296
345.5682625020956
346.26804676291243
347.02959920490116
347.69216035575425
348.0759551447998
348.09689929093275
347.81056807477216
347.3348228271901
346.84882293886153
346.5182211249768
346.3898907362217
346.4272139784445
346.54265698710697
346.6914614506269
346.81642715867764
346.8632125454838
346.83802519691824
346.75187236380333
346.6443683174655
346.59249587037334
346.60592595491335
346.6145151769765
346.5767298008813
346.58338605216403
346.71104292001036
346.954024024231
347.25461427429053
347.5489430071205
347.7521322776345
347.7928551867432
347.63177034958017
347.26641207523363
346.69668820694744
346.0072688157117
345.37366764807075
344.88837572372165
344.55252813297335
344.36144353306514
344.2843355056823
344.2828443611289
344.2829723043519
344.2059172124552
344.05253395394914
343.95624715296503
344.01800174384124
344.2095557685401
344.4541739875043
344.71068875374124
345.0095445814342
345.3207927987551
345.54653777198257
345.6388598490391
345.6307828914902
345.5526725266811
345.37925296328524
345.0489384374449
344.6335320047497
344.3047945321057
344.1470024481468
344.21360216943623
344.4529082643786
344.7387546338695
344.9768300206691
345.1315872906569
345.1818079761027
345.07587637691876
344.83490640326005
344.61130112289027
344.58569089958723
344.80272196274376
345.20289402774785
345.7352376185768
346.3571488022602
346.9837908942456
347.50406649873105
347.88017513676596
348.07151150166453
348.014296679903
347.68625508251716
347.0872808213902
346.38257486630044
345.7834140378713
345.3948065056331
345.2623627246987
345.4455080902244
345.9632948714103
346.7395469838491
347.6294175807089
348.4959561458307
349.22468337292725
349.76266930488686
350.1381646715803
350.39928965733526
350.628952431
350.87140489195076
351.0873855904338
351.2857921923988
351.47645784539736
351.6341027225641
351.7423179539284
351.73367454123616
351.479349381567
350.9309765194854
350.19312325483554
349.46067538492804
348.928866619617
348.7011739795671
348.71517009404613
348.81211811921736
348.8963974574051
348.97623535730713
349.04962969344996
349.02943868512574
348.81743328234904
348.40803247270566
347.90337303320496
347.44122159201675
347.1593199552039
347.057903844194
347.0729244018539
347.1084152012054
347.0351669657495
346.6922189467806
345.8237073308805
343.9236007579897
340.29746051087216
334.3634729522107
326.0085825319398
316.09403550947917
306.7501229656125
300.4137146452455
295.96975119203137
288.66867606551494
276.08647181132284
259.76846691592135
242.54261794662406
225.59848478139241
208.39461553684214
190.02633027596218
171.10651283028656
156.65529038647344
150.78302926697447
150.49560803281383
150.67126534696834
149.12167920308215
146.4916980348327
143.725454400304
141.34180514310438
139.6615680792811
138.7955460694764
138.6718207678507
139.06786772014541
139.77689888481746
140.73283981727573
141.9487861529072
143.39082869722557
145.02121845846358
146.79847751323558
148.64071427207514
150.45750886795452
152.17088133817523
153.6966961835697
154.9878899451075
156.09341630810215
157.05936302646165
157.88042373328005
158.54330916113997
159.06181692524007
159.46666082128752
159.862177138946
160.34623119292058
160.90462040597987
161.48325854872405
162.0674349132168
162.62994924758885
163.08964111658838
163.39469215095525
163.57846985813927
163.7239547568729
163.92915388759494
164.2959424208297
164.8426209648452
165.46155757050988
166.05467198888368
166.5836336570332
167.03872212468454
167.47299509281956
167.9252039504384
168.30615678045095
168.5046681582002
168.47346653685796
168.28756743113263
168.06514641988838
167.87857684828637
167.70148477183773
167.40770166520804
166.98095584005978
166.56786680622284
166.2684937982129
166.0900133892868
166.03213363392888
166.04360503366786
166.0607795603466
166.05029211561788
165.99991147983508
165.8942811435105
165.73640207770006
165.62651716748678
165.6968203402534
165.93631884248552
166.2871512125782
166.76665574239738
167.38271072174467
168.08624927357965
168.84125318847856
169.55876572167313
170.10253350616946
170.48073858343488
170.784355616572
170.94456402971412
170.86878135956374
170.57629578822863
170.24835970136488
170.08048133083236
170.08494912796124
170.13688645075842
170.1431916556507
170.09784219978593
170.03694195031215
170.03786294919738
170.14523337029073
170.27676754642138
170.26803428454707
170.04340425781896
169.72165158343944
169.4500987750385
169.22734836746173
168.95676825131318
168.59277305306452
168.17234045130274
167.76304624130032
167.46558131588176
167.3756909566666
167.48192720132863
167.66184318721483
167.78363866763945
167.82715559809049
167.84615761965176
167.83771123871753
167.75517315900206
167.58576719847918
167.36652042244376
167.1539251524345
166.94796458379508
166.74856573956217
166.60293841708665
166.54136635069716
166.55504334796333
166.6246106128537
166.74386737556264
166.918844792659
167.13571000638788
167.34703082493832
167.52897139445304
167.70903312127885
167.88855822565753
168.039011292415
168.12568636417427
168.14586665710715
168.1364991584294
168.1296449280384
168.1673698271488
168.26459063453794
168.38258530238434
168.42891644458967
168.34120781791677
168.1733065237745
168.00720725547706
167.90310432776118
167.85917164313076
167.8459807827933
167.85876795970253
167.91470087696754
168.04394300382404
168.25460340328402
168.53924321619726
168.91348117376276
169.3801041807207
169.85841642400214
170.2471098365844
170.51389214131711
170.71362152389773
170.82415043894022
170.73081760330575
170.3860275991446
169.83334704507087
169.14180324445647
168.43532086520332
167.89195737105504
167.59960104993243
167.46273565524658
167.35155101952847
167.24078397838971
167.1875209720874
167.25187281113233
167.4469958374014
167.74271736265416
168.10067070646048
168.48354963451212
168.8384248359879
169.10454221444337
169.29141380718477
169.42967706899447
169.514581709477
169.57232129887873
169.63799968869338
169.71438115736427
169.82414357078093
169.99816133153146
170.20890378997106
170.3591505088474
170.32920576439875
170.09555772231892
169.73852185840093
169.33534204222795
168.8930355625944
168.41624683690685
167.96644319411212
167.5615009945628
167.1569626563974
166.7717417691495
166.4984136106149
166.2458124835611
165.54375897797055
163.711145559174
160.41074682741782
156.65508609820955