255.6897696033787
257.5637267781169
259.1241530994175
260.1720255780216
260.7081049546552
260.8208418068267
260.6980966310225
260.6377727240247
260.7972930588664
261.1105218864114
261.4615782754597
261.82069800305476
262.1786690814874
262.4715604112722
262.5993711299647
262.4949037595419
262.22017010206986
261.86280485101327
261.51029010355455
261.3070540865728
261.30326752483626
261.3868182646003
261.41397090308067
261.3694464067333
261.29878954312034
261.2320719993867
261.13334072844515
261.00375999618535
260.8850842432106
260.7795258385193
260.6570831736285
260.4810057508495
260.2882555247921
260.14525891039136
260.0982478460635
260.169879919019
260.3656693680965
260.60801077414015
260.8207746935744
260.9963500195802
261.1143167877134
261.1761180516356
261.22462080977095
261.2547128209611
261.2556965836059
261.25696946047464
261.2650087204877
261.289825135361
261.36266932798213
261.4929795455151
261.6860494531611
261.94194884777573
262.2562245023344
262.5619362321598
262.7724964963788
262.8590695811348
262.8548663794758
262.8300986811165
262.8599290089853
262.9493865283036
263.0511536142666
263.0992185354535
263.08021663431043
263.0415893166927
263.0109541999325
262.97572634791567
262.892971636829
262.75498789323467
262.6000861030524
262.43957098109263
262.28647673635226
262.1565850763397
262.0895379580784
262.1233785576588
262.2567602487899
262.429883996447
262.58612192778435
262.6725630975243
262.65982195804503
262.6134090930126
262.586293396321
262.5696725917502
262.55070067551935
262.5541310076018
262.6196509250332
262.78442179662557
263.08553125694937
263.4926622469944
263.9129863955484
264.28449227485635
264.5891860172426
264.8109729662705
264.8831152880998
264.7508402826691
264.4138662887161
263.91778450668687
263.3704109163278
262.8861833580132
262.5413051470087
262.33456131870764
262.2401638572612
262.23440029172895
262.25585985127
262.23645472814445
262.1228242688741
261.9458226365822
261.7702061798893
261.63879108641834
261.57354137941235
261.6024611246961
261.6804336498694
261.7619316467667
261.8688881927097
262.02008321630893
262.1778252019366
262.32072051842147
262.4429859356725
262.5534289757526
262.64013398402255
262.6271406853185
262.4803036964505
262.220925766189
261.8819753744104
261.5446759520534
261.2991203724126
261.1400215786309
261.06299047930065
261.0715942865112
261.155371717358
261.281885134646
261.40387240186175
261.4834167728148
261.5140720927347
261.54041836332226
261.51267263044434
261.33762042522994
261.04615791134563
260.7438287090128
260.49715366805856
260.35906709596645
260.36495081853377
260.51864687186116
260.7670496934787
261.03729415968803
261.2787317541964
261.51695604259106
261.8095609521297
262.1809990048693
262.6313871938749
263.1090955778361
263.5193505960156
263.80288167592465
263.95088650017647
263.96369317037767
263.83516217116477
263.6001198605121
263.3117592521009
262.98562368796144
262.5883138790132
262.18624667619537
261.90416356041516
261.81905031862954
261.8902732101727
262.0529527906627
262.24108001554913
262.4485437636061
262.69085725816444
262.9400773733684
263.2102133440596
263.54098387820966
263.9261491437009
264.3717079685217
264.85317737685716
265.2982661000955
265.6451239690758
265.8926452243308
266.1049273352564
266.38315710160447
266.796450902609
267.2808039027336
267.72862413785
268.0700752290086
268.2768518214514
268.36158902094337
268.29704873983104
267.99193411864195
267.3584128746606
266.5169103321182
265.6548914412409
264.7910982329877
263.8683117366276
262.76740098955986
261.30315093543544
259.27361796762057
256.4169754503503
252.4221429345441
246.98057997085016
240.07581901168504
232.00675388210507
223.18159019400804
214.06771127295298
205.3087552131656
197.4134730353023
190.61442527271126
184.8961582613996
180.13651385067823
176.13133427672227
172.6400396672821
169.4947537921117
166.71224820246545
164.32386412827233
162.1860327681808
160.28739197592145
158.59329008712172
157.1136430404717
155.902222484886
154.89668278835092
154.10251252257595
153.57748497026552
153.35680950573288
153.48991966687944
153.99381748790483
154.6819939994748
155.360528748059
155.98748708216962
156.60198058821464
157.22747201440683
157.86310905841611
158.45885135159267
158.96000912619897
159.4277239992621
159.93381144920238
160.48799630012084
161.07361980445654
161.6759805771704
162.32590143165305
163.0556403994562
163.8723923568924
164.7839061223117
165.78741193053182
166.8099745734217
167.77098633788114
168.66668991833274
169.44255815055317
170.03206134238462
170.4714557181567
170.8319743009401
171.15571121296716
171.407723526416
171.4905307340683
171.43084110048744
171.3164637946167
171.13402978502802
170.81519719060196
170.377246313971
169.96393701745347
169.66438709528097
169.5123570445613
169.51827217334233
169.6301814434215
169.77561721579633
169.96348160389113
170.2217179393167
170.49483449664507
170.74368714113157
170.9850139823855
171.18627415223312
171.3150278488182
171.40862586765164
171.4938306828005
171.53874047173036
171.49559624299525
171.35710079999637
171.1949077813293
171.12127833929767
171.169089810338
171.31007399439778
171.44801099094929
171.441102021164
171.30507601900786
171.19270451953994
171.13287656242719
171.06551132608206
170.96782043554225
170.87100836115863
170.8291087870437
170.8636797015943
170.929283677437
170.94565655232248
170.90316607993927
170.91587102764436
170.94967089263199
170.89611383435204
170.79935206910395
170.71920410224186
170.62516591499661
170.41942397783714
170.07426791970505
169.70142674978723
169.4212689143378
169.25965086872117
169.22856555019106
169.336413615555
169.52544094842477
169.73626277343575
169.94842745452794
170.15508420216372
170.34996776723983
170.4980456116606
170.55369460214055
170.51908164477055
170.42790593133034
170.3484896717891
170.35472620388882
170.4644709358303
170.53942106518173
170.48461653804213
170.41339199680078
170.377480749568
170.3645917474915
170.41607813242166
170.51593159351955
170.60053255782418
170.68629492556926
170.76054655927413
170.83604033753892
170.9447099508679
171.0374073185334
171.05577449576685
170.9819310760199
170.90734396928465
170.91116544153581
170.98639850157122
171.064115954741
171.15548683996798
171.33934116996832
171.51651464057903
171.62976043561406
171.65625149088356
171.6145256256521
171.57236732061355
171.56477620342906
171.59797642302243
171.7110992776925
171.83927497069718
171.83239906246095
171.6947701873686
171.58956686048572
171.56287024309955
171.56373032695882
171.66033336959867
171.7527063121733
171.70451348292573
171.49407450020715
171.2696783237349
171.17539212472343
171.1025023059197
170.98514253672028
170.99302621361943
171.13533713290724
171.27097744736452
171.37824891471448
171.46642697057416
171.52228630458495
171.5546753179863
171.5755789276222
171.70075010912805
171.94383378603183
172.1932671132315
172.4353453501817
172.7242591506366
173.06750695978093
173.46530850892
173.9188866328794
174.36669581761754
174.6920830270853
174.91290236724802
175.18303309442163
175.54256750271315
175.8714884601868
176.0639636636593
176.02449602110855
175.8173819362084
175.5147731323642
175.06699484465793
174.4653102199566
173.78905597525954
173.1986316996444
172.72189051894185
172.30032242336475
171.9113258822808
171.48618854417128
170.9598116567369
170.36590676936376
169.73641691612548
169.17849849998063
168.80544904095672
168.6375860943968
168.60611673517198
168.68037706221946
168.8961682529099