187.2477471228916
188.79776234602573
189.44374803220325
189.48543698507933
190.09852722748457
191.50451850591654
193.49487285536355
195.73530096480562
197.82055177342852
199.5737731748726
200.9850931138165
202.10544865914883
203.03019696097547
203.83706307973844
204.53781425200174
205.14675211184417
205.68043495566684
206.06582561413188
206.1636631175557
205.98187749260893
205.6461185063567
205.2871702172814
205.02391135309688
204.91620896102867
204.91621045838235
204.90510906779784
204.87044646661087
204.850281291363
204.84468263405836
204.92199170583015
205.13548805599177
205.39215485415687
205.6041272678748
205.86706048561
206.3113817279509
206.99006459660575
207.8656866141905
208.7828257776663
209.62281696209564
210.31907593140133
210.9101474526074
211.45760263457157
211.98258727772296
212.46748696383847
212.88005593366395
213.22582083016562
213.54014793759808
213.80037011687045
214.03692826029936
214.290040336059
214.54118439605614
214.6987349482576
214.68236154342117
214.48967293274782
214.15911568570252
213.74246025606095
213.28542509980872
212.83005166116885
212.45055184000697
212.19772389563423
212.1403194900984
212.2970273680084
212.60950529788133
213.02553441645827
213.49048325072505
213.91372764610279
214.24434083614076
214.53890319832183
214.85194880870526
215.15880221850819
215.38535074687016
215.54071710261485
215.6684521042622
215.72151865991177
215.73297497065266
215.82264805708135
215.99851154540477
216.18982321160814
216.36009085945966
216.57008421767227
216.8214329459389
217.01219431237928
217.10340304150293
217.0676021072912
216.89295359457165
216.64055155878054
216.33338760480325
215.97887351645528
215.63757609869785
215.36425064585603
215.17745398138612
215.03114762264207
214.8746771627556
214.72715661429976
214.5963247763857
214.45472697339974
214.27070679740268
214.0429389543889
213.81458504970462
213.61152206766585
213.4466438315001
213.3537652906155
213.32370418977243
213.35234735596788
213.46976939011245
213.70216431755765
214.02992776357578
214.3709992086998
214.64078010385
214.83122149068691
214.95879419434306
215.0252025784449
215.0314435844853
215.0279093923702
215.03085061287277
215.02245069325676
215.047723996685
215.13239449513057
215.31067108103025
215.57404242585545
215.77094257246478
215.75087709123335
215.49318672473134
215.0969077100742
214.6740110408043
214.24800428153407
213.82751847451095
213.44241215946357
213.11089802246738
212.8605488556196
212.72771824128876
212.68916500233888
212.70224032041364
212.7030907236765
212.62053251338403
212.4936453737649
212.406603958214
212.38636132987747
212.48097241736912
212.71334150231132
212.9912460626886
213.31136127301892
213.7096124245123
214.16128716916236
214.5101745241493
214.68832193812463
214.72122091445524
214.5719416677156
214.30715401582282
214.0254761590805
213.75967715236553
213.5221981741924
213.3348176437631
213.2176545127312
213.1315781301177
213.05615143127181
213.01804476955112
213.04067016663265
213.05046720288314
212.95864364309043
212.7820673769409
212.6413748675173
212.59378528533847
212.6015065160976
212.6060892769238
212.56065624672914
212.54457385275313
212.63557510656383
212.8545017648271
213.1823561980188
213.5719150524954
214.02249628983577
214.55025979635803
215.09716417030603
215.5892015275518
215.96861458522687
216.1729436785962
216.19686222257505
216.11187573485032
216.03936207636838
216.09982536184293
216.30144716360846
216.639881292584
217.09804272485636
217.6392911398098
218.1698778896978
218.43072692701486
217.87358624443908
215.654526354254
211.0526373434722
204.21387246879522
196.78617028847032
191.0806314150346
188.00258930620862
188.82055480377994
194.98332826356904
203.66959560448993
212.51351430249065
221.62489817750213
225.3762769397422
218.63588257926
200.90501346879304
176.13954810878244
154.94824748638706
142.2134967741706
137.92200242472705
139.08736068278222
141.35721770672188
142.91610242822463
143.66991248076985
143.87553827125902
144.0207835208515
144.50879214992128
145.45285630722466
146.70025818371883
147.81135024029055
148.5228687440112
149.05623790298978
149.64420527261512
150.31237818758234
150.98868654974987
151.67071965577307
152.38599510279104
153.17744000980696
154.04368974312106
154.9012520576864
155.6616013170809
156.33555043619705
156.93911460959072
157.42775773105848
157.80029821045477
158.0829113660001
158.27100849901953
158.39266820109685
158.53469702747668
158.7669592307276
159.13481910496506
159.62085521237597
160.13828520500047
160.6514779226115
161.21886291496915
161.8429118404746
162.45103611544846
162.9345369519046
163.26475116320327
163.51457439778451
163.72479324161137
163.84920982659867
163.8986605930785
163.94004683812875
163.95793354304416
163.95578909535186
164.0174332065137
164.16836043558172
164.38294532685316
164.64717393812904
164.8920151635812
165.10334403737778
165.2994015988761
165.52151639020042
165.79688688222004
166.06259733912506
166.23875701138576
166.36681557730222
166.59265258053247
166.92714470381134
167.27003367382224
167.5850915788473
167.81975492418147
167.96918959528398
168.0674053797481
168.11452696770786
168.16330984889817
168.25061881108138
168.31983215783683
168.41767216629273
168.56647443800512
168.71014006854105
168.8285380187095
168.9066078826048
168.92315601323043
168.93420595853536
169.00879682773996
169.15192018823268
169.2686414118851
169.268984914268
169.18381179469662
169.0830596756625
168.99849169533277
168.99071460477205
169.05723606463482
169.127139515584
169.19794382503218
169.26879166314328
169.3757284916371
169.53967730908008
169.72607711189627
169.94875374398526
170.23960063133183
170.53709010599627
170.76013256139103
170.8447168932854
170.78213781207467
170.66181674470536
170.56280536099177
170.54007530679664
170.70310353390084
171.02279039584457
171.30003328519794
171.40367052692437
171.3747208105667
171.27997866379624
171.13137332307682
170.94417719487856
170.77504810119328
170.6871182575787
170.66243750531507
170.62184855055284
170.53269769934812
170.41651193983637
170.27342799763642
170.08852793491698
169.8473146402671
169.6243840279414
169.4938045099635
169.41979430626586
169.33298694286287
169.2238855486478
169.1272286371764
169.09993501010896
169.11750142320386
169.12736515876082
169.16091848366315
169.19102349377386
169.19349048063938
169.1721378741669
169.17602730183484
169.25629907149667
169.40816048373588
169.6226978361865
169.93278227691
170.3248533927901
170.66295146122076
170.92676932741117
171.21514922201237
171.5217223276159
171.78421465618936
171.96159579690433
172.02560252808408
171.94246142228351
171.73543997399986
171.4288562855933
170.9914804864391
170.44870982809314
169.91080998089052
169.38161003799917
168.86216851242284
168.40368063006923
168.00205875539268
167.62827916526038
167.2722961274588
166.93895050485054
166.6514633352514
166.37665039256007
166.09111323082962
165.8383494475491
165.5661706638702
165.22612468014455
164.9163827694743
164.76527885639464
164.79618511095387
164.9732605096616
165.26738517987448
165.64356159645064
166.09389817404946
166.5707582639756
167.0143883446313
167.44188205375997
167.86785454344243
168.33555926057633
168.83317645217875
169.32462395994696
169.82522955810643
170.31199054486257
170.73826364670194
171.02693418627672
171.15860778074352
171.16235831766926
171.0539474019136
170.87546350214365
170.71904392527904
170.68819154835927
170.7701274385152
170.81465276343158
170.75859050414692
170.68555048586217
170.5688871100766
170.19439028351053
169.43178328175424
168.36403334354713
167.35627435500737