0.0
301.53861921559786
306.7677352197965
314.075425995728
319.0756435374902
319.2759678479262
317.47012651640085
316.7830848301577
317.7660527792234
319.65464817289035
321.8871464612083
324.2174482838457
326.3842903851904
328.1557018856806
329.40999251552074
330.2753809328649
330.9672724545303
331.4817082114895
331.8421574724842
332.24567104088186
332.7176261204845
333.18500821188616
333.57494297395704
333.9202309491463
334.2883571449065
334.7368367694343
335.35331475661985
336.1890671341487
337.23497040847934
338.40123111378887
339.52650599649076
340.53659537326774
341.42280030027035
342.22194115741814
342.9892841428216
343.79268573520767
344.68790822381743
345.6621305296026
346.5522432614714
347.2005863949761
347.60310023361876
347.80428415503235
347.8112736612429
347.67714936433566
347.42940032249777
347.11558345377443
346.77098202248834
346.43715388690305
346.0887399143816
345.7418495869331
345.48693193214336
345.3515323228149
345.2790994957942
345.21457606987843
345.15051242446657
345.15690287341044
345.29767910006353
345.5538278896154
345.87070911290687
346.2270390551479
346.6461210439155
347.1166648026981
347.54861857393246
347.88021591620185
348.13754673023595
348.3870253232394
348.63208072158176
348.80145891548636
348.8925248178792
348.98563714396164
349.1286822733245
349.2771634576965
349.3823073007324
349.42432850341754
349.36863004438885
349.2199650232418
348.9750124384177
348.65375084716925
348.30312336822817
347.94919659866594
347.6131607572027
347.32663492920426
347.1611637296368
347.1599354896505
347.3387963673622
347.72134333463225
348.29565168395834
348.8829847425076
349.32158571349356
349.53988914883973
349.52525584931686
349.32956203920673
349.05905966814623
348.78561891398203
348.5947414734068
348.5703216923093
348.72022402406884
348.9975164795763
349.3109885926423
349.5541904287257
349.60829542693983
349.42819846475203
349.08133285807054
348.6857031056292
348.3490904291704
348.1720218356278
348.21454711986036
348.49498308297274
348.9183711657544
349.2928915904125
349.4486563517588
349.2899357077144
348.82471122831896
348.1151196200535
347.23716841806515
346.2483934228593
345.34204932726203
344.6733622053918
344.27526200983743
344.1565502744078
344.3334481047269
344.72930207696817
345.2134719157927
345.67021879463135
346.00928986347594
346.1984207202629
346.2567008043658
346.2425766435479
346.2400656789655
346.3372385252899
346.5637144897335
346.9558643150778
347.4940478563826
348.02968445063567
348.3982296424213
348.47145935830224
348.1795933684881
347.58934079646565
346.91998378913894
346.4366533391934
346.2673780950865
346.4480258105506
346.8697102542353
347.3867891249199
347.93852705694326
348.3756209880268
348.51314615869313
348.2734616221082
347.70942118761343
346.96602983671886
346.1827848385176
345.58240364608
345.42358760494716
345.78500367469996
346.5241421465575
347.3798334211763
348.1217962802567
348.598286884001
348.7663093364556
348.6529478443407
348.2620688503504
347.66444824298685
346.9616724205399
346.33677367640666
345.949710379747
345.8353571575369
345.97836927187825
346.31905286840697
346.77330283563106
347.3114099234724
347.913048056803
348.53221671631843
349.1406362435432
349.67520330493255
350.0101338416686
350.0760212284579
349.9219320952194
349.6388857620534
349.28281664446786
348.9114877916079
348.588038227375
348.3716735245813
348.2817936810038
348.2697212489917
348.1909501587095
347.96279874937255
347.54218171268883
346.89420572318426
346.015386986324
345.08478078399753
344.3586312905668
343.9951019183775
343.98441646616345
344.14053088612036
344.15288765354853
343.60600427498116
341.90256451703635
338.2076763088146
331.614363855053
321.8063021147935
309.8486456378251
298.5044382556776
290.89525381474965
287.2906794503361
283.3247583563814
274.3870589910457
259.97315111930106
242.29887109276922
222.84890377748323
202.25446576933854
182.5103275656614
167.1010279212401
159.78711659959396
158.22639911508108
157.5681941854648
156.217067063041
154.69746438319058
153.38160340603716
152.20942275343063
151.16019520255068
150.3891783198162
150.06625496341084
150.24125758202024
150.81543817569175
151.5436871586753
152.2771012160403
153.05324315383842
153.9387674889657
154.88231965756893
155.78025406450402
156.60592611287856
157.3932372457525
158.15880004606487
158.93804741609983
159.83503854870878
160.92701455156663
162.25102788818313
163.78477332883588
165.3644057697316
166.86464554380595
168.18262301179112
169.20416683868214
169.93664843668083
170.50337135937758
170.97217440313108
171.3527235036955
171.6995863004226
172.02824126457992
172.30939131935912
172.5349970498845
172.68736076391963
172.79238313803165
172.86881075794645
172.92453927121613
172.9825061588736
173.031561386988
173.01482374025167
172.8714183061916
172.58868861175856
172.18098347139173
171.73091639500777
171.24847293315992
170.6999382298573
170.13431249518644
169.63852031678078
169.21684169139337
168.84762808956322
168.5180949262843
168.19573825451
167.83100736490354
167.42428672933
167.0576602542607
166.79209227743658
166.68051157335302
166.73657278576405
166.9007228851986
167.14864238525908
167.49709536115358
167.88406205008675
168.26941222078324
168.70503837917832
169.21371534906544
169.7665388887687
170.30797191629574
170.79864000391566
171.18465567804412
171.4775589602506
171.74952038461976
172.00190001252597
172.1935455352077
172.31354216266533
172.3652477403059
172.40012340550018
172.41195680120114
172.3889706428004
172.37564044435305
172.41785494227986
172.50696947638784
172.57934378094512
172.6036571528636
172.64439539050443
172.7122915384787
172.75624443208727
172.74038670872164
172.657177728592
172.5297127388805
172.43169501871495
172.40898969808512
172.43370838622926
172.423279928486
172.3435367950226
172.22248452586746
172.11353942692173
172.08356556517234
172.1140622337494
172.14356250344287
172.21277422683698
172.3955247221625
172.68369603786374
173.0071105227518
173.27492332568204
173.50319583672592
173.7106017950149
173.8767641915368
174.0204141768645
174.1447460868888
174.21982711517424
174.2684568756251
174.3340632280515
174.41773234785504
174.5152066322306
174.64456055856405
174.7881272257784
174.91672475220219
175.0651688451323
175.31297815700617
175.7122359938071
176.22609486504524
176.81662834771694
177.3548952292244
177.75373605341514
178.02596976686138
178.18131133902355
178.20146285603977
178.0317764907466
177.70197400326737
177.22764653359826
176.68445015013737
176.18677206200346
175.73666517806996
175.28485712527026
174.77024214443625
174.18179562823477
173.61219006695
173.0207422816409
172.42637958254323
171.90762961568612
171.51434632324205
171.24805591279426
171.05337891230513
170.8492891625014
170.65075531418236
170.49078129372174
170.30594856627457
170.056333166701
169.78763554764666
169.5816106304655
169.4924533432887
169.50440308773358
169.58398845282446
169.5976779265303
169.4806347551012
169.34078198542744
169.22734123304903
169.14886829401894
169.19216838226387
169.4615553686293
169.84285079772775
170.12741718205834
170.31366218452348
170.4289710780008
170.4459376364985
170.38412447989583
170.29731016701805
170.2364363167155
170.21278352834028
170.19292067939833
170.1469696463569
170.0912557327069
169.99869013098754
169.84849867154165
169.68260531964154
169.58809491406504
169.62717970287989
169.69750005970792
169.79857531200585
169.9965414423121
170.1447099408938
170.06680315354834
169.7744164860371
169.4653183723907