0.0
0.0
177.49401286976178
181.93354997704685
188.54864497651067
194.03930294765206
196.7128943401682
197.52947960016894
197.9623079940754
198.904239239166
200.33149875114947
201.87895461436165
203.3393311631097
204.7225733013285
206.13338692944092
207.52169018261088
208.805017704654
209.97615586333092
211.00806440979383
211.85379352057578
212.5805727309861
213.23054914404477
213.69172695684318
213.90147999266406
213.88815149988156
213.71651567108515
213.46964367410442
213.27907101873518
213.2021795684255
213.1757079198938
213.1820128960372
213.17260933943402
213.10982868059583
213.0194528759755
212.93024333858722
212.91941999804254
213.0141411735076
213.18519768416547
213.38503578889063
213.57669131232035
213.78950708714927
214.04304599303074
214.34546240215747
214.66192191663444
214.9555543140816
215.218726847316
215.44424771583908
215.6397118859325
215.8074501321579
215.9276508151981
215.99190569696702
216.02032557647806
216.03899220614457
216.08135530014206
216.13818591079928
216.18249698853407
216.1840854503734
216.0950085755044
215.88039730257384
215.53641003314573
215.06556681580022
214.4974129844174
213.89290692690182
213.3052891719633
212.81884987236555
212.51433044682568
212.38518646969246
212.40878153243318
212.58485808364912
212.8912548313381
213.2546260112941
213.53668146775624
213.71320850064598
213.80853423308116
213.77525707053522
213.62257897985506
213.43880532060552
213.3154688781753
213.30223943890414
213.4518145432359
213.77314194532784
214.19698469522507
214.6372968539185
215.01400032492472
215.2586295511478
215.37178215253238
215.36961102686044
215.29967493371254
215.20550904017875
215.07394413929563
214.90798322534548
214.6945707459302
214.44073251385606
214.19193334538187
213.98549379132024
213.81260040339276
213.63436690492736
213.4392794920539
213.28400723927302
213.2091906825905
213.20570614313772
213.25501621609567
213.30717731871624
213.36783733824274
213.48766484019785
213.70719827757176
214.04086154098877
214.46180806318492
214.91041548284477
215.30100349852938
215.62441495216146
215.91088503668695
216.22180459255236
216.55140758117383
216.80600004194076
216.88351566401673
216.7676071229629
216.5105585883915
216.1940464352187
215.86193337528744
215.5773633495554
215.38650800985454
215.26161016917908
215.18962630074742
215.12850962893066
215.04890404155736
214.94264586404122
214.80856701426563
214.6474325802356
214.46509351794833
214.27156772204418
214.0581805851122
213.85370538787
213.6970407491551
213.5942729536559
213.54352930439882
213.60055157794937
213.75831900189002
213.94522427948021
214.137616688199
214.3470820759229
214.52896753904196
214.66885918541982
214.7697578581991
214.80029003609502
214.7325307206942
214.6137586698457
214.49482646228188
214.35454395854555
214.18133427780603
214.0289436117934
213.93376815046895
213.89249615194672
213.85980787977172
213.7823006114274
213.63219311839427
213.42412164107978
213.20987767137544
213.03739910352112
212.93589857982985
212.92447285265587
213.0130726828511
213.22144383140872
213.5516375539496
213.96644309163497
214.42136040574366
214.8579102739238
215.20893191608704
215.46155190434632
215.68914211595967
215.957664106531
216.30754683680726
216.7175888214473
217.11628077453304
217.46400100735337
217.78604341152203
218.0835225911302
218.39156862274575
218.7709768398334
219.21949262216634
219.74226338057377
220.31915297389153
220.8688779172237
221.28852137865945
221.51131478383746
221.4766188403209
221.14590084798203
220.56132545304192
219.8222299300349
219.0112987639284
218.15076835399327
217.25900275454532
216.29805766960254
215.19982297279202
213.87072541229614
212.25716396977077
210.34475725004006
207.9870415536426
204.9660936740441
201.17947388181267
196.48368673559452
190.79192635835813
185.31244827816803
180.80402720049236
177.12244705805003
173.80626191110454
170.3436512041528
166.70765588643673
163.13890126821417
159.94867892094788
157.39554812623476
155.59062374506718
154.45378343910136
153.80356424893904
153.50287176380155
153.45498767978634
153.5380233853022
153.6710582835853
153.91809507792297
154.37014607015476
154.94973180821734
155.5028774582106
156.01517388096644
156.5718783453767
157.1815895559548
157.7810212205867
158.40601617337268
159.1628036034975
160.04694169014005
161.02293004105866
162.07890761093648
163.1420395773285
164.08910495895302
164.8853731327166
165.5793054796821
166.2283801629747
166.85968454798254
167.4528727177448
167.95777032602396
168.34941532618765
168.66498709462357
168.92954138397192
169.18760621323096
169.47502780738705
169.73744887126375
169.9492640533054
170.10504418526682
170.22829733331776
170.37413225992748
170.55120797109984
170.7149154993412
170.80410230214721
170.75952809029877
170.64849270740928
170.58398602902386
170.59853993076155
170.62209947048314
170.59777628383506
170.5965405272809
170.62378210771823
170.63236754647735
170.62070728931013
170.60741737637747
170.64822850617873
170.80213757766037
171.01041651185426
171.197833009569
171.40990299001135
171.6515733276961
171.85714591126973
172.00446184094028
172.11750881450092
172.23494746958264
172.3213078716347
172.33351749300985
172.27209156884746
172.21097534356744
172.2309433370248
172.30386660884625
172.35378540464848
172.33086735195076
172.2444197074164
172.21108081407237
172.2702734429189
172.3705370520319
172.51172176029053
172.6813754626663
172.80459286672578
172.8245332246653
172.84371470375467
173.00685739882562
173.3093765899885
173.63903126577426
173.9538411752435
174.21839069871817
174.40296873354953
174.53279356284241
174.57781264729277
174.4684213216603
174.22593805194052
173.97546813373543
173.78682934104614
173.57355818070172
173.32131286043088
173.09392491161037
172.85384431159036
172.6066042632729
172.48702394474242
172.50459061219374
172.58556031151608
172.66248598052877
172.69818127428425
172.69861735083515
172.68189034137538
172.65007362419385
172.57335223095902
172.40747484294363
172.20675835427426
171.98565304304518
171.7736971903069
171.5902756987188
171.43661680780542
171.37510205898275
171.53049284421706
171.9367387074889
172.53331165535516
173.27106961769945
174.13247455204305
175.13220716803374
176.2204123882023
177.24158583440897
178.08700768336288
178.72767726680496
179.1888456705069
179.4482253607042
179.42526218087463
179.098243689804
178.62226038864046
178.06421505802632
177.40531076799272
176.82823964485007
176.37297459677356
175.93088009046994
175.43320198867207
174.89739925628817
174.39365817717595
173.98147009136002
173.65738834047744
173.35308274791717
173.09102010843202
172.9485825254604
172.9080889693548
172.9021143679238
172.89590086595257
172.85942321867813
172.8099884061865
172.81265602470353
172.90536801395731
173.10933585005122
173.46132145826465
173.91105295678744
174.34901399964735
174.6872304762493
174.88612585421507
174.9525255673254
174.91694499459322
174.81588064438145
174.65981375898087
174.3991706546194
174.00694665422145
173.49468999990813
172.88694918927595
172.2024983068344
171.5112710134086
170.858726903981
170.25630143015974
169.75289683719296
169.4153303355412
169.25088935553754
169.2100796517108
169.28230289996696
169.46719440816562
169.71841070995896
170.05964674086727
170.52558357324193
171.00017189598645
171.3780123133312
171.6593427573423
171.90767068073464
172.17805883865185
172.4831876331
172.80895804485493
173.124792151743
173.4281262192636
173.67568249561577
173.78896178177808
173.68022412187958
173.27751563768288
172.4616209313984
171.14122431132637
169.7197595752619