0.0
280.56809662975894
288.47988031157826
300.3862510545128
310.9556977324454
315.5563953535547
316.36390922557973
317.4106807958532
319.80529002305127
323.1073841887119
326.6567851807519
329.9400798861452
332.7086882593288
334.89879898407344
336.51543393445854
337.613846890161
338.33084858804636
338.77398224156144
338.9840813852759
339.0051572429276
338.8971871787504
338.71382280048977
338.440040271855
338.0217638346006
337.52130007959346
337.0867288914377
336.88593180333135
336.94371848819276
337.1829181813782
337.5944514059737
338.241399286352
339.0958929072815
339.9972256206178
340.7606330695941
341.28426088401363
341.535184437299
341.55181076107664
341.43554575540577
341.1840132723993
340.83202253519255
340.52490309207184
340.42573921041776
340.56913726167664
340.7919151885773
340.9451971520387
340.93217081120827
340.72082994346
340.34869072856276
339.89171588992326
339.41434083805
339.0516621623896
338.9730591466903
339.2556366814525
339.85570643659867
340.6529886607568
341.47796919770235
342.1771199402488
342.6403016609013
342.8382970306783
342.87530914324395
342.88363488246637
342.9008805742984
342.8743908980026
342.7345067090477
342.5272885652528
342.41925046259763
342.5183527359942
342.7291478204855
342.91007902581987
343.092994453969
343.4142052826634
343.9270217918246
344.525740713123
345.0232553360907
345.19247695059425
345.04852853602233
344.72531966472803
344.33730887469363
343.94609541902844
343.5888924116952
343.3413074379044
343.3407430648199
343.6837029740056
344.28012167882196
344.89776465021293
345.37691391577096
345.54764330832694
345.26987689522696
344.550305996734
343.5927060207732
342.6984796466397
342.0920176152699
341.8621065159642
341.98925525157074
342.3216715516812
342.6924010559462
343.0442884438702
343.3472425917372
343.5317595841227
343.5844132285533
343.50634786423467
343.3483571707824
343.2372158817669
343.26731587059226
343.42240353288776
343.6134437193044
343.7952199251156
343.9814700605426
344.17398709157544
344.3251808133129
344.38872546065915
344.3438698152587
344.15503446947
343.7751534472446
343.261501509516
342.75946767243255
342.3763531661691
342.173253867218
342.21595900314367
342.50948112462294
342.89832312801434
343.1851326015325
343.25960663913224
343.1947822202198
343.053661523748
342.8600852964847
342.6883375201482
342.61644808974324
342.58733372401144
342.46079004671594
342.1694596914976
341.76060524379477
341.32942925537316
340.9255712797291
340.5642047598791
340.31588036393424
340.2172793893391
340.2557234304664
340.4856389165667
340.93461149870495
341.5279477951932
342.1520344985033
342.67736450178535
343.07151484781895
343.36073023923024
343.52685502756975
343.51716840980214
343.27361738254666
342.8651988768869
342.43544575967996
342.07627978157507
341.7462647097278
341.4355232753706
341.2083553411709
341.1897286268537
341.4776808341533
342.04159710441604
342.7441147481583
343.37726664981795
343.8154849789672
344.0555237698045
344.1507130194798
344.12060407926043
344.02261952140475
343.8291337079208
343.4983074149949
343.13316678087676
342.9080728774277
342.9104320890799
343.0708402388441
343.26457187968975
343.38716732800174
343.47187119108884
343.6349963139431
343.9271582926864
344.3233558372948
344.66267088190267
344.78399062626335
344.6736594882942
344.4750982192992
344.405406307662
344.53741699725555
344.6870486815394
344.62650704082364
344.1031438046548
342.86208435289666
340.6629047606739
337.0305296958103
331.33680861407083
323.09243232054695
312.0584470377994
298.34750733046826
282.6664932965116
266.45752042696034
251.52082720099133
238.7975451164741
227.88278856345994
217.94124423975813
208.3954549510005
199.20848246126252
190.83859818429485
183.6422385101444
177.68809992852096
172.76865048010094
168.57053670023828
164.87195997425812
161.61311937992852
158.83721576963038
156.7551969277368
155.39082764954526
154.7064855464895
154.7519712371049
155.41819338825388
156.4321009478247
157.5571961074019
158.7152953391817
159.9307747060757
161.20518183709552
162.47872247067224
163.712758170083
164.91531315059802
166.05109759792944
167.02916640930647
167.76448665863535
168.27926232385866
168.63157964878621
168.80939406339908
168.69793241480625
168.1441536701147
167.19938967473453
166.0334183554662
164.81409546239774
163.67221680227345
162.67269585092114
161.879570088749
161.4265732107392
161.35283954411437
161.5621941168549
161.93362504338702
162.35589135240224
162.73597867623096
163.0992767006222
163.48356177488262
163.90225948793682
164.40360158008428
164.96449316690186
165.54578851793997
166.16982319238
166.8444912680315
167.50911266749063
168.1110141436173
168.61588864829574
169.0614205484942
169.53872462632233
170.10141334216164
170.71403657135733
171.25120495995026
171.5820712073687
171.6633884149187
171.48573525222812
171.04719208776933
170.43247839646008
169.77751046542338
169.1546439907856
168.567529625086
168.01438771322535
167.4856634923076
167.00247098547857
166.578466964527
166.18146264943599
165.78785491764893
165.4158854835681
165.13340302531893
164.95644420113078
164.88062414713707
164.94227897701725
165.0926264969282
165.1451145076062
165.00166600267232
164.74096806606266
164.48043983664803
164.3008794911034
164.27372200185485
164.42953769717894
164.69835446210382
164.98157948033344
165.22939627661393
165.47697855926543
165.80871815950843
166.231505336858
166.6897067453941
167.14405538283614
167.6261065820829
168.1823464937862
168.72847350643642
169.10620278723408
169.30152340739397
169.43589629059923
169.63632750419254
169.96164699830044
170.38826578228168
170.8978911376454
171.41142789101542
171.79618995832067
171.94864910356114
171.86007438622454
171.6065155669046
171.24973252318773
170.78828132561628
170.20340381890395
169.47889906595535
168.59892606368732
167.666181070249
166.9164422788557
166.564514741388
166.51135218335253
166.56994413753705
166.66927794090753
166.70019284736318
166.69226804654178
166.7592317390788
166.93652673160926
167.19237048953187
167.46103888395484
167.73954962304745
168.11030488776362
168.55087672460274
168.95008336502343
169.31850717986703
169.7308678862846
170.2402371022719
170.9098220895155
171.638270370718
172.20092526824
172.4234904667905
172.30957593753934
171.99134964778335
171.61555943915687
171.2280781605706
170.82653444128943
170.42596515002845
169.99997440968065
169.47006641922232
168.81111382317548
168.12713331944292
167.54440266794276
167.11488349870018
166.7357692110969
166.30135569437684
165.82972613832797
165.41423259088847
165.11105498247488
164.86249890022242
164.6212828037328
164.45220724867482
164.4829865371507
164.75659889958007
165.22240267819018
165.78387938319807
166.27348044380733
166.6126810791836
166.90740017242567
167.2320496150323
167.56399129446584
167.94211577652837
168.3741328383079
168.79665706378614
169.19562265050305
169.64615334300933
170.14923758947742
170.50906233875122
170.61560536044567
170.49481512491676
170.20992081835053
169.80452604141968
169.31699736946877
168.79573333417133
168.25666948549045
167.72957857159037
167.22502429620937
166.69964706017282
166.1771864736224
165.76627140597563
165.50195972655246
165.3405016068483
165.21556339261767
165.11504301999884
165.08746879045478
165.07254725575697
165.04160100268427
164.99818052190813
164.92278515118187
164.85729592051865
164.81916966455248
164.79787268536114
164.79852943598064
164.81414989206291
164.8743257113016
165.04487607123107
165.3544329147499
165.77257475443267