205.03931727510906
203.8554008304082
201.27665678298237
199.66462693225446
199.65618239383585
200.63654789316502
201.87877536327932
202.93689098614342
203.72212740565197
204.33664455182912
204.8506190729982
205.3147708271154
205.75822653334347
206.15047798737743
206.43253958521143
206.6561027868944
206.81534776794086
206.82117971688
206.6690814744155
206.45973915814517
206.28581875381292
206.19263037284725
206.23681109814987
206.46592102333508
206.84382533359883
207.3525426137079
207.91913119030352
208.47302996073154
209.04101105885857
209.72651598413714
210.5671478797666
211.4269630280682
212.1695696785406
212.84546617101844
213.5754677974566
214.33014934812496
214.95885361052223
215.3789756246229
215.60822799669546
215.64847637499275
215.49288040582255
215.18160331670347
214.75084589539435
214.19729648547366
213.52674906352095
212.83163287391474
212.2282759708902
211.75132538575266
211.38839876748847
211.1460612135933
211.05449042402688
211.08818197405478
211.14582598617324
211.16003920408943
211.11634750277548
211.01341102243828
210.92822481717045
210.99426168035328
211.29790044166856
211.78756474092333
212.3580254753382
212.93490293170169
213.4674467458305
213.94133258466752
214.3230788015386
214.6101756035752
214.84267185478157
214.97891491645692
214.97100965655503
214.82869857666515
214.57347871374628
214.22019759135347
213.82757440792855
213.53194747523824
213.41771933605986
213.44795497255944
213.49164410033532
213.4544106501505
213.44811601413394
213.5195404153678
213.61107458994326
213.6517604587206
213.6425323554858
213.63027822338194
213.63392728134056
213.6783788157726
213.7666088833437
213.8519218951781
213.97562477778433
214.24851415029906
214.6700868439363
215.1893515811129
215.78347709451847
216.33732461100396
216.7767609754439
217.1546135010148
217.4683324390498
217.65783532490167
217.72420253703285
217.69202255723437
217.63282909577885
217.62750565371533
217.6838385144683
217.77678447695843
217.83441449692995
217.75558868096212
217.50415948359887
217.05626852152415
216.4502471828684
215.7915125437951
215.13793715346395
214.4701692794788
213.82138409086954
213.2995285385511
212.98928160953682
212.93160257680756
213.0336125914115
213.17477151916341
213.33298070271087
213.52029428905456
213.76249648164296
214.0844288968687
214.4469094217069
214.85074660978006
215.2946981674212
215.70283274481633
216.0013377475596
216.23368296133552
216.43486571625735
216.61484097864232
216.7775983208876
216.9031170278643
216.9690123726731
216.96467138950038
216.94702071450217
216.99655834872232
217.1300680796051
217.28478953083228
217.39506140073618
217.42328596522503
217.3782752298323
217.29374376997475
217.16121187415496
216.96790680648968
216.73630213770318
216.46173477526105
216.1665450604578
215.92636176419444
215.78866055140927
215.72165199048283
215.6679405156505
215.65664492220458
215.7160708289954
215.8582899754271
216.0899486194732
216.36455660027656
216.64102414787493
216.88904617489376
217.0759821588344
217.24508917370073
217.46206176989836
217.77232381016074
218.22121020397822
218.76366749826587
219.28458377177492
219.69643831245241
220.0123101239425
220.2931523310583
220.5680322525389
220.76714456097875
220.8554622496991
220.82007871054117
220.69187751524964
220.44317066474855
220.12231838082104
219.82647110689902
219.61771029607615
219.49216770415043
219.3567364054126
219.1815607828349
218.97830207590323
218.81541765454338
218.67882323729341
218.4642139246256
218.03455512760735
217.19506058797256
215.5908855913674
212.50229039330654
206.90161327330728
197.9339029447842
185.57874658223244
170.71336483212892
156.16031660284318
145.7813117038484
141.52268284645186
140.68178307595417
138.97380286496428
135.93317882187716
136.48318182263313
145.69377112639768
161.19194162518608
174.4092808834931
179.01170654089813
175.2156313989815
167.92745457360073
162.08700450317787
159.86012431184594
160.06236941082608
160.3315434504729
159.3680461657819
157.1917926566192
154.3629884018912
151.68223883519826
149.89838079710705
148.9297981850549
148.3339754226464
148.33187074861752
148.99536816654643
150.04333331625347
151.256721816761
152.47878190517906
153.63366677926055
154.68538339954773
155.57826209293276
156.21316492356888
156.59779694660597
156.8304919022467
156.90040975760354
156.74947962110494
156.56082305489997
156.56894503948766
156.81086227549804
157.21394052304174
157.74206334416905
158.3289359539604
158.8314884203717
159.16899047858684
159.40098983476415
159.61356209606276
159.82726476246364
160.07499305408692
160.36051535981736
160.63382782442798
160.82708314046602
160.87296906920344
160.84591121463046
160.84912483008324
160.8918062411824
161.00427318856754
161.251844517032
161.6131062529447
162.02943602743906
162.45732684181525
162.87364595352992
163.2796203112978
163.70007694842033
164.1647187980047
164.69322073212476
165.2598342655587
165.77537788197034
166.18318763680716
166.52342838049378
166.82656194174933
167.04050331087717
167.11349240981306
167.06844122961044
166.97314131466337
166.878898072978
166.75346339277922
166.55426790086455
166.29687094415846
166.00595120168083
165.6872614193839
165.3748137199945
165.15617872360247
165.09806142533407
165.18570975324712
165.38290488462442
165.61624781711987
165.78584442938802
165.8671678153087
165.92205377422587
166.02176048518749
166.1980646881894
166.42873746838382
166.6440330578681
166.77813788687078
166.84671816017328
166.9515921898465
167.14738010728757
167.38540580710003
167.63117242870766
167.86839862350038
168.0530109425244
168.1610201956645
168.19786999536063
168.12139336856376
167.90116290825478
167.5597495035539
167.1678028931862
166.84437214666264
166.69983060247398
166.75841750677836
166.93401818475547
167.0834742405041
167.12274652671823
167.09183092671904
167.08999976466652
167.16106755418832
167.3239051691289
167.53443456567913
167.707306098037
167.82005838593577
167.9022831900502
167.94542629945175
167.94460628604526
167.88885093098875
167.77209490106162
167.65262805447503
167.57508380055353
167.48445699751323
167.30660441789524
167.0588181704755
166.78990834483852
166.5211264090363
166.2656526935662
166.04016665992225
165.8729010031758
165.75091902794313
165.67851819671938
165.70837802208504
165.8323829414862
165.98729744015083
166.12930733363822
166.23664704055597
166.29919826916984
166.34293467369966
166.44139297498134
166.651538970382
166.96302845823027
167.3052555902708
167.58223384053218
167.7508624353098
167.8305204831736
167.8536442873978
167.86106662826114
167.90888438239057
168.0253444481296
168.18652490620968
168.3280326596261
168.40466692743428
168.43354960971973
168.48115109569613
168.5606460370955
168.6434082277633
168.7527831601292
168.9017269472304
169.06108736939836
169.2032820618301
169.29426391640925
169.28469601464224
169.15688958267543
168.98566398945243
168.87684941503272
168.86233290856813
168.8864059785604
168.90957018596274
168.9371307227737
168.95220744465155
168.88740626405456
168.71090176818342
168.46662299954085
168.19631938682528
167.9107910467175
167.6329010325535
167.39588025614594
167.23371450500778
167.22921665879122
167.38529775800893
167.60744167616735
167.79984179681458
167.91399292845466
167.99109133123173
168.0940416751348
168.22232354863803
168.32757691787327
168.3769529128067
168.39063771920667
168.45342585580494
168.61890799653042
168.87923059138416
169.20882920025795
169.59116708451455
170.03208908783702
170.57378210579415
171.25254450093882
172.00932494166585
172.74590237311895
173.40029736630223
173.91316788914014
174.12523103760324