150.2530944371781
162.68840566130442
173.60364118468115
178.90009631376995
180.27397696007347
180.79256693222368
181.86552249276824
183.57713842125747
185.59880639106547
187.62726645354635
189.45360543085724
190.93146444694645
192.00017557408665
192.7540390721295
193.3245708637595
193.73646823926578
193.91198937537686
193.96684707404432
194.15778318182146
194.2248797806892
194.01895740068701
193.66554701397993
193.33124198405366
193.0864122135285
192.93480443613697
192.81483994285435
192.70223965149776
192.7058497942019
192.91400341492627
193.36340303469348
194.0265739734917
194.8517073569959
195.78927635838636
196.8330300537668
197.93069595879376
199.01950398148995
200.11660404384824
201.24415664833091
202.35872066811265
203.3833302814363
204.30777613844757
205.17187038729793
205.95302599413117
206.5909769709138
207.0874808320759
207.43565237342213
207.61406915599034
207.65117530203366
207.59072348508676
207.47186549140923
207.3492202233814
207.2589851171066
207.2217028796343
207.25515466253864
207.34267320425243
207.43740517788746
207.48717048964394
207.5110930606421
207.53373559347799
207.56414877713206
207.66172600070374
207.831369393868
207.9902442775215
208.0979581286508
208.1588441184319
208.21897759795866
208.36909710821533
208.6225566757506
208.88382629714354
209.12869110827845
209.37174006233988
209.63951835713712
209.95857580525305
210.3069101056663
210.6061952909287
210.7607610063081
210.82439934748365
210.9168572483983
211.10257112107882
211.39450941142408
211.7586056139554
212.22113289040888
212.77627049765084
213.38612094361204
213.990598075117
214.49386649761237
214.80682418489604
214.89370557974098
214.79172716385233
214.59037590865677
214.3800081642038
214.22434482003547
214.1676208614502
214.21100780781993
214.33407805118154
214.5165835793237
214.71397956881157
214.90991768859385
215.10034840860334
215.27617293071606
215.38066859482194
215.3240589710038
215.05820208580832
214.60917173295
214.11096758138913
213.68760066402217
213.39098548133353
213.26903270314753
213.28101258617335
213.3702875306024
213.46853157097178
213.50804166524685
213.48959169898654
213.511991424987
213.59738820502795
213.69126533659684
213.78248607145255
213.86891311077932
213.95152346332713
214.0311894225053
214.1212616982204
214.23701650646743
214.3051325168852
214.22975517280256
213.9792151531131
213.57496608766763
213.1515596538132
212.8292930892775
212.6066975720898
212.46277818904593
212.37341446503217
212.26283458798156
212.09457987402152
211.8980088958521
211.6650309614934
211.3804235809351
211.01415531769302
210.60312018397767
210.23678912004596
209.95304363256565
209.7236493793297
209.49729798763897
209.30047867721325
209.2377079499572
209.33005237512467
209.5650309790028
209.9386318701774
210.38448032035262
210.82491375977747
211.2132224593875
211.5244005114802
211.77297648742098
211.9840268842888
212.14536966671292
212.24043311396932
212.27619715894264
212.35476185560776
212.58598522910435
212.97657256744583
213.44560751472474
213.98565763310265
214.5572044881151
215.05263686535852
215.4540384097196
215.77477174853152
215.99070448300662
216.11958857351766
216.1900754344268
216.15257042556493
216.04371895382064
215.96723585787754
215.9465640061711
215.9151326265263
215.8189900161293
215.62879358958398
215.34237627472697
215.03166522650702
214.8107111593829
214.76990398189463
214.816527894369
214.79836728362858
214.69607962206538
214.56974921261877
214.48632830203775
214.4684084397008
214.48962167087055
214.55233132942195
214.5934297608422
214.51435169948041
214.30901921366058
214.01181979593258
213.63266959889282
213.17169463868515
212.58131803777343
211.82547986792065
210.8584579299938
209.63284933660776
208.1492754762545
206.4164057879342
204.32940801681434
201.62942019579864
198.0842257333217
193.63042208457884
188.47171784650308
183.07160334319906
177.97221668641401
173.51955015401683
169.7745097908511
166.58173624737458
163.96609162688037
162.03409332777954
160.76994362219517
160.11549713337652
159.93918402698864
159.97830759380918
159.98517364892734
159.83013058283228
159.48148200691787
158.98636038974877
158.47103929957245
158.0753287645549
157.86345535695057
157.80144492154665
157.8412579376773
157.96339424060398
158.08948208917832
157.97795907146696
157.46394076561103
156.78325972202921
156.27884043079587
156.0485497317164
155.93039333925392
155.82875207428336
155.7750741140859
155.774311264933
155.86622417948848
156.20882790452572
156.93471852386722
158.0181201221891
159.29906876252494
160.6624517692127
162.0474566527126
163.33009845147217
164.50461448334514
165.6182515735576
166.63698990288086
167.4602209658965
168.01143844409822
168.2660306420149
168.24757084418846
168.0645832550374
167.84433445501165
167.72874772780514
167.771236996613
167.90275308606334
168.1352254163755
168.39017299010388
168.54495555550318
168.64238999636072
168.76005156385565
168.87835581651785
168.9753601358026
169.077579539348
169.1911334830159
169.2505073901103
169.18054978527903
168.99973984442218
168.85522954490088
168.80396001477652
168.81787958075213
168.85511717376946
168.88747062628
168.93205997287347
168.9853124754013
169.07196271986842
169.24526424268967
169.4732926124247
169.6538874885837
169.72818153312227
169.70459424843312
169.62725679234384
169.5577454306462
169.51553064912443
169.45898573649458
169.35198870235143
169.2379965205738
169.23333203641144
169.35061111609588
169.48762211316784
169.57622924310078
169.6218815446831
169.65226782292976
169.66377858490887
169.6045634202494
169.47680044362502
169.36826873209952
169.38662755446083
169.5204051270595
169.69129640971653
169.87792219221961
170.1009428209588
170.4348688589887
170.83198080645093
171.119342078934
171.19463950235115
171.07074067876619
170.81745587968317
170.50283517647506
170.13007865420525
169.72637006102565
169.37952984997114
169.12336268139543
168.94097378107017
168.7860370710869
168.68816316233253
168.7021907021783
168.85356483277053
169.06930766134832
169.24753601314555
169.4121643134144
169.51250136029827
169.55243660522183
169.6028367306873
169.67667956994137
169.7587138194442
169.82025984641254
169.8625875575868
169.88464958479526
169.91434240242734
170.03239753613735
170.30220848088027
170.6448171460948
170.92869614409102
171.18024427699703
171.4289485628747
171.64633687476703
171.8095275750618
171.86594276246277
171.78857681231466
171.59937697993556
171.29599601579156
170.91508967780936
170.4906893869363
170.0460252694524
169.6333172042527
169.33623411928062
169.1828753531592
169.0531514423731
168.88881142502532
168.69771813938408
168.49122855484248
168.31246490799833
168.2422040154796
168.28408962791713
168.36311024830442
168.43992360864559
168.54382218152227
168.7133556188886
168.9681580783066
169.25682429673915
169.60082139926465
170.0001882811748
170.43263778809808
170.91183214048732
171.45303710476014
172.039414585196
172.61502848103441
173.15190373203689
173.66877243888786
174.1549050017079
174.54942406804372
174.8159122854408
174.95509296488274
174.89540988671456
174.61963172052828
174.21861176864635
173.7609498822058
173.2566995754807
172.6983288003051
172.04931831093117
171.3346304164337
170.63267884831714
169.9307361125338
169.2439119773616
168.60831136107072
168.0349120061167
167.54621547949893
167.14509919873655
166.89055867567532
166.86921640146724
166.98646895849558
167.1384751860311
167.40047602720628
167.78439117847324
168.25626377584715
168.8201041021079
169.398671975294
169.69900977787057
169.33080742412142
168.08443320278107
166.41357518995216