330.2783538634226
330.04475305716767
330.8253098588848
332.06230788919873
333.29239103365103
334.5203423712171
335.65644196411915
336.5992415475155
337.30527813698876
337.71424096453177
337.82727244131013
337.8268279065076
337.89728579385377
338.1301661147197
338.47453731886765
338.801802831272
339.0262688800906
339.10841636531126
339.1576429884746
339.2820643032436
339.57193971333936
339.9970058721416
340.4523231715934
340.93037872835555
341.2968710556755
341.3769371408174
341.1395367797603
340.7136035091022
340.31049882798646
340.1178932826041
340.1436778513496
340.2913019804166
340.42042745618056
340.481724494922
340.45495498246623
340.344147480808
340.2493831929795
340.24812657295035
340.38116527199065
340.62133088820957
340.92750438552395
341.2843962120633
341.6609290106502
341.9821283796222
342.1646128954903
342.1747249455105
342.0666226132071
341.87526587091133
341.534333220728
341.02284779953106
340.3790301935291
339.80000742918514
339.6123878424734
339.90085325819257
340.536297439594
341.33737166444155
342.1473782482127
342.86921964285807
343.4134106145988
343.7964626170091
343.9908610932041
344.04229310361166
344.0705351706242
344.2327405411972
344.5572254025505
344.9500944677559
345.297650009201
345.55929487759425
345.63606988218777
345.38902085204427
344.8208826739497
344.0995392328532
343.42326863552745
342.9954805072349
342.9064817594897
343.0392741535263
343.25520369969735
343.51348218203987
343.88031605315325
344.45460272441437
345.1934718828907
346.00735008309107
346.7571898126812
347.36213245398255
347.8315404454187
348.13526281959855
348.31032047267263
348.3658583965592
348.27687663887104
347.9880460291573
347.5621723450659
347.0506593735104
346.54847119515324
346.21644210245177
346.0951416067931
346.0814357092857
346.05563461002606
345.9315211085991
345.7768186634173
345.6821101341086
345.65621398407416
345.623829527859
345.59793103544297
345.6657909955944
345.8255752916551
346.01171432331034
346.22828160353714
346.4387778643788
346.61102179696405
346.7528498542871
346.7970597868596
346.6516592670955
346.236716376138
345.59251408131473
344.88703798343397
344.2605769883212
343.8068074562559
343.63331557402915
343.7372374388231
343.99618725490376
344.28454926014643
344.4778044752341
344.4892792808219
344.3176046573253
343.9711200822303
343.58510839614695
343.3906379162276
343.50610367711135
343.87407637792614
344.3045615973214
344.65091485296614
344.9297337051514
345.1580002418203
345.3753956575379
345.61136065962285
345.8106877146696
345.8825978098003
345.8533616487945
345.7654287487462
345.67586311519074
345.61322774439213
345.53373211319246
345.43374725532175
345.329821245545
345.21996202460133
345.1280132461619
345.0905295445902
345.18470228287214
345.47828329021985
345.91596467325985
346.34278595654814
346.5682761474619
346.52635399338266
346.33037128040746
346.1394135233231
346.0747041698848
346.198625479215
346.4805976180438
346.7957794051463
347.03434893520824
347.12004485858137
346.9964632398008
346.74019013756646
346.47443371689997
346.26744795278034
346.21814293723446
346.4085942797609
346.7341330983148
347.0294724634148
347.13494762090784
346.902679611438
346.3176874449275
345.50362089856765
344.57451761553295
343.58486048216764
342.5000736336046
341.23091066727983
339.5386129501667
337.05046194848336
333.3496855491564
328.0859144658914
321.0080586606748
312.04022848430884
301.1807275434338
288.44458109355423
274.10713610258586
259.0899431682974
244.5053038365705
230.90101073071483
218.4774395400558
207.36279189508681
197.60760435671784
188.91781191942022
181.04237272677364
173.91365555281843
167.46138335228866
161.64191740953666
156.57884907528532
152.52413935017262
149.7876779620579
148.4411859096868
148.185412240489
148.57046701320445
149.22422599853346
149.94986634351244
150.7454269193158
151.69948868326807
152.8239612950971
153.99491620953077
155.05608572352975
156.01257115398823
156.92348490228272
157.81471127108455
158.64111243741556
159.4170794529714
160.2279917475566
161.14663053566275
162.12272570966056
162.991960847228
163.64522945026835
164.06489380220765
164.27996065799584
164.31768114661955
164.23047221800718
164.1301554338243
164.11228023419875
164.18514056214073
164.30800376211033
164.46311450350427
164.6197116727655
164.7218875446671
164.84308643278735
165.07963036888003
165.45499830146525
165.94122332678015
166.46579716751964
166.97374579384285
167.49473367253367
168.04902635340179
168.57928926419794
169.0394107442473
169.46060386944214
169.89719343783264
170.34671941348685
170.77578777368555
171.1666282680434
171.5261815471836
171.85190057446664
172.11103129051972
172.26750144491723
172.32246457884048
172.28886904092587
172.17390900451613
171.95177730962735
171.60203116132232
171.17066997342863
170.7100860395906
170.2729430769382
169.861405009152
169.45645264298554
169.08804697383138
168.8279641785019
168.7270571252981
168.7273186336426
168.7555047750659
168.79160656762184
168.85416616282947
168.96076535751683
169.09528084036492
169.22004250441358
169.26598574497663
169.1918610587249
169.07788014444282
169.05722484748912
169.20921165976517
169.5064673311547
169.79008528168876
169.93006385739983
169.9438650834544
169.87045507262977
169.7167615000484
169.52281326773328
169.27900109979475
168.92636633802886
168.51145532542657
168.1258594940725
167.84069889373302
167.67856075450752
167.5752526507354
167.52471862097434
167.50745723754758
167.50083032545967
167.52074243975832
167.56957651561487
167.65098708385568
167.7854085584817
167.98824496003886
168.20527829726166
168.37183887706834
168.48125355709925
168.57864426303465
168.77148681023203
169.07416617584005
169.41942578530643
169.7433981229168
170.00796434652426
170.24029699413796
170.49355895607584
170.7258927895036
170.86387587330154
170.8745033829274
170.79576929896433
170.7612023627179
170.84586957666423
170.962608791231
171.07221578357687
171.23035034835033
171.41503303970038
171.53777805654875
171.621156172443
171.76030897951355
171.97454037341546
172.24571151205376
172.47886052266185
172.6130115844557
172.65162215767856
172.58274680105285
172.4117787033016
172.17855943453952
171.90155246390353
171.5644273088271
171.17442436755147
170.75892651593426
170.3334391418035
169.90433173000017
169.45174360599052
168.9689161830527
168.5051658834446
168.13214508146547
167.86853999270127
167.6881075562021
167.57977831301906
167.53827289958198
167.52947563428935
167.5235572130128
167.49126776298127
167.40988022154542
167.2992040616354
167.2002693603864
167.18853075526462
167.3126275055631
167.53387061356324
167.7912349979489
168.05385556159922
168.28658205041205
168.47221164749197
168.62874159155263
168.77802538602333
168.92411029107643
169.05375598942857
169.15866633324882
169.2532640267624
169.35676355301356
169.44700451011383
169.4812419591517
169.48521046397312
169.53913028370133
169.64905821210476
169.74822575696274
169.77990961660475
169.722479801781
169.58090788316434
169.39865169019293
169.2470928522752
169.1498736996412
169.07730387649937
168.99976807841006
168.89110231730672
168.76798062623396
168.70858868248996
168.7521456086226
168.8633065567497
168.9817307513324
169.02830693300547
168.94644563663206
168.73709822045885
168.4276359264265
168.09666455314226
167.84574509332788
167.72211404713846
167.72506606020812
167.84209403881107
168.0274111651959
168.19047037167735
168.23433866053122
168.13444255776736
168.04257390152213
168.37438605926104
169.80988191319875
172.9556981981762
177.2564949227111