325.65842658130225
327.60474458956304
329.3087656646827
330.77693263977267
332.1349673830458
333.5195924494841
335.0050939721971
336.5676163667059
338.07584461872045
339.53875646547476
341.113603974621
342.6948828428018
344.12636846094983
345.3617644299316
346.2272399379604
346.5752605130311
346.5153259781026
346.22033323960113
345.8506834268029
345.555531350729
345.6310771820685
346.2026413006974
347.1535060349838
348.36201485580864
349.5269708745307
350.31259585494456
350.6058827505146
350.2768803415004
349.2828986898659
348.0409267738456
347.15602553015367
346.91682072841076
347.27159456721495
347.93289499846014
348.59282251412725
349.1310769418391
349.59075933545546
349.9460222587663
350.17318546925435
350.2706792070827
350.24720073828274
350.1264494865402
349.9183058339479
349.60862075874695
349.2204106482809
348.69167155599945
348.1936729482683
347.9926492801859
348.1383979995118
348.4235451730334
348.69441266848196
348.8134053805522
348.7945865165308
348.76393678921943
348.87659286984467
349.0834035068016
349.37928122217176
349.7903011619493
350.25958990942615
350.7319654197679
351.12824700829896
351.35440692928603
351.397240024606
351.20684621401836
350.81991613315796
350.2416519512016
349.46920195469437
348.6713318500043
347.9987798739336
347.52920388500036
347.32669251578227
347.45609227042735
347.9498765316435
348.73342992021776
349.63427784662815
350.4600218193894
351.0107828355319
351.15850550069655
350.83147251868604
350.12593368440434
349.3225008081883
348.5819510060155
348.01620252719056
347.60949392715975
347.25557152826616
346.90613421481623
346.5566691389714
346.21305647872146
345.8660152543719
345.5851155365742
345.4845199481364
345.57453369619105
345.8329674268941
346.21369287758887
346.6682137400721
347.0745246440706
347.3036228283355
347.3317163583401
347.18899334991323
346.8728835589005
346.5202355718252
346.27426626037135
346.2134478901719
346.38567677671927
346.8184817678318
347.43785718568256
348.0423280711108
348.3982348548185
348.358279318482
347.9825394910181
347.44970099500176
346.9740787883862
346.6559133033346
346.5679477694467
346.8057016149128
347.4001361968765
348.2136562082039
349.0194110846797
349.6014109821471
349.8138420137585
349.5718232665372
348.84807738642235
347.78162705039904
346.70880954428094
345.84884079437916
345.2912266720789
345.06553309104544
345.1613082188621
345.49763150998524
345.88356284181936
346.236768689712
346.45115873983286
346.5100024716498
346.55612472223606
346.76825056820945
347.1694565663962
347.69727027786377
348.2662856320028
348.8358270627466
349.43905846336645
350.03803674182296
350.5408786143529
350.9434822386826
351.16640644736236
351.10514387624914
350.64394053537353
349.7603907460246
348.5799064248346
347.36608522940975
346.3813157323135
345.79928868229035
345.6164511490635
345.71344623887103
345.90185887971757
346.07879488296714
346.22808839034957
346.33849381347676
346.33953204316117
346.2289661018283
345.9827172412224
345.73661889517064
345.5239626150525
345.3782520106334
345.4233595358167
345.7305965084721
346.3133109858068
346.9812938769994
347.62236147482156
348.1967558111414
348.6259032289653
348.8491007316608
348.8037086695195
348.5043457105524
348.09263203126477
347.71804135128406
347.4085003767928
347.048830143836
346.6266458657446
346.0255434462989
345.0343414275219
343.4260774376147
340.86787046450866
336.84789399282226
330.85287214685394
322.635462356674
312.3878593350409
300.5543605388399
287.62103157119384
274.2799589992301
261.3629767138308
249.54810016630088
239.0700207963432
229.83273070962883
221.64251158172928
214.3573914359738
207.74105330481154
201.5907426532535
195.80717196734335
190.24477488495464
185.01215113590288
180.5024703675521
176.89736372802466
173.91405440999839
171.27740605684542
169.06808862391281
167.46331871237152
166.46432813133663
165.9766057988909
165.94279480113892
166.31235826892467
166.9800812315014
167.80665143785652
168.71531980344093
169.64148010746126
170.48463473225289
171.15179339277086
171.57287008075775
171.77756250839087
171.86855111947548
171.87817591797662
171.7777897123916
171.56160172475168
171.21291299229466
170.70570390989394
170.02586063502275
169.24610748563404
168.4919699865047
167.90628704486386
167.54253601366608
167.3023314039989
167.06629921472546
166.770638608194
166.42739976078116
166.1485221069458
166.06588058918766
166.23903788089342
166.62379431823507
167.05322524527182
167.4023508679045
167.62111903889647
167.685822896072
167.63631069197072
167.5674554616691
167.53936470739905
167.55124581563788
167.56927909660692
167.53826214295563
167.42596987516555
167.22721983640398
166.90389142010247
166.52579109104312
166.3060176566349
166.3679856586686
166.6915078103348
167.21228312281255
167.82337299870213
168.45648739171787
169.05489051111425
169.51964394314933
169.82077273574265
170.03562967616477
170.1856946815326
170.20333031040508
170.0546868594516
169.81229964198857
169.56188536741246
169.33459449931541
169.13135668817597
168.94855956589498
168.74868295131546
168.57887560418604
168.48894252817695
168.4763936371366
168.56388294316017
168.75818441235913
169.0376225214266
169.37112900281014
169.68696620257293
169.87534051547223
169.86077151706044
169.64018681474369
169.29840702328744
168.99805482242712
168.9068295382504
169.11153185972913
169.5889306665767
170.16265057269032
170.6431887535719
170.9722744710948
171.1851697361716
171.3270207155249
171.43039755758477
171.50353197526493
171.55339794115895
171.63587228597945
171.76063914173977
171.90258075339858
172.056592621447
172.1718153312178
172.28200047058795
172.51663179412833
172.87359799284494
173.2716548705434
173.55460757870628
173.55891456740756
173.24174403761447
172.68782819656815
172.04695743741098
171.41891050958492
170.80560476920232
170.2108094916541
169.6159549917962
169.0546909493831
168.60427770684012
168.26165210699583
167.94661605565227
167.6430989817572
167.33536089972097
166.98052740209107
166.63192368348587
166.39227533652559
166.29188681063172
166.35415720142925
166.49465005046
166.61259607717125
166.74310261360284
166.9038221313334
167.0789491489559
167.29082718142118
167.5384243676057
167.82425684012898
168.14973639769835
168.54113867877464
169.01291890399966
169.510197136799
170.01285977016667
170.53476404780872
171.0914053628829
171.60623797832733
171.96925221887957
172.19562624149216
172.34608489290454
172.4417224078733
172.49064446938988
172.522846604816
172.5316183077722
172.50726203593138
172.43859508681825
172.36232072676643
172.3349593704797
172.35013420744298
172.38793323893321
172.40868092463205
172.4028416659682
172.39481564360187
172.40354800934483
172.37443007365795
172.3034889854876
172.25165713360485
172.2734778865143
172.36560313262657
172.44124254090693
172.429384613488
172.36433181440577
172.2851666455828
172.25877911599292
172.29363864703527
172.3796743742596
172.54670227685966
172.69804195213155
172.74125310210692
172.72881952634992
172.69768650802223
172.67866359561253
172.6665950730736
172.63537194867533
172.5917763813423
172.53713448477987
172.47606193770406
172.4200892551986
172.36921220525207
172.3399858510031
172.31063319448077
172.23730836344225
172.19105723057137
172.27037708860166
172.46804273766554
172.72882050267407
173.05615205609342
173.4414216189329
173.82821116960775
174.2139820484881
174.64240435841342
175.08726760872923
175.43908238998867
175.64578349923772
175.68188426056747
175.55059308456865
175.3123113082365
175.12983431399496
175.31858648191533