207.2193998919716
211.18545125199637
214.76506514235862
217.20508056155916
218.70919532503746
219.6833463806382
220.41002018418007
220.98674076373578
221.39619213152918
221.61629159769294
221.62063165096777
221.44682006837766
221.13497099970883
220.6699274321557
220.10311200984683
219.5600435679449
219.13106235565056
218.8493080676003
218.75493585031114
218.83054215165367
218.96839868634382
219.08112451975614
219.11353823002585
219.00740016997116
218.82348203258678
218.64760896442402
218.52392445999436
218.43720637474334
218.3302469544966
218.21383430659117
218.13842946011673
218.12166378487103
218.19259417581003
218.3153952416241
218.34107864425965
218.15440551504864
217.741734212506
217.18571081913387
216.63254520391388
216.20798552710454
215.92461467894867
215.71526088725506
215.5160907704821
215.30258287890848
215.12689239211582
215.05377054955625
215.05522131653893
215.07128815211203
215.0910200772895
215.12775550720997
215.16354804251787
215.22083080144313
215.32283335528638
215.46646562138943
215.57863438579292
215.61579677682215
215.5784544318828
215.47616882184056
215.37240848789367
215.3582358977427
215.47726521399213
215.66559618081186
215.90569764423248
216.24573879452748
216.687970064866
217.1902514848513
217.65892568081335
218.01652450991483
218.22434046769501
218.28384520154262
218.21076390323773
218.01629919548444
217.7280533413645
217.40389402483686
217.07432896515607
216.70950619037066
216.29315490852198
215.87487918349882
215.5308745586295
215.30929743327854
215.17999310179556
215.06213350779626
214.9135926293384
214.74247567102697
214.63487862080774
214.69312530261308
214.90929732896416
215.22339666551574
215.59424308300044
216.0130451470659
216.44488897949938
216.8336518816041
217.1472361161516
217.37520647602736
217.5008336471438
217.490361337065
217.40089191387455
217.31221868204182
217.23991114566556
217.16034716131924
217.06095445460556
216.8806730836604
216.5934605935736
216.29180121179138
216.07938561531765
216.00239805924542
215.98474089740816
215.94651617713487
215.88146678750792
215.82753930541145
215.8554245107267
215.984242791561
216.16879918485603
216.37708127183564
216.60089428601538
216.81017219557603
216.96730315591105
217.06108811138472
217.08179119566108
217.04418836961742
216.98627023165835
216.89008260464044
216.71897042950837
216.48779561185341
216.18980015238594
215.87656232400562
215.6432496819242
215.5715334671843
215.70430412300627
215.96493380528102
216.21143389519554
216.34971599981694
216.3903683612362
216.37890821300542
216.35683345575458
216.32998899481544
216.30609979431412
216.29688807048575
216.33865717925443
216.49639786143499
216.8190738959879
217.324938847382
217.9543111121783
218.60053902950193
219.187291567612
219.65593299608776
219.9876876326472
220.18090237914072
220.25478003267438
220.30977404810594
220.40849897675892
220.54612291816676
220.66219163651937
220.69122919280875
220.62689029690918
220.50508406056082
220.32072795258276
220.07340106011372
219.79262105468706
219.48560726146465
219.15186672188446
218.81629545341332
218.48343390378153
218.1829406733586
217.9364270768423
217.72837487075384
217.5553280664769
217.38838036283684
217.12262810464773
216.50994287337178
215.05391494497093
212.17430422026996
207.49040172845775
200.91726686808076
192.40674245845426
181.88472367623257
169.97208192744858
158.69037596402984
150.17569543716348
145.02654139234176
142.1209548300925
139.42855831382008
136.43516311434414
134.86928155694156
135.79235826468977
137.4640115240728
137.01714675959744
132.82490003182454
126.91188711615796
126.54489189195212
140.15617502633492
161.75932159565875
174.58026268418953
176.33372643582032
173.7166802720664
171.96426546733625
172.60224613176445
175.37756542120553
177.93911521426185
178.6367242363848
177.74069036933687
175.4509055151462
172.17209584247016
168.77986997235652
165.80375428846273
163.15610169552545
160.5744565155453
158.22828875449963
156.70346747277847
156.20521548125512
156.2642216463296
156.59168643670262
157.21644455749532
158.18525606534268
159.4024525263817
160.60535141597663
161.53605901813933
162.16260010758526
162.5588749802587
162.79415641961316
162.97363087653545
163.19721391210493
163.5241042832256
164.0041182983459
164.63786275184847
165.367131633367
166.1542279751152
166.98006328843613
167.85224050454082
168.76995782481384
169.6393351962185
170.32480636451302
170.76912901013924
170.9983021201651
171.04878069405
170.94196377593028
170.69456591946482
170.31864314848522
169.8386464397546
169.2940426810403
168.7260820304655
168.15859085077426
167.6644489394629
167.33833588468733
167.2291838966073
167.34375226255852
167.64455431603204
168.0731179070254
168.55073713243164
168.9981043708625
169.36110523080634
169.60074237261114
169.70501522416353
169.68912648274954
169.5878078068275
169.47323398253786
169.419061071148
169.4530807108075
169.58252489879274
169.81072084482065
170.0992279269137
170.3534770425403
170.5247670189067
170.6721753370548
170.8748839636015
171.1316464925386
171.34562167734657
171.4484862039155
171.46638522816048
171.45308419262483
171.424934396815
171.36870969403543
171.2750498629995
171.15603577566486
171.03300585668302
170.93245147928215
170.85252633462392
170.75595062072682
170.62332124018596
170.45221924980405
170.24500572947292
170.07989264106263
170.03561028191442
170.11054119502694
170.25565501607537
170.39975326770653
170.4656398535741
170.44287850122936
170.37459365969
170.31639578388197
170.33298909415475
170.46416243230965
170.67904382729262
170.91459890696385
171.1403837372362
171.3431576562807
171.55966286666168
171.79586642362153
171.9609484363323
171.99076069055334
171.90304991595883
171.75429846484292
171.58236209821177
171.4248117301796
171.35980833448878
171.42321157638932
171.57496407231434
171.80536229474524
172.10013075089424
172.3680589457725
172.5077083904692
172.50071429016143
172.3891972809285
172.1670461786354
171.80709892515512
171.3799585994868
170.9717486747589
170.59309663101044
170.21490498025514
169.85597325599537
169.57505041613018
169.3713075735236
169.20641594082775
169.03024674511096
168.84679924844954
168.69285891432068
168.5583522293925
168.37231037676895
168.0032432665452
167.47111045264973
166.95177842954394
166.5773602645117
166.38115012016692
166.37678537093558
166.53925232668473
166.8012013925593
167.13214714193668
167.60630932403248
168.27704186495114
169.05802725772264
169.90391173356767
170.8969262322872
172.12046124390238
173.53666804827714
175.0060215047584
176.3341150643133
177.33156729202813
177.94028427565507
178.20974343358682
178.17787478081993
177.9067152381693
177.52951865560004
177.20735724065509
177.00948588832256
176.85168370669368
176.62497752377627
176.23766673891336
175.7423751514988
175.19641750367492
174.62917141351377
174.05410830465902
173.4058065770314
172.63749330646158
171.81173776605257
171.000481746358
170.2817635600166
169.6721215715641
169.16052013101907
168.7772957739139
168.54201349576442
168.43470701051842
168.44911805310906
168.58360180751407
168.8073023975745
169.08449968140062
169.41107341208632
169.78681488910294
170.21391790001854
170.64594654025274
171.0328639656449
171.3362946329371
171.54586640413285
171.69634037178537
171.79893134495228
171.84221190756594
171.79835271705247
171.67936010992722
171.53897843183867
171.42011494721487
171.3442661817905
171.32467845231713
171.39964486627554
171.56636760964864
171.80614102540497
172.07757620838953
172.37226252134406
172.66332408627778
172.70689410967566
172.08714835174743
170.51428080270279
168.45432523236582