288.76051200391964
296.6687888261963
304.41684295150566
310.8995669948656
317.19508630166706
323.0153294755725
327.4885531378471
330.3669346643059
332.01275640268227
332.8831627480169
333.41447371978455
333.8948543931687
334.3539018506583
334.6592208373412
334.80258119417135
334.79190388696406
334.6490876809786
334.47151761966813
334.36670836514793
334.3936154140637
334.51420769017943
334.62784589817534
334.62018435514375
334.4899882192799
334.31897876834086
334.21312094157076
334.22905675530626
334.3272140745573
334.40756233203064
334.38472612560935
334.2898566254575
334.2066110576677
334.21468753624913
334.35427436654214
334.62742522195765
334.9963688260589
335.35928330512456
335.63099561574984
335.806022774726
335.9795659265964
336.2417834506979
336.58702427422776
336.96721351863215
337.40563057967574
337.9667084740387
338.5977294307461
339.12585362423124
339.4263852926034
339.4858500320125
339.3738060046003
339.25088591405483
339.2169288339864
339.1863111225247
339.067099361148
338.94274225404433
338.99418497392537
339.28133429992397
339.7056540672359
340.12810770478495
340.4861318467497
340.8213579224134
341.2202383412593
341.75188549160487
342.41013935984085
343.1532038052761
343.9561527380691
344.7761836738898
345.5362868407049
346.22952475010175
346.83995113804195
347.3464490012277
347.7083430465217
347.9059454583838
347.9995078728609
348.0967608973242
348.2279148383865
348.35940646571305
348.50147628163324
348.72541050186965
349.0358428547144
349.33309466097353
349.49909084028087
349.5478738854316
349.62358614460163
349.77556550405325
349.9042942771966
349.92841186489056
349.8587170435079
349.7510337154841
349.6712535563495
349.7083931164751
349.9075843888679
350.1726973835853
350.3315582957988
350.285769986217
350.0990307917987
349.8384343932283
349.5376260361843
349.25751335972575
349.04930405543894
348.90620440727173
348.7912528898053
348.7662291233552
348.90848951092164
349.21350708740056
349.5677739968922
349.8592894393929
350.02648324664915
350.0243750469699
349.8203516432988
349.3975196016764
348.8612661500505
348.39979061415835
348.12811147147625
348.013278670406
347.99221326166116
348.02499757197165
348.04473793738555
348.066335026404
348.19173767484006
348.42036267013754
348.64100144195936
348.7632713324542
348.7807801001259
348.80084103277477
348.9191980555677
349.15748722188835
349.463878088295
349.8029270623978
350.12855512407464
350.34556827039756
350.3455778725628
350.15014771985113
349.93473211742685
349.8160626783299
349.72812346068315
349.5684055568178
349.343155980737
349.1368840745914
348.9829822211436
348.84040866319907
348.7250772192838
348.7158729997801
348.7994417908579
348.88086254091337
348.8946152251969
348.7698158539208
348.4782423711639
348.02853149479694
347.51468631431425
347.0842376438011
346.8111358950304
346.6783713782851
346.6501989573928
346.7063804440566
346.720245011772
346.61838880930264
346.44632089475573
346.33578216971426
346.472327210324
346.8665891940452
347.3553454240081
347.77230960037355
347.9238864533193
347.7546203632432
347.4068246974257
347.0403312765953
346.6377141751727
346.0436288198642
345.10996221238935
343.73205819801103
341.910417375479
339.57584394177854
336.5044849374983
332.2811726525224
326.4110008588125
318.58402023217513
308.73694082959497
296.8862238317639
283.30410065533806
268.5281267368063
253.01655398181543
236.99464769850593
220.81458150172756
204.8378611349831
189.3862832421976
175.37051956525954
165.55104729762712
163.0897047416745
167.0758112793075
171.7494664267511
171.05253587552758
165.18590829688944
156.53705084749424
145.3297134908023
137.79973780107457
137.9101381686607
141.31138808586377
144.72954689815705
147.0830731542076
148.52531486499214
149.60203244841637
150.64120906545133
151.79737786751463
153.10436202958965
154.29443693868944
154.87220765472105
154.6630411416923
154.04040816950254
153.54507296174202
153.47487116373424
153.84910683500613
154.5960180984112
155.59903764085644
156.53201666540173
157.16261840802053
157.45439798453117
157.43026891017462
157.2033569900628
157.02696323657932
157.05154755499703
157.2245875893615
157.42328540026213
157.6333180677329
157.9419151520044
158.3079968304428
158.7480888608748
159.34563137821075
160.04089046858894
160.62848412100038
160.9923925425751
161.26778291647693
161.7151705286347
162.3186007416663
162.87006845323728
163.17602058644258
163.281589579759
163.42292471200145
163.69556132362914
163.91586781041758
163.96203822968016
163.87108815116378
163.6561019544354
163.37047861672534
163.13661888588112
162.91287658869808
162.6175423322113
162.280844045471
162.00592386245256
161.79795965819676
161.601599340958
161.48609183935213
161.39330114785426
161.26296017143972
161.15025807909433
161.0841904399525
161.11131723136873
161.1626624504123
161.1404587629353
161.04353854332942
160.8959014709998
160.71045756073545
160.49168704774326
160.18605448924095
159.75941910440415
159.34971310803257
159.14834893622702
159.20410185355615
159.52781008249937
160.12338289496643
160.86421562532965
161.5539762156158
162.1214791737693
162.62988055981424
163.1343451291855
163.607594903658
164.03082593846884
164.42619440971498
164.78629700308767
165.08512279891215
165.3229835685863
165.51923090054356
165.7323840125274
165.94453018638305
166.1095703261966
166.21313819401527
166.24847311166985
166.19151310505404
166.01953901425048
165.66852352710663
165.0854509886316
164.3603093818507
163.6298193485598
162.90362299656715
162.2418552549973
161.76602039788588
161.55837118524173
161.57389086610752
161.70518657456088
161.94056467667417
162.2655977635012
162.61000220898197
162.9767415353358
163.4386667380192
164.0377638109279
164.71561598625283
165.4029294238552
166.02117328470442
166.55634417403382
167.09013075424613
167.65233854158816
168.25299389978022
168.85251549990096
169.3769793581992
169.80591719268574
170.20998027194
170.67141069088285
171.13314378519974
171.4341317193611
171.45195931920378
171.1270788980063
170.46725114857531
169.56974165324937
168.52320335544263
167.39534028164024
166.2699034086203
165.20484744290982
164.18529521712952
163.19597040686065
162.28618147531904
161.5074651257545
160.9091754600671
160.5582510855549
160.46540041752954
160.5617475903298
160.771232295625
161.00427252586456
161.227379356518
161.53330092739475
161.99111176144717
162.61292899808842
163.36633530320665
164.2221230464358
165.17001891618958
166.16167414017133
167.04557665803782
167.73799910633662
168.2827834599699
168.75712215968287
169.15319057059844
169.38870904922078
169.39934614963136
169.15698470778932
168.70705899944767
168.17401212154533
167.63860441459846
167.11859969184496
166.65914328595036
166.24824525287625
165.81360028117896
165.2954253241953
164.71093429388526
164.15791200973436
163.72225926642122
163.4018864081834
163.19221513382664
163.10649567693892
163.15194509419302
163.3434764935676
163.62010887205395
163.90230780073102
164.1847366772136
164.54766870688601
165.0201054737795
165.5126610864673
166.05770132004852
166.68231204954773
167.30464738071274
167.9269095184282
168.59781886237948
169.2101575176422
169.67867871095996
169.90401311944785
169.7194061709773
168.9256998688387
167.39995379797932
165.26706317512986
162.8165833677955
160.2249178606056
157.97992042029517
156.3984960334795
154.79478005106756
152.52617534240227
149.73584752070434
146.6859480791556
143.72095487591903
141.43448625277762
139.58832685566156
137.2613441816107
134.0767562778272
130.7284474678058