231.1657145750247
236.41640554215778
241.232737827536
244.46861161714298
246.45550087932307
247.81184600791678
248.91800384127814
249.89801533388717
250.7072369776385
251.1990372830729
251.2525167567787
250.83389937398425
249.9991685922899
248.85519200068347
247.59701817350035
246.43722896992463
245.49029201074717
244.80477623343745
244.42120629806652
244.35178178497102
244.60436216419572
245.1790834230747
246.0229736252722
246.98501421021612
247.95438972110256
248.89399736807513
249.73812516806754
250.42136640284468
250.93827003308377
251.3813446780098
251.87519660602894
252.5214702474974
253.31367907369898
254.17444716723546
255.03612552950892
255.85523456807587
256.60880300267166
257.2898182825291
257.9047736205418
258.4636425629585
258.9630705745093
259.3922959214503
259.7397132520307
259.9967592370945
260.1712908182926
260.3064971562613
260.4769620033123
260.68862885237485
260.8232911902831
260.77968266079677
260.58599483881125
260.31790123362646
260.0409556051658
259.8379409135121
259.74149045007573
259.737021281156
259.7690515419541
259.7437072561015
259.59958927245026
259.38013215989946
259.17694368527464
259.04292249670095
259.01470572219625
259.1147610607012
259.33582519409845
259.6314185922887
259.94592864728486
260.24549900509095
260.5108084679076
260.6942737073923
260.7676522411509
260.74804065645304
260.6544639974403
260.53359433546814
260.4149505496316
260.3028125428138
260.2038462025532
260.1171838900418
260.0295032803065
259.9496504290504
259.8759106985127
259.8220776463273
259.77386830722435
259.68309988728834
259.55323589526967
259.4096695727253
259.24973757269845
259.0330115232521
258.7336342945293
258.38242093119385
258.0322291474429
257.75872496412165
257.66694489915045
257.81083332917933
258.1333290888499
258.55616091753456
259.0255921718526
259.49410022561574
259.8714748438102
260.07114059866194
260.0522848921542
259.8944529494731
259.7463340229001
259.70102678498387
259.7693126162959
259.8995028854274
260.0719337875747
260.29510569162903
260.55693059640714
260.79271911774697
260.9475374782973
260.97391960917435
260.87055635068236
260.67899906881854
260.43082932181994
260.1534984461001
259.8800467496486
259.638043511492
259.46897131276813
259.3847383544834
259.3654606849682
259.3804089108657
259.389552319872
259.3602617296855
259.2860997434047
259.1791117104149
259.0668651679585
258.95603754692405
258.84304049741206
258.763502496009
258.7566541407897
258.8049877665459
258.8783808433826
258.99209690075554
259.19706718150314
259.4921922181568
259.8250758687917
260.12535401487173
260.32478919927405
260.4243594011389
260.43592915224804
260.3363569135488
260.12392141828144
259.8448173391105
259.57586739954047
259.37782789598884
259.2565526649264
259.1811789040719
259.0962771862328
258.97469692904485
258.83840713313566
258.7277352464381
258.6692651505795
258.67767953496315
258.74462131587603
258.8663918469214
259.0056203828497
259.0959501869743
259.1095468346454
259.10657252250246
259.1722134212199
259.3331152011135
259.533011587413
259.7410324863584
259.93505033256974
260.1085155734123
260.2848949146727
260.46313418076386
260.6216789825522
260.72856012204494
260.7691275975133
260.7360108416974
260.6140086149069
260.4207558807735
260.1898055024867
259.9322119260729
259.6300776815218
259.2367763294656
258.73434522433166
258.1318592651473
257.4026970997049
256.442483995203
255.11571628437724
253.26271540849578
250.74042134053022
247.48860749361225
243.54718608979016
239.09469775081223
234.36726361968033
229.47849694722808
224.38316145943824
218.9357989237689
213.03682669023607
206.65750224175653
199.81613154052343
192.70569890489116
185.82160407902214
179.8996986817636
175.35288277599415
171.78494193199805
168.42919522883258
164.90381788275263
161.49135899011446
158.69156129119511
156.643834842084
155.25787904023295
154.48272319598547
154.29759189181095
154.57635061549658
155.16404976796656
155.93399604962087
156.77930025680513
157.62473764388784
158.36937269495155
158.90690886581172
159.1249486377394
158.91880095311745
158.32379162268998
157.65041130661655
157.27398682173563
157.24818435474293
157.43368523878317
157.8528538887976
158.56232898632845
159.50026052934572
160.6126498979537
161.8865321217548
163.16134111529865
164.3372709042316
165.4353080902486
166.4870278197489
167.50149006689924
168.4499392399282
169.2173129158623
169.6607422362934
169.69043741031248
169.39745220630033
169.0038945425699
168.61907159724996
168.2199949857053
167.81727029322633
167.3872168222793
166.87213458101778
166.40830147693504
166.26128296373486
166.37884492077552
166.5701184812456
166.6977542186624
166.65284424191734
166.44628269919838
166.20151321382815
165.91451713002766
165.59093993295858
165.2939376421789
165.048751902614
164.9219399201086
165.03039409107953
165.3178783578468
165.74537558980947
166.30867798398924
166.9366548422805
167.61417514663972
168.40143771838095
169.2232438547566
170.01006623812387
170.71683125025825
171.34594760926532
171.8872173086885
172.31392343196933
172.6810418075706
172.97260393258378
173.1671473680029
173.31989165784358
173.487798864599
173.60013858041725
173.54382817552664
173.36163642982314
173.07355678956455
172.71535677938033
172.41775421459909
172.18344384682504
171.95679752766077
171.7336968994571
171.46208078701144
171.16667187007562
170.96618925932788
170.92479434531649
171.07318578936216
171.4197208233137
171.91828401504333
172.54704310971383
173.26232041131254
173.9326473735976
174.4858312908932
174.89687618278776
175.174862447677
175.34032321655553
175.3732201227557
175.2594156560688
175.05776740588163
174.79519614561895
174.5004767525451
174.16717088228864
173.84382136277182
173.64917353980513
173.63995642033734
173.82225718333694
174.14655947919397
174.55462751915167
174.91478563668608
175.10372060017374
175.11480260649301
175.08793270249424
175.12549925166695
175.24195938007145
175.3744650070165
175.46115079169684
175.49483983437256
175.46774166442026
175.29261699225793
174.95248084586433
174.4947659048333
173.96021534595548
173.41553570779593
172.9006688901623
172.4582777006503
172.07251321176682
171.68922976951922
171.2847657271165
170.88768220182686
170.58765351607443
170.38598029301153
170.26121968159492
170.17973152338203
170.13263344499677
170.1536216821092
170.18562501079177
170.20175943426855
170.2302876256602
170.2628640819123
170.29928394577428
170.37013640692626
170.44651834337031
170.53424406492954
170.6945513509041
170.97045031497137
171.35687782105273
171.85177296912266
172.45091917546785
173.07223861163482
173.60458353922616
173.99417446654246
174.2244256007283
174.3744311589475
174.4536035012123
174.38978495066652
174.19205504391877
173.86262948883453
173.4440500517155
173.02601491471233
172.67227108533785
172.3934411351292
172.1978264886156
172.06692956184042
171.92876657170444
171.74250207083975
171.493614985306
171.20955308813254
170.92379531149652
170.64817489596285
170.40387574465365
170.20668336265362
170.11649604444796
170.17860051129347
170.32401479057557
170.4701000376417
170.6002329059387
170.72606953359707
170.87969917045336
171.06650311991655
171.2919091687349
171.56757488282108
171.88996816908096
172.2306039446551
172.5701372008858
172.9131890723184
173.23661775081302
173.4984488300098
173.72368891209146
173.95728293181668
174.19516294478908
174.3371639719517
174.27233546247587
173.92426315927736
173.22799978865686
172.10315975223153
170.57248929809134
169.06705630817936
167.96435303757522
167.11656941122553
166.5394772502113