191.1332468331829
190.26995493205786
189.12695449902995
188.07865591404507
187.17551744152425
186.6129906185977
186.37981033482527
186.3252482591879
186.3873696734987
186.50567496669754
186.61367299028922
186.61377987575761
186.46737547949624
186.2287371331986
186.02684913172408
185.93286741051583
185.96454100944737
186.13668284883596
186.39265750447825
186.6833844413253
187.02611711202962
187.41526958215667
187.84380038284723
188.3467703608758
188.99335257979686
189.84018790522876
190.8050731265206
191.79205349471906
192.72693439744808
193.61883060109957
194.53285322946826
195.47052728048214
196.4176561904808
197.3313586639614
198.14652168427594
198.80637998131994
199.3014359553748
199.65554551432558
199.93455009727052
200.20564359760783
200.49362908183917
200.81682597794483
201.19511584476152
201.59945821506736
202.0157652263335
202.41448853213365
202.7851278278051
203.09046636223508
203.32976650066144
203.5368544458476
203.7429122699839
203.94996425981319
204.12470112810468
204.28208177245546
204.46115607941866
204.67816207867583
204.97761599516295
205.39945346889107
205.9625042216109
206.627803051308
207.3704046119595
208.1397698793803
208.8632079400035
209.48371116097553
209.98710809006798
210.40405267969635
210.72644231596206
210.96258872138117
211.10864214664673
211.1485454726361
211.06113508091676
210.88033843605592
210.65243045609577
210.45162307286822
210.3298303971369
210.3099952831596
210.3982949604021
210.5484444248944
210.7521465567936
210.97954534612728
211.2052793395443
211.43964976290997
211.64869217443427
211.80563390222227
211.9499279829324
212.0750285121766
212.15011830006102
212.19689385386684
212.26018142217052
212.36155259247207
212.49037377022742
212.62973388494066
212.74269853776102
212.82028295906449
212.89979220580653
213.04607289676787
213.28026741287889
213.5770987645608
213.8552963665143
214.06024910143822
214.1953697705637
214.2928117481032
214.3443863357445
214.33500181200063
214.2804170168591
214.21702830147902
214.1201614217507
213.9595352986942
213.78490706896207
213.6445087193585
213.5482147750792
213.4902759350791
213.47584389708234
213.50493673781762
213.55020547512598
213.5324578539702
213.4050735969742
213.24534731060777
213.1394178780514
213.1012482277584
213.079885498675
213.0463735431951
213.01425924103728
213.0291979213427
213.11582674363024
213.21314507361743
213.31442687429438
213.43569852650296
213.5256596297658
213.57597742301257
213.61701569645166
213.69712143391726
213.80159751157075
213.86105283711495
213.85700804789735
213.843027648531
213.8544133198512
213.8653857829769
213.9058325279473
213.97270303609366
214.04245493943895
214.1236388083673
214.23237390351386
214.34720956247335
214.47805672370512
214.64722162961823
214.84825329892874
215.0971851517649
215.38003314029203
215.6704201413653
215.9560507278004
216.23663389110015
216.48493211849373
216.69026414774493
216.8539508323187
216.94174348131756
216.94394724583594
216.88341584893828
216.76616033059548
216.62306943515858
216.50295264381228
216.47337366223604
216.5738786035198
216.80570730890508
217.14843032319223
217.54392413883483
217.9477913208911
218.35034528233186
218.74693597314175
219.13455347699318
219.51767827962527
219.87739274637497
220.21493883146837
220.583460740838
220.9977862488078
221.43130194915386
221.84904670431177
222.22889025106983
222.54004585088234
222.76000306236148
222.847837216351
222.7852425497275
222.55853094093723
222.13712386620423
221.5071965170456
220.64499364013773
219.51300440770262
218.03956712986908
216.0885071744989
213.42362059610065
209.80375020047802
205.05987852739642
199.14018078208693
192.26549752631416
185.1447267182297
178.79389164776882
173.62326789414146
169.10829338123645
164.48409707763938
159.45125768614943
154.34948648698054
149.94983074880366
146.77349253637718
144.54076021765042
142.93490550623312
141.8817512200588
141.47770164200747
141.8346824982687
142.88005620851564
144.07632576934947
144.73102673955816
144.73740700983828
144.4555147907795
144.3299851244994
144.57200539320542
145.14584872516386
145.88115475585164
146.61251416242857
147.22967248520746
147.70628759304165
148.1091570292822
148.55225554199126
149.12769229615955
149.8639098716808
150.74468344588882
151.74461454484972
152.8329611481794
153.98419919892683
155.1711944433996
156.35275496763768
157.45742936417378
158.5166039880363
159.60441895801816
160.67196985843066
161.60374291099149
162.36416841105978
163.03837011647465
163.6622374319565
164.13959040716122
164.42497439124065
164.53470915439567
164.52506843709676
164.48635908804874
164.5484681903338
164.76936477489792
165.0252388452397
165.25212228227593
165.4459265459645
165.65084511453136
165.9094571936066
166.13936560661725
166.29273435804976
166.41422734897836
166.53748607258447
166.60069577980798
166.54137775959796
166.43592844284007
166.40238633550464
166.40636595365106
166.3740521127003
166.3334252256744
166.35426580567054
166.4775635836799
166.7092338886548
167.043252596009
167.46002216463188
167.90548416211556
168.31884145086002
168.65815743541452
168.91373366278455
169.067137862045
169.13154649858214
169.14691896293263
169.120446357132
169.023882228806
168.84325262910502
168.67326487992756
168.6053621131418
168.64848574126296
168.79128498567374
169.01004678145267
169.23402833219757
169.4199910773586
169.55137905825387
169.5559448499858
169.40720039424698
169.18660559868584
168.97268392825453
168.83904366937014
168.76859883376736
168.73685471789756
168.74928117759438
168.74494439267997
168.64450790350304
168.4462153311494
168.15347633863277
167.8115032741473
167.4653264449504
167.0899934728311
166.6958876152612
166.4135893090361
166.28428464511256
166.3456971983025
166.58781058577594
166.9095847997647
167.22871534895003
167.49594624520284
167.74059977813897
167.9758569322782
168.20880327762967
168.42154873972015
168.5480018679128
168.59390798654687
168.62010455480146
168.60620672320428
168.419921873128
168.07120190479066
167.73921022364553
167.5097379220279
167.40528337890296
167.3813333652651
167.35699761833686
167.32457592796152
167.30416360885852
167.2579841279978
167.2402060203533
167.2692944500202
167.30417244734488
167.32214876824807
167.31218419097362
167.29081487635986
167.25748944360387
167.21889837973367
167.20921046189545
167.25800866917558
167.37306613012993
167.55267661307585
167.81158276067913
168.09992503443726
168.33958130238597
168.49202065141353
168.54156157828533
168.4904411124234
168.36467671102608
168.14951363488314
167.89876328888238
167.68716647479084
167.4873954192526
167.25305267218445
167.02071462194024
166.8136895835419
166.60341549654942
166.4420534119935
166.40297880205753
166.43063620948448
166.42415865960675
166.3599813352821
166.31952220431594
166.41612451870657
166.6820178487523
167.0499203141659
167.36514875591232
167.48357018892563
167.42913212651723
167.34415552616724
167.34076740246508
167.41810327162514
167.50413580119053
167.5743188017163
167.65330246838695
167.71219149693147
167.69774787791408
167.60950546139955
167.49532588674046
167.40031747624522
167.27324677256777
167.13430426548996
167.01850776378512
166.86848353661333
166.6681557372416
166.46396851428457
166.26019446390808
166.08438169253273
165.9857769045326
165.95267364058955
165.92842770131446
165.8654956739154
165.7430267412288
165.57432351270623
165.4003372489766
165.28432140787578
165.27026557011308
165.30754316055157
165.40000969236849
165.53503484623837
165.64219314983106
165.75144022401886
166.03410035975645
166.71162642693957
167.8780364074311
169.24377726259343