0.0
0.0
290.1794455013447
290.4420727524126
285.93775436446316
271.7337544937344
253.31431027905444
242.15622247479394
239.7246886291772
241.76138919629437
244.87893633848904
247.42261561941046
249.01813124357506
250.0146290312327
250.8158333693458
251.66390966018568
252.55471032356047
253.33621728400306
253.8828415607589
254.1677202433287
254.23643954038806
254.15446911129462
254.00742213356276
253.9206057050265
253.9541847732404
254.11081323602377
254.36251696330228
254.6221345539685
254.8044764237879
254.95430036608798
255.115722647248
255.29903636782169
255.4767292420529
255.6388513132986
255.82651800728615
256.0898731814857
256.43317806775553
256.80310264995046
257.1585647580555
257.51974397908396
257.9192626570747
258.3519745158759
258.7544626667678
258.9976954631285
258.9895716064443
258.7495812636271
258.3935369861937
258.01394886699626
257.6506555744745
257.310144055366
256.98705531481744
256.67164461375523
256.35994782269603
256.0718137874376
255.8655033412245
255.8014580018677
255.91131382055107
256.1672511818631
256.49266159257354
256.8395370645093
257.1989190407272
257.572444265444
257.93912281427464
258.247765763973
258.46698933941593
258.6083599380164
258.6782413678841
258.68710400333623
258.66169268850825
258.6331195240588
258.6333871135304
258.6834974058289
258.80320939231234
258.99045406426075
259.2170391438108
259.44107884309415
259.6244306357021
259.7703222609835
259.93582389482464
260.1644766458852
260.4023519967819
260.5625135226467
260.6050126165843
260.5570752866257
260.43836725662726
260.23656736870544
259.95016755173845
259.666203436021
259.49337383863707
259.4411754692911
259.47165758117933
259.5373201534016
259.59824899957175
259.6496950566453
259.66042252421903
259.60082422802225
259.50040860676324
259.44207672863047
259.47934321537366
259.5931676501416
259.70989641280613
259.8045897433973
259.8900835118473
260.008536841074
260.1798771094429
260.34915774299117
260.45718705743457
260.4949253501614
260.4935993046849
260.4653938162268
260.4190475534587
260.36532713112393
260.31998332951594
260.29036306229824
260.2659103735738
260.2248556704526
260.1614627241993
260.0769483663871
259.99407227671526
259.8834095749046
259.7315848825857
259.50803629678416
259.1886240744517
258.7911332082034
258.35769185683216
257.91378949979264
257.47557435750514
257.0921472851584
256.8469722493707
256.81195509945974
256.9477588302642
257.1283098411764
257.2726219335191
257.37154065126833
257.4495956026352
257.51772429584355
257.60802704349584
257.73553161415487
257.91984265172323
258.17015144959856
258.4601299083173
258.7553877470134
258.99421750866924
259.1488984901812
259.2196225548443
259.1717372008183
259.0150684525561
258.81786701751287
258.64950774132205
258.5163587886906
258.4079064992002
258.32563028555234
258.2498075465185
258.18406190017987
258.138899759322
258.1231227614775
258.18697117622634
258.3754872627871
258.6767975184022
259.01064682201155
259.2842250079635
259.46077737432745
259.54678556981395
259.5837794963394
259.60885611066016
259.6363571635847
259.63211483993837
259.54935061982724
259.3941804126681
259.2103109838165
259.0788909703987
259.0478327445956
259.1104435416489
259.23392186877004
259.39899827000966
259.585461100389
259.7534180890195
259.85175916244054
259.85641234713785
259.80852003631156
259.763715837336
259.7542697327306
259.795522720138
259.9127499523789
260.1440520837394
260.4845375691182
260.8855164815508
261.30916898156545
261.7195834753883
262.09563952881797
262.46067185771807
262.8137253767219
263.0279054834359
262.8873196916875
262.2064699997306
260.82770822243606
258.43295876297134
254.51563002665182
248.67188989319988
240.8757890613701
231.57391778810234
221.58462789273133
211.334731399878
200.4794480570116
189.14270210147464
178.49385594458874
169.83748685669357
163.1910450610835
157.667480446843
152.75000774416534
148.72631550140977
145.92231338318805
144.4895974009407
144.21883910219879
144.66294631761465
145.44098322668376
146.31382650070321
147.14866885757596
147.87130488809066
148.49015702459835
149.1083774271622
149.7987536248748
150.49648734800834
151.121696689722
151.6395489571773
152.05016401515047
152.42485070889694
152.8494894448561
153.35963395736925
153.97430786074716
154.70614974325588
155.5349584394278
156.484894193223
157.5925751000077
158.8318546246744
160.1740176258399
161.53978423343943
162.80820409738442
163.90914859790212
164.8032023196177
165.49005045486433
166.00108968379038
166.3538021069296
166.57805289420395
166.70193957968058
166.72280355328002
166.64779278000094
166.5376625961403
166.412793734666
166.20874326585457
165.9282877974216
165.64883565701194
165.42739832544456
165.30535719915105
165.28309448900234
165.28572182581888
165.28368654855063
165.28978027136856
165.24506548592927
165.1298792567581
165.0267231173716
165.00220560879407
165.07919773127438
165.2871088921055
165.59101492862953
165.92925086981032
166.31190988252658
166.74597053765194
167.21012726298795
167.73334294657042
168.34567156474645
168.99068960765695
169.61596347967085
170.17354013687353
170.56325523228517
170.771090173095
170.88508500323303
171.0495198759852
171.36489475129747
171.80265456747992
172.2799069087414
172.73847467376632
173.14752615974365
173.48647895827017
173.7775432609652
174.04934176466952
174.28470524070408
174.38901191875178
174.34105147474153
174.21063131401917
173.99521691820763
173.65353563012638
173.1461704042519
172.51943421195585
171.88355757407277
171.26660452479922
170.6380814472891
170.02019340615692
169.49643200678335
169.1308954869987
168.93148543891175
168.86281436724852
168.8685647553409
168.89808112818662
168.96354994441796
169.1172000057887
169.37228359960267
169.60481568109597
169.68785051477215
169.697043498958
169.81654990962141
170.12114618402734
170.5893335382582
171.1786392240231
171.84012134993867
172.48305971710732
172.9880343569273
173.26652587719497
173.3922814687259
173.5110256712456
173.65991926603652
173.76527960043956
173.78742052053073
173.74416768361624
173.63180344496928
173.43319488162382
173.1283864655856
172.68034298029318
172.132722101082
171.5463548625554
170.98981395912296
170.62735933505164
170.41656295769695
170.27031653238748
170.172413481048
170.13277700731862
170.13776110362537
170.19722256232893
170.32384653237187
170.43755743279863
170.430278994358
170.31034635376645
170.19873300998964
170.17188297089677
170.24326320446642
170.44201226944378
170.7176132013987
171.0070432804307
171.29982290618733
171.57708999397255
171.8157563340103
172.07821725735764
172.49495958956635
173.05575959884297
173.64272593301828
174.10699082189456
174.32559540822297
174.26578458656752
174.07300587389744
173.8953997443353
173.70898397448178
173.54284683995547
173.46884442852914
173.43635493432106
173.35113807393222
173.1835671187989
172.95998170110863
172.7772052297513
172.5938462100659
172.23196357215258
171.5784418504333
170.68635513183523
169.71747946627787
168.83538597533277
168.128586593225
167.6553592793871
167.41979704785606
167.43511478944532
167.71112082545224
168.14581901585342
168.6156890240847
169.02876710448072
169.3981828880598
169.82367329694435
170.33285345762422
170.86871225878036
171.3808681294169
171.87276374796127
172.3680795664473
172.88419016561704
173.37372002595055
173.76819441749265
174.06245628037803
174.2468835053093
174.30317184777937
174.29387247334904
174.1674168607167
173.76137119697324
172.96903434019086
171.8929121417334
170.97944894643572