230.66239996580418
233.55891994695895
236.52373794325035
239.1457742453923
241.30692991914043
242.93419202182474
244.17475098783254
245.20382587551268
246.12677980984134
246.968191203341
247.74303956746257
248.41960049395234
248.93469337569513
249.2099857440666
249.19245017061164
248.90832933020633
248.42019196446924
247.8038200146499
247.16611074602218
246.61364626538796
246.24949954961446
246.10546064106404
246.13265062393197
246.26451578242083
246.48017869430953
246.7302479085512
247.00499529367588
247.36745993236082
247.85440341936717
248.51168063950675
249.3436916629064
250.33783514113634
251.43677069522957
252.5593240931439
253.64637588345707
254.67242251217507
255.62159125590372
256.48343083275154
257.2300090615197
257.84165741439404
258.33486316704534
258.70513832745365
258.95458863003273
259.10005658976274
259.14209865469263
259.0826539940279
258.9166889491012
258.68667407693397
258.48818091137366
258.35283969844033
258.2183538572125
258.0526287616238
257.8984642374814
257.82616598378695
257.88056792679845
258.026814567281
258.2137212420793
258.4350954156778
258.6876683363221
258.96673387962056
259.2519172038616
259.5197391796086
259.772195026383
260.018227529818
260.24382552157516
260.41452537908066
260.48727655990103
260.43632588659307
260.30047368524174
260.1462737607208
260.07727764400613
260.13503072492875
260.26777061061915
260.4145198630381
260.54920344470094
260.6734617333664
260.8048556830589
260.9471501808618
261.10375405144214
261.2732819337614
261.42442055022553
261.53760843606733
261.6316053123694
261.72175557799767
261.8181042808912
261.857872226526
261.75862187900043
261.5307333763653
261.2254474493304
260.8893777722428
260.5876160835806
260.38086505258127
260.2751336067198
260.26526397584996
260.3355521691772
260.45814283865747
260.60594106477106
260.7494666549161
260.8448868315773
260.83665684472544
260.75615109280454
260.67714100588273
260.64563979880177
260.6599613399443
260.7054021181018
260.77946340191914
260.8798773921656
260.9861453530713
261.06030130287684
261.06808051723993
261.01029278964825
260.9358735832498
260.8883909359235
260.881225960283
260.9210661124241
260.9883407096023
261.0490815171362
261.0669425924191
261.048203075535
261.0301580497246
261.03195490497785
261.06323650752336
261.1154610003805
261.16568993722024
261.21887563965373
261.294710496172
261.3609360785359
261.362223124472
261.2877127818422
261.17884132111135
261.10318715333676
261.0906007560258
261.17881296382706
261.36324905488783
261.59611214624067
261.800803649617
261.91431200830374
261.9726884507897
262.04090863571156
262.139239202103
262.2259824818704
262.25226583474756
262.218702222725
262.13570547543407
262.01301627895253
261.8915114412235
261.8143749593846
261.85173805748263
262.07416846091127
262.4624684981017
262.9064171496687
263.2860934961452
263.5323793142486
263.62097828565925
263.5629067280922
263.41322398228795
263.2048329830022
262.9336255612584
262.594111306493
262.21231934617214
261.8574364392861
261.61227816370416
261.5168120894352
261.53554354185064
261.56792680655025
261.50479081283856
261.3633142053561
261.2616403245207
261.2903649624521
261.4491077216176
261.63261842069284
261.7428975139277
261.7737097865341
261.81190609681994
261.9428071262471
262.20410932434316
262.5404536186862
262.7714808499918
262.7650199162284
262.5174562160733
262.0705748119257
261.4448264373774
260.60498250495266
259.461254334237
257.8547358797527
255.54644699370937
252.22950403514636
247.65913486771865
241.79105438911182
234.82337979319297
227.09574353729658
218.85305765071644
210.26288144558563
201.5573922416778
193.17009140804282
185.65474171613133
179.4021636852123
174.470096722219
170.48668179521152
166.9283935493447
163.60921717393086
160.7048557710197
158.27333022740436
156.0943258009284
153.92539263810156
151.67224642355058
149.50354681783264
147.77839197309774
146.7724367911643
146.45730380368047
146.49281897496084
146.53819859484827
146.5462694845825
146.6103291332543
146.8391144055235
147.27229833047454
147.84830506922816
148.36291143664806
148.6654064236546
148.90952526880702
149.25071578437615
149.7965537649639
150.6014307149099
151.4973929502704
152.34436821996317
153.13117068626065
153.836941677144
154.44032057475115
155.05942454764545
155.79583419661265
156.6067512997998
157.47219383362452
158.32953040562558
159.06400149453404
159.50848993730966
159.57443185294704
159.39918383344133
159.12694822701783
158.8140069580158
158.51207656356053
158.20229664236615
157.72825724768046
157.11574020218598
156.57991036668156
156.29358138249827
156.28478147511973
156.4544248508333
156.8067746471499
157.36987425001183
158.02252038282464
158.6269642651499
159.1758367298249
159.7225707443689
160.30394012691806
160.91890874536168
161.57060275352438
162.30606626025963
163.09686958470962
163.90460323536826
164.7183553864764
165.46345405101835
166.07334336418268
166.62124999642768
167.2025553783134
167.80293325384267
168.33856355375585
168.75919446242133
169.04290473142393
169.17888808480515
169.17778213284484
169.01958063936556
168.67277303023133
168.1413777030152
167.4459504091213
166.6141676634063
165.66975687311907
164.64687722519477
163.64023341450377
162.81077009113517
162.26785929749622
161.9487533293188
161.7475392344328
161.65253483163514
161.62006912095632
161.4919960559268
161.27257401669
161.14906031500772
161.26493816924915
161.61068380762322
162.11614864149664
162.70410122872744
163.2541002738599
163.73640016412259
164.22810593688337
164.76104805969803
165.33375372809493
165.88843190979424
166.3688732179826
166.75055962290108
167.05958958160159
167.33842867648085
167.51509734350324
167.46623877118924
167.17466646107073
166.7540722527215
166.31545463961612
165.85476201063867
165.30949339689278
164.63455873308095
163.85855016945368
163.0899046958179
162.41608449173884
161.8410814071291
161.45171577988052
161.3050458202007
161.31111608134393
161.34684053474743
161.3812745082213
161.4613021259695
161.6061536182861
161.75336917735046
161.9011847782803
162.172612355083
162.60238606591267
163.17662797292758
163.8585492013075
164.55144718419996
165.1748396413612
165.7152023198949
166.16970771320018
166.57205701291895
166.95383860276513
167.2943512299134
167.5229800040172
167.59927003543112
167.50191845794407
167.23499243057563
166.85766692608354
166.445649813994
166.03633602925674
165.63115266370033
165.26873351573715
165.01948140966113
164.86315046898676
164.74010466531635
164.65419371708376
164.60365979529027
164.52542718198524
164.37410953848
164.20797069068107
164.1571544948502
164.25206969857442
164.38103346754895
164.45178400015476
164.44055410857365
164.3469807532213
164.16156935722603
163.9302733722088
163.7945840158817
163.8405412225356
163.99506469090693
164.147485407453
164.3030677109997
164.51782023825808
164.81945011863706
165.21477101050345
165.66512959502305
166.10309310379648
166.54455153476442
166.98283248201545
167.28147483364228
167.27804316971407
166.92195623860374
166.30177314810152
165.5903940710964
164.91677026717633
164.30746532736882
163.7827866371787
163.35467641028006
163.03248023972668
162.87941281528447
162.90401474477724
163.10954495938222
163.47336427881174
163.8646788202085
164.13779786924897
164.28470380021733
164.3735682447861
164.44446493737127
164.48257669044207
164.4754652192712
164.36975302903414
164.1156168838844
163.80073158475918
163.56359968424567
163.47139991461978
163.48178009946778
163.3761967934082
162.7928610883351
161.5327238170061
160.01112539303125