228.76800541559643
233.95647476125978
239.21343735422343
243.06398872591723
245.49242662815266
246.9909137550796
248.09399584661523
249.1121999161574
250.13267800154864
251.08506596329678
251.89736972614028
252.52597386552736
252.95131683621418
253.19209742302286
253.24688744017635
253.0825061253558
252.7216876291625
252.26655781419922
251.83302384931062
251.52570083594398
251.41759083664107
251.48754848891616
251.6487300936904
251.8463370263499
252.04166745512498
252.18461605390644
252.3007813604819
252.48523252583766
252.8365125721343
253.41692816263867
254.20703909134704
255.13018330180932
256.0857900986474
256.958780230608
257.67027333419594
258.21102025212633
258.59717365323553
258.8431315215107
258.99797122253347
259.1333754068298
259.2888407909828
259.45516061739
259.6551737002957
259.9612139157588
260.38422304833483
260.841454181566
261.21072330134115
261.4013264458491
261.3962780207834
261.2337687824586
260.94297782516
260.59787573031406
260.30904015456406
260.1429932163609
260.04878699344687
259.924503149154
259.7181161171485
259.4237001081904
259.11337674338296
258.8970785470967
258.87117724426514
259.11984162694387
259.63146620524265
260.33380267432693
261.11751011804853
261.8137185445577
262.27290302636527
262.4147189359221
262.2445479368796
261.83616145594544
261.2883374707205
260.70206771558634
260.18087279599894
259.81681424334766
259.6565895607222
259.6937036998001
259.89156473795174
260.1966226741598
260.58522145548676
261.0249284021206
261.441394077145
261.7629891229715
261.96594046767416
262.0702031730576
262.09801051424364
262.06208547573056
261.9738173482755
261.86897082475
261.78504915565253
261.7588952166162
261.8386224493136
262.0460492659224
262.34569258992303
262.6700123825925
262.9453887513282
263.0850955973713
263.02408495404774
262.75745058843324
262.3879243521675
262.0351342248163
261.7530208263194
261.57835965517415
261.5194333773878
261.5557396220092
261.63271895500696
261.7123984679672
261.81343369038416
261.9227831147185
261.9710286754437
261.9168633556475
261.7520368391932
261.4875936822238
261.1391297513319
260.719965607993
260.26911277123963
259.8579135681583
259.54604464766606
259.36528650919456
259.3419316883816
259.4726850862045
259.7349382869835
260.0912750536604
260.48452675065903
260.8735449409525
261.2342805332402
261.5610242737969
261.8240901349735
261.9582803419341
261.93651632326834
261.84403180312233
261.79443553536083
261.82288547153007
261.9227035293254
262.0467469944006
262.1330301958965
262.16542718279226
262.1425206025218
262.0597399639628
261.93580145716743
261.77483582321025
261.57046073197915
261.34674032423686
261.11684365942824
260.89170925790467
260.69386120749016
260.5443312459921
260.4384427450613
260.4003467632785
260.43098900208736
260.5485024572232
260.81177199323605
261.23670671340955
261.7621415740871
262.2859202273114
262.73124675887175
263.063651456832
263.2594588069178
263.31730670459035
263.27730399895745
263.19912298581545
263.1278797201575
263.08462338980263
263.07956105431833
263.1368921133322
263.29055597780325
263.53978437295893
263.83981578251604
264.13780800918005
264.34512197517256
264.4018006154914
264.3413991017626
264.2464926014736
264.15880045032236
264.09593130405
264.09302087852257
264.108980597405
264.01519271698857
263.6741737298495
262.8963752507929
261.3406773809596
258.5046711082201
253.84675570431574
246.96492536926166
237.75776389240878
226.63625888170108
214.6063916699592
202.73081797293327
191.48191594044417
180.2775861709284
166.11125641493055
148.75386481599512
134.81518303957841
128.38737000827211
123.84056952763116
114.6756191092941
103.4548035423953
95.23322635564486
90.74285862246133
89.1001668007052
89.93119746871986
93.82913589858418
101.86778979115338
113.7932338304745
126.95016576769767
137.97155112956605
145.56007878020725
150.12155179719738
151.2163551102172
149.67783210147658
147.3244300770684
144.90559473640977
143.16972901726933
142.35800473857716
142.0438543544754
141.72071814334996
141.24202822803204
140.6667073683675
140.08075404881254
139.71064519848346
139.92897879519222
140.8417063275511
142.0079818214449
143.2351510683564
144.5384481536023
145.57231831686283
146.23832978522836
146.9982714584134
148.1689202351648
149.35205215134448
150.21942164626589
150.85912048045208
151.44692277241654
152.08931128825782
152.85453586212034
153.7426281323767
154.74731204759988
155.85157008833968
156.91160948570433
157.79766742861796
158.4943819399249
159.02585636959552
159.39220231505152
159.62726972351368
159.76209337468626
159.7865173446137
159.67663764802836
159.4490916970926
159.17707446393976
158.94569232922174
158.76672724619152
158.5780719870454
158.32103268928566
157.9663439703949
157.59109590246413
157.262607121459
156.96526729418392
156.71383178526332
156.5946794090781
156.73475818378733
157.15691078099306
157.7404973800442
158.38389882822227
159.01335650407654
159.6182561630012
160.253398066189
160.92981198207096
161.60868434349192
162.3067211047903
163.07394329055134
163.93040026688954
164.83471366045694
165.71875971687817
166.54937319685553
167.27012097375226
167.841943710721
168.2958437877698
168.61353807796786
168.68005711136848
168.42934581687504
167.87872214328652
167.15823440533165
166.4389047092178
165.8269699684535
165.37962086222637
165.08427882970489
164.86491419053894
164.63238981776945
164.3104663492868
163.83215623291937
163.19961110056315
162.58065133084114
162.1626040322043
161.974536192304
161.9423340687512
162.00637564598833
162.05636484643458
162.09163832823546
162.21191590004594
162.49784254957282
162.975298980142
163.57095319421293
164.19867133556187
164.82525845104703
165.4513324962964
166.10955346524528
166.8458274456499
167.67027267366473
168.52039974695737
169.29085545458167
169.95536518096495
170.58323742181983
171.22386506965483
171.88251133706189
172.51182530788145
173.0342682160302
173.38488317376886
173.5406859998324
173.49903449519041
173.26168662189173
172.88737242911492
172.408400066654
171.7624016871512
170.92949223298476
169.99077384171844
169.02307992480905
168.10018082714657
167.2875603402362
166.67016944886038
166.3038754406909
166.18559527780104
166.29195940061282
166.59495264702872
167.01063693352464
167.4149330008427
167.66404766221578
167.64646948451386
167.34980314419653
166.84902724006741
166.27588087987272
165.76640923781434
165.3997127281823
165.21222597306144
165.1984324083488
165.31112138119752
165.5637817671796
165.95518216594076
166.46040498171394
167.05886910958128
167.7445009547682
168.5239977481572
169.3465267137684
170.14961956253535
170.87969833923808
171.56716908875774
172.2416220713044
172.79581138148455
173.13388741316473
173.18765703542746
172.96220253401447
172.53337950318345
172.0144661941515
171.50749858759897
171.01097584504387
170.43505401206983
169.74423537074517
168.97553072714538
168.1625125993433
167.33666564291116
166.49847859851042
165.61406653298857
164.7120179943729
163.82014714930708
162.97259168300792
162.24544988140082
161.7423151857057
161.579071525738
161.83348521033471
162.43437106906183
163.22426662282135
164.07397122073735
164.87710582668106
165.56500729894597
166.1509536375472
166.6992640787462
167.2607288566365
167.83990126212908
168.3647953274304
168.72387676994515
168.9094691967706
169.01705568024954
169.15976086234832
169.42057973852332
169.7557940084185
169.92768224473153
169.79487529863405
169.3940585286892
168.7391315276267
167.76200932263527
166.4491605671337
165.09326897538324
164.15172312360542