175.53335901241337
181.09066778638442
185.82443190016903
188.5155621240154
189.8628667847667
190.9735253353985
192.26780299004795
193.63363977326446
194.94873482890716
196.16623929401027
197.25636452360592
198.225582629487
199.07112863851998
199.77756819547562
200.30471350533045
200.61816150443457
200.80065785620624
200.9903889943036
201.23789728242355
201.53130955208545
201.84240207051502
202.20259177859973
202.78844211049997
203.68652512253595
204.73233258112228
205.7215385686556
206.5374640114611
207.1431901073077
207.6166767211795
208.0437362795251
208.4282585510441
208.73793872133643
208.97715030524412
209.19313751439987
209.4221314633196
209.65785252708784
209.9044754210117
210.16739287115564
210.4513159305638
210.75996649215622
211.06380218636198
211.31975731298166
211.4967508695331
211.6407175101974
211.8400583531041
212.13549342699176
212.4951991526088
212.84982784336896
213.14913403641313
213.36702205967785
213.4750569826345
213.43114512958326
213.23137593322153
212.94677870523225
212.6572372217364
212.4378870583331
212.33950542680205
212.34361709686283
212.37145210068326
212.41323494365184
212.4930253552115
212.5687899527223
212.5956964185494
212.56936802380284
212.51524942702517
212.46498729953413
212.4388831640115
212.43274352116615
212.46273952092753
212.59298661140383
212.86320586905643
213.23646600604383
213.6342984480955
213.93730748621635
214.11310067566487
214.1724769332753
214.11616809442393
213.96955032389755
213.81678019427696
213.77161302041188
213.9163354708508
214.20991890230053
214.54118736138372
214.84993718399346
215.07193610160192
215.15158189952214
215.07193057118525
214.89607265724462
214.68768072292943
214.51398539464634
214.40423437500402
214.34244831065533
214.38478166589357
214.55967748237669
214.81601281104193
215.1057895711274
215.37739376203052
215.597182505824
215.7829152071469
215.97510680550045
216.19177077432144
216.38699935339463
216.5075065226876
216.52053991318505
216.43648111269255
216.31644367182966
216.2078293240269
216.0661650504149
215.8515521762299
215.63341680737474
215.53740519054915
215.61551103398384
215.82860009318824
216.1255039824298
216.49157733219306
216.87411264650112
217.1797856757083
217.3399282174928
217.37865205198844
217.3685986535172
217.3462683564856
217.3023830889144
217.2660776388552
217.28681962257437
217.32874099211
217.31717676288525
217.16519486465089
216.8002131520888
216.1990818653962
215.4094649013944
214.5125957828799
213.64362285359826
212.90263791143798
212.27429933882672
211.72088864220305
211.24265070360087
210.80808618708076
210.42447345220637
210.11188151663504
209.83668922847008
209.53124373477354
209.2110911816311
208.9644324780698
208.82547873182097
208.8224933294198
209.0159660295402
209.44143622421987
210.02706204773028
210.66340698730113
211.2550644223061
211.7972691408814
212.36087614846647
212.99233925053414
213.68327074361588
214.39286279096757
215.026861074889
215.5246468065495
215.94400560455233
216.33948453100044
216.71345384749156
217.10173154822374
217.53049168729342
217.9811497827792
218.37684980536727
218.69251963682714
218.9589339123994
219.20145300692764
219.39284042164127
219.52833111707758
219.66636723351937
219.80677080304613
219.86830488548105
219.80748913846503
219.68900187043135
219.63824493668062
219.73008894085962
219.83960230150106
219.81877237883145
219.51423219148754
218.78249890938113
217.52887475847
215.62608946068087
212.79473509024612
208.83990239057044
203.6633810853762
197.0943058619702
188.95683356481572
179.7388484334495
171.49603172964717
167.56908935840022
170.49860991932042
179.6031679338746
189.49497136833125
195.27632388500095
0.0
0.0
0.0
0.0
0.0
0.0
0.0
0.0
178.8970729490334
175.12996275180174
168.2958098207969
159.54185841423205
151.61386040083366
147.16472557008757
146.14896019130103
147.17905284056354
148.9614855180517
150.46943378280946
151.0953807942808
151.0142505493776
150.932095845876
151.57233852219292
152.9859923147814
154.34866767350417
155.20667301542437
155.71508586845846
156.1346714126498
156.58377882276906
157.04840123085688
157.41517199438366
157.62431404436504
157.74154132101881
157.84127914026067
157.95772611027823
158.08879864808634
158.28198700743758
158.61402584064996
159.06482843244214
159.4974416565933
159.7783561765218
159.97904661021286
160.25629704262894
160.5750038642104
160.8458281501461
161.05494808097274
161.23211497705978
161.37821581503792
161.49278210438217
161.63877589172444
161.84822063565773
162.07904942067427
162.27464957600344
162.43502080668742
162.6207148025398
162.918091475493
163.30342088908674
163.6550302462487
163.93976522631965
164.2195116051056
164.48122987052324
164.71569862698507
164.91970525319354
165.07883668348725
165.24494977366982
165.42790559264537
165.65553632226116
165.92449740209418
166.23440934708339
166.6376681812197
167.1088301221407
167.59105423920775
168.06861073465018
168.522532050744
168.90234877126477
169.15821227529358
169.28040503944732
169.3191579398532
169.30516431802604
169.17224633869273
168.88098546655797
168.50601756262594
168.12060256546954
167.75654397970837
167.45462013133033
167.21429091267078
167.05614789633486
166.9868703013608
166.91467367938958
166.8203130179753
166.74741948318274
166.6737517792917
166.5803201674715
166.58126690209338
166.7597440808516
167.0105742602172
167.27327837425267
167.5048612822951
167.75484931409275
168.10911332933995
168.5310663921424
168.97689853736213
169.44710860580525
169.9816603398654
170.6344184088899
171.34317139069054
171.972230686298
172.46951719990244
172.79390820418155
172.9066649062956
172.87585746342245
172.80802951002562
172.73885731843194
172.6152453030943
172.3504260309098
171.9736054331632
171.5581454878656
171.1739447226484
170.82559167447516
170.47277122313238
170.08695434619122
169.636184053322
169.08305285331718
168.43152033781723
167.78186319843184
167.22602153557983
166.79282026961096
166.48442196661904
166.28255508926253
166.20236902412205
166.21967620366402
166.28581899286695
166.39607983193184
166.55140904062557
166.71815021299537
166.95625727550018
167.24645681800763
167.5054087397805
167.70876579020165
167.87574968510538
168.05878423240915
168.26750859788586
168.45841866559823
168.6178357571772
168.74924400883418
168.86641929430556
169.02359447016897
169.263409274604
169.54119974290276
169.7621761423043
169.83961087834618
169.74173935608906
169.5096305402349
169.21500735446364
168.93550657186438
168.73864584944718
168.60728019934433
168.44395110936986
168.21986368661842
168.01990012690567
167.9084824682081
167.90174649684718
167.98546926910797
168.10985804972543
168.18554717859664
168.17605125369715
168.1809779489023
168.29904848864032
168.53843325878765
168.80763799816992
169.01281770030698
169.1462410047697
169.22749284916046
169.28164818815185
169.29612582099847
169.2788532163664
169.29520480583784
169.40998687776684
169.64826283473
169.94771803143058
170.20674169671796
170.37303844654798
170.41917009927758
170.34124623566174
170.20036795911346
170.02113864283064
169.7059831247107
169.22172731315754
168.6682815552753
168.1587778299692
167.69112322620865
167.25214197640847
166.94511405598132
166.76082720973946
166.63160797015036
166.59856490472768
166.6361142799285
166.657921292219
166.7835062385242
167.07278374808539
167.4083772374866
167.7343057185917
168.02559308800357
168.2653278476787
168.5291799725398
168.7759890115655
168.8645443635057
168.7112425144501