0.0
171.1246491697407
168.01909490396622
169.34826232302083
174.10147787708146
178.4055726859609
180.08772615534593
180.7459700028888
181.57383731497055
182.73585712833483
184.16053777043422
185.78777951238612
187.56756951507992
189.41839802901643
191.23174951711053
192.87316330860065
194.26102919657552
195.43924177811883
196.51470475248965
197.56828468061371
198.5639073126854
199.45315028085278
200.22875428716742
200.88104000420057
201.4434138916201
201.91383318594404
202.30624775061372
202.6833272575013
203.0710910329972
203.48848280504316
203.98391027425066
204.5282851356515
205.04681427298908
205.51619321924196
205.9795212819733
206.51656206339243
207.15267200227817
207.83525622228007
208.44084890473047
208.9171650072251
209.30490168874934
209.66538260863217
210.00179167504035
210.23660127188305
210.32908578727802
210.28233316397947
210.1421173089599
210.06246637541778
210.13534040865778
210.28898891294216
210.40720607513694
210.4423263850918
210.39572425698964
210.32386928615318
210.27070441052211
210.25062190586874
210.26085364245307
210.2684726162147
210.33132960621379
210.5110681500086
210.81576729962876
211.22659508621024
211.69929603295873
212.17144396342206
212.6253435970616
213.0321610470454
213.33159493964564
213.51941330826455
213.64573090632823
213.72360756684404
213.7302789062196
213.6750455047544
213.55567576117858
213.4019637398204
213.31000848269275
213.35270018748037
213.52070182979475
213.71382774801853
213.8885356941912
214.06434886655157
214.21074535518932
214.2186766548371
214.05919815432628
213.74903317666187
213.34606710589148
212.95053784536154
212.60968239407634
212.3217617719286
212.06501012273878
211.8040742996279
211.57017178669673
211.39860942019573
211.32747085500932
211.3585435707699
211.44053253378652
211.5402867039192
211.6273816690054
211.72158995077734
211.89766160085057
212.21412478780297
212.68290671168495
213.24832663105354
213.7987175039762
214.25167491696382
214.56482896498525
214.71772053677847
214.70835182912626
214.60140627130426
214.49743137234526
214.45568177282166
214.49395327074603
214.6255316267214
214.82093071088516
215.0666782718966
215.3109814399536
215.46636182095156
215.49914043694196
215.43050417081395
215.31091483738132
215.19029694794722
215.08475169293249
215.00550887132434
214.9733899407239
214.9854662543092
215.01347029664174
215.0088147601721
214.91445029903736
214.76560349920928
214.69809722808913
214.80731448106027
215.05728071372587
215.29796697018315
215.43873426317208
215.46677122159645
215.38803410280636
215.23578557929835
215.07092336311285
214.94163492531072
214.84006822144423
214.7164223449489
214.58257538777633
214.49613690263857
214.48039435798688
214.47527334727485
214.41321191446607
214.30053293475524
214.21826645673556
214.25198361641034
214.4588060270176
214.8132784079613
215.22537118364693
215.5972145372486
215.86186175957783
215.98199847665865
215.98971055845192
215.96780034197238
215.93402501126283
215.84332555721738
215.7281947804401
215.73966424630623
215.99224734199822
216.4313071525641
216.9352648652108
217.39103864991046
217.7365584190749
217.9384658832676
218.03194517490084
218.04251984759898
217.93352504258752
217.6713259062275
217.3080011075673
216.9395692586633
216.67510267145866
216.54623508412917
216.4939963799361
216.4355555454828
216.31946325654437
216.15225510522512
215.9765770367764
215.8242939080708
215.6831405146379
215.54633929553273
215.45476069652335
215.43681487569563
215.4959276742434
215.61310077238358
215.7129796489775
215.66614071471793
215.262372587442
214.1823473531757
212.06151942277455
208.61193589021403
203.71399784005987
197.43657273662717
189.93228699812062
181.31686257151813
171.83628944324929
161.59505661802172
150.63431942407158
140.52534991108655
134.62745911214336
133.7479377302817
134.38539226380942
132.94995260942284
128.51924825883174
122.5401970296434
116.28379771578531
110.01949430031463
104.27026634329097
100.23164128859324
99.0963237601794
102.59214387160206
112.40003704300887
127.28609215552211
143.06202910858016
156.10692436203175
163.47912482902058
163.9333000468344
160.38382257005662
155.8219448881237
152.51134793322439
151.5465556288929
152.1048167258477
153.02905423565227
154.00064022977452
154.84420480118746
155.56976153228797
156.29751238547226
157.08353487223872
157.94280376765636
158.78825657839906
159.5388159606319
160.17707610540396
160.76712444213607
161.3858000446985
162.01935951957472
162.58190141170778
163.03365960537107
163.414941465857
163.77608561516564
164.12428288320993
164.4396342511089
164.7211600431613
164.9554530366044
165.09736442628048
165.1510508142061
165.20309846741637
165.29009998789175
165.38561644242378
165.46431983845036
165.50185700125223
165.47043720447914
165.4101223103693
165.35667867535204
165.27272562547722
165.15240420982678
165.05695573765922
165.0553709698752
165.17497078167645
165.2950531981278
165.3170490662904
165.27307051982322
165.21749642509127
165.16761654122024
165.14440252144203
165.12822799726843
165.09636712152366
165.07541438631023
165.13164808126714
165.31403524273765
165.5916607181563
165.89699117264306
166.19567073865804
166.4631667882012
166.65996909144326
166.78874536882194
166.8701994224443
166.90730839401607
166.92341779203323
166.91660775764615
166.82871266740875
166.6747075964804
166.49831424422706
166.34066825557022
166.24160338077473
166.23672682303916
166.34835608043403
166.53489264072994
166.7596916228723
167.0218984204186
167.2781232814145
167.45306127854727
167.53343411931758
167.5942361653925
167.67775731382233
167.7732643010382
167.86745594636483
167.92647570706214
167.89736626777093
167.7989230073317
167.72440090839996
167.69503270169264
167.65520723267264
167.58699411825458
167.551172668212
167.5748540053448
167.62947967175523
167.61999838602003
167.4778402793674
167.2142767386478
166.91755276906838
166.71692982925734
166.63320157441535
166.59138294160448
166.53680158618778
166.42621881869584
166.23308722137386
166.02963135107007
165.90252167921858
165.85163229933357
165.86950881025123
165.95050718972269
166.04324182104818
166.08359463009873
166.06346083231927
166.0150603222342
165.9756715035119
165.98596646715973
166.06776349916143
166.19720807086435
166.3446641498217
166.49781189379087
166.68236863425733
166.94364225113117
167.2618795874001
167.53613559017498
167.68406284807003
167.71176538341894
167.68434380201265
167.64128800702093
167.59628329127696
167.54578882602704
167.4784166111117
167.31805818765423
167.02012326911512
166.6417430893988
166.2519080609352
165.8827322967761
165.49660561656168
165.0605217541989
164.60989026301726
164.2140534581891
163.96143194543134
163.91600811608865
164.04575184194215
164.2454858898015
164.42966918878605
164.57287267082918
164.7018241656682
164.87366284515812
165.13431427732752
165.50316807410803
165.9648499338805
166.45247556121754
166.89859988792236
167.31925695387673
167.7288660920459
168.11727567416827
168.46821838854362
168.7891916241714
169.04368492573127
169.19007237723577
169.27120503307054
169.33281766249732
169.3914095246866
169.42125659287956
169.38845790854987
169.32442679794033
169.2853205421152
169.31670388681295
169.40742770639997
169.47386683982774
169.4412755059472
169.31996846348042
169.17956294564658
169.07419483168653
169.01813171532064
168.999026442618
168.9603061474193
168.85053408571022
168.66730718896122
168.44710220792174
168.2633070529574
168.201730012256
168.325609857185
168.51714999852038
168.47436854170041
168.09374125356942
167.51938815079433
166.89544659409074
166.346495108179