0.0
0.0
189.10700710719928
189.1888218122733
189.85646199142013
193.41371674817893
200.9629247263244
210.26457684904665
216.42544441915868
218.26736444486158
217.87817537563413
216.98188401795878
216.3211898775423
216.08920794403366
216.22797902361702
216.56226058281698
217.0495347084172
217.66697125650586
218.32753186309824
218.9484601810752
219.47305946216576
219.9404480934768
220.38937686615716
220.75018312411464
220.9916002025741
221.14789707394755
221.23762577030232
221.25852124067063
221.20505257391943
221.10700443794195
221.03398685940653
220.9662263660929
220.86151752383546
220.70835692640395
220.46169285600212
220.10034807768614
219.66853003854493
219.2410609026091
218.8401893567024
218.47650626669434
218.14286501126787
217.857228049617
217.59809330709598
217.37608095321875
217.1890108903095
217.05310828581045
216.99958652009028
217.0177059749764
217.086459957495
217.1562679935558
217.16120046928364
217.08831605947262
216.97379379820308
216.8101362663777
216.59069280765456
216.37567243478287
216.2388335219947
216.24660863932073
216.39617958372418
216.64809361316813
216.9908743584154
217.39503179539906
217.7778069261249
218.0398778971923
218.1207987920249
218.05831316138287
217.91128561448534
217.7767264714779
217.714055670906
217.66430714872718
217.57834095035844
217.44997143380786
217.29391045810314
217.12460397231337
216.95507671866105
216.800424692726
216.63606744267156
216.4302065715322
216.1856719495878
215.9647704628277
215.80530022877693
215.71391473615694
215.73767524455974
215.8825377634664
216.08659025191736
216.35083409985137
216.68640330863377
217.08336346458054
217.53746768063274
218.0347890931567
218.51181686537765
218.9154111918515
219.2738893346919
219.5826647616385
219.7982715774819
219.90572461233765
219.91084242458442
219.81314623300253
219.5841441211599
219.1944603737749
218.6653706117038
218.039915998819
217.3871052083369
216.81022906101788
216.45054433950614
216.368586885882
216.5159415220587
216.79271026618324
217.09403037951017
217.309170809579
217.38120047283243
217.3192801124873
217.24960043640624
217.25368006917648
217.3083285298367
217.41004657830703
217.491089511604
217.49386845982482
217.44884935371635
217.4306139248035
217.48692799877202
217.63097840920935
217.8355809780349
217.99198934347518
218.02256602204258
217.917379365522
217.71459979025568
217.4690813924488
217.2423461880119
217.0904602183598
217.0325285076118
217.05841158424005
217.1240724747065
217.16886209424956
217.18371823907742
217.1852390165231
217.2028368400132
217.21169132422324
217.19750981792265
217.16664420038978
217.15250135983047
217.1917745195127
217.30851078084248
217.50904599840337
217.74283542050173
217.96499009483398
218.1929826708121
218.48821202438194
218.83081980650752
219.17836646632765
219.526709640808
219.88019277501135
220.2208762246507
220.50004962685665
220.6952870923674
220.81571473811917
220.87491149795068
220.85269155899468
220.77126219595405
220.67373500793246
220.56637616171582
220.45907944362028
220.38999779902775
220.35477440874618
220.3341685157105
220.31376174719736
220.23544745969113
220.05605477645744
219.7938594849074
219.48740100299153
219.17380737926806
218.91561176200918
218.72339099880307
218.56091835320333
218.3742468975231
218.12745688840388
217.84784816776732
217.58294616010113
217.36143626192245
217.2285229804117
217.21314905468117
217.33109106216648
217.56594285311027
217.84159430514853
218.1434748240918
218.52740237625332
219.00847489368664
219.58808552425324
220.288269318826
221.0474222615759
221.59308696553643
221.41439076003527
219.96435947773037
216.79790191960592
211.6165835945561
204.521511091508
195.92510459385898
186.0406244924554
174.86451683554134
163.07743086513568
150.54264775415555
137.80104634919422
128.582981858284
127.07215196484937
135.78456268206764
149.06820338080155
153.31340138826647
145.80466065984294
135.88368630149247
132.9244453810666
136.01257827540417
140.87131903383795
145.90286176639736
150.62952669555807
154.8545636443418
158.24266882735623
160.53180867684307
161.7718865358372
162.1899466539994
162.02406087240482
161.7077740257576
161.68209110165606
162.10663502791047
162.9194280575916
163.95864821038992
165.04565871636933
165.96443504603403
166.43569765276789
166.4583911170626
166.4910283986113
166.74174283960153
167.1851696974266
167.68091261492816
168.00866949302218
168.07755598075917
168.03527027181678
168.15810970110437
168.36821457297862
168.52494413177357
168.67864359633347
168.91260139373588
169.2976051943752
169.75302170452105
170.19383135794538
170.6140025609015
170.94453228002936
171.10933742357673
171.13416127389152
171.0521748372227
170.84683485002665
170.6041683329014
170.37458887380734
170.18059861208292
170.08768454367197
170.0934443007756
170.16356966404675
170.27013935510394
170.3871734582066
170.48318204830696
170.51849261465514
170.52457574227805
170.55844635244682
170.60713338705386
170.63856534490463
170.6168059564029
170.5466634153015
170.45509765434264
170.35956614950993
170.26939837940557
170.2095897111929
170.21744154533303
170.38145660363463
170.74946269451806
171.23649941951763
171.71448113490555
172.1192768818516
172.45283747078773
172.706642076178
172.8930249161278
173.04864250809933
173.19652233587843
173.34946771320332
173.48733632504562
173.56141855382498
173.52758150771592
173.36350206071836
173.10998257931382
172.79947980245228
172.4670081030177
172.1665161496923
171.89108580273864
171.6930668222608
171.5747152893714
171.50663228516362
171.47372676676892
171.4327238911567
171.36514164859423
171.38742400135425
171.51667681633407
171.61085437695496
171.59825598183764
171.46781120113351
171.24265511815855
171.01279205190005
170.89420718663462
171.04664125690786
171.54909518783444
172.25907863182942
172.98399658801293
173.603181999063
174.08140957549801
174.4608634403598
174.68827776253926
174.74359892088108
174.66875341408394
174.49136936054322
174.25907026774374
173.98418472437203
173.62310488052805
173.2301944461459
172.87293463640333
172.54741835753885
172.2550572174558
172.04166243870725
171.92545769971272
171.9190410304037
172.00884178970597
172.1291967403509
172.31782108180346
172.58574465623093
172.87323877250964
173.14164212316822
173.34030112936784
173.4341167801395
173.4552611175417
173.37329436447794
173.13432152858343
172.818884255049
172.5493618156043
172.35267860657532
172.1851730886253
172.05707909054263
172.0250675711144
172.0503550608156
172.09582872101754
172.15481954767083
172.21236591272472
172.23878265766297
172.19556165895077
172.0939380706673
171.97674283923797
171.8899066050658
171.8819213466418
171.93666115489214
172.00673414218392
172.05494073546143
172.07759525640517
172.11198542934068
172.19716414441166
172.29349036117148
172.3773358304792
172.44670438095946
172.49277655137877
172.55816094483993
172.62351814608417
172.6555834530964
172.68300611562736
172.672146160877
172.5711903262939
172.42025620836154
172.29357124075787
172.26404769801172
172.4050810449769
172.688131881684
172.9942656026625
173.2064972773199
173.2831591848947
173.2433246510517
173.11086315079098
172.91426864717928
172.64581895612073
172.3298980803063
172.06042993748036
171.9205639673538
171.91776682200177
171.95070766461413
171.96167393736073
171.94626418275362
171.90099705521783
171.87845630581006
171.92949044292678
172.0171919674023
172.17968687169835
172.490271333219
172.9800954811792
173.5946340775782
174.18263254658027
174.4621682480954
173.92935591656345
172.1505177685653
169.5953967270814