0.0
311.9273161903446
319.2452107748927
328.5130368761198
333.3968317407728
333.30335982359867
332.00927631792297
331.85193351757573
332.9259782434798
334.5956849554302
336.3043063202323
337.91421511477336
339.3630091090172
340.64913765656877
341.80474464136864
342.68899745427774
343.47276746398904
344.26882939243535
345.07073456928794
345.77184701670956
346.2138804089183
346.2280000056027
345.9974210399319
345.8145396094112
345.93261055053307
346.3774342684517
346.95295208249456
347.53246979831056
348.0555211019317
348.6057171203094
349.04960393291356
349.269133942156
349.30331073282457
349.41342555478343
349.65415492782665
349.9038447572776
350.30364446528756
350.8710331970235
351.4388661882739
351.91635397608826
352.21509510765344
352.39447660105037
352.4916423210842
352.4253659777403
352.1605243126906
351.73243065616816
351.1653822798802
350.6121573451159
350.23003144917027
350.1344192465797
350.2801243133315
350.6009811844426
350.8663465898431
350.90950603964416
350.7289766544317
350.4084065962434
350.09468677465
349.8235774796517
349.60002727832784
349.5081406935122
349.5285066345973
349.7729793993898
350.3134943852474
351.10970238629056
351.9219616019403
352.6072423203965
353.0472392258555
353.2995393359957
353.40207509560315
353.3398347542585
353.15732820062357
352.90828704036346
352.50414798733766
351.9009637910826
351.18567526843503
350.48674137167006
349.95723948396136
349.6578286120101
349.62202676277263
349.83394850912197
350.256716620382
350.9653623807318
351.79522317076726
352.5038166023644
352.9283289340095
353.1571071308392
353.26255234830876
353.23351637769366
353.080791275989
352.88757391570306
352.6165618131497
352.30792034147225
352.09148973662604
351.97645441178634
351.89092100507526
351.86907795692304
351.9641030935958
352.0852879994923
352.1062819334394
352.0418738259233
351.8808703778864
351.63497161994513
351.39773844475275
351.3191643831559
351.46817662697845
351.68879529866643
351.8642256245008
351.96595056284565
351.96413715900746
351.96270229880844
352.05052263868606
352.1345005091873
352.0634823472872
351.89022581710424
351.77242595939504
351.6860482449006
351.4841869872053
351.1472974214805
350.72078101301736
350.24747024116454
349.82635009346654
349.5264026096594
349.3508301631042
349.2906516794808
349.3397324576283
349.57954316833354
349.9558011570374
350.4500025083484
351.02913621253305
351.55549790887835
351.98157683946937
352.38727342795164
352.81654723096653
353.27025189538574
353.7543527982318
354.2031596498644
354.53975441818363
354.7211514065058
354.7196447850122
354.5421047347732
354.2204817573796
353.81630540256333
353.4050028713506
353.0565378455793
352.8045725956983
352.6704877088396
352.6670679927581
352.7292940209066
352.82850609042407
352.88588587663025
352.822390670199
352.66146956831983
352.4756531622743
352.29432778414576
352.10951880982645
351.94622185271396
351.88648840427874
351.9676194673989
352.13093941500733
352.34174805986777
352.5438411022855
352.64149127634045
352.55218346665265
352.30292441712976
352.0094483127672
351.76714748695986
351.65731633783247
351.7236263425079
351.9086515369199
352.12697219050773
352.35776593509416
352.58691823988016
352.8528056139842
353.2121595918991
353.5958987976038
353.926340327362
354.209823570808
354.4327134518894
354.50809230672667
354.3633267936171
354.151982953528
353.9067026313983
353.4931449767171
352.83595758809076
351.95958874571244
350.92111277649656
349.63791924665617
347.8576927459392
345.1904736615449
341.2324622348375
335.6471608970483
328.12881549690684
318.38220029663256
306.390139786247
292.6716038914686
278.14721628447023
263.80457718259277
250.3341482545594
238.08133045261354
227.11490341116166
217.3612269500212
208.6541950363689
200.64827363313805
193.08463952206242
186.03213578430737
179.91902687790855
175.0882932000318
171.25608072198267
167.86077281597383
164.8284595333855
162.33021819751394
160.32472785405326
158.73574143675592
157.50813118869902
156.64690865233717
156.0835413075069
155.64926835885387
155.3385600285401
155.19403307484058
155.23302671362111
155.50703597562298
156.1068520618535
157.06703164504796
158.36969307403876
159.8678585080676
161.29928408694647
162.51245876642923
163.4790488210546
164.21450134913542
164.74336575771707
165.1043542107596
165.32736694371673
165.36391242262312
165.14173998995506
164.7252636394844
164.28301255809868
163.91560533106934
163.64162614588977
163.52723746982403
163.61098328051241
163.83429231836146
164.12126930330285
164.41881020755903
164.6772254468294
164.92915550171165
165.2335806302356
165.62100444692473
166.11411479148143
166.69491405602145
167.32764445937718
167.95193660894475
168.55237392358302
169.11249175190338
169.54464943662455
169.8455854980773
170.04075973844542
170.13574359311488
170.135872364411
170.03390068055865
169.8189657799626
169.50467448444323
169.12210390415999
168.78143526175444
168.5786584843552
168.4947461656095
168.4677309323138
168.5054814998129
168.62968430221565
168.7955752772225
168.99013955566548
169.23415319812753
169.50975340630924
169.7897479995323
170.06660389711604
170.29785118545425
170.46128217484443
170.54508182415225
170.5692258289525
170.58569875890674
170.56666191235888
170.4475677233692
170.275306910757
170.14017491149718
169.98529084408148
169.74963999846804
169.48701244301992
169.21675962799557
168.95641854858187
168.68367664062703
168.37912517919503
168.05303893954311
167.72621057628743
167.45762122584517
167.29129596111363
167.14009055360415
167.03349797216967
167.0393356733883
167.13920058765396
167.34484840944873
167.6629948091784
168.01389005665655
168.2522844194121
168.31215616611289
168.2626699705133
168.21186794406043
168.20721487657588
168.19601498250327
168.16524413984277
168.15783875407635
168.2053997091291
168.3027495458254
168.43484634490818
168.6187867389915
168.8426344482877
169.0706027001407
169.2923067965704
169.54554177083133
169.8400997602783
170.06315148354224
170.15195480967017
170.15155144329105
170.16392382592497
170.2041795128368
170.20030015988502
170.1587361402639
170.15482389031558
170.25446316859365
170.50575895251393
170.85799131509611
171.23913842963117
171.65107771438863
172.01744459030078
172.16637531934168
172.0404533846741
171.69861482412787
171.2573119194442
170.79267700944794
170.27573745563643
169.63740347560906
168.82095354461785
167.83889091765877
166.78927731645814
165.82008931130946
165.04030212640436
164.48387164165
164.1908632562879
164.1991312827529
164.41144800502832
164.69913990257444
165.0022456009786
165.28480426538968
165.5958241705721
166.00675263508035
166.58804815430204
167.3043763185177
168.05570902529772
168.84874561852328
169.67812045150055
170.54551508269284
171.40955552261954
172.16701789213096
172.77945893475996
173.28494646326345
173.69262293869045
173.96021031877044
174.0136692335115
173.85347631862425
173.56105439676958
173.17365057037986
172.6447267236016
171.96509332267908
171.21414960009201
170.48197692918475
169.82624447254756
169.29766822950737
168.94662627561925
168.77407948879306
168.69765728720492
168.5884020642033
168.37828201681668
168.06540397917905
167.650861047553
167.14160618573354
166.60038956292593
166.109076808589
165.7073159134456
165.3829634192909
165.16130811587962
165.06780991872594
165.0394949403249
165.04150606344422
165.1127530587088
165.27898557601617
165.52650001893062
165.82946886088016
166.20021412763305
166.74364614595854
167.56056637634742
168.72793786812997
170.2541319348401
171.8304509398832