0.0
0.0
0.0
132.50875571441475
146.55025608132405
163.5922197412429
179.6796192717945
193.46760281881475
202.68114895494665
206.6046505397842
207.76441904771193
208.5068647157588
209.32290661854148
210.20307351051997
211.1425689212095
212.1141802676681
213.03082772103048
213.83182267370188
214.44868553618272
214.87517674272152
215.14187295155307
215.3066129782175
215.40315665961674
215.47691756867187
215.5426782489451
215.61821273535594
215.70329129759176
215.7779293356626
215.85607811135165
215.94361099387092
215.99725236960433
215.96150047405948
215.77210690108416
215.4193271064555
214.95756256302602
214.45454041468233
213.98119675351697
213.57605392195447
213.26931756288576
213.02889696806176
212.82741870206243
212.6973088819629
212.66454573961252
212.73270543700957
212.87970185631113
213.02719879555508
213.11878662112827
213.19464735349658
213.29590717118776
213.44912836145588
213.63620413441853
213.87024447022728
214.13347213749867
214.4013129082579
214.63659589804428
214.8249976941537
214.9719795207517
215.11184993820228
215.29184174571884
215.56540995133727
215.92637482711356
216.29781808680207
216.6155854307092
216.8383091375132
216.92292617170187
216.8935911816555
216.76689940329376
216.6142068407886
216.55900864613804
216.58730810489925
216.6413853876675
216.67708391335628
216.6457197039691
216.5932245268554
216.5946295183669
216.6992915287696
216.9210131998901
217.17785003682178
217.38974562707676
217.50480732330652
217.54644195607617
217.58987503851446
217.6713972748791
217.78058527825294
217.95465187046003
218.22801286472543
218.5166728204101
218.75873190580955
218.9178878039075
219.00607903313835
219.03295091209952
218.96362900134432
218.79294948530085
218.5490559305276
218.2790452931911
218.0028615731166
217.73017843535536
217.44004048236053
217.14660539745853
216.8940729991706
216.67698530921533
216.46931029665052
216.2773608907249
216.09231383227728
215.89983637606645
215.73868768092998
215.65415163257114
215.6529625349087
215.7048052577224
215.76093099437676
215.79521158097378
215.83900593944446
215.88831038670008
215.94074702028698
215.98085755456611
215.99359479919792
216.02881330245958
216.1254567896771
216.24473120558096
216.34583444828354
216.40943388981557
216.44998408367175
216.4836421263573
216.48868671242116
216.46428667006197
216.4189763724289
216.35010179348532
216.2803149873356
216.2072833599575
216.12023059751883
216.0274054795156
215.91737645708778
215.79695434153703
215.7169839685051
215.69878499723347
215.68546295682094
215.64142574233645
215.61277431424574
215.6357444200916
215.6931603070579
215.79307603751525
215.9555117892645
216.13292810300902
216.2809442767809
216.38920279466868
216.4386602925147
216.38014382404188
216.2381886655653
216.08164558990072
216.0017241359193
215.96312261363778
215.88417777218604
215.76759638264156
215.62823235582505
215.44995295427242
215.2134713734829
214.9176926724988
214.56332473480205
214.18352582178034
213.8147845216371
213.44366270238845
213.06491462384832
212.72591273936973
212.50047812962939
212.43821727995964
212.54674794010117
212.8074372276542
213.1860031190168
213.60555092458344
214.00057778336026
214.34489409275002
214.63156201280955
214.8663898630813
215.02485150617656
215.06925016395397
214.9212173367422
214.32410208967676
212.78049788494653
209.5844978138619
204.0206451659614
195.76932798665555
185.59401100869587
175.41810023899998
166.62571916561302
158.89698881379644
151.4944225993745
144.39600325397143
137.7276245777595
131.7382683559785
126.74967957231628
123.37792241628463
122.65574185673444
124.96997422933951
129.38385915517566
134.2628865177086
138.62133246122806
142.3195576134646
145.55634948794383
148.4788168232401
150.8828418355417
152.20481842910203
152.1193004451867
151.48452459117715
151.31093911288173
151.80300153423212
152.63885590425846
153.57863983482372
154.56915094748078
155.60606688793186
156.68186285556868
157.72850710918016
158.66619059201184
159.50254196167612
160.3062450431637
161.1261155056616
161.90367390602995
162.54578698690497
163.05994435552333
163.5583064031048
164.09357836411127
164.58289094157536
164.92474703208654
165.09275865732423
165.1319344453523
165.12541524137404
165.12587161792425
165.09417502268445
165.01449851817242
164.9424463590086
164.90247621470334
164.87826538214742
164.92703742681584
165.10969928082622
165.38560037131424
165.71520544046948
166.09854057090388
166.5280887808427
166.99050121172294
167.43455041361784
167.81464749732845
168.12244764950492
168.35028433281929
168.48745423635796
168.60651595109658
168.71613272601078
168.77900984158657
168.84893048982934
168.97508273251609
169.12705100488256
169.27078592632552
169.3864717754588
169.4640248024511
169.4947638222322
169.46922993090266
169.42530114380384
169.40952374614795
169.43081724238522
169.49122181477998
169.57823406585783
169.6637082548874
169.7228412327034
169.7286669213909
169.68069963947957
169.6303129697994
169.559925803526
169.41383504561884
169.25572408291538
169.19858905395816
169.27543405930277
169.4492378976936
169.62633058441412
169.72525766265755
169.70280871826537
169.5403474727055
169.3318485826673
169.1958018840711
169.15434882890665
169.1927588613587
169.29988855078182
169.44842927661082
169.63791903732601
169.8815902006275
170.14852747174336
170.3822402677593
170.57259839183232
170.75640062925834
170.96695523053032
171.1435036014571
171.21797464349817
171.2532159133279
171.30098197515997
171.35419766189418
171.4269998415744
171.53119112392406
171.64832605591073
171.7509853294933
171.81995164148205
171.83402021845373
171.80979603351116
171.78374054240228
171.77057920114862
171.74539285405743
171.68103662817123
171.5947117727391
171.4864128091298
171.4027803366077
171.37582244174536
171.35259265324723
171.31431046072353
171.31432924751124
171.34789390659904
171.4075467913248
171.44180668648048
171.3792821308499
171.25654712970208
171.11401713576726
170.9833119695279
170.88975539199714
170.7913137303107
170.67744728468512
170.55738238285176
170.45517894138987
170.43105951832695
170.4881167394019
170.57417619609046
170.67488962188457
170.85380152030712
171.1410838533163
171.5119948211735
171.9479397712894
172.33551557392673
172.62416181066158
172.8919904553407
173.21803074236436
173.5621007807274
173.78673565713868
173.86070940070155
173.87253694414105
173.86138089028807
173.81807377698001
173.71115709096398
173.5470709189749
173.3349781948561
173.07399396570898
172.79653334567007
172.5334504206763
172.30451676126637
172.13674644400498
172.0175733394541
171.9052723222461
171.80449496217648
171.72621742565906
171.66786167144176
171.6368261477958
171.62754730413405
171.68690330910857
171.80790113500979
171.90167902912663
171.96461076958713
172.0712756597567
172.2634013108973
172.55976840722832
172.85186637611415
173.0415252907586
173.12473661019374
173.17721782815457
173.31290027803615
173.5709854084519
173.9124861254228
174.2875810471583
174.64742694376193
174.93660223474197
175.12522341507864
175.170544357697
175.0951674508458
174.97693791835576
174.78484351463902
174.50539083869708
174.19678822815953
173.86819451416733
173.5014482873311
173.03722016252328
172.42649182367074
171.79168581940115
171.24346462524235
170.78868509923532
170.42499524387998
170.13052478598505
169.86591738009255
169.59611030933965
169.29536577516063
168.99999937513385
168.76556345099482
168.6346831451906
168.70117539770712
169.0022840470897
169.39491220638538
169.66084733195143
169.5648860939234
169.01006638445978
168.23792036815675