0.0
0.0
0.0
296.1293469954321
304.9565386230465
317.4943299630397
326.9751989860936
329.7161460316287
329.4082854248466
329.3617029853358
330.3132928239529
331.81397991351736
333.24019986215126
334.40825090448993
335.3435761393558
336.08450089658004
336.7208125523473
337.3403131550358
337.8853196132535
338.2891838072203
338.557201729286
338.7594088124084
338.99648639523605
339.3142226262681
339.6545204087646
339.91537309872757
340.0847328874429
340.2667977219531
340.52335575158867
340.8274013976595
341.0210511569951
341.08233229113625
341.0609032587302
340.9746344773992
340.8192788531122
340.6227853113146
340.4323926980166
340.29821359006587
340.28285353780916
340.42694003199773
340.736554671593
341.16762713540714
341.6771364117476
342.2017649788586
342.7073203054132
343.15284416091924
343.4862084046375
343.5966212548151
343.44024819097837
343.14256141793595
342.84060332350646
342.56195566272135
342.3119811518339
342.08033287973973
341.96072089342755
342.04903054291424
342.3863159046
342.88056607039005
343.37833126445014
343.70683192184987
343.7398591087954
343.4835995337644
343.0207829471221
342.4345784193795
341.8722943055908
341.46806689000965
341.32186456107024
341.4298513232871
341.66620869329574
341.93090852839146
342.2617228874107
342.6961308609403
343.1306086222803
343.48697186799495
343.7450386856933
343.8918314827012
344.01337317623427
344.2811809849852
344.6942285536402
345.13616136125137
345.57942395360305
345.9323875496316
346.0815082100586
345.9888990529402
345.7087026611284
345.39497726915226
345.17198115241445
345.0531420885158
344.9388781619937
344.73311311493853
344.4394745705027
344.14211365489075
343.97629040037134
344.04610856858466
344.39808150117426
344.9660515677282
345.6244863689744
346.30084059680865
346.89112781953907
347.27297279512607
347.38019060251816
347.2237422167711
346.88195281187245
346.5140325620448
346.31063616950496
346.27882540673374
346.38712513724005
346.60970669843425
346.891377271784
347.2088791147446
347.49255720084386
347.59506411428606
347.45321170621196
347.14803913673745
346.88228090649204
346.8016851157381
346.97413557341736
347.3173166610617
347.7533131156006
348.20416506985185
348.4480095667281
348.27820173350483
347.6823712288281
346.8630462099195
346.1257757115567
345.6512359117332
345.50172649181866
345.5896012382025
345.85131117582824
346.2375349755438
346.6901607768615
347.01567357035833
347.03723099896797
346.7901631030304
346.43794884255203
346.1082075076464
345.82581138246576
345.5619803053441
345.3762273725038
345.30764942400566
345.33919875064936
345.49149524205336
345.7535593699951
346.0718506725435
346.38526067939654
346.63906274158035
346.84709372135177
347.0120468652053
347.10209706789277
347.0070160644264
346.7114538805616
346.2680729611478
345.7887178209101
345.4309675488236
345.32780218011675
345.48123602673303
345.82510484873137
346.28565812967275
346.7576020475113
347.15940177716834
347.57565123717353
348.1056260709029
348.853568806436
349.8092372644852
350.83656588815904
351.84367093075645
352.63935955344334
353.0413790250468
353.0055504407326
352.6285844611373
352.0710183651965
351.4875207170936
350.87283546629294
350.0509733829102
348.8621026178888
347.1799926681271
344.76908602256333
341.25967817016317
336.2789647975003
329.4740747841955
320.61963872197845
309.6061792646711
296.1856746783104
280.0470294544812
261.43784941841295
241.35836457114357
221.00856490351495
201.43755504890163
183.77044048389874
171.84395566312327
171.70298080606875
181.02751967411606
190.25998571019704
194.5506301754432
196.6532259091287
0.0
0.0
122.14468709949527
111.58281092036731
103.02553908479604
98.35377500429362
97.95723623601253
102.12936355259852
110.07960133140254
118.43160181150333
125.88624502504094
132.3332211328809
136.32304617910646
138.36108320197093
140.22526942467502
142.56475797510652
144.51646731556727
145.56675735419134
146.11055698013544
146.62560166857023
147.41004020983246
148.44819738720753
149.71276078601795
151.13505938314256
152.60704628772655
154.04452220524166
155.34444336177046
156.41150062890512
157.27882361379193
158.04166855535584
158.7230265364143
159.2365270129321
159.50856814265455
159.55606489665473
159.5605243597732
159.7372198512521
160.07141418623067
160.52443279787877
161.1128580381109
161.74020049771195
162.25168395385998
162.70453648870463
163.20088415935805
163.80932064354192
164.57303453651008
165.4565879244937
166.40719548378632
167.42009924222364
168.40462079099996
169.24494159147167
169.8801382846684
170.2342558528701
170.32185348811697
170.29487256147405
170.25364000699946
170.26055942687606
170.32230718118004
170.3287083014975
170.17900677159932
169.8799309041799
169.46724045173136
169.07137863854683
168.76474499501552
168.52380288172358
168.39604635144204
168.41379425717355
168.46467057438332
168.3939801447108
168.2018746109573
167.97105425147961
167.7714889460583
167.59358069272315
167.37477223158766
167.1569570593398
167.03947369186707
166.99037559527298
166.9089733575665
166.8085259191386
166.83434651500454
167.00690985238296
167.2666151760684
167.56137897021597
167.84579385472446
168.0848315439925
168.261645963901
168.3809543465684
168.49674008342305
168.6463402688345
168.8481152531519
169.10624884529813
169.35527866270374
169.5228480158477
169.58557359840347
169.53975567831924
169.44656020436483
169.38995243456495
169.4311838573091
169.60003228046264
169.8188010879826
169.98070215444602
170.08221188235535
170.14931693321643
170.22986282086637
170.40153406515503
170.612637673449
170.72034892795577
170.69597875151047
170.57336290284897
170.45014065014558
170.44243502788055
170.4937092256095
170.51696831133904
170.48213468825384
170.37184933802462
170.1822454152287
169.91169983051003
169.58012580719753
169.251222662855
168.92461470561224
168.6130695211616
168.3965307019445
168.3225633956086
168.3589023573195
168.37956822202403
168.38443093970017
168.4513265665454
168.6158377216104
168.89604005190762
169.29102523852305
169.722582095164
170.11737857400414
170.515744019352
170.93880528134244
171.41839993881683
172.01142412441757
172.60186627695413
173.05186815486067
173.33222590278524
173.41263438287882
173.30801831997104
173.078968654126
172.7574637549629
172.37283582322607
171.95730542879073
171.56615756201936
171.29245812791626
171.1251112322177
170.99325727236265
170.906831731711
170.88944519763243
170.90401512398398
170.9369459970503
171.028455739296
171.18248387821308
171.3317736420814
171.36493685629216
171.2598795522452
171.11973809294548
170.97966998103684
170.8655918838645
170.77286611645525
170.6512884796786
170.5318662848744
170.4667318808713
170.4143791741078
170.2983228259538
170.16373244637322
170.06118387220465
169.99691979308605
170.00827987380944
170.1103872893215
170.24193781475785
170.39356854559193
170.56671294247172
170.72604557005835
170.89588653369086
171.13429665120782
171.3728415252397
171.52071811277176
171.57227581180874
171.57185442540114
171.595621543758
171.6548684961224
171.67406771451402
171.66633598720412
171.66191996458502
171.61814507156402
171.53248227401104
171.4351262435415
171.3258534973037
171.19840105443697
171.07420313218387
170.98088836910264
170.8905604216154
170.75705186250494
170.63486964256924
170.57136096941542
170.50957982425427
170.40919261917512
170.2920487838573
170.20983660002838
170.1628378569194
170.10892165905582
169.94267521578212
169.59800120545435
169.20007147025692