263.73298047486327
260.394485249084
258.6927262026278
258.7593645487666
259.7746736063871
261.0215789321207
262.0982535072704
262.8693166453312
263.39786138351724
263.7494914309014
263.9572551846834
264.04026907284504
263.97018507812567
263.8018934444568
263.6023102937032
263.2732715824802
262.71660021014117
262.00275267920773
261.1915313728248
260.39393217595705
259.771015425536
259.3589835001849
259.1009475462826
258.96040899145027
258.94954187372133
259.05385406794164
259.2110036677175
259.394508849222
259.6675822378537
260.01286027857645
260.3115275310794
260.49080678877186
260.54239973777027
260.5662946779562
260.66999111507863
260.827452981938
261.0314869105373
261.31337698717306
261.7110251793997
262.2191850841447
262.7550822455041
263.21743856744854
263.58223363961247
263.82505435521614
263.8777976032154
263.72342354994885
263.52547151855475
263.3581979111369
263.21416898373167
263.12151701993355
263.0803774046294
263.06047197358134
263.016280376411
262.87641052905155
262.7033964800345
262.5799763567573
262.606813314856
262.7721106095703
262.96402216151773
263.0837833416711
263.12685398147073
263.1947550056302
263.3007071719143
263.3545032827709
263.29718670407203
263.1181630194034
262.8767041070244
262.614706038214
262.3309606566818
262.011155034794
261.7074067083954
261.4768860309241
261.2525488549792
260.9778055180334
260.7735290032394
260.72316392261087
260.7933789400648
260.9895989210213
261.269206190236
261.52331055852545
261.8204576558238
262.160412601533
262.35853585999143
262.40433010682443
262.45643968223055
262.5626551036763
262.69280053162896
262.8090682605465
262.93539681877144
263.01760452258
263.07522615275775
263.1820735516829
263.2914800396769
263.2865313173631
263.120003521495
262.8413602938074
262.5639805064141
262.36760521368694
262.347444277295
262.5130188610831
262.7336175461762
262.91925289355027
263.07478113141053
263.2201051723635
263.3505220998329
263.43809050276815
263.4752363192637
263.48381310714853
263.4790484993607
263.45762199436336
263.41825751237366
263.32602624473225
263.1787416848496
263.01218999907326
262.83306383544254
262.59208823981317
262.2552965050369
261.89642757712295
261.64513487329873
261.5200849205286
261.48254406243257
261.54788222843683
261.73460780310376
261.9989983226265
262.2519505546283
262.4439963312379
262.5492248236323
262.5736498403761
262.5625152727355
262.4737027240336
262.30827439558107
262.19475839647885
262.1999083624356
262.3690443784867
262.6715611785943
263.0518069288028
263.43234117522405
263.74610634910835
263.9770770452956
264.11384773382497
264.1617808201441
264.1259450244494
264.01952991617645
263.89128732726215
263.8292774912869
263.83419793473246
263.8733628880429
263.9338911543231
264.00029311785244
264.0315475593475
264.029927565582
264.01736125205616
264.0524512184117
264.14196178989994
264.2733804216441
264.45186095170277
264.6507030356912
264.85554554705527
265.05468520290634
265.27719537599535
265.48034717672624
265.6494785615043
265.8091249313476
265.9455580088752
266.0664532413956
266.1954254726501
266.3090115165635
266.3788145062622
266.48136414669483
266.63324378858175
266.820093309594
267.0001504225971
267.14020199664566
267.21436291625184
267.12868281739196
266.84427535548934
266.3663304888159
265.74092813767686
265.0049169829663
264.1621772799789
263.1805431310909
261.9424117592737
260.27320420006845
257.89333765944457
254.5357349883182
250.0758892738312
244.4861619249418
237.91578939862742
230.7384945245255
223.41116149993496
216.24596578710668
209.3198705076914
202.59189285660645
195.9518003990097
189.2204931647851
182.70001528797226
177.09719306919823
172.73389227806888
169.2448540873039
166.17195775700722
163.49003542886493
161.3384249693176
159.7342764488747
158.6334168061067
157.944189615367
157.52501449384113
157.29590554261353
157.27716232981504
157.47084000960575
157.7804006390868
158.09086007498274
158.35609045244593
158.5315495575178
158.58661293931485
158.4493939989939
158.1137944599441
157.748876059022
157.51669603471834
157.50115400260353
157.7303949855513
158.19028464691345
158.8703330943668
159.74031350536816
160.69680102195628
161.6294823766657
162.50722902125187
163.32188916396262
164.1090206528798
164.94593200236721
165.85397514843527
166.7578945899088
167.54251024681548
168.1545549400043
168.62426603054857
168.99253431268397
169.27484042766218
169.50067811422656
169.70303562608004
169.81006502625962
169.72546788951658
169.48421168477154
169.16039348540488
168.77710539903927
168.37374093015862
167.97200379904737
167.66747107207516
167.5317819176715
167.49680477530066
167.49248193247428
167.52129949262502
167.54775746579276
167.57600400280802
167.63302452386387
167.7241908135194
167.83890291882338
167.984122167082
168.24493568821026
168.6967181574044
169.33211510405084
170.09789192342686
170.92655453306304
171.70465686121392
172.35952569096995
172.94687880260517
173.42177691103032
173.66405386647057
173.69269850771153
173.59213305802834
173.4378268114675
173.3762538397021
173.45911941702687
173.55554631949735
173.51976708298864
173.31818474909812
172.91046244287557
172.30701442848604
171.69093820701693
171.19624404747086
170.80438444619048
170.43875728112778
170.04770298469714
169.65688967762236
169.34554154142882
169.13415850526923
168.98136860378577
168.8505250641867
168.7897427220427
168.81445979450996
168.86037636158926
168.91943383549543
169.03890046336346
169.18222629633885
169.2596124624004
169.25321254306579
169.20995625291187
169.15501177468644
169.07803816468993
168.98142997837556
168.89726226198087
168.84946306049002
168.85161105583154
168.88603773220441
168.9233666123182
168.96786440202652
169.01013031999798
169.05596420339077
169.18471362991963
169.43498993243892
169.7299044280996
169.97333562961848
170.15368403007005
170.33403761536476
170.47771746098857
170.55505591562388
170.59483235815733
170.61047880437985
170.6512313412671
170.76847355530057
170.93650643285136
171.09534238400192
171.23142131059166
171.39104126154973
171.64364796170787
172.0302939631103
172.52105593574413
173.08459349561616
173.70199468809375
174.32683844191865
174.89686623618886
175.3324116610061
175.56374012235443
175.61479295371274
175.5403901394689
175.32464756000755
174.95999601188637
174.52524013950654
174.12977889397845
173.81895633025397
173.56676605132077
173.3151925531069
173.02371846815188
172.69495783490962
172.34161882989133
171.97854608747556
171.61538018026476
171.2721564092542
170.99012528159918
170.78966601590508
170.6531887219015
170.5330184412814
170.4015986669276
170.28258763683584
170.1900752450943
170.0951895330366
169.9907038946368
169.88694131060495
169.82570650584975
169.82589909811418
169.85376781221487
169.9036950178891
169.96190923366478
170.01179202742952
170.08237260158555
170.1899567548128
170.30193528137667
170.3720535634476
170.35993900785482
170.2459185500398
170.04786819058748
169.7623104797401
169.42365014689832
169.13335839755942
168.9177468303534
168.68644791899771
168.390780791263
168.12295117819477
167.95390788650138
167.84067138622876
167.75997110869048
167.72919229906307
167.708123491784
167.67993175475314
167.65978384123963
167.6237915725778
167.516760611054
167.32192057621143
167.10399581499493
166.86194929802764
166.5701220345077
166.25388819470578
165.94450028168447
165.63670861768745
165.32209152129872
165.05608670544467
164.92228369771846
164.95379861247358
165.06967486697062
165.05021500142837
164.6453533549552
163.73490250405277
162.65811590856254