0.0
0.0
317.84129398929707
317.5451666188518
313.71723509011713
312.9813496266727
319.28768922705996
327.7693536434369
331.9423095626957
332.0505145659952
331.2855869331545
330.9483224527296
331.13935715122307
331.5998467360159
332.08387353376463
332.58861434014136
333.0999224091622
333.62493262011674
334.22498133597264
334.8700208364334
335.4051342331139
335.72375243305214
335.73755761460245
335.40373334482325
334.8728101808122
334.4288332479335
334.30982669352295
334.5538485495483
335.0846137708854
335.8274855463767
336.68945899397477
337.5766661844423
338.3649845594762
338.9829694955846
339.38255473803815
339.5483582412578
339.56615177376733
339.5976283272225
339.8262950122079
340.3576905413821
341.08293917489044
341.8938870234031
342.58789280975856
343.00619436173884
343.201274994436
343.3564408711906
343.66117521449945
344.12778630362584
344.6539379822823
345.15055559631895
345.66811194830257
346.3310915762108
347.0746095991336
347.6327999824835
347.81221413452477
347.65014602870554
347.3150701617436
347.11023314754584
347.20503770317276
347.47035432058874
347.77283937240594
348.0015543303481
348.08594633288817
348.0180369095472
347.85219331470705
347.70916485866417
347.69391217676576
347.8072418720788
347.9676284957351
348.12883252503474
348.3289411490081
348.58552368500915
348.8095453043396
348.89681599989757
348.93233830245333
349.0693590710533
349.32682095266017
349.58267917948905
349.7888545517089
349.9739860037822
350.2217832266168
350.49881097273044
350.6837219641809
350.71731876530316
350.55991787219887
350.15612597501035
349.60118348974936
349.1188943858763
348.9512138183303
349.2213397869483
349.7972652134755
350.4403462285403
350.8998933250718
351.0769228286459
351.0111878943285
350.847967171136
350.6483746714474
350.43251172021337
350.2233321690901
349.98717893728576
349.7407347919217
349.5741242727197
349.582545927868
349.8120503126942
350.17785096840646
350.4384243157059
350.4535601141242
350.21099628130395
349.7510698756595
349.23677102890656
348.87420593257053
348.7930544780729
349.00908128549725
349.3763095568213
349.733483887003
350.0638110297458
350.33451755441683
350.5470847956237
350.7089827934688
350.7665510083068
350.69297824302333
350.413707282918
349.9675368971597
349.5560269581756
349.3969955795196
349.485177995944
349.62440247586255
349.7164851441328
349.7415898448712
349.73108167198006
349.7514540582172
349.83567703408175
349.8886295416919
349.885955590441
349.8752440508627
349.86386781130807
349.93384686337913
350.13665088726486
350.3784643655392
350.4881869048501
350.37773480772745
350.0948752703805
349.6304547154544
349.0335469656486
348.41955590057853
347.8984199574641
347.5329004486931
347.33575514056855
347.3618239600619
347.6525937868031
348.0996586944068
348.567743583784
348.95145494287704
349.1771808297067
349.2286314656051
349.1666218981829
349.0908060574792
349.05820814268475
349.0292566973201
349.03608258147756
349.1156298067285
349.2415655199863
349.4087182339395
349.60496942925664
349.8008715499849
349.88940559323777
349.79964344433427
349.5064148225062
349.05754859708645
348.6217261907715
348.31308238718225
348.15212000740564
348.04439727330356
347.84526040291274
347.5628481388828
347.31478441590156
347.20886557239413
347.1863986463936
347.2275607174821
347.3555829399953
347.5612158638496
347.82133761250566
348.16352918305154
348.6240888465103
349.1446191116363
349.5657112849855
349.7399298012405
349.65874350793194
349.3900255841969
348.9758772136634
348.4509935530988
347.8430599311671
347.13641498539
346.1846696280414
344.82065190318497
342.79605681812524
339.6953429398612
334.87485440764976
327.60785712685254
317.35391941579496
304.12225801326935
288.56303207457296
271.74918063612125
254.8823823354421
239.05523206006245
224.96230076585096
212.57765293716827
201.7596229415825
192.214648351099
183.85561961633175
177.26140561211122
172.74956315931306
169.61653047973823
167.14844432334314
165.26478366302777
163.97718832615178
163.1233618176841
162.60783798280423
162.48849042891342
162.91258834113512
163.92541941208847
165.28182277307002
166.6819067979432
168.01871825232172
169.3578817335484
170.7479265458961
172.11298247817123
173.4482544385011
174.77827380563176
176.09591807776889
177.3262975001576
178.35502526156938
179.09603112383405
179.48329487461444
179.4967839329202
179.14639637337504
178.5150521341905
177.7448752455253
176.93268393456015
176.17829296898844
175.5667413854815
175.25315349065988
175.42601338821189
176.09806975663534
177.11974193898595
178.2301324747596
179.16554870082092
179.8433854245208
180.17564469138108
180.03368502207547
179.44907972716942
178.61259592179317
177.65009438140402
176.60791422973978
175.58214703484043
174.61170802887233
173.73631472354296
173.11008575446036
172.8571114661376
172.97342427209225
173.2867634786828
173.595842047448
173.8569390415347
174.13591903582693
174.44092246186244
174.73951674064585
174.96153162387554
175.0509464767804
175.03070777879702
174.91513729554015
174.70535781688397
174.45645714328066
174.26248219094091
174.2028380183231
174.22961131323882
174.27930935867195
174.35884729666418
174.41128636306692
174.41242583345849
174.4002032710247
174.34786742485272
174.17382653171782
173.82768627640786
173.31323369451184
172.74437834837585
172.2650650762833
171.91408583844267
171.61461593770034
171.3944533380749
171.40625942411685
171.6017202434835
171.74777945317885
171.75842697259804
171.61104987801394
171.3761096667806
171.22138334471154
171.22175682946317
171.33583113584234
171.5046951610551
171.6590951996119
171.83898503771633
172.07531672697013
172.3320978230552
172.601797588836
172.8739788025057
173.12439704832815
173.3408483087581
173.50546690401004
173.6145379797042
173.6553554812457
173.63792914934984
173.59747880951966
173.47515231181384
173.17507631009468
172.73443897946893
172.32826157486275
172.10618241454065
172.08020858539916
172.12651094976027
172.07915236204474
171.88255413915994
171.58049164602014
171.27203747632873
171.04748098211167
170.96430047477557
171.04627292934398
171.19307826877204
171.28073369075221
171.27301635242455
171.12738721676726
170.87459281162805
170.63443540185068
170.4838463243978
170.40605018803348
170.3376576988907
170.27238645725723
170.26961635623644
170.29164851650935
170.27759616521004
170.2404220450215
170.17219133437345
170.05920112958137
169.91845992103106
169.73993450650846
169.50916589919768
169.27667333546248
169.07634262450625
168.91257421094656
168.83861347334363
168.88670364360166
169.08665336925435
169.43226050542881
169.81200614949944
170.1223625913517
170.3432264851233
170.49852349751805
170.6644618437826
170.8501645633484
171.00460985940833
171.12730406200802
171.24275342640357
171.35830192436384
171.45406216169212
171.46598868272895
171.3288088556108
171.11986887345049
170.9531858962725
170.87292088620597
170.86838808792533
170.90611367920033
170.93646521320866
170.89959368378052
170.7644117399998
170.56183460565154
170.37804048515935
170.28454904420425
170.23059314143572
170.13645666742946
170.0323922203509
170.00139391593166
170.06094630486413
170.19749828880248
170.42643101097119
170.7199077179239
171.061422796845
171.42787295710855
171.7974301320075
172.1971364424011
172.62610544370006
173.0286991953021
173.3736559600135
173.66911373902633
173.95143196452597
174.30027094202393
174.7313530877702
175.08707136989267
175.04909654584685
174.05273171436897
171.28265610902534
166.3398707506249
160.86140627967578