0.0
0.0
0.0
0.0
0.0
0.0
0.0
160.46994799104706
163.7027442672744
166.02814316479018
169.48714643090872
175.3978819311629
183.3055485646326
190.88115830988664
195.75378682084062
198.13039467867083
199.3292277649167
200.10567541083077
200.8130652512266
201.47951980684573
202.03696674299715
202.53147321723603
203.01043279762956
203.50781841901193
204.0287432250182
204.52158493423468
204.95166100412357
205.2715151742267
205.45093802740524
205.49600100509997
205.41965502819497
205.27257161795873
205.11203019155207
204.97204963214426
204.86513707397825
204.8262302545786
204.8768995404481
205.0114735874123
205.25330032331675
205.6219588279515
206.1336085444994
206.7826044449138
207.50942517934888
208.23864209530802
208.90627421836433
209.4936573777233
210.074526013916
210.69440110583872
211.2962218087784
211.78796394774423
212.20023470898556
212.55423393839504
212.84604473121982
213.13087601235742
213.4645450112653
213.86372992953818
214.275399300785
214.6213000273419
214.89215631642907
215.09213921110688
215.22794370255457
215.3233993106494
215.37353608967436
215.37024960159567
215.34474468597517
215.31572555453252
215.25116834890173
215.1659701499091
215.08072889241816
215.03856414710202
215.02794254243247
215.03125650434114
215.06262232078734
215.14841622305266
215.2691992073195
215.4323239723613
215.6377449950537
215.88045385597493
216.15733369819785
216.4632511467493
216.78438589599452
217.07776285772857
217.33106521220665
217.53130920866232
217.6688348197004
217.69635910281858
217.59260288651748
217.3711648706527
217.03481644201867
216.58631587020926
216.1187354370386
215.75708870644814
215.53289387570578
215.43872302337076
215.42662375080417
215.4559203010649
215.49609595252605
215.53240315127744
215.5723887038638
215.6457956462936
215.7243185591276
215.75991141754247
215.73420382952236
215.67735456420587
215.65023008405697
215.67500327863854
215.71509371131984
215.78036485620746
215.86457818640645
215.99436627126676
216.24019272408057
216.59206826781605
216.94013257296203
217.22128993122175
217.4185285693744
217.54676373359604
217.61385517185107
217.6450991079797
217.6380569223343
217.59493198490173
217.506335666814
217.41884831894973
217.37578230579746
217.37775616703118
217.35470040576314
217.22528747715475
217.04825306944855
216.9063602725592
216.8580055197289
216.90912478576365
217.0393860643191
217.1852396770846
217.25942133142846
217.2559362441447
217.22563816913265
217.21825758892868
217.22406966351912
217.2194743018158
217.17164519547012
217.0946375373482
217.03243017334248
217.0136999723996
217.04307233983872
217.0870543044899
217.12626663472
217.1685093004794
217.2537070486373
217.42806735466337
217.6736924004447
217.93307352003984
218.178963682323
218.3806115672387
218.48779721725742
218.48526914267302
218.37825842900642
218.18497412976302
217.9538599134036
217.66386216899647
217.3392021813083
217.04832194342833
216.82545542484104
216.6770450402086
216.60173434920716
216.5678396320236
216.53628947370282
216.45850036126197
216.32223913051735
216.1977630554968
216.13285423347355
216.1274887646796
216.15702486906636
216.25861916812363
216.46105449808277
216.73288100496583
217.026073282612
217.34202299352137
217.66164591406147
217.95987908639958
218.18292421569203
218.31778918819955
218.35420897901062
218.21805909880968
217.89129030648766
217.43279539304976
216.9120526098299
216.35407789192442
215.79193875329892
215.1985569702407
214.53217842968056
213.76676897810597
212.84163112633084
211.6491147148743
210.11768319940745
208.1937004396394
205.7693713880324
202.75140131105425
199.08563794156498
194.77236248720234
190.04143285514556
185.38153447894513
181.2754953968518
177.83502011298134
174.8775888996546
172.16663014274044
169.58680875383945
167.1556415226304
164.9878339678259
163.19514268048655
161.76876288376516
160.6896475368869
160.01586521022784
159.77649292532953
159.852371253856
160.0192501736314
160.0892876715865
160.16084099752982
160.35091769045243
160.53975061891043
160.64019457018026
160.66846545843268
160.70399403943284
160.77006907241994
160.88716712856544
161.19262569497556
161.78670989449648
162.4548395485496
162.90836177134736
163.14373655883364
163.31514963724945
163.50275775701155
163.70494515683978
163.9405170703921
164.18035814160402
164.31889089701457
164.36437729415547
164.35652363026625
164.38936752536347
164.53089580681473
164.68359151838735
164.69435056091814
164.55094804249305
164.34844476225396
164.18814859642276
164.12852969149608
164.1413133705837
164.13529777405904
164.08421413445856
164.03814508369175
164.0378555843342
164.1011093444925
164.26262421209833
164.55092087595222
164.92600846120354
165.281081669086
165.54996112603874
165.77731763995195
166.06074125442467
166.43631528130257
166.82203494596436
167.1751870539387
167.49879137525912
167.77968800796793
168.04581563106856
168.31081870953537
168.57426972608005
168.8939445219641
169.29791944667954
169.70741071574585
170.02363255096762
170.22603041767636
170.3219236530132
170.32422147614227
170.25639456040741
170.11616635159942
169.907439192779
169.70376996640357
169.54691405605013
169.43624078126044
169.34230138603567
169.24734763406622
169.1189420618046
168.93781578456264
168.80163962397316
168.73549494069024
168.64103508155975
168.39742031574045
167.9735242678002
167.44148151212636
166.88165860487416
166.3981237619553
166.03157396706064
165.71709524190447
165.39147970004785
165.07005245736846
164.8138742376577
164.6953840241927
164.71401466863423
164.81678149705715
164.9668520115829
165.17065369845452
165.45547498519318
165.74558436191927
165.9419429076015
166.02118439086786
166.08279643457917
166.2919624430159
166.63898865173613
167.02003766515037
167.37043725964017
167.6344025345447
167.78171326231444
167.82528916237717
167.7578303142348
167.61513147920436
167.43725416989304
167.27341294199357
167.14783828011247
166.98808521399644
166.7847060897409
166.58631621398618
166.44874869402693
166.3563752087405
166.200782892807
165.8832258018387
165.40261828207318
164.92333334112377
164.58904223992425
164.3963857673023
164.29598110856816
164.29403375569368
164.36216329615482
164.4305493900078
164.48838308495203
164.57168812428944
164.67471804796332
164.75113417594332
164.81439645641325
164.93428951606194
165.18558954973386
165.54934911104868
165.90193351225247
166.14804461076025
166.31029792727833
166.42403734781803
166.51485222426797
166.6022788319866
166.65577778814674
166.6665988140735
166.62821322958928
166.56931844495313
166.57120473428034
166.64489929151935
166.6865492362088
166.62598681015356
166.46721416609202
166.26276942118872
166.07702986585224
165.96693114632882
165.95267698748864
166.0422774328407
166.1684721435882
166.2417257342484
166.24264705492226
166.18054689094407
166.11198185757712
166.17839333704052
166.42185243548002
166.75909711009777
167.11472056159104
167.47606296041056
167.8008259392657
167.9721001073375
167.9203812160054
167.74034241246372
167.57350441446272
167.52925408291003
167.68445498073277
167.9912723318801
168.36076808895385
168.7041731914414
168.9326850298721
169.05672623711047
169.20838281828924
169.4181669534458
169.61918972681798
169.78666786908363
169.91693271027742
170.05319371708538
170.26738115266522
170.57558623121997
170.95624034945766
171.4011216169414
171.8155610262807
172.0561917158598
172.05323763737766
171.86609946773834
171.6278620665191
171.29354681978617
170.6688365057662
169.70426209241748
168.6575118913164