190.70528105196502
191.71722412839785
192.82042339581736
193.77687939132463
194.6182815036393
195.43493432867473
196.23060806680755
196.9834286830336
197.69410208261525
198.41167725980537
199.08028045205418
199.65676269430566
200.2086910914628
200.77002433966345
201.38142803827654
202.11242331064437
202.97809010871626
203.9091116528871
204.84146095017667
205.7251097852042
206.53412381061366
207.30438828052996
208.04157636624475
208.72209412773984
209.32283239552498
209.8495813956359
210.34928752991195
210.82184080553617
211.2544913310886
211.62465164807818
211.89480493585086
212.14216367425973
212.4160937631322
212.6545293645159
212.81904393808418
212.89235762758202
212.81129970537785
212.57913597909976
212.20405382005174
211.74574474699926
211.2531142448462
210.7798307779664
210.38720610039326
210.08681215113273
209.80437244733594
209.49221945342995
209.12719576009437
208.77029229561887
208.53053071148503
208.45161680843262
208.50589178114748
208.64460169792898
208.86124629727112
209.14577102982827
209.51877697354857
210.00154399224522
210.56164626132266
211.16146748106019
211.7980014116606
212.50016639325332
213.229599616166
213.9220123061107
214.50596172949446
214.9440799660637
215.24784037526837
215.37317442055098
215.23877531864935
214.8821165046132
214.43847085595
213.94601019721816
213.49458420449042
213.2311499380095
213.15907564755307
213.15221439996273
213.1583785690388
213.13059418456749
213.04347628268815
212.94913939023127
212.91716311171783
212.9747756162596
213.11063478058387
213.2834316927998
213.44881450104424
213.62023359550946
213.83080484986445
214.0757444264509
214.36870553368107
214.74990517877785
215.2392774325836
215.8296147222549
216.44552961953718
217.0631078407029
217.66597192679376
218.17808400625768
218.55883507531308
218.8082778372019
218.88552237235683
218.7659498509046
218.39688322523307
217.76493965108375
216.97996482331186
216.18007561923815
215.49437729268448
215.01977301900195
214.78920383074973
214.73483180058057
214.78848211635926
214.83418927890042
214.81563445810193
214.80298596481643
214.85583580887513
214.90239403257027
214.88821281240135
214.86985721354745
214.92235920108064
215.03740661643178
215.19780513197153
215.45287992961323
215.7976863362476
216.12705282127715
216.33565857662154
216.3845631165331
216.26334665399236
216.04888836628461
215.88745823158604
215.8193134328419
215.79240083478464
215.70163105950456
215.55578701273961
215.43926654762123
215.39848772999744
215.4742529293867
215.6055404207217
215.7230785971139
215.82204748087867
215.90212513048158
215.9157779652307
215.81813111871782
215.6199785889015
215.3450769267802
215.0114568220818
214.6403822691949
214.3429625636462
214.22859893023582
214.26858926914883
214.40094078677842
214.58344378383458
214.7877555749281
214.95909353879136
215.0525099387884
215.08013457367508
215.04165824020362
214.96124947045737
214.89617422926702
214.88624409812263
214.9457617063079
215.08387163624153
215.2835236093534
215.4749711643829
215.60086298005206
215.7336081314288
215.93778461274383
216.246662518618
216.6863758622783
217.27662762733013
218.04402185285545
218.86839343568784
219.6028690487296
220.1806016438873
220.6200862031101
220.94646042615966
221.25405321410915
221.5999491610678
221.7962717899922
221.58383706461947
220.59800576200664
218.42086559770502
214.56080774728466
208.27884644908198
198.694981344766
185.5297727497486
170.85356525233075
159.46493364556846
0.0
0.0
0.0
152.04885739208544
165.80027639873265
170.87409473046992
165.3145365065925
153.7274352429999
142.18754060153978
133.97925246273516
130.713954802485
132.8984379436672
140.31624990663494
150.21520857790463
158.24703937128203
161.61236878570563
160.80379029275556
158.41058601874107
156.38211015647406
155.2152424040646
154.71104466286718
154.51014726477638
154.43453429614482
154.43513596884182
154.41688884762706
154.5280407977542
154.87065953007848
155.30385133517075
155.70837124562544
156.10175710519954
156.5216416570767
156.93558379304528
157.35059136906352
157.8171302282397
158.29996517587296
158.78906280912162
159.29219333784144
159.6909258134939
159.91000756673833
160.0835460957222
160.3064853438546
160.5915858869108
160.9649464980357
161.39234701001925
161.83819132203567
162.29363238989058
162.74029592053392
163.15620627559494
163.5207082614333
163.80219869084294
163.93168152207627
163.88025831399443
163.72996592479157
163.52612624408454
163.24208087691682
162.94880119316608
162.7687080143125
162.75977469250867
162.87041390041696
162.99166321475013
163.1066287707494
163.18004790999487
163.1718851130985
163.06237568620944
162.83784690719892
162.64002091409816
162.51336134527094
162.41811692805817
162.41117487315972
162.56447569124333
162.85296397729792
163.21963324206513
163.62974795067402
164.09728984432016
164.65620851656655
165.25450657183254
165.85429729755847
166.4116929482591
166.92330657105805
167.4554095896441
168.0979630868368
168.88775494163357
169.74161206514904
170.52670023547114
171.2022813399252
171.73466621982323
172.13011052561833
172.4819885320588
172.81079090320884
173.13486191650088
173.40598563375778
173.57564120585613
173.648280946729
173.60528134183167
173.43406195720587
173.13248467620133
172.66986512081772
172.02004598753297
171.252610757504
170.50401387371232
169.8896291169893
169.43587429014332
169.09622541170225
168.90519018409572
168.8543829464835
168.87682754607346
168.9288788852936
168.9715862636761
169.04150688560532
169.14802509464505
169.26124278591703
169.36023963103244
169.42638773684817
169.48431876880613
169.58082955801208
169.7399190866996
169.95474861401988
170.1826121129855
170.3766084142377
170.4529296312914
170.41894299889464
170.34644741084364
170.181861997109
169.93170839720628
169.71947958858883
169.64528092509383
169.74047018366204
169.980973435403
170.30392422091805
170.65937336260475
170.9602352085023
171.17658329867677
171.3415947857944
171.43147008618615
171.39206059545413
171.27218365150122
171.12752126420773
171.02314702947857
171.0206993942119
171.0855234906515
171.12290857094462
171.113381027381
171.08879559276613
171.05847332500676
170.99925882911307
170.934174100977
170.90417227616814
170.9266921242446
170.9793648251833
171.04203619310738
171.19717135999048
171.52602524991545
171.9995009362739
172.47619999868851
172.85895244094553
173.14112424175974
173.25736826485956
173.24890789376443
173.19451618647267
173.19686587044424
173.31348141928393
173.51142629605178
173.75171065700988
173.99128304686963
174.19555602864943
174.3338518257123
174.39927444381533
174.40041151206535
174.33563954848955
174.19499715689273
173.97879035494086
173.7252392500484
173.45333604219272
173.2019517708124
172.99101897753624
172.73656026337892
172.40169667750513
172.04846245769477
171.70273535085738
171.34480354518183
171.02276617057106
170.83037150807655
170.78879673466702
170.86061199575585
171.02489613540175
171.23770099428617
171.45653058169592
171.6436082274158
171.7943063594423
171.90817550731742
171.99336884098247
172.0574558072289
172.11316129966005
172.1733170133021
172.2592914742237
172.35538906109704
172.39065135354898
172.32575980445816
172.17846673288884
171.9877124713202
171.85938746131717
171.8053941679456
171.7194340793382
171.54334303819775
171.30685639307296
171.06924662124507
170.88367827059574
170.75677183453874
170.70170947798275
170.72567395759876
170.79655541104907
170.91644848443246
171.08909372449716
171.1569165364697
170.72127901992815
169.20026311553914
166.34251662391335
163.12532585895954