0.0
304.39177457319533
306.16639695274216
311.47240585497804
318.77715169490045
323.19248624723025
322.9875055401694
321.7555008017719
322.472497998326
325.207895844086
328.84855595622
332.40711004876175
335.4221562820768
337.764750173263
339.4536697000132
340.6138743843501
341.4891367402682
342.32618709298924
343.2571269926345
344.23164934673713
345.0577926716149
345.5695831744722
345.6773053868344
345.4376224821532
344.9992687660847
344.49106292116795
343.98632518589926
343.52241636904057
343.15091859723947
342.8685754220289
342.60417986906225
342.2374268023333
341.7283272107667
341.2039439185006
340.7850238604274
340.5000092628104
340.39845856002614
340.5511152947969
340.99385150077893
341.6015215558686
342.2280656053936
342.78306410181335
343.1880731114668
343.3909688041466
343.42002758973683
343.346334208155
343.2133880297609
343.00294476297273
342.71551843967904
342.4261814314788
342.19853159130537
342.1454711093214
342.3681061812557
342.83621781108286
343.4396902239253
344.092868334831
344.71362172546714
345.2293867594299
345.5745709128456
345.7545356718374
345.8601725075268
345.98306130199205
346.17948915679995
346.4335926212475
346.62189091043
346.61695759972304
346.41834152182514
346.13449662794335
345.893785570481
345.77489450467755
345.7515194710042
345.7557719802554
345.77584371752744
345.8889460721066
346.1559172357845
346.51143713221825
346.90679111532825
347.3020100102057
347.64708373086285
347.90458042140807
347.9992015054146
347.9115818781637
347.6855290531138
347.34769951766464
346.93563675728933
346.47642189624185
346.02916258876337
345.6725862471891
345.4048059172194
345.14259415463516
344.83050801507216
344.49853467918217
344.25920699421164
344.23954834135014
344.46780714188
344.8640684864492
345.301208942857
345.6535473564892
345.93171940237266
346.1351438831777
346.1663501196168
345.9716654111764
345.60346666284926
345.15531068552457
344.7708403145141
344.5742918816102
344.61613309185867
344.9088898118174
345.3803473107262
345.88991966059467
346.3550960046792
346.70396894412414
346.86367646710704
346.8155802657582
346.58175221221313
346.2273723723807
345.79149389572194
345.29274832510214
344.74161052592626
344.2028461895401
343.75565668952254
343.463842045239
343.35052042928044
343.4531702065673
343.7793206079121
344.24125149079396
344.6966523195063
345.04945909586957
345.2600941140196
345.3620933930041
345.41333178432285
345.4349438196148
345.4613283549384
345.4893713224732
345.44714904341436
345.2549073486968
344.9050714638633
344.474565040714
344.0994939238046
343.896596465059
343.8822449171889
343.99486191532446
344.1969260676146
344.5122311570407
344.9721627233247
345.51972398890746
346.1133998275035
346.76636371612506
347.51956958339895
348.30875811130136
349.00489311374025
349.4806189498218
349.6619534286415
349.57267538025485
349.2723655857162
348.80213386000105
348.15623254201967
347.4461374471216
346.8336950717164
346.4146627003372
346.29864593213154
346.5156819234059
346.92926775524484
347.3634951847158
347.71195428328195
347.9291526128552
347.99989336698997
347.9954465136294
347.95393794984204
347.9060261750759
347.9097863299478
347.91822867847543
347.9378108659019
348.01615574115397
348.08563447529383
348.0362490239245
347.84724032526816
347.5335716158045
347.12706560847766
346.6523325703539
346.1590307383159
345.6701603281684
345.2259328703547
344.81144022426446
344.325172661814
343.62966719270145
342.6152066812426
341.2094889639454
339.35802466737226
336.83022160572375
333.1736671242388
327.91318560330984
320.7023947472219
311.4079968778275
300.2228836630195
287.66090164482586
274.30384795975203
260.89691259649027
248.1779500071556
236.2386053869081
224.99472944963279
214.47937627047094
204.8673124424028
196.41043185065172
189.19720306468037
183.21354742526472
178.38960297843622
174.4400452346094
171.16081055491233
168.54640504693688
166.64155416213526
165.35092761209452
164.4958003189477
163.919371709532
163.59606428550455
163.58611746325232
163.94506313153954
164.77776486230627
166.031548195573
167.51899083418655
169.09820152887602
170.68655636712646
172.17585604786845
173.45159685772472
174.4621598648331
175.18501530647941
175.66780861159896
175.9752537474065
176.1596930036104
176.2744404135246
176.37614941465623
176.50243978390677
176.58550188046706
176.5829993502103
176.44049688074756
176.10936578514145
175.63592449301564
175.1006969320443
174.5092063910843
173.80364692437632
172.95735829908443
172.00582352099502
171.02039494661238
170.09068126134534
169.34324236209486
168.89911709419442
168.76823327596694
168.87308477491553
169.13963618942233
169.53442624205496
170.00397478391517
170.43892819106304
170.77126171459824
171.0695904619965
171.4097447055498
171.80533058267457
172.22013164784204
172.62771508686814
173.02407842193705
173.39989042451987
173.78364860217053
174.1941470929919
174.57978482441212
174.80119814834651
174.74535832688613
174.44524066403645
174.00854442419998
173.51028416914716
173.03923417156375
172.69517574462327
172.48174337092684
172.3055415524192
172.05970889192983
171.66165648289243
171.09845247384513
170.4703594166895
169.88231634259108
169.35274531560714
168.86042635419693
168.40444728226856
167.98938591789187
167.61873094583888
167.30232753774317
167.09082621706153
167.06292463369851
167.25218773164352
167.59187101844577
167.99599917012085
168.42397701749132
168.84620957473123
169.2318590911982
169.5713700565265
169.85022840220836
170.02764091982397
170.10607002220127
170.15530057002627
170.2608685189331
170.43102317669968
170.56614393742083
170.5931025435463
170.5406204830797
170.45874857194988
170.40804217123372
170.47741145121125
170.7158655049566
171.12388865973602
171.67265978919974
172.2923781848658
172.89697655993504
173.39535036589015
173.70444507189228
173.82337449369385
173.7984944010111
173.67879478624832
173.46820359677628
173.08577801656037
172.52832892699905
171.88605052336692
171.22759725084404
170.62575515957616
170.1191752206042
169.6822467225065
169.32343821285158
169.05895232562705
168.8954288184898
168.7911176545374
168.6805164319632
168.5688306090442
168.51670949423186
168.54951980235003
168.67095950109086
168.88171348613787
169.16790049656237
169.51628442537725
169.92356878827016
170.39779803926277
170.96719215578622
171.61512440403013
172.30465017891092
173.02901945676504
173.7614384163311
174.43328642045572
174.9814893801734
175.35806648103616
175.57884925471845
175.72099868358026
175.81188672396976
175.80826346001032
175.71037655991844
175.58690295989902
175.46980830501963
175.3771684317131
175.2588018632983
175.04037134535645
174.73484679873764
174.3924419338195
173.96792932140332
173.41070259811238
172.85201594108233
172.41783341007866
172.01597134114957
171.55181634891744
171.05655876717836
170.57465477729465
170.12879615470834
169.79373440601063
169.644265950238
169.61270712898195
169.57654146594547
169.47198853255247
169.25770296652323
168.9245178897309
168.5342600508349
168.19548752960378
168.01384510613437
168.0635622034617
168.34098457145691
168.76130707274976
169.25775242633378
169.83631455878728
170.47996694661165
171.17092894948235
171.88875198295443
172.60966404841002
173.37614784175827
174.23829701834669
175.14932112696684
176.02692242545385
176.79144584903975
177.39910027627633
177.83937408088292
178.12287183403623
178.2696151209724
178.28463960440538
178.17706340088077
177.9124733402679
177.50792980016382
176.97031785624708
176.33217601654212
175.725616748921
175.31184405689208