0.0
326.688689231024
323.00626487813355
323.79020616321094
328.7901544847203
334.58319602809934
337.08839761262095
335.9091225102923
333.76169643943746
332.54964701957783
332.43696793008496
332.9592005113744
333.7256979970277
334.4974074294172
335.317844453835
336.31063476689394
337.4345960462844
338.4827277962697
339.47581199791335
340.2217494588399
340.5000278676783
340.46781425838014
340.3746525858908
340.2814875102836
340.119586348735
339.8886787173983
339.6751603342541
339.3654167141542
338.9760338528703
338.71888107699095
338.7401421970549
339.1145531209271
339.7942170255763
340.650381688832
341.62526582132733
342.62744709589765
343.49730391591686
344.0874494968141
344.35271387689556
344.4096954692719
344.40571597200085
344.46500733399245
344.6717339862221
344.989225412287
345.28558370909167
345.467192931408
345.54081555977996
345.59717384242884
345.7299535331019
345.93097625582027
346.1549016385294
346.3892771040008
346.6648247541734
346.91403555159985
347.1475927825862
347.4379897788141
347.7408179226768
347.94353443089875
347.96981465090386
347.8005470236948
347.46656142995346
347.1000377087547
346.79884863418
346.6239394832718
346.54097758472585
346.54884286693994
346.73307749518597
347.15920508936017
347.69332118816624
348.1250738673404
348.28154883757406
348.0934891047405
347.6614281788884
347.1456513523135
346.74448196487276
346.6129704532736
346.8279173008184
347.3883511416258
348.148836182849
348.866337516162
349.2724381886514
349.20134555483946
348.68001307741525
347.8879880881393
347.10423200195413
346.64729259577064
346.71132407883727
347.2435098220888
347.9998858313049
348.7420293882591
349.3091034418072
349.59633296598963
349.4554382779795
348.80248033246875
347.827667621015
346.9055992064765
346.3283194152421
346.18178924263606
346.3988776946129
346.77459438589244
347.0779473272113
347.3086429841645
347.519126888252
347.6535761252526
347.5804149935622
347.2236443042325
346.6542277491664
346.0714194015847
345.65247984067884
345.4126309544337
345.3220818248828
345.39010745527014
345.6251935951502
345.95386038324534
346.2986096568789
346.56257339933455
346.7372566227941
346.8982555505812
347.09968819645377
347.3569936462826
347.69399538502154
348.0728090474835
348.3790467042221
348.45732973283214
348.1875450477349
347.60556407694156
346.89721751494733
346.3065459287169
345.9746348144783
345.88305729861855
345.90967530562875
345.95233681984956
346.0287909064821
346.1874280037523
346.4655572556944
346.91407305415913
347.4637304146562
347.9958566329483
348.46166666200105
348.8224507757111
349.0609097164688
349.2191181792832
349.3000299531596
349.28062684063445
349.10535985940805
348.7318891997566
348.2857243885354
347.90787758513466
347.6180580893208
347.34003336672026
347.0339873886531
346.8095491997118
346.8777377072768
347.35154199029114
348.0154677872137
348.60156647272
349.0241357102482
349.3535858855786
349.67582634236373
349.9958744794074
350.24127223992724
350.4091298220085
350.5713097152547
350.767408645097
350.91006592774875
350.83122681872675
350.4398247424702
349.82208650190194
349.1766276961039
348.67507628903513
348.3923492543206
348.3065214145776
348.35994629744016
348.4337817898887
348.40314061818015
348.1977681342999
347.77625508817425
347.0972228422107
346.08268208256857
344.5452441027743
342.13462697603234
338.4142639443435
332.9625072998757
325.5405295455259
316.12400538387635
304.7962160045161
291.92776585983074
278.33487697450335
265.05678451844847
252.6839503248975
241.04111774897962
230.18649030104376
220.5158055598386
212.46991535990887
205.6819947423054
199.31037997197905
192.95266110308742
186.73812123892114
181.30281040075383
177.15041082256482
174.22939295463954
172.20256795047874
170.82578705149194
169.98969982126738
169.55780459066506
169.286652937439
169.01622925112753
168.79441458928378
168.72052866288442
168.91732843944223
169.45755921701465
170.2736199722922
171.25211586223844
172.1845332032036
172.98295177537585
173.68124802491275
174.26261213645105
174.66482253666373
174.80051769271003
174.64518935083254
174.274697050804
173.73034242120212
173.0442866211485
172.32002397842075
171.69701335995632
171.22453377674665
170.87380427784507
170.62441195086691
170.45607592645928
170.41274303870313
170.53785874127124
170.82233801349997
171.1855094633083
171.49651089155694
171.67144688998698
171.7542283553234
171.80955960023104
171.85202958740626
171.90248728408918
171.96520658756674
171.97754188943878
171.90011808284567
171.73779580231346
171.50223468846906
171.20342659132362
170.90050467550228
170.67914578215
170.56838203739184
170.5258394809611
170.44523573090532
170.26053386487098
170.0340218403827
169.8572204978299
169.73868518107201
169.5932610829097
169.38840030667842
169.1852609759102
169.02084365981278
168.92406243331902
168.93425009894526
169.0668643004866
169.28319935610864
169.54658305790275
169.82618301843388
170.08751894600377
170.3228969211307
170.532659501748
170.73461852515578
170.9511011143269
171.1196139944948
171.20350905656164
171.26799556056685
171.3587036846331
171.49957971556748
171.77471699688988
172.1698246969764
172.55414411891843
172.86535147876765
173.06030111463323
173.10884967976935
173.03807687461168
172.88736307308096
172.78456441266582
172.80432569586998
172.92839606859914
173.08645696319513
173.18769894979346
173.22431140267423
173.232343957663
173.23054966798145
173.22159203720446
173.19633801831193
173.1585953318398
173.15423333360786
173.1939263138023
173.20805367375874
173.14091406758115
172.9465650463281
172.6326390357372
172.27782642334682
171.9438595601133
171.64162155384523
171.361781671769
171.1300073737341
170.9820248662496
170.9180504814829
170.91626502713
170.9375469246065
170.9296195291137
170.91215392879772
170.9372792355167
170.98557387703931
171.00088605547845
171.01768064383202
171.10034903778862
171.29652939000897
171.62195910998895
172.017832582349
172.46289854420235
172.9533946633212
173.4101119003103
173.7564889477004
173.96452401230314
174.10666593990547
174.29279591960528
174.48457140406714
174.6480544226378
174.78921872920137
174.9037051830733
175.0536000385912
175.2127752717329
175.30121369126303
175.3797695918724
175.57268570991633
175.95002603270729
176.4410684125278
176.95354316401264
177.3593757341725
177.60760858316132
177.77115200047828
177.85543538819564
177.81528987600825
177.64187234818422
177.3960528282976
177.129349786156
176.89275996363813
176.7244961445917
176.59661057172647
176.4552084974125
176.31769086805375
176.2295773104321
176.16197933524484
176.10741204351245
176.01732061188693
175.83654956192163
175.56569865962672
175.21116924706993
174.77343195911465
174.31757014771915
173.90077620182427
173.516559123387
173.15978838916067
172.8151974017723
172.47116972613838
172.1437030436848
171.9010939950055
171.74000254479353
171.60273945903617
171.493742858722
171.43195227905068
171.370793482875
171.30010142379277
171.27007879837615
171.3551631573966
171.58981509300344
171.89591528503854
172.21300769838504
172.49053836307453
172.69705693522263
172.8891422899029
173.1471578743416
173.48451662724239
173.84458136856944
174.16866297305933
174.44470473121828
174.70231585665135
174.93331139212495
175.11415376908445
175.20406990713042
175.12311083814933
174.91097838831638
174.6403545716258
174.39159910191663
174.2891407253522
174.34947936494655
174.41040762834547
174.26202681849816
173.69670858389975
172.36950106225595
170.1185450593847
167.58938691797476