0.0
232.7011630269085
247.59216814078553
248.09514144350993
238.1192678054198
231.32289438077106
232.75328738617154
239.56761320132733
247.5062451868543
252.8781745677353
254.94008486681003
255.89573164457306
257.03470091547433
258.6004373831759
260.30181388546805
261.8027120399724
262.9360862386412
263.6768224938515
264.06084919486074
264.1748627732296
264.0990562156834
263.87706249574535
263.54957697307367
263.1611297948824
262.71770783719046
262.14332287553464
261.3837651850813
260.4956064324554
259.61834392517926
258.8728536962178
258.35421409004664
258.1822351293433
258.35881595998615
258.7602927213085
259.2107874111142
259.6669172123123
260.1667383819722
260.71319636539084
261.24096253719284
261.6522804605051
261.8962815095345
262.0141816842155
262.08020695035293
262.19648355219766
262.50289848715835
263.0789958797748
263.89412011693605
264.82075782672734
265.66026966154345
266.3101906999563
266.7158510107613
266.8304650017668
266.67665358705165
266.18848617064606
265.2261649163522
264.02171219779814
263.0534288886947
262.447899643653
262.0797813336346
261.90515366362195
261.97007751056117
262.22050045827797
262.4558393236434
262.51284859351074
262.3676040626919
262.10299434876606
261.8075365858778
261.5593606813675
261.36768293984625
261.19796646024486
261.04893088956584
260.95823635744716
260.9752100398696
261.15530439616384
261.5326976542682
262.0878895847412
262.7062241661535
263.210632088554
263.501875142808
263.5392848257553
263.30895129780214
262.8687999769186
262.3045479080526
261.70925144116626
261.23251043887757
261.0206524854131
261.08018453417844
261.28120785477904
261.45016134223545
261.4628063629384
261.30861442848385
261.1031304830013
261.012650488699
261.1472609640857
261.4529613344048
261.7463573871463
261.9252510817736
262.02899070943295
262.1665324223843
262.4007289634097
262.7515768478568
263.167835547782
263.5326723307893
263.7193948953776
263.6527570032446
263.37857694613666
263.07896693614
262.94802666231874
263.0537130833449
263.37708036552044
263.8478915647354
264.3168286840778
264.6440355773084
264.7819569705329
264.74195084062876
264.5609410792158
264.2929425025232
264.0141106950249
263.81535324050526
263.7588674476098
263.7993108023088
263.8327109064068
263.78486954499556
263.6776466616648
263.55932283528585
263.4490344758972
263.37754006253004
263.3906009787925
263.4862778827227
263.63893697483985
263.85667762623416
264.11497752979267
264.3427033602818
264.4767809767382
264.53547936808155
264.5658587916397
264.61406797039285
264.7173517956537
264.89280194169214
265.17939286797053
265.52298565785634
265.78552309584563
265.877353503668
265.7943284842173
265.64235251944115
265.52282219758655
265.4081585999829
265.2440689533308
265.02931411089344
264.80486195607614
264.64456001945683
264.5953809652917
264.65226907027153
264.77490742205606
264.9128842556722
265.00278107817024
265.0338934321761
265.01569818337975
264.92422166787094
264.78430779442544
264.6442095444783
264.5284445444512
264.4056879581873
264.2204850024116
264.0151463522669
263.9213134817832
264.01231756601527
264.29625085558183
264.7487037325511
265.30396020346984
265.9064206217157
266.4860628995607
266.9401448288248
267.2041619049185
267.25570657880405
267.0911796115185
266.764360751277
266.33579907601757
265.7967094087795
265.1606452960047
264.5054038038947
263.8866263599193
263.2655658455502
262.5860109301345
261.780153520358
260.6701278232605
258.9669200218989
256.3910814481198
252.79347567145194
248.1448010736152
242.57620309258905
236.28519912373577
229.4067165106323
221.86835329491058
213.43936398777325
204.2714862918412
195.33593219015913
187.22748098396792
180.10508339839492
174.2518592395191
169.31552763436056
164.6859861885527
160.25801805563827
156.21137205585168
152.7316827307424
149.92299713944007
147.77625543838502
146.19178535224702
145.05703288971466
144.33651730107943
144.01391527655795
144.0085107950536
144.2296317248535
144.64988312789788
145.30010151445936
146.21863082775616
147.3394032273743
148.49204259988014
149.56476184522228
150.5485423202116
151.45276162037274
152.30037818916276
153.16430259770772
154.07841509155477
155.01846831046424
155.9345193240112
156.79083745582506
157.6000907164927
158.3615262066813
159.05617682480067
159.70752318339805
160.38327857777304
161.11771403349604
161.84463066035056
162.4419441147526
162.8308118288754
163.0109215104325
163.04222029546054
162.972303787226
162.8826476337046
162.83488146109053
162.75001406344109
162.53270770119212
162.2089050149278
161.8248352424034
161.40944745343847
161.05098963392385
160.7849970709891
160.66132173156507
160.75639486401826
161.0560832497656
161.45371899031144
161.8678672978495
162.1991969615696
162.45798553531318
162.78210139964114
163.21615935348572
163.66651642520404
164.08437697815157
164.5311861022525
165.03386493903696
165.5381552213126
166.00116268370255
166.36683268176702
166.64033528531593
166.84088979350477
166.99408842803416
167.17386360785272
167.4162411064141
167.68756787437613
167.97643176213612
168.2555304026679
168.5032992015809
168.7056800791709
168.81389362922775
168.8192732807725
168.74032908559093
168.61144109186222
168.44709973451856
168.23939264334615
167.94961663545115
167.527825168016
167.00714287455216
166.47113052750058
165.9910066537896
165.57580112911373
165.1744158880387
164.7597717244545
164.35476505287232
163.99117730299486
163.6822611430397
163.44121019567712
163.2977870926682
163.2851793103248
163.39794611673088
163.6319108122192
163.99798525119624
164.50098546804804
165.1558489353689
165.95280606677085
166.83271612423667
167.76112421687273
168.73727596044716
169.744211845234
170.7725678344917
171.83313785257252
172.91326355204097
173.964859023048
174.90217513203243
175.63185352407285
176.11298195343437
176.35186586449294
176.38315455223588
176.31047341773075
176.19533380752543
176.0489737634426
175.8011374062653
175.38012812718603
174.82805824863428
174.22079443541332
173.6221743475724
173.00908728946604
172.36077669224008
171.68547280513397
170.98816658570934
170.2395528825568
169.42683470186927
168.60417466570598
167.77940526557128
166.9882641773556
166.3055715180388
165.7615567463609
165.36301258002794
165.14547314018492
165.13240686542144
165.31224127631936
165.64651031609984
166.0919226234457
166.59047284608062
167.07622096870122
167.53217177898608
167.93151952421826
168.25416520165743
168.51620828946238
168.74899882674922
169.008723117507
169.36021601552852
169.70225660170624
169.94718461798738
170.12618107634313
170.3451552427847
170.70760716212064
171.1431786666324
171.51121689069805
171.77059225475156
171.9278316492302
172.00684303853077
172.04700340761576
172.04474608704214
171.9758005203554
171.77849179933463
171.42873321489424
171.00263603586546
170.5888061174348
170.21869642474624
169.88933490402508
169.5281235710795
169.02616682190757
168.44424207231694
167.99888532477507
167.8189211070541
167.88221011957495
168.17489016047165
168.68761019243755
169.29667975059925
169.8977851333835
170.47888764041238
171.02351340015525
171.47684350909108
171.840546720978
172.15892967113962
172.5138818600547
172.9579205176233
173.45535195402985
173.90517319931368
174.27438485889624
174.6296458187005
174.906521750121
174.97631120989115
174.81332341269317
174.5156395768073
174.18625972106892
173.88953265672956
173.66070881218405
173.4318053450769
173.1100655622352
172.64483183776508
172.00433605813663
171.0905806613232
169.82319397749148
168.46742770270933