280.6874302373631
269.2208339172406
254.94186642356576
242.58682570920854
233.80609239281986
230.20276129937142
230.85289808365215
233.61656955401565
236.83809044114034
239.7922721775407
242.3073134230462
244.46720646267815
246.3848700659985
248.0352960276919
249.37928631218116
250.44166532774764
251.28956084434543
252.0229341015478
252.69146598523182
253.29442302941172
253.8253316826292
254.28707238276658
254.6699188830391
254.9405649685794
255.0169925037291
254.88806275914834
254.65907986525085
254.46787773445902
254.36687808586592
254.32143418757136
254.2900001267385
254.3063995742109
254.44695152843244
254.77658183249943
255.27755180196124
255.8824025016666
256.5417947286916
257.22814166190494
257.91318434279344
258.5519912746357
259.13991299436356
259.6896974161452
260.2157820210782
260.69604667662975
261.0563549393883
261.2246860014826
261.24788564886853
261.1971081330119
261.1572857501067
261.24047957635867
261.56201010024057
262.0715524760518
262.60429944278343
263.0463818744423
263.39897134816584
263.7131524191945
263.9769396546954
264.1119480916032
264.0642338805928
263.84799422460384
263.5440477910382
263.272704783431
263.12929793428265
263.11736474484314
263.1653541640211
263.2025684841707
263.19361699170366
263.14139091620655
263.06289142522564
263.00511827825795
263.01332493271764
263.13196128551925
263.38120045194046
263.7294929546381
264.10703696165245
264.4387027184728
264.69453218287043
264.85858542385705
264.87520368547416
264.7002837294556
264.3390093178614
263.83836467214337
263.2498784431636
262.667506597993
262.1940435978986
261.87268164101255
261.72294107812115
261.7514991390786
261.96833464001645
262.3040813590977
262.68248026415876
263.04480820586025
263.3490376469434
263.573245448178
263.73808003165016
263.89342622141146
264.04783383789635
264.16512468254916
264.28255562589925
264.47661911733906
264.75296617960436
265.0738460787156
265.36559603975456
265.5419160078076
265.5525487153327
265.4382247812419
265.25191812402966
265.03736889907555
264.87471187265226
264.8205906202362
264.8547626797959
264.889262200017
264.8573691747344
264.7690413231845
264.6580900448649
264.5592851199819
264.5442793988286
264.6242501096755
264.7305540283782
264.80513512750076
264.8069853873619
264.7058773321474
264.5252442605597
264.33660688308464
264.18277474259025
264.0633239133741
263.9941895568704
263.9638496143071
263.91140514683394
263.81789504368027
263.7164741645456
263.62135322500546
263.4970935654303
263.34363375976375
263.1710174516303
262.99326237268644
262.8723594252421
262.8732418576867
262.9748905711251
263.09961554814026
263.21268695088634
263.3314794763727
263.4648403915745
263.60290207556824
263.74932463291003
263.88128553338095
263.96849939218237
264.02995657225557
264.1369406015448
264.31932056037675
264.5659888799821
264.84343273148863
265.1092132399162
265.3126186063797
265.39007976492877
265.30710546861764
265.0615410519738
264.6902205776468
264.3313992004623
264.08249395709083
263.9932233864774
264.0687050820785
264.2484645574965
264.43058500116024
264.5185734157857
264.529240217747
264.54266029758145
264.5781697509354
264.59611000622056
264.573383270845
264.50436242770604
264.39875439961935
264.25953180948585
264.1243107979053
264.0482298841592
264.06019759421207
264.1681679413244
264.3177676858688
264.4534416933255
264.5341882031792
264.4930903186983
264.237372194735
263.74532894609143
263.0436310770594
262.14264993430913
261.0182528336832
259.60702209916246
257.7862052907592
255.33250028816366
251.94265654367564
247.3639964640918
241.49056485165738
234.42977161678843
226.4216711690912
217.7001662815165
208.4118595741175
198.7703431101367
189.18118850903912
180.4068263860257
173.2835667562967
167.66416860364362
162.87554733619257
158.86799645151933
155.6551329871026
153.26239683138726
151.94314083250183
151.8758682262539
152.60899496443233
153.3426294910216
153.6394594627838
153.5618543478285
153.39996211231116
153.4022464491904
153.58533048754717
153.83856072856503
154.0858663284544
154.30658623511786
154.4972787507665
154.67609914331234
154.9304442415673
155.45095367346977
156.36606129167055
157.68712564947353
159.3302398465826
161.16945771601962
163.039684157222
164.73401153898658
166.0332098321209
166.81110273592674
167.08271377769609
167.02477236748425
166.81040206862542
166.46073568145763
166.00487785121658
165.58955440076105
165.33085621056074
165.2108801302214
165.17396501592526
165.15543918628296
165.10058109083496
164.96730740049745
164.72204357683924
164.34761706556884
163.8720892434449
163.3969883569739
163.01970978459454
162.7807399786878
162.67906543678606
162.66515679709443
162.70871949256875
162.76062150248774
162.84075128843767
163.04927376642254
163.3755083889297
163.85685363119904
164.4032517729676
164.9115425461366
165.41694765874058
165.93819097533225
166.54231803275889
167.2545411756916
168.034905073015
168.85647819197334
169.7208357410622
170.62411717161604
171.51549128518604
172.331802756229
173.09878174499323
173.76481245566066
174.23026784751247
174.51335122107992
174.63214959279165
174.57533688401784
174.24078172839873
173.55864887642127
172.58631314843035
171.43305699335332
170.19418222132396
168.9737864086033
167.90505708874224
166.98037270002345
166.0470978173555
165.01786900944978
163.97853859924766
163.10317494754833
162.46900798978635
162.03487851203886
161.78070021669458
161.6872128828382
161.66606435629274
161.63846859395463
161.60313824651234
161.59188482162241
161.65560588231318
161.84974374822798
162.1881820333534
162.65821308360367
163.2408903444604
163.94804812678035
164.77071294609263
165.6412985226172
166.48866046732587
167.3183386023645
168.19895803796626
169.18440865115625
170.2448711076542
171.25978429976118
172.09743057703088
172.6940417934513
173.0917078166615
173.423979319345
173.75301891663338
173.98042599613208
173.99584051948602
173.76148789709865
173.27093328197344
172.59651936582947
171.8176914164406
170.94076002780247
169.96784491249923
168.94299089291863
167.92249760513454
166.98097884499063
166.21221309635828
165.61613862935317
165.13230398924523
164.733983237264
164.40495679691304
164.1144689842522
163.84886505212577
163.6365253040529
163.5649149973906
163.71981692517193
164.11179241934613
164.68925708199203
165.399525619003
166.18763363572407
166.97868556959796
167.7260493579958
168.37783670097164
168.87985198192152
169.21628101199587
169.42264355354575
169.5729146338216
169.70993594408225
169.78588845870337
169.689013206448
169.33421592040213
168.7334285066926
168.0072603719732
167.28580687534526
166.61747173748654
166.00311381035505
165.46732174245327
165.03752427629
164.73321934539865
164.55417176042926
164.45192069248287
164.4036178746417
164.37553945305064
164.2941739555488
164.0949843478991
163.76202861027903
163.35741136041705
162.950002873483
162.57909515348547
162.29179217938747
162.1686256626548
162.24136110941492
162.49270263358454
162.85557551496822
163.31037274693975
163.96952119732669
164.9431472159634
166.20473438277125
167.63771741749005
169.17548001986344
170.8896584779078
172.8509492951562
174.95833200863999
176.91556101953583
178.42963383544742
179.4174958715164
179.99086448679603
180.1805722860878
180.03720143424505
179.69881595226224
179.21717275528536
178.56729188063525
177.69234616050875
176.57307888779826
175.29680252038474
174.08799271972993
173.11934321043094
172.36225040492212
171.58870044940443
170.5752502532226
169.06178713087894
166.34516789341103
162.4796823156188
158.74137217303385