0.0
328.91378308815297
344.0185202367214
352.51482411481345
353.9417871728689
351.6904766519926
346.6200213260545
337.80301404851394
326.7498400752954
318.17672452097094
312.82790710275344
304.7679206219888
293.85272722319553
284.5242195166658
280.78969033856674
284.4630132404367
292.3542440927866
300.2076779199499
306.35879882116876
310.7319271196039
313.9412041982454
316.639153050299
319.16626552588735
321.59377467255445
323.86592210469973
326.0027283349313
328.0827348382945
330.1719376000822
332.277943214168
334.39418771355656
336.5687380799866
338.6130124914951
340.10446574830996
341.1171806947402
341.7980644624378
342.194114170906
342.33323497180606
342.2783712313518
342.1342904454805
341.9538281225231
341.6894774240292
341.2351867237074
340.5743263311193
339.8237042149639
339.1644811329706
338.74401097254827
338.65726714028614
338.90211865992376
339.31010012489895
339.67917762038843
339.9065472100154
339.99944875689033
339.97637712297364
339.844074461819
339.62362917489145
339.3921444203181
339.2832324518098
339.3693679768095
339.6016914139707
339.89456442336757
340.1719398876262
340.45832717295133
340.79452510156136
341.134772550051
341.44090501254004
341.6936990326485
341.87244996842185
341.9781621206894
342.05517986577536
342.1294975094184
342.1543282805351
342.1539900542592
342.26296417125087
342.54346074825435
342.9062572850851
343.2323265791969
343.52089174119146
343.8193117356911
344.12463614215596
344.4337689659164
344.72649151305563
344.90301476640497
344.9434174307059
344.8844769991375
344.74264834782406
344.5715642880133
344.478079065501
344.53237677448163
344.7083609514066
344.9402023459423
345.12157426321676
345.16642372397365
345.03098498712194
344.801317919359
344.61398741100624
344.55594701434126
344.6470591730937
344.8742574193865
345.12979900585464
345.27848946468725
345.27711723041625
345.19352073064493
345.1220469928171
345.0504712513192
344.9752544223941
344.9392309185079
345.02655851035297
345.2146644218651
345.4347382889477
345.62682119212235
345.81738709352305
346.01177380329983
346.2575170033351
346.53269629846756
346.751784954216
346.88277304459854
346.9046009039769
346.80494184918734
346.6128857164174
346.36583175130335
346.1265448852332
345.940237961495
345.7634194704702
345.5661399010329
345.29472992139154
345.0102654401803
344.78119705740335
344.6903394708376
344.7560092652326
344.9399396313183
345.1041186799882
345.11577431225345
344.90545631102134
344.57526304464824
344.3180377356068
344.28583310861575
344.4410272172738
344.6579404064761
344.83139793216003
344.89945971698194
344.9191845730062
344.97012580274566
345.06593373857464
345.14472165563075
345.1066625925374
344.93629603445584
344.753131412475
344.7499387842532
345.0408025342814
345.5497569963525
346.0089160798352
346.25922140627415
346.3499425633423
346.4101985618465
346.5022826722179
346.59348604022256
346.6457239618442
346.61494171412784
346.4955619193531
346.3399674935763
346.19310174246607
346.12607142687506
346.2486403732505
346.5977411443101
347.16878785898143
347.80750765099316
348.27634251598437
348.4720778338429
348.5018277433662
348.4506096027819
348.2756156760573
347.8569700578376
347.1199247621365
346.043313659943
344.63362959636186
342.87860066460695
340.5434326427858
337.2385131019021
332.6085762571755
326.33494952869125
318.1683612553214
308.01702704789585
295.90618894704636
282.24733285908917
268.1232616577533
254.7713336205414
242.9850631871175
233.2051161259011
225.45309519877048
219.089544014654
213.03264000817694
206.5039099603274
199.39731574202548
191.95265176630826
184.68451730946794
178.44556789465673
173.81315392104256
170.57366879922208
168.3019702601489
166.91277689484633
166.2569163447122
165.80732022946825
164.96862940168168
163.51458710655137
161.6069979477428
159.56646302382117
157.72001691904552
156.26113381727131
155.13403289030416
154.20661431372355
153.43081833205474
152.83853460132244
152.50813283896343
152.45553447617922
152.67159549343447
153.1697883446481
153.89909342975892
154.78921126763444
155.75385156405605
156.7043222210331
157.6269984348629
158.59054553517882
159.61887173377437
160.60912389318494
161.4193353369978
162.0489256288369
162.60836636876112
163.11816824835347
163.4764749847117
163.51188050431932
163.06794767274337
162.28300671145885
161.52476119865963
161.0174582452136
160.77714168096503
160.7644884293568
160.83761028119517
160.8844528765481
160.90135986446822
160.9227328075158
161.04497908632788
161.41532745581128
161.90093640459511
162.32116299467143
162.78326957846505
163.4423398070669
164.35235068864634
165.4613344874033
166.66462115236737
167.83170982849924
168.84714816932586
169.6887891413058
170.42537171984046
171.09892970020928
171.6520376060384
172.01908540825227
172.22084405527522
172.33305394975
172.38805057357143
172.34659366440755
172.18410461789048
171.95863190707112
171.75685238548286
171.60813600135526
171.44239022533117
171.14324475169116
170.6628683396371
170.06598911650804
169.43404919913493
168.73913269005135
167.9398217376736
167.06057786298112
166.15235143852615
165.32506044419975
164.69896106711104
164.3729652504368
164.31878319716088
164.39426796398604
164.5286085653172
164.69996867909583
164.94402076008382
165.23524259639186
165.52459505294934
165.85934027226955
166.27125444777238
166.7683546806744
167.32273137340079
167.84280453752928
168.242499697808
168.50115789760534
168.6159019398769
168.665221147139
168.78669759547319
169.04859383096866
169.4089683872615
169.7663735670713
170.04408357231034
170.22722362454653
170.31680413847926
170.35452187107927
170.39733738447393
170.42055060806837
170.34314356378513
170.15455219616433
169.92471470966052
169.7565642588661
169.6362245236034
169.47808953567738
169.27197723633077
169.04400937320605
168.78664622868698
168.49186491429995
168.22500509188907
168.01887827799519
167.87529707025973
167.8365525182612
167.89139669039199
168.00227001500502
168.15457108710095
168.32201093407417
168.47009614151114
168.62277537131064
168.80333186389396
168.98595665135636
169.15587489966185
169.31208368966145
169.43131004133957
169.4890310739177
169.47246206720362
169.4081560134326
169.4109274638701
169.53878795420593
169.76041350904578
170.01321334885722
170.2377208169564
170.39065518970992
170.44295696545043
170.34528214955643
170.11906152048306
169.81443751663852
169.43419080044276
168.9925121131395
168.54450275256372
168.1080836241721
167.6548192532155
167.22347523503208
166.91064646785114
166.7792545089159
166.81658160348945
166.93096102600774
167.0497377516126
167.09862866714516
167.05220646885866
166.97852575825232
166.9915929544046
167.17662129206337
167.47041218319336
167.72036734436813
167.80707465304565
167.6872834709332
167.39104737508225
167.00165477167332
166.61055354110664
166.28204039373347
166.0031605482205
165.7699339887008
165.65183611115788
165.63003524503557
165.5791749730676
165.44688105677466
165.2926314515194
165.21452862559886
165.3262398963024
165.6977773327451
166.28158242130354
166.9663375573832
167.6296481332622
168.19686688805552
168.67778313639766
169.13963251346334
169.68683552522998
170.32889616003698
170.94701273480695
171.39985238668174
171.62146918018937
171.6649273793405
171.69601230302757
171.77404433246915
171.87096700742217
171.94280749573858
171.9427968290835
171.85879439563513
171.69103421555917
171.5408735516896
171.423454136464
171.24456010740306
170.95080344416994
170.60571315528554
170.4015740839104
170.5705314179626
171.10971248779254