0.0
0.0
260.36483425787446
254.86467835614576
255.55660505197397
270.5867993323287
292.17053901557193
306.55305645896357
310.5275640090129
308.2926241832312
306.2591335141387
308.4251736257269
313.5953711445732
319.32884970089367
324.414637909711
328.58604624228315
331.88159912493967
334.4173924700799
336.30791632311985
337.71388514294597
338.80227592148987
339.64818376252754
340.35310579598183
340.91296736690083
341.3250082951787
341.6715023443647
341.9961770747657
342.28004900897133
342.4940415848025
342.71927940378544
343.1197189980554
343.6725776325952
343.99105149397985
343.8648184077875
343.4000051334199
342.76641924636317
342.0900504368517
341.4144180505685
340.81549048290486
340.3608948026698
340.0218165099008
339.75234470533474
339.56577934873167
339.4898882192738
339.51532106471603
339.58658794224135
339.6032333431881
339.4728237181304
339.21068874882076
338.89632267956256
338.5670460558856
338.2230522680355
337.86900950287
337.5860308093123
337.5445613585457
337.7429767793382
338.08847545865217
338.51012954730066
338.90866892879285
339.212326284989
339.4131569992607
339.5884968206054
339.8158487673011
340.0798228386202
340.2912538924919
340.4174750904296
340.51427582793275
340.6682781150922
340.8771100321704
341.10033854720615
341.39154025864184
341.7843074768665
342.2728326947045
342.7754590045554
343.1697204588498
343.36722361662885
343.3529840713881
343.1905458060993
342.97370798932286
342.7894686184817
342.6653455659195
342.59955697260995
342.6089489796592
342.67362977126226
342.78429703617974
342.9001170687295
342.96057074812404
342.96416265990064
342.9593729861291
342.93202729046226
342.8881489772972
342.8623556418146
342.852803195785
342.8434930470966
342.82621273019754
342.84073927500555
342.9986669406659
343.3410793324441
343.80431066349706
344.28370796719156
344.6820137559555
345.01979203582664
345.3533933474256
345.68326673549603
345.9054491917319
345.93816882949614
345.7848199298743
345.53338781687523
345.2274773074024
344.97051043224894
344.8577269486566
344.9106086690764
345.03132905114364
345.1610451893502
345.1983946776472
345.1347341592511
345.0291499441526
344.93579361912714
344.8768604201975
344.8725936057093
344.94546341770155
345.1431025299738
345.4819183247378
345.9358602641734
346.4210958815437
346.83835265386676
347.08080926836203
347.1721447959884
347.1824424059951
347.1231600110309
347.0164484157349
346.94520847682224
346.92564795923784
346.90590008530205
346.9296146092396
346.98613495722896
346.9948956166627
346.9704686236561
346.97072187912175
347.02518903255964
347.14778290060644
347.2743875518416
347.36609168807826
347.4487014091809
347.53766342798104
347.60124464361877
347.5734015690356
347.4913797346219
347.44575399897036
347.43512612692604
347.4448366487588
347.45594566846427
347.41098902243414
347.3296129472687
347.28082778266247
347.3477844959382
347.5765258503666
347.9024261866233
348.25995110496353
348.5514219134528
348.7155707358767
348.81642652092034
348.9937692635552
349.30704038656336
349.66955474043505
349.98013379192525
350.1943235354133
350.28827842842486
350.18959502452014
349.9000743038516
349.49160575694776
348.92026257546166
348.078231949872
346.91508031553167
345.4194518649311
343.59353240910883
341.2875758569443
338.23898351975697
334.1692862036954
328.7854642672624
321.73164705950256
312.8261932260888
302.1612232704705
290.0456315080809
276.98120755683556
263.6820190108258
250.61891758902982
237.9886563304309
226.14511160050245
215.72607694597662
207.10509532201044
200.00256488209604
194.0078618531834
188.77862081462905
184.36768774855634
180.9857685605923
178.51746273361462
176.47549131250818
174.4767153746048
172.51796114896416
170.76770499528317
169.25025462986025
167.8240941689936
166.33599484396726
164.6192781961883
162.6711661785891
160.62180259479203
158.62832223250885
156.89161205768048
155.6801090364541
155.14965816646566
155.2148347511432
155.62099955176467
156.14959135782726
156.69552722405126
157.29562762311883
157.9735402156138
158.63323213288535
159.16402468361753
159.55443565891792
159.8574284425045
160.14615957245712
160.40584382092806
160.51459036996982
160.46503151476156
160.35847184093552
160.224865127734
160.0708158755109
160.060287257287
160.37118856200752
161.09843706861193
162.21631114087538
163.58461924228067
165.0304918746536
166.36412080193122
167.43100124230952
168.13972055006593
168.4968332534189
168.60855247784616
168.57309618575556
168.41904474624528
168.14121175055968
167.77823088768008
167.46435049570368
167.33545961322966
167.42183911035187
167.66571476773368
167.93039652074663
168.07285644315465
168.03695242267142
167.85826159866207
167.631224106056
167.4831999638985
167.48530525325214
167.65722654085945
167.97668051850354
168.40314228985542
168.8967134258375
169.3992032440881
169.832590601509
170.11933775199037
170.2438234897898
170.20521338503633
170.0088698908547
169.70442626251702
169.32431119684455
169.00387893501664
168.85795724631004
168.85266946127967
168.88880631065538
168.8766837127904
168.7944932774292
168.76300864405695
168.78061379274126
168.7019938443724
168.46889927035352
168.1284471579264
167.77742143480944
167.55155187479025
167.48873469159253
167.57882596284946
167.75852191382563
167.8951746445989
167.89402574288508
167.74119998042028
167.60120013670004
167.6093927383056
167.72902738867396
167.8861021140379
168.0569968835363
168.226310637563
168.39937583047353
168.57059486598314
168.70601537258278
168.82106753464905
168.96174037891518
169.10078093947365
169.25670165322742
169.43001676712916
169.57978781788864
169.69533408204677
169.82285769432812
170.02280643315171
170.30947479105254
170.5992810922079
170.763116063979
170.69276828510158
170.42140590340247
170.09225442176512
169.76585192762084
169.48270871717787
169.28024514328223
169.11878147675154
168.88051838388003
168.52885567050004
168.1586187998187
167.79527921000627
167.343271150991
166.7861978153694
166.249105292324
165.84716817782612
165.62317391045747
165.55763818012747
165.5468691035604
165.60579702640402
165.77875509096134
166.09287982709725
166.61754688727495
167.2342047180131
167.92487468901606
168.62929325498683
169.27829505773246
169.8840025294401
170.41540233363781
170.8860689405076
171.22325250120474
171.3760093706599
171.3692842586281
171.25560638489776
171.19611835415162
171.3509713734
171.62432826945732
171.802368114355
171.72483060929122
171.43833672928045
171.0177763925211
170.50728221186154
170.01060102604956
169.50745230750513
169.08401927525713
168.6708167818535
168.1009779116405
167.40083216835328
166.75793737989525
166.3326805867995
166.13805755031944
166.25382992714287
166.61604864354064
167.1116189754168
167.73445660683973
168.25578175962244
168.5922907451304
168.8907856088586
169.23787581271765
169.5790673760693
169.84862233049085
170.07676992677688
170.33610917453913
170.52360387038402
170.6184885192539
170.757641652017
170.96230387317348
171.06817191246859
170.95889093034947
170.69707407189603
170.32704038471226
169.8477115224472
169.34999471866877
168.9191628113468
168.50373174904257
168.06363101697917
167.63545941497034
167.26686379728176
167.04002087863682
166.95509548764917
166.93878124269017
166.9690590412961
166.9086911798168
166.80108726730387
166.74271933160614
166.66106321384095
166.5579015772749
166.62927561438505
166.98501968823467
167.61517116543644
168.29738622521052
168.7794344608084
169.02268421743813
169.05673408472384
168.94305979343937
168.7629227045909