0.0
211.88240394915633
214.69892846028324
224.32013195716337
235.90978122837168
242.81407761447798
245.89103564177387
247.7179134026676
249.35504198046425
250.92425397902377
252.27924353258726
253.4300357712164
254.46775546910695
255.39277370623657
256.1299848376956
256.6501107234694
257.00696056648013
257.2483506957082
257.4101134624362
257.48703196575514
257.4596833136974
257.32073501309884
257.11988306260315
256.9492157010827
256.91391264199046
257.0204820556263
257.2146362913092
257.4621195377024
257.7273797901715
257.9719867930344
258.1705120247351
258.28487898361476
258.29258156220675
258.23760690873667
258.20013625700483
258.20839227742357
258.212838009969
258.16218601798107
258.05903576156715
257.98419129554856
258.0117319981608
258.13216176622916
258.27557574806275
258.36942300687315
258.43636036913017
258.5727375364304
258.82790618205604
259.1669038144871
259.50462183977726
259.75161439146035
259.82720148986664
259.71324648492254
259.43895618412495
259.0902968705969
258.79569436986003
258.64920321871494
258.7010282075557
258.8734867380495
259.0801575012655
259.29571759642045
259.5015437330638
259.6438032867739
259.66113959421733
259.51549592805424
259.2703393397719
259.01118763392117
258.79295441526614
258.6946026052167
258.75053959115735
258.9092457719097
259.14082981388725
259.45662648143355
259.872770300422
260.34341826549047
260.7766002138923
261.1182943084153
261.40002709048844
261.70039820624703
261.97984339176617
262.1570960168973
262.1991554487335
262.0952278999853
261.8504211575682
261.48583104169467
261.0350197112595
260.58717668309947
260.2575270325077
260.0746697977872
260.01567647066776
260.0384688461378
260.0839208917749
260.10755467300726
260.0743746191749
259.9825673418327
259.88838627168764
259.8280796453734
259.80872062788734
259.8170530425482
259.8562120298147
259.9381222568104
260.04048045628264
260.1119991202157
260.130370088637
260.1606886072668
260.2757288698933
260.49600142125337
260.789962443944
261.1069905952285
261.4390755495858
261.7651458824832
262.05032949844946
262.2535687378745
262.3299073656076
262.28387052861723
262.1951946468152
262.13152284333455
262.09634223159185
262.0846749216784
262.0770218992752
262.04461516983827
261.97313217335915
261.8837036473899
261.798257391336
261.6806472462189
261.45723888319964
261.13046935061607
260.7276104519145
260.2526061463296
259.7302925512085
259.2302132169012
258.81143643553935
258.47366339141354
258.2205242921095
258.06160458914167
258.0023543547394
258.0600339578702
258.2379126274429
258.50825884375433
258.8196920573421
259.1063088035839
259.3372138774889
259.52334302343877
259.6893781302949
259.87010561637203
260.0757010133574
260.32402786676636
260.64410485691945
261.0453521830388
261.4758132277039
261.8780794467135
262.2499158989907
262.6199682321542
263.00758326989296
263.38212061102104
263.6795044536399
263.88546243664547
264.0276786526425
264.19016005217736
264.46785642417046
264.90623171970185
265.49118277603134
266.1176761051053
266.68843837388175
267.1481080220102
267.4620170343978
267.62075649355916
267.62124980275297
267.4517780327083
267.1457693496933
266.7972507119246
266.4778269676438
266.2172004294206
266.0051122670137
265.8041774478784
265.57691860885143
265.2845831888865
264.89203402519763
264.3645564537884
263.67084253350515
262.73805510613556
261.46032855935516
259.70411790137484
257.34443317219745
254.23744173546717
250.1901503282053
245.07646926105323
238.99569856831664
232.23437117477135
225.1494942196508
217.99114581919844
210.9104775946203
204.0413070768735
197.4720305897376
191.26233630365275
185.4933939846291
180.35821068994431
175.93905681761095
172.05094109561242
168.50052197823695
165.26429791154945
162.32534927355934
159.7786686286734
157.518482291054
155.22117262924985
152.94989980154162
151.01148311907198
149.70895886583205
149.16407384525814
149.14428792444326
149.12680867660958
148.66750694313671
147.93794109855406
147.4919591027415
147.65011122155235
148.02255192186743
148.26839018377808
148.4134626467423
148.67526469399513
149.18829238787964
149.9458959789894
150.88326352606924
151.79763440462375
152.493029706933
153.03485936041994
153.6289756907422
154.33489415411645
155.07405763536264
155.8153985593949
156.59700936371527
157.47298834589046
158.45249837288253
159.50189892573422
160.57914744493155
161.60891791848354
162.52870743183004
163.35253986558158
164.1045141377448
164.70946936210657
165.0437898492643
164.99037756773387
164.6120038420376
164.1402494540948
163.75123197339957
163.47077992157398
163.27469538901988
163.16115635661566
163.2151233372452
163.50395466246695
163.93474127822412
164.3973813325861
164.82106082757272
165.1424005250886
165.3163099163604
165.42175264066594
165.65228694606145
166.02712376642006
166.43272447134072
166.80748430698338
167.14137806435866
167.4673118887253
167.89778097813937
168.49757360230166
169.25382359699546
170.1262245479332
171.01451421460084
171.78940899319838
172.42166538787924
172.93709786790637
173.3659088179159
173.73135488759644
174.0145015610398
174.1653969280377
174.12938383831232
173.85936071739744
173.34620139971204
172.57932789687345
171.58638870184814
170.46739542467566
169.3617059492193
168.40643560747608
167.6586639019169
167.03310169471456
166.40830351283566
165.82360934318012
165.359607108427
165.08282649066814
165.08826007083283
165.3150718386241
165.69493492684774
166.2290002873965
166.8009981471906
167.28477596370587
167.7507197728671
168.22677495024746
168.73997062745042
169.31979633435927
169.92799392273008
170.5182526644585
171.06933967388434
171.55764678679668
171.98201038533657
172.32805424158545
172.57291377569638
172.72176475481064
172.76810253101368
172.67814560846398
172.44436336881006
172.06229333839917
171.55924392241195
170.9545878223609
170.25391415768922
169.49181125662585
168.7088748238731
167.9806621181586
167.4046504805406
166.98225109446747
166.53732370384202
165.95331143735
165.34110626671435
164.84523852228185
164.59157345620838
164.5890996421142
164.7362821571381
165.00610228876297
165.4845111434111
166.14013259219894
166.79293979237994
167.36333290747723
167.9170540972515
168.49693828738756
169.0433508125816
169.5323480688303
169.96697211726087
170.29576523464257
170.46829523744688
170.50672889585513
170.4877480314256
170.4207506665289
170.2494111020158
169.99510477249805
169.71690649466913
169.42591248803677
169.12517325830618
168.82580096366112
168.50144817495175
168.12851534398462
167.7783684024086
167.52866847981224
167.37703983587375
167.29160724941337
167.279168150573
167.3361193369986
167.41498618247346
167.48263993574142
167.5412487630399
167.59831774114846
167.67421037918675
167.76051304178156
167.85932439264616
168.03672846262307
168.3039821061738
168.64125012324666
169.0006155044208
169.21405979018698
169.23586161159432
169.3019237917842
169.4823987488679
169.74828616871667
170.13732326197754
170.59589671837867
170.98481264707925
171.15598677452934
171.08795126772512
170.91241878656234
170.77431656608036
170.7514017028668
170.86635391251923
171.02677001629831
171.00994501595667
170.7385744019507
170.23423464770264
169.48186641501823
168.4194865786597
166.99418736547204
165.49342070214982
164.17397218518275
162.93698291840573
161.7019106961243
160.55446803309906
159.3657522642414
157.84209639726615
155.83659876112907
153.30035278827924
150.44273030475358
147.47319460744225
144.5862728471463
142.0542942401916
140.08842887658713
138.32390537011287
136.09860182619113
133.68702442220047