0.0
187.27463910266152
199.36383493738882
210.8093531164572
220.5182431853257
225.63517789575144
226.11847521478163
225.1594210014254
224.9683779612298
225.7667397341356
227.15175908561042
228.7798913334072
230.49436651520637
232.2103797509406
233.85877013400835
235.42099928108584
236.89390131351252
238.24386602268635
239.4104987682336
240.31072365358423
240.87640311821127
241.14021124902297
241.2703630361762
241.48250669601495
241.91379348677233
242.57821372438542
243.41458434531125
244.3419198176551
245.29850175344785
246.23640659871768
247.0916214496949
247.85346913699956
248.54501558472649
249.1815269011058
249.72650168475917
250.09694184456447
250.2468693294204
250.19089281323113
250.00801827493075
249.82091684704653
249.70544111313149
249.6669116007189
249.67050122412616
249.7102257103943
249.77989591867208
249.83760829489017
249.86746324733468
249.89851609568757
250.01218348520064
250.30353493399986
250.81613357685438
251.49687983312572
252.19058753859474
252.74325838580654
253.12655790432007
253.4397765150468
253.76367395628606
254.07189210618043
254.26737312277342
254.26481065272827
254.0727521788997
253.80471724496573
253.60226837163054
253.5256985097751
253.54229996718138
253.61897133552085
253.78884400668142
254.06760374909481
254.3884089970629
254.64506832247562
254.72606615946052
254.6107839655541
254.37694500742572
254.1636228077997
254.1584580082772
254.4698185253241
255.06509600844544
255.8166257995243
256.5602723750619
257.1696132568765
257.63539941709445
257.98312876216005
258.22331522537
258.3710615148942
258.44295351942515
258.4596744999107
258.4816478566954
258.56570447487036
258.683374275818
258.7361359940052
258.6398065190119
258.3442863012633
257.81948836011253
257.0452497042164
256.0714012643092
255.00177890003047
254.01542726381695
253.2992265482328
252.95057722439023
252.93301728242943
253.11176955766632
253.35110455529977
253.5686317809712
253.72880027011672
253.8649851196168
254.0351291861447
254.32956887472946
254.83755607269572
255.60187089520875
256.6118896964947
257.79673167766794
259.05583200622027
260.2616506513749
261.29559916452195
262.06234545501457
262.50125004854976
262.6370927410553
262.52418710509266
262.1935298271807
261.7366383054295
261.23273247863153
260.6822983105962
260.11756298427133
259.63193069478586
259.273624389799
259.03001987544974
258.84876401076457
258.6578490349911
258.39774517363645
258.05199334302677
257.6542114450829
257.26678258084564
256.9718800793237
256.8197303626074
256.7879035644364
256.8282813524852
256.9496391850356
257.1591372386105
257.4129227275986
257.6428613532767
257.78054711811006
257.76761738460846
257.5754506787735
257.19494700425673
256.679990359832
256.17306535078046
255.8407856562258
255.7566200721936
255.90629623105787
256.2105028447741
256.58079592559375
256.92558906873774
257.1650913298132
257.2861089569674
257.3440436619492
257.39261730548753
257.4758647610774
257.6007958896988
257.7827954743466
258.10159827891334
258.6215759572476
259.3096308286072
260.06260835713744
260.7852091939367
261.4169300306323
261.9110234397395
262.23743673684294
262.37739048819606
262.37701465257675
262.32672836762066
262.26650616686027
262.15481324485415
262.0025351364074
261.77780422102444
261.36681519329807
260.7068746458079
259.72016082781795
258.2713197944509
256.2225200983583
253.35205385704296
249.31371154573245
243.68414784129607
236.08788758422585
226.52334394766137
215.65542285152927
204.38875382531242
193.04430506201072
181.29337235451564
169.34566538752685
157.98300132992352
147.55781671129307
137.90106047665068
130.00732084967447
125.64106653014235
124.59345755753415
0.0
0.0
110.77616173923413
121.23357662100938
130.22624668675536
134.93498494707507
136.74156083835416
137.75338371859524
139.07499672814626
140.81721290134277
142.6413278879784
144.24110232729117
145.42535668803828
145.8887584191333
145.57392490507291
144.9015776731062
144.4066132044219
144.31519982184307
144.67345241904152
145.43472507787357
146.3158714466672
146.90239459954762
147.22721464954907
147.7228454015759
148.69114715429325
149.91695055706688
151.0335437035136
151.96079000309697
152.7091580451778
153.3038407079618
153.83451949991715
154.35022922489787
154.82384304184933
155.25237919993165
155.68405011427717
156.14399940308633
156.6603717420618
157.2893041295784
158.00709863713587
158.7000472972101
159.27424667083977
159.74857980283502
160.17944880104494
160.54984367888582
160.76389003091026
160.77356259080778
160.6614787937734
160.54714774322838
160.40955242845524
160.18853368667604
159.9181573117685
159.68352266081425
159.53272655305386
159.47078954361623
159.4890827334144
159.57122960887008
159.69973837565718
159.8439839914388
159.98179039440512
160.11050353357544
160.2652487263133
160.46184272738842
160.68916430324938
160.90479902474164
161.05338271367563
161.1874509839789
161.39350635975055
161.65150811786623
161.9154538208365
162.18928376537758
162.49008724327382
162.80594293747822
163.12303041597045
163.48231151093935
163.8910398665647
164.2743268116076
164.58560113696763
164.86435989388806
165.15961299180867
165.52810628767557
166.03201330337671
166.61103434960773
167.14848441655698
167.60830026521506
168.03703682884762
168.46685909253358
168.8392074895421
169.10527570438924
169.2415971371604
169.22854009023428
169.05492120948054
168.73434532566282
168.30504749371076
167.82025271266207
167.32575255393283
166.8601495049597
166.4654131467912
166.15194616974537
165.9227724873632
165.77630215838832
165.64161854892004
165.4479871578851
165.18794089610032
164.90033207331905
164.66100229223582
164.45517193418226
164.2818565295975
164.1672150190045
164.13168082444577
164.17886733963937
164.26875726166634
164.41570250405601
164.6556798942533
164.99483222343665
165.41580866945117
165.86526663777445
166.3181901442767
166.7869948721667
167.28786698299342
167.78210751710353
168.1966272197242
168.50373692538355
168.7266165667136
168.93174527929705
169.13453967715665
169.28305617024796
169.3297692565657
169.24709234962143
169.06306717561304
168.8505686299553
168.65019883688376
168.4558844884834
168.27789835563902
168.16351345942508
168.15222820852102
168.23898427226771
168.37709680543117
168.57809851826383
168.8826161177319
169.21973610279605
169.43659719937955
169.51461216229492
169.5211212832843
169.45211278724355
169.2828103433834
169.0299158635628
168.74211533050118
168.48313150188704
168.21088959925686
167.8892571432902
167.57426153310055
167.3242480901245
167.11522291258348
166.87953042365496
166.57982288428266
166.1811056733918
165.72645485719116
165.37184755166567
165.26039931646235
165.39424047688908
165.67355487616965
166.03341607742806
166.47579763134104
166.99603264242748
167.52362151856005
167.98056894586125
168.33387499808546
168.62427684244938
168.9350309489482
169.29297256526218
169.6416427362983
169.88401060180155
169.97150981411772
169.95894619011955
169.96170106474545
170.1161413816513
170.44356573152788
170.8234746706155
171.17942784680088
171.45122268869272
171.61648379114354
171.7242589899375
171.85554744705115
171.99965087466902
172.06165948704137
172.0235178925543
171.88194743864176
171.65796705883014
171.38112358266625
171.06145614190035
170.69636967209567
170.26273214556994
169.79416575093137
169.3332503684888
168.89047883233889
168.49864542940165
168.19675249727436
167.96080194431417
167.7279380153454
167.4650566041749
167.18383315960918
166.96958986361594
166.9554242848404
167.269152614345
167.99408919830407
168.94934821686945