286.4860541257428
293.5125138507177
299.26007122105483
302.38622853742703
304.83107913994394
307.6396354287598
310.5932108125798
313.3960966361199
315.951728638512
318.2572304390908
320.3272643135955
322.1340899044256
323.86304585251753
325.60108605206835
327.2015278704283
328.42982146254326
329.26637824945624
329.75213372405653
329.98233269544255
330.0508610996807
330.03443088278857
329.96657104667776
329.9113385157767
329.9173258606306
330.0599962991524
330.34461457702207
330.6967588563307
331.06860281921377
331.5348382467918
332.08345180216804
332.6662621543875
333.26587405395014
333.9394957354461
334.8278904431186
335.8481936847633
336.82216596319967
337.55275125968944
337.86366804540467
337.691038649819
337.2286083683799
336.7526669849083
336.4816938807464
336.4922722590285
336.7840931146457
337.2322158167805
337.6570055999474
337.96414462326555
338.14432097945814
338.2056052764414
338.20865191411474
338.2196161478539
338.30899922032
338.52626621668276
338.8353337499597
339.21531624830754
339.68899193612566
340.2731307196563
340.9895756580116
341.83115781578545
342.7619342164247
343.77415758884933
344.819287674016
345.7026326067579
346.32248103702983
346.7679678556791
347.09489598681387
347.37531792438966
347.6956754039012
348.08762079966476
348.5211845267818
348.9530056607036
349.36335503660257
349.6743662308837
349.85980862963805
349.9408484594346
349.89083772521553
349.69203339006935
349.37183311188346
348.9804539020311
348.5620224283116
348.14145488113854
347.7584952162564
347.4657733417648
347.3083081187221
347.2717919411814
347.3041751273974
347.3309011725475
347.2300031388506
346.9198955184894
346.3503073642255
345.5350710486705
344.6355599613949
343.8085026229312
343.139555973513
342.6577551030098
342.35415490206907
342.1921514659718
342.2088463101652
342.48625350218083
343.01242292587074
343.7170497228972
344.4937848390668
345.1982708991423
345.7001482783131
345.95858087849894
345.9975021473472
345.894886369338
345.75419446268677
345.6370701722367
345.5640747595373
345.5042831624864
345.4530458755923
345.3776238056329
345.2621661402683
345.17125008230215
345.15926259005334
345.17670616539556
345.1404274859648
345.02412593160824
344.8839361579029
344.77239974989277
344.7176345787457
344.75651333010785
344.9129814649144
345.2100460074565
345.62759339172004
346.1067978110348
346.54735436540375
346.8569307597004
347.05435624966776
347.13480704627534
347.0175258105253
346.7041636223504
346.3568026597313
346.16961527010574
346.238579466004
346.56395826906913
347.03846106436384
347.4811833809195
347.73159350574036
347.73480616294734
347.54396024898824
347.24820176575554
346.9312061711359
346.6141264782573
346.31994211203903
346.1304178181389
346.0762838045977
346.1389310163047
346.28970048943023
346.47756244738713
346.6840118392471
346.9323757455184
347.21319996089926
347.471848031078
347.5966505167137
347.4888798415655
347.1346612343299
346.64704717655206
346.1555434130387
345.77022529662275
345.5517170229152
345.4674232893132
345.47130381602284
345.5347161176652
345.64020131104695
345.76665565937225
345.8525396136505
345.85944946079235
345.8341532682059
345.8338902422741
345.90131062051654
345.99242879895485
346.0675983822476
346.0745980699611
345.9708146823705
345.7419548525764
345.4193934907364
345.12482386099015
344.9535616150448
344.94547607205874
345.14867237964336
345.54432192093344
346.1089034977241
346.72266805254026
347.299960513932
347.73208214397647
347.87606723605927
347.6457118160837
347.0842114667103
346.28122340792584
345.31207831659185
344.14982379581716
342.60809300428315
340.48406553599455
337.57204812483064
333.45505320748384
327.4855794584159
319.0368860194003
307.76649681932497
293.8760482949169
278.2534777804776
262.4802224697474
248.06766364945864
235.7339736937883
225.51251273504334
216.92658576999682
209.39713190812517
202.37970846356345
195.72929476285998
189.5119094376821
183.88859352671065
179.08753117701417
175.2590401305995
172.40449712910527
170.40513456260115
169.12035699890228
168.37491776560148
167.9579001414597
167.71773065785635
167.5744347332729
167.56492000913656
167.75030594386453
168.1272071794677
168.67077715131944
169.33885119970768
170.06030097324316
170.78483182669245
171.49708651257006
172.1750110408508
172.73754275019405
173.09314804687006
173.19817450040773
173.01293885407006
172.51342038975525
171.74166807669633
170.78040290330082
169.7042702805003
168.58904432680106
167.52364639498987
166.5749728534382
165.7624716622644
165.0837186025586
164.51669077875007
164.0159722114776
163.55436557670933
163.16746049538528
162.91095040304856
162.81100530326097
162.85326248006652
163.01441128770568
163.29585228939987
163.68260126971305
164.15541249100704
164.7128173022616
165.36351815376275
166.10358960770355
166.90819261768263
167.71122395256566
168.42273201780247
168.99809871299698
169.45937659744573
169.85213063144664
170.21232365745806
170.58395643486375
170.98864751298802
171.37273022902409
171.6484598752854
171.79960771363375
171.8796389651484
171.92721495702753
171.93381395829067
171.88456970875808
171.78782134763276
171.6475275559098
171.4600522211915
171.2434969538668
171.01453045190675
170.78136174152633
170.51872356546295
170.2443494133638
170.07244029369437
170.08234135773932
170.1986881068031
170.33563012580186
170.45663590502824
170.56755914611213
170.6788203554587
170.80991158622192
171.01862838640784
171.31109888284357
171.65683837668965
172.0252517898059
172.36073465284085
172.61687219972183
172.80688230810048
172.97429463544574
173.14977696991218
173.34966859104483
173.53297444880047
173.65519424929823
173.7238101160002
173.75740341854444
173.7670290946429
173.7805037203522
173.7972747989393
173.76231651236873
173.63629380745206
173.42308136718438
173.13971829207082
172.81616096470538
172.47234566606207
172.1134297359549
171.77919423959864
171.48461151103362
171.21906556543485
170.99521420325186
170.81395691617703
170.63764062479672
170.41425466261467
170.13038146237955
169.81035557723695
169.4810671102053
169.18448284435698
168.99633470964102
168.94692140317085
168.97946002474964
169.02290304361077
169.02111977704345
168.95949977978563
168.873093112206
168.79640105302087
168.7364610731239
168.73007112087302
168.82601097689036
169.00492321367435
169.22017627947486
169.4326586323627
169.60900311710114
169.77293162958168
169.96381254686003
170.1952925727643
170.4651859479691
170.77876183036526
171.1327899739975
171.48103961389654
171.79703162134945
172.07831976099067
172.32499645868018
172.5518434078452
172.77053929172644
172.9443797059167
173.02415666792712
172.98609860921445
172.84033401893063
172.62431911812624
172.3495100505981
172.018315643836
171.66846590959807
171.3095307678847
170.91688350677657
170.48391620706013
169.99761399262212
169.48131054482508
169.01093995978647
168.6322853282623
168.36750591390344
168.26248529828746
168.31062126155956
168.41360542502719
168.4601970439131
168.41383880116396
168.31811101082175
168.24869693073344
168.22211846344302
168.22844971200493
168.3183566855145
168.5562669283863
168.92498001310423
169.34574007778022
169.78751915439324
170.26535027842274
170.7596271745163
171.21942836990186
171.61105039593056
171.91831527945422
172.1488200509428
172.3050455101651
172.364962147838
172.31098144731624
172.14731639803608
171.88920389498892
171.5766716241037
171.23325434822442
170.82634844812117
170.3628571690765
169.87682884856983
169.30112535847834
168.56080689484145
167.79784916327196
167.3337878380525