185.34476518846012
184.68248586317208
183.05071498338577
182.03705508185408
183.17203908957333
185.8358169599197
190.84675943057835
198.59243334444227
206.4969239184329
211.65812576323992
213.68383985184195
214.01519786726269
213.79820547357303
213.5590792929682
213.40648188528462
213.29189480863127
213.09002944748065
212.76690911768128
212.40354654878024
212.10916010787105
211.94103598446964
211.92991226568208
212.05875584370776
212.24530835817063
212.42514705360048
212.61788076627732
212.8386030588665
213.04682093586047
213.21755154929585
213.39020792266615
213.5812982103777
213.75863989577886
213.89577065272775
214.01561014162604
214.11694599702594
214.21040628689337
214.33739662031462
214.50140543676864
214.6680814807995
214.78616385926745
214.7918958486988
214.68394390937533
214.46402837966957
214.1710394441788
213.86117154692204
213.55324401653115
213.27919343415465
213.06601415662593
212.90781921409962
212.80822815980014
212.78969777485253
212.89891019162036
213.1180981441782
213.39022969951134
213.65576582593627
213.8267109592295
213.8766815317382
213.85379237384163
213.78472385356824
213.6840436764427
213.59253964316048
213.53217272474723
213.50787553902467
213.53190120228794
213.61441438823806
213.71938463700928
213.81456108981644
213.88783621951805
213.9702110397502
214.13291501278616
214.39567980111204
214.7368357515388
215.1109544014242
215.48723629609836
215.8384102843031
216.09027131254737
216.18305232780577
216.08146995689805
215.83141432993
215.5438003674426
215.312837958522
215.2055998082601
215.22410304190598
215.3283803651787
215.4958838087262
215.70956573740548
215.97471542049334
216.2755118120838
216.55679146675908
216.7774528416281
216.90687938788165
216.9144548620241
216.81175467260607
216.64436395378573
216.4487902723456
216.25870989557123
216.10518758916723
216.0113534280462
215.94845637905667
215.93492427910144
215.98923654024824
216.10213811960804
216.2581996194567
216.42189065008006
216.5394330937761
216.56786770159158
216.50292577915917
216.3517073078174
216.15485816860885
215.9506652740859
215.75599683686306
215.57099405621568
215.42652110565868
215.3723304712069
215.44736640777896
215.633294833224
215.91419186694213
216.2902482329055
216.7023323355065
217.06759835758862
217.31349111563458
217.42875574145737
217.4199998685129
217.31748268177898
217.19259749053475
217.08032046987046
216.97352526240732
216.84328057238446
216.7317852380517
216.6828834313339
216.7044906374739
216.7652545790633
216.81831581154074
216.84219431221467
216.83971995596067
216.84097996584245
216.86170832124935
216.9325983000209
217.0668357075299
217.24380358939277
217.4365423258722
217.61918605619843
217.77621383566444
217.90294444902338
218.0216930323058
218.15671547509754
218.34069920399654
218.63347954989987
219.0135414982379
219.4440536062619
219.92611671599775
220.4767179613973
221.0502618842909
221.55579587844804
221.90891576259753
222.09886475425714
222.16684246227476
222.17471306400793
222.13355407740158
222.03764328735878
221.91414807093156
221.8148494166653
221.78902986559592
221.85162455448707
221.95741446058935
222.0709949457074
222.1647005840136
222.20846498848292
222.1527102096863
221.9947078154752
221.75864803221285
221.48790961450038
221.2456379502547
221.0969234009953
221.0874691241391
221.20851715974743
221.4181056910833
221.65183794511816
221.8378588995094
221.88283735218647
221.7162043718944
221.32016402320693
220.71878616774023
219.95671204290562
219.04461700516828
217.90361746577582
216.43800464032165
214.53892625883375
212.10671399621077
209.01948963129797
205.1282093483877
200.35481904357357
194.83786886125216
189.02704158115867
183.56409270155814
178.89209504283497
174.8949433518768
171.12752608224142
167.39502926611397
163.87265490565903
160.86467428511062
158.5223279986765
156.8096184183089
155.63998927623334
154.93912066855725
154.6191687126137
154.54176604529133
154.58877882046463
154.7326309119068
155.03994188581515
155.55305065378002
156.23953754035165
157.00640521246402
157.727028301038
158.27272370438843
158.56409547130593
158.59780788130956
158.45446017111647
158.21567122230607
157.90681205746344
157.5486364607613
157.20025017469683
156.9303902101598
156.79189108531034
156.7962493433784
156.8885425905496
157.02872320677483
157.26582016605553
157.6672650321141
158.21301860149453
158.79031936843387
159.27364100711344
159.59647017954336
159.77194094525746
159.86094647443096
159.9011598693428
159.88453619289697
159.81604859850222
159.729491167388
159.65163657289241
159.6003436779082
159.60557161627673
159.69940827299374
159.89019886021367
160.14141314242
160.39877843437438
160.65693644221238
160.93618691987135
161.24186409546547
161.56737814291188
161.88571767999775
162.14715924382676
162.3322648428698
162.45906860207748
162.5405796937549
162.57545837369256
162.5717689168136
162.55815693255167
162.58126637393866
162.6797118901876
162.8726536260519
163.16911783656252
163.55661993381773
163.99122227691595
164.43014414280572
164.8122942038712
165.06309566058104
165.14861197211894
165.0643797791144
164.85149188633662
164.59157199448862
164.3506629993887
164.1549735566949
164.00651633246846
163.86358052285058
163.69569223168915
163.54578505059084
163.45661249782384
163.37720280840452
163.260293683054
163.10493988917835
162.91975111649248
162.70439678002944
162.4762381514225
162.25764098246137
162.04985404601547
161.85682792934412
161.71679874190824
161.71363482869674
161.8910813122776
162.1819157914811
162.4850434557286
162.73925979038825
162.90014376020684
162.9193042370315
162.77088469150164
162.48185193723708
162.13236864454592
161.8281000631109
161.65047912673566
161.62185971228988
161.76017317031761
162.0667977079004
162.49497328190904
162.9881072607021
163.50469691912232
164.0019554264691
164.4360999169623
164.7880175377321
165.06903190090463
165.29328762746832
165.46641536957188
165.57306236797024
165.57674554474485
165.49249323740653
165.40218811935677
165.37188236048928
165.41271497734402
165.47746753146396
165.52688274437597
165.5763104682287
165.63487190955203
165.6555447787997
165.59423190553065
165.423669898003
165.1636356573409
164.90375760974246
164.721618435882
164.60297790222444
164.51245042290236
164.45214298583355
164.4455227216605
164.5120619288453
164.66095014702873
164.8897541380282
165.1756966394452
165.4906540101577
165.83463764150065
166.20837081974912
166.56667490417996
166.87374562148705
167.11171334630993
167.258767687713
167.30520030184434
167.28577656959033
167.24908937594546
167.19781658733092
167.1269070511084
167.05977376060525
167.01955124882522
167.01039881459573
167.0393156827903
167.12349980649574
167.28387317633693
167.5271410994261
167.79683340279234
167.97813506490985
167.97817726244003
167.78821970531334
167.4358171389305
166.9363619680014
166.3020809581712
165.55592212158248
164.74562840011987
163.983589489383
163.36711449485975
162.94977438087187
162.73143900056226
162.66439660872015
162.72092874410544
162.83543837425034
162.9596488669486
163.1194668262107
163.34259285800272
163.654541557482
164.14111283891862
164.90541339752681
166.0153087137154
167.47606531956785
169.19705610965838
171.0191674215992
172.80691503025767
174.47141173219165
175.98533857905983
177.3608181612327
178.57996393975208
179.60595458596276
180.4096880002846
180.93407543111982
181.1528887688523
181.07267670009796
180.69653103715655
180.039234193923
179.1209537562533
177.99990923313845
176.7908473965853
175.5579957378182
174.2480611694266
172.67627451075444
170.70399571467868
168.7528195390925