172.81184467061297
169.66169517934415
163.88527165915144
158.15267327720693
154.80058377748057
153.78929206793202
153.58490975530714
153.2234714265664
152.77073260645912
152.44640588725653
152.19817129661828
151.94943131409022
151.73028213215662
151.64669935493293
151.81275937116362
152.29170933898524
153.0254186294133
153.89215615007006
154.8184236124411
155.7411837297271
156.606864090726
157.37173269823086
158.02991419478036
158.66256673891806
159.28413096195175
159.85887794458526
160.3835647018041
160.86884368006025
161.31406525594076
161.8022857293748
162.39901885390938
163.05739616844562
163.71572038574544
164.3782987102498
164.97043100214796
165.39428082037216
165.65715897400003
165.8434078978347
165.94918326624327
165.86611209095548
165.57568977896784
165.25963892143992
165.1057767241458
165.08884871356264
165.04269141375522
164.87464211066293
164.68175970304532
164.60285499156947
164.638186933399
164.7347837426043
164.91986097237879
165.23003187495786
165.68464711493763
166.1860358213457
166.5709897992602
166.8092665911008
167.02063891160194
167.3003997860499
167.66349804266184
168.0307224784466
168.34927956122937
168.64490925048506
168.8665267723523
168.96771245121928
169.00087792237258
168.99933140605526
169.00625905989654
169.14733719660995
169.40759858150014
169.59621589497596
169.61422803844783
169.5046918649608
169.29325737619922
168.96443915100866
168.57966124734568
168.2640655929201
168.0955835995067
168.074661313033
168.10949977590627
168.0811350229167
167.94899568536528
167.72314665852724
167.47311669586202
167.25499382712536
167.07213872206157
166.96163789425597
166.97035327685808
167.05097033713105
167.17256141460078
167.32572873058484
167.46935983019907
167.58230332861746
167.66676576184753
167.69959262701468
167.689268628623
167.70249097416274
167.81076850056414
168.01367047696806
168.253812085896
168.53166879741696
168.8632818128636
169.16370369593366
169.3782510656225
169.53517067277588
169.60951715861825
169.52983581132457
169.31717325144325
168.9736047693554
168.53395416640285
168.067407744913
167.6100043145521
167.18968106387652
166.858279908736
166.6424333935493
166.5400822695588
166.4916251410597
166.47217641529005
166.5004695408236
166.55036780105738
166.6411717608715
166.76037026143035
166.9235394326699
167.1512205887292
167.3836402951975
167.56010202224505
167.688017081085
167.8539979350304
168.0941889065465
168.300379862629
168.38743824150802
168.39315707602216
168.35042992175875
168.24897221390086
168.03939593106912
167.72235214928673
167.3620697382886
167.03769077656955
166.84089468410392
166.76582850848882
166.73246649856745
166.7055536510832
166.71430398172944
166.8002369536932
166.9303326710069
166.9629725031775
166.8830124094235
166.76683105838032
166.66718051623454
166.64883749655388
166.75525440197993
166.96759751611324
167.1694607912385
167.2714246264178
167.3204163417247
167.38934462835522
167.48678382575582
167.59257994852686
167.66298816521447
167.71650076520336
167.80879807230878
167.9407856861548
168.092438545199
168.28465616144544
168.4477674522725
168.51094950819873
168.5326510380415
168.61188867749456
168.79271251916532
169.0498792272642
169.30237131066286
169.543497809543
169.82120012930113
170.11782315113348
170.35628497681012
170.51342939263333
170.58360315739912
170.54338923314404
170.48031019826786
170.47695418349662
170.4862180007213
170.40491027151842
170.12444912821323
169.6790187349378
169.18108928936812
168.69324884409343
168.18564849078385
167.59210086311353
166.86996337794375
166.00785835793798
164.9698261006028
163.85248818868405
162.79184253488197
161.76749422226453
160.68932872387484
159.51238440818182
158.2449231351208
156.90544769461175
155.55495746961583
154.37608870173915
153.55482577559266
153.18677585581904
153.2896605538591
153.9462540186784
155.480432705573
158.39539262520975
163.2044232811619
170.1504958727392
178.87860024981657
188.59399287224517
198.92519048935134
209.87494026808855
221.38574960453153
233.39335898801338
245.184365744559
255.80063450060942
264.7933683231666
272.6577160404471
279.84297549928806
286.12364525676384
291.4881002768851
296.22208539388043
300.5091141484737
304.2582738112518
307.4748155146195
310.2985888928347
312.88496101857277
315.2810218753159
317.4525129270816
319.3868872136352
321.229354092212
323.05904958125785
324.8728076974312
326.6025951588886
328.18194121350314
329.6368813539766
330.98237099233086
332.14418556747114
333.00113157676253
333.65993882274
334.27141022017327
334.88403751153055
335.5051522548135
336.0575233775678
336.5209591802091
336.95133507838176
337.38484970618975
337.81511823615335
338.2642910057961
338.7887608523773
339.39312104249797
339.96505674060137
340.4319553593471
340.8341001083354
341.243310958439
341.68666607854516
342.1639763271635
342.630475845219
343.0110732525086
343.287551359635
343.5213511295303
343.716264240464
343.81995659388065
343.8270909891471
343.8132587824154
343.8372454906473
343.8981469998839
344.0420655994503
344.3493677490182
344.8677173776281
345.5504092650719
346.2943258641006
347.02376903350205
347.7026518685084
348.3617239573152
349.0086312285226
349.527515744225
349.75630279568196
349.63380104799046
349.1885723775177
348.47606614867783
347.6077948335303
346.69829932309096
345.86486884327593
345.20981100291846
344.80204967719516
344.6525894900916
344.7706440309575
345.11768852882636
345.62378797794815
346.16383492036175
346.6572996309311
347.04419391392685
347.29417921538646
347.3928294656437
347.3355413954001
347.11120069405524
346.74248542418957
346.30431825055837
345.8763679548482
345.5270315831939
345.2804657394658
345.1712730155222
345.2167616673586
345.40497443629783
345.65156427332477
345.82863739635116
345.8735338764578
345.8092356298717
345.66139655343574
345.39288547457346
344.93755930294583
344.3430096492584
343.72130950725193
343.20424411843936
342.8438885374576
342.5445258264195
342.20628354038143
341.8575373847243
341.6265552955616
341.59838191044435
341.76544508486927
341.9771346948593
342.1094176160426
342.13256585454695
342.0954591141439
342.0748670959737
342.1441109052959
342.38154602155527
342.85313748227503
343.49994083960894
344.27879624589747
345.1285660421337
345.9625645618297
346.79682776124304
347.6291879197593
348.4463389794973
349.25929403813893
350.02836907462677
350.64628181193893
351.0295053265496
351.17674881961926
351.1670022797104
351.13481049436746
351.1707926412861
351.2376808483585
351.2555687545935
351.16662211606297
350.96006370850967
350.7089117805591
350.547742825837
350.56632059749074
350.786153915709
351.1570381495094
351.6126982952097
352.05658533356757
352.34053371419054
352.3448996300211
352.09900907223505
351.76273633919755
351.51974586608577
351.4489287484583
351.45379760878257
351.4365468569963
351.34093562689884
351.16208561542106
350.9897924934965
350.93556432538844
351.0497326158436
351.2822086149581
351.5823860209128
351.9168779282549
352.1970561451727
352.331591290406
352.291993951757
352.0248303705887
351.4640872738098
350.588067979607
349.47187711318276
348.2504099573526
347.1299369418099
346.22466373977727
345.47024879332656
344.7655099779356
343.92551608988776
342.9776867541025
341.96390168983555
340.97484949948716
340.1201644351459
339.469219693041
339.1620729646595
339.3458856459758
340.0789937938934
341.2460928134008
342.73511417550776
344.519395887966
346.4574177868768
348.2246753862106
349.32036533936906
348.98171937431175
346.3985679994219
342.03580085921095