155.01851735687382
151.2560478816573
148.27964432027113
146.60714231601088
146.1457122568603
146.7918532623102
148.01444422134017
149.24323668290748
150.22438170199354
150.9925906097517
151.68518306187084
152.34575036131753
153.07544278275378
154.11724158143215
155.5824272648452
157.23283521393643
158.59468683500313
159.60663047443506
160.63427258471026
161.7327980415759
162.86472577519865
164.1170992698627
165.56782509311128
167.15873073681848
168.6918079669944
170.03292655645907
171.13634981422345
172.0357388208481
172.7770845819123
173.3894421191472
173.8851528517788
174.2273475081861
174.38474200777716
174.3600273043021
174.1944632999285
173.91759926806338
173.5336346416138
173.06632549574564
172.56747872095787
172.07958570743406
171.65292285076936
171.31253701479972
171.0479299428249
170.8190378712143
170.55936695053157
170.26780805370691
170.0430321372706
169.9187321884591
169.88502910506992
169.92090734198337
169.96923638350503
169.95088120168577
169.82865538863763
169.6289719112352
169.40459461897836
169.1622614038369
168.91451611526412
168.69302872270657
168.48702909458007
168.2767989805903
168.06684230543365
167.87707532205462
167.7275568998851
167.6451626331693
167.6382542008291
167.67964117550832
167.7497394646294
167.83819085990237
167.95957202475324
168.15246355775548
168.4138100260753
168.6536871180046
168.80176928515962
168.90058892918282
169.0506035105212
169.29629905397826
169.57467906600195
169.81995441717515
170.00325753520505
170.09167260243416
170.17165844399673
170.28662703011804
170.35618332700884
170.3170147670786
170.1655043551918
169.93961644295632
169.6979095731354
169.4512185093737
169.18123578602564
168.89461885140523
168.60174475485488
168.30497505740496
168.03920727939402
167.83348605929316
167.6845869042293
167.60307963308964
167.63457532388935
167.8006779247748
168.0219245762477
168.22608373845225
168.37076540823344
168.45925594396545
168.54668481314047
168.65549122276187
168.7531842309967
168.82738033123468
168.89293484618798
168.95054254755436
168.97902847031781
168.95939880714127
168.8803660009399
168.73336161414582
168.56746979333445
168.4567469313891
168.4164349081556
168.40304125237012
168.37339798402945
168.31668034214476
168.25916385176296
168.2320745351802
168.21225368236685
168.1833553274911
168.17541556826893
168.1877213404268
168.24307676683458
168.3171540988345
168.34023898863364
168.29126829100733
168.19227912718054
168.0790257601802
168.02936174797082
168.12968384905898
168.42088650530815
168.89671881277582
169.48455854908954
170.04232616834855
170.45175020048097
170.73915609500222
171.01465133395556
171.28746224144956
171.49993391695284
171.6490461283695
171.71144975853508
171.70842547437334
171.6783279823511
171.63111519882204
171.53772530902134
171.42550867166702
171.36363595882065
171.31267941059477
171.24374522695535
171.19187958073638
171.17032274918037
171.1167571724351
170.9776849498216
170.8055874998288
170.69076892012774
170.65575076133788
170.59586603371037
170.41035074245409
170.21589121001318
170.14914801843963
170.12862119679167
170.0947136396553
170.07685313971498
170.0959774054377
170.13108962503975
170.15872254936843
170.1896351863373
170.24648876340723
170.28561343078323
170.2847989949397
170.2531743177225
170.1934311784117
170.08991245540855
169.93724877388104
169.7438931816339
169.46670067862368
169.03245644146884
168.42601572815704
167.7108854257057
166.94252086375855
166.1172961247534
165.241912522967
164.32835389758884
163.34625885032312
162.24797581666022
161.0389360153149
159.79210657420577
158.52387775924257
157.1144747122463
155.57124881021008
154.15849092779337
153.0456403942468
152.31310769493405
152.0063194204962
152.16202368256222
152.8390123200032
154.10507998343874
156.13652311636926
159.29258098507628
163.99377906071007
170.34731368983995
177.780109833275
185.66620591712504
193.75106301474236
202.19753629150404
210.88416136453486
219.69697363901668
228.50057475394567
237.17729894491947
245.7253233982483
253.99030959808942
261.6491101446515
268.43830776771875
274.33539737230245
279.56998300289683
284.4939315141448
289.4263069328949
294.49710784777767
299.6608034499702
304.7419674098877
309.39735003238576
313.2022617009558
315.9184204797154
317.70317134427734
318.99400581033194
320.1920622511066
321.45034125569885
322.72734199677114
323.8349495931417
324.61912407792465
325.03730568472963
325.2533124894981
325.614932281201
326.20133239948643
326.9009523650314
327.5922507965884
328.3337105209098
329.2702120655812
330.24445735196934
331.12301360466796
331.92759706920765
332.73023031307775
333.64020761603194
334.6393025866464
335.60917359191666
336.47253015642434
337.17265700066497
337.6894746623636
338.15885230700405
338.60564071194926
339.2300011750354
340.0293277541686
340.7641566902989
341.2612579016941
341.4461662203897
341.3698335562859
341.0321280371165
340.51987684194677
339.8992339240176
339.40916379853536
338.9158906182725
338.453096147173
337.98468526915894
337.5989707493376
337.3891674728367
337.3281455592877
337.33312252703587
337.30201164007565
337.17108187991255
337.12145168427026
337.1354947921563
337.29623923444535
337.69316970231506
338.07922444098614
338.22883341092887
338.15968165224024
338.0560216454601
337.90752619155813
337.55812833540676
336.9135429685268
336.15512869143777
335.49735002199236
335.19301581165314
335.36034979159183
335.8051160761921
336.2744820903275
336.6909117643245
337.14493622933776
337.57522745069167
337.80988948359504
337.8071053062571
337.5571024468471
337.06312042851545
336.63761907698654
336.5088388388118
336.5993176101726
336.80587880411406
337.17813712845026
337.69143488679856
338.1179786324121
338.4685059456665
338.7649948573871
338.99091750679185
339.2185098507192
339.40410536196157
339.53619040845956
339.6212582875922
339.7451936315816
339.9086924701429
339.99382523717077
339.91401460204884
339.70982789746824
339.55366778558846
339.66333047995363
340.03878931280417
340.5694886284312
341.2712103356545
341.98157829756053
342.3960084448443
342.57379412481106
342.57761813858866
342.4166292806825
342.1633836924323
341.9707705983606
341.8147894299429
341.6225021257324
341.5792026288927
341.72143171503694
341.8108817299509
341.7877628324752
341.75337852191535
341.7432200178601
341.6694103260271
341.62570115561465
341.5533793965782
341.45149147884285
341.30953921860487
341.1665317508257
341.0876926906444
341.10538910817695
341.22708275448605
341.38227788266784
341.44222027626296
341.41766013169035
341.2690520036794
341.07940029817934
340.8990992252193
340.71240967308114
340.42886284455847
340.062225995631
339.78129329056776
339.73932210225576
339.9247782600577
340.18608617674516
340.4959050891792
340.80355279103014
340.962453285691
340.9416727552673
340.803844595461
340.60864854228197
340.4501478902126
340.3213192657479
340.0388304554996
339.7004851845865
339.4717306618765
339.3587942206119
339.4274419936355
339.6922622740069
340.1239696152199
340.6104654057555
340.9790400679011
341.2459381618271
341.6281102820458
342.1314492689512
342.61225328060135
342.99312237595666
343.3473384090021
343.63113327996996
343.8047177085183
343.91553095219575
344.02389544869607
344.2120756077144
344.5007336248823
344.89693128585714
345.2783768142295
345.48127898185345
345.48496062215213
345.32423580311456
345.0020051518147
344.53543507832035
343.976336808779
343.41118966500756
342.9073842905132
342.5723872804236
342.3842412759657
341.97642693267653
340.55035699183037
337.21297051701185
332.1228364959635