169.892503972847
167.27421807670595
164.24716901297376
161.9181853924289
160.61313466718678
159.93548903851945
159.54760710998687
159.4425025963285
159.55018982386824
159.7723361061945
160.11035021907213
160.62244052255826
161.2717741451394
161.9129410926175
162.50885935958956
163.14830863946324
163.84580785526478
164.50709602932528
165.04699913999647
165.50804179808605
166.0163280126313
166.56153149816478
167.06244019707415
167.53770490664405
168.06149085957082
168.60015777677114
169.06214627502735
169.45541516266317
169.76941931633615
169.9719090492677
170.1399219726551
170.42049044891505
170.8121214343116
171.17790050563354
171.41228370307908
171.55657249869068
171.68074711930817
171.79868890026427
171.86055623729575
171.826593064789
171.77934401760166
171.76631748832128
171.80669843621274
171.8597667211482
171.82613768818402
171.7042764737475
171.54937499735394
171.3630839008922
171.2100305494579
171.09999378372567
170.9404713806697
170.7290054608659
170.57709966476506
170.46333611375434
170.2940572123502
170.12709446586126
170.06834936442007
170.11134733712473
170.15911626978226
170.10750549741272
169.91958887016935
169.71387077431046
169.57032014423743
169.475716581751
169.45835654547415
169.5515180334256
169.65514589821174
169.6617667268414
169.601290946672
169.5785017954749
169.6361523643827
169.7571303773558
169.83558994490267
169.79142355655966
169.70476462028364
169.62667300863927
169.5954385580925
169.62626532065858
169.63850141354806
169.57349330629967
169.42977175475562
169.25390494146353
169.1457678555304
169.10169074578496
169.03893842488583
168.946044331346
168.8648343861504
168.8802506752252
169.04017343867662
169.24369717810652
169.32476453476716
169.29050735572113
169.2520266355293
169.1724606234424
169.00408141669388
168.82583639093502
168.67364449632728
168.5396458113621
168.4393126899128
168.37674095355055
168.44630546067097
168.67121241120503
168.9829861565413
169.33146944400977
169.68534210986445
169.98354154567284
170.15745905818892
170.27547232999132
170.34282454876603
170.35033267097313
170.30663974363327
170.1585263254335
170.00914236436657
169.93600172430547
169.90961760910645
169.90406249338594
169.95156341825788
170.07048840560049
170.238275795916
170.44055040752167
170.7369446606497
171.09078476143443
171.40595497715248
171.64864537867086
171.7770242259629
171.7776927675764
171.73853214399878
171.7061420277921
171.7044133396397
171.72126766180756
171.71278705251817
171.67455954800351
171.59926793109966
171.467560023089
171.32936292707254
171.18691777062682
171.02824199659022
170.87892684834733
170.72980043305535
170.58193515126075
170.52575925593356
170.6220145856558
170.7852152869948
170.93590739085204
171.04046418483824
171.08383190237674
171.130998457751
171.2600371424888
171.4843888386378
171.73972552574946
171.9574502232469
172.09103135004716
172.14168771464384
172.1568457066608
172.13453879339392
172.05682906304557
171.92882581621862
171.81005298116108
171.7468421442606
171.72947923175607
171.7464868299012
171.80402415112843
171.952308052351
172.14144050134541
172.27876522250324
172.3826245642593
172.5482245049616
172.77642684779994
172.91115661738155
172.8506863794724
172.67684121363192
172.5079628306739
172.36060213272617
172.2253206013963
172.08449623582354
171.9038080023089
171.70801070064834
171.5352991630924
171.3230650101011
171.01200693656293
170.58503973202608
170.00170759555112
169.2621603957819
168.39391193842863
167.35337212619802
166.09667060027846
164.6610443921277
163.07987836595504
161.38341611528352
159.65441521549744
157.89806605909544
156.08729305141844
154.2143747449075
152.429667199908
151.02819008748597
150.18481915232383
149.93263227981615
150.26270510515081
151.11707035480555
152.4384309677139
154.27880500855036
156.7712452242629
160.00859948010765
163.85995376720493
167.97068734970077
172.03747730834755
175.9481044851796
179.72507041514845
183.4615809689005
187.23557998835622
191.09835766905792
194.98062123892709
198.59902484477846
201.64369947726905
204.06288419355582
206.0234923565721
207.69141696675155
209.18610302155375
210.54817862088663
211.78337378978915
212.903237471007
213.9508676283428
214.96058132909698
215.93453254808782
216.90342079820545
217.86580772107448
218.78399799346974
219.62553398893158
220.3611300351315
220.9685195046437
221.44096902848352
221.77152709838234
221.9167584282638
221.9035228947947
221.8526237507877
221.86273732358896
221.9803222481806
222.15457410947928
222.33168498273804
222.46284334635465
222.53286114277898
222.5683828342116
222.51098869455802
222.3162175222882
222.0558101393974
221.823159875284
221.65024433459365
221.4912056205343
221.2672321122787
221.00163589277832
220.76918859952193
220.588606323149
220.43561620156805
220.2777751097429
220.11043951706944
219.9501595398291
219.8131330915861
219.6603098177698
219.4739263961855
219.2861752376572
219.1074464215125
218.92519251019507
218.78339447390013
218.72039302249647
218.67401561668413
218.57291538775175
218.42294021197853
218.27796944085583
218.1918924282572
218.20061148197817
218.28177340234106
218.38366320154884
218.50589472704957
218.6457800644094
218.7920072897311
218.95286645955574
219.12901488960904
219.26726763984428
219.32204184228556
219.30364098511996
219.21051635737882
219.04086891769393
218.79540930205917
218.51776438287675
218.27155373722624
218.06878331281075
217.90141368554802
217.80201850801998
217.78713503854917
217.8265587216813
217.84302020515725
217.76738612085313
217.59777157559088
217.4158742423941
217.2899243187991
217.21033825602302
217.14102314011802
217.1113224149185
217.20287370572314
217.44463129015793
217.76212381265796
218.07703911236177
218.32895660595233
218.47292746405356
218.49056786111373
218.39642569630627
218.24575611757854
218.0637165116054
217.87964734234924
217.72947739148145
217.62153252537377
217.53695390118077
217.47151797733085
217.41635978207978
217.3689691737152
217.36481499720708
217.4196352500547
217.48681528641077
217.48442153086143
217.36916322860378
217.127579312184
216.7664474179
216.3527099340635
215.93285945005215
215.5170783515813
215.13861254769304
214.8671711861031
214.75961032175996
214.81756969528996
214.99078632197504
215.25800858997331
215.61513116545518
216.01740908677192
216.41873006728923
216.83190315612018
217.2704277103324
217.7313348613172
218.19167691144705
218.63600391467367
219.1148094103601
219.66118050478806
220.1952285981299
220.59553932195627
220.8295548224332
220.96498551571312
221.07514078654913
221.0809796798842
220.83301657445224
220.26902704882505
219.46191246072289
218.55823925663387
217.6630177609656
216.86387421041496
216.21820844064433
215.7120745573225
215.34036959613417
215.1019365560385
214.93611921080904
214.7838559429633
214.63991170745078
214.52108442333343
214.42976004890784
214.35744590583053
214.28182006916325
214.1713933974087
214.01337808015933
213.87616159006316
213.87531940352096
214.08524392995207
214.53628835529602
215.20217698795403
216.00956589852404
216.8798994822314
217.7692277551206
218.59774415948638
219.25760579485512
219.73377370677844
220.07395422168227
220.32172513633338
220.51709768851873
220.70857243116689
220.91267958634205
221.12185795159542
221.314835685961
221.3013534069695
220.90736915860504
220.290191861672
219.5813449014679
218.98334340031798
218.39898178993565
217.71311729964918
217.25793251459245
217.0734210817373
216.88848396032068
216.39398116104013
215.57099094553806
214.47223616557835
212.79600084348246
210.10488929154656
206.14779615710364
201.80764128876748