193.47002853123675
185.25972930647205
179.1765041701721
176.17301984009828
175.44681089137063
175.93468623993255
176.64856683998482
176.95020866323304
176.9081276791037
177.14915983090296
177.8940167315554
178.7720448789078
179.23294261044538
179.38374958225165
179.66461560884778
180.05767082267107
180.30550896247345
180.42609955391043
180.48784799095296
180.42007138244014
180.1721648248274
179.73298524656713
179.17344389002085
178.56125180457852
177.90187821681147
177.11320770822022
176.15793848899364
175.19702691773966
174.40503609139247
173.74783112336914
173.15893613880502
172.69311632281318
172.4151498426784
172.30371759966005
172.34432512407597
172.5401067650828
172.80253111135391
172.99521761387564
173.03833032272726
172.95352649485102
172.82041068449286
172.73153993227683
172.73948282189204
172.78963752137284
172.774289504197
172.6828560877448
172.48611360825527
172.17552542124892
171.81371403876418
171.44630177202492
171.09789476537915
170.80232282418447
170.546777625809
170.2970721098787
170.0679672284703
169.83371869052147
169.56639403997366
169.33155823421134
169.1898504594672
169.1162298879284
169.03906284310693
168.97671696388213
168.97977752089366
169.0412989005202
169.14995146201184
169.32250239834246
169.51908245531902
169.67386670233424
169.75867803693808
169.79737778115967
169.8210836923235
169.81891138494237
169.78549216670416
169.75373893832122
169.7622493815026
169.78373246742527
169.75436503485358
169.6869040361769
169.66794215552824
169.72993717061172
169.80175195713358
169.8434479573294
169.85322859482807
169.86148979981525
169.93869148713162
170.08004859267737
170.272237939567
170.50027335522617
170.7428919811787
171.00862720184085
171.2830388958903
171.50905038495134
171.68290240570826
171.79060722121562
171.81172368790862
171.77773701232786
171.73085447199512
171.69625507222267
171.68225340267517
171.6519326937866
171.60434187932736
171.54411414597854
171.47834313120475
171.42816149932187
171.39243308857445
171.3703326585991
171.36124553580248
171.32068847634685
171.19499521172938
171.01082529532272
170.82191333263114
170.62955973337301
170.45580535296023
170.3407594559821
170.30308081906503
170.27820484344466
170.1664056914396
169.9533499938451
169.71666333504984
169.57701274458196
169.6233487070218
169.8150740389817
170.04875647394385
170.25853278974895
170.4093840790976
170.4705161117924
170.46834213501558
170.47896401914457
170.52875224212903
170.5487787039662
170.4967547562963
170.42243477963697
170.3637484144047
170.33661612920596
170.3110685658452
170.25187787353497
170.1455357707276
170.0246068972219
169.91901350418635
169.8090145457767
169.72624848059687
169.71477297008283
169.76588776986793
169.8647088674435
170.00322467077487
170.16169996112862
170.30216596248007
170.37542346746022
170.40154062242175
170.42711853979227
170.46812409444016
170.55260358498356
170.68393289931294
170.82040979736718
170.9634975254082
171.09602342689385
171.1821153867472
171.20673146954425
171.14570924248522
171.01626598726324
170.90511774078536
170.8453105026853
170.82326718210192
170.8146132582048
170.80953292226062
170.79847981442032
170.74000499625083
170.6541995512652
170.5942171887096
170.5658571527312
170.50916662261176
170.3824400063242
170.20490338008258
169.98132355500377
169.70884992154777
169.4045992651565
169.0842253591823
168.7335104057388
168.31649405568984
167.8405090658809
167.38775004937136
167.0639371147093
166.91200860558465
166.88497766698305
166.89796834286773
166.88363538463992
166.8169023942137
166.73012079343283
166.68270433519146
166.6754087692799
166.69612067166725
166.78961925074339
166.97173179519652
167.23079592544607
167.59510754880296
168.11679639403906
168.80118909852948
169.61232982538002
170.52767962702745
171.52578145808508
172.69497683158477
174.24216852045498
176.24117625952618
178.5482483436918
181.00360842327194
183.55345873054165
186.14155671087025
188.64892896477377
191.03795198682715
193.35574357816597
195.64725645415015
197.91373565001368
200.11640644202788
202.15299775649896
203.88618740515068
205.28968198000382
206.45263015462635
207.45835773338098
208.32428267641836
209.0539036635592
209.65965637353813
210.15331051090763
210.57077196235883
210.96776527968618
211.35549116656276
211.71120841139236
211.9976026132964
212.19985468768388
212.31831502837485
212.37252709639876
212.40429543469438
212.47092061642286
212.62177251431694
212.86780668858256
213.17211089654916
213.47689112010357
213.7599497014674
214.02269813378803
214.301178715272
214.61014107604024
214.89518529676067
215.09630580853818
215.1997091636781
215.228684902695
215.19850301143705
215.1045000052658
214.92922915405492
214.69000437285789
214.44929090089136
214.239751045729
214.04606359475898
213.86468944346186
213.71021410062752
213.58656658296317
213.47282626032623
213.30986303386555
213.06233271592112
212.75932899887977
212.45113481547708
212.16473066494194
211.89511069295853
211.64334140919672
211.4548122758693
211.3806189670978
211.42647664720366
211.56395240608546
211.7548127478755
211.98385538516217
212.2460066100208
212.55246568224874
212.90784281306236
213.2753605207291
213.60046301689388
213.8362984205412
213.96771445975224
214.0153867738591
213.9870681888552
213.91194193091457
213.86319429768827
213.91720810272943
214.11835897639764
214.4860079359513
214.99797058720284
215.57918467273097
216.1594043346902
216.6932699046137
217.1452920250009
217.52285262343383
217.83109948979046
218.07225338267799
218.24014727099308
218.30049714327188
218.23835793691666
218.05986916597072
217.8013563392297
217.4910787214906
217.1727769007657
216.87926753223775
216.60379039439988
216.35018639716188
216.12240915485526
215.89727250564374
215.66677103275035
215.43644973058656
215.21469298722803
214.99690927989542
214.8264331357898
214.73935380792201
214.7088607578174
214.69270262881594
214.66896751048682
214.63317722203374
214.5752718106146
214.48634204384817
214.39398020690803
214.3617594412207
214.39336147155066
214.4691704046641
214.5882480404042
214.76429772604968
214.9757902996244
215.18415380861046
215.37180993968917
215.55277253595952
215.73327376048547
215.90834149116225
216.0665922491883
216.21287201779342
216.3707668304117
216.54301090881148
216.74244573591415
216.95459379406822
217.12639069471888
217.21706423957016
217.21394266315139
217.09377211688775
216.86735123297223
216.57595668764438
216.2611302380469
215.93335513022365
215.58712259638685
215.2109095198499
214.80355165468
214.39500553638436
214.0686265539942
213.91126377366285
213.91314102315158
214.0112108682112
214.1496834946494
214.27355307012522
214.33348902309336
214.31559404276263
214.25225403380006
214.1761723009811
214.10084192529658
214.0165004183989
213.91131608766673
213.80056356263103
213.70404632603748
213.65260757757457
213.6747685185715
213.77546699263718
213.91682395163258
214.03085743774363
214.089270584342
214.16093689957347
214.3229682735037
214.61926331416907
215.0412584348582
215.58208263034658
216.235316990318
216.99166871855732
217.8660206843358
218.87535488519876
219.9701018654895
221.0501619365283
221.9739826744488
222.6149432056489
222.85602628196472
222.65809393744533
222.07929224937388
221.1795030310601
219.9976918393608
218.55269033037263
216.8413213229281
214.78717277222486
212.2416717104678
209.19316474487294
205.97873579729475
203.320145321579
201.98788396948584
202.09307802230552
203.12580869258827
204.477208497363
205.77807423613137
206.96989657621612
208.1945078605085
209.68437257323708
211.5943717069398
213.93834278430967
216.3165568283078