154.73803946325216
155.59788878605917
156.090640489406
156.24947101234505
156.22630682834563
156.12036918478333
156.04262586848532
156.0902241192764
156.32134366988964
156.72945433225595
157.24466101714214
157.79515772311487
158.36023239870315
158.91779313466972
159.46165848532604
160.04950481862343
160.70667008711428
161.3446784030569
161.8822378612143
162.34001760365328
162.8123895802917
163.37676692955569
164.04396916355427
164.7800635198476
165.49453697356375
166.07223171282138
166.46878835668034
166.7224771227725
166.90878303383414
167.0747779557308
167.2520342993162
167.49447851832892
167.8394518398054
168.2305460754581
168.54990537942055
168.6950761698265
168.6671045894281
168.55536381355856
168.47103771339698
168.49141487800122
168.51495852170274
168.39911231361316
168.23816213282527
168.17002831191795
168.156104945773
168.157436442085
168.22066734961365
168.33817257038723
168.42359575515428
168.3852396454785
168.27593617983433
168.23327764058777
168.30876911029512
168.4880416676
168.69802532882852
168.8898388299387
169.09168881256295
169.36090302050064
169.74867586272748
170.24313622043422
170.76601856361515
171.33106922150887
171.96828316520566
172.62677514644074
173.29347485224787
173.97329673923974
174.6329252823561
175.20566257109084
175.62720950142597
175.9413053774261
176.12048429832004
176.0751698627168
175.8189659780772
175.41620331226358
174.9307170559651
174.43514317549034
173.966600545393
173.48339604840578
172.89740957700624
172.2219633486486
171.56033939889602
170.98549613104882
170.51962800065252
170.16626287054038
169.89543998083107
169.71800442998176
169.67032477050586
169.7244193002978
169.8041757404992
169.89314206547618
170.01690149312572
170.20118002855466
170.47057091693262
170.82127497345695
171.17679722357644
171.505648747778
171.82071954430683
172.1185480441628
172.38797074696123
172.61069954230197
172.80422880409333
173.03341405647495
173.29086117807114
173.46938860491576
173.53591871388755
173.48706962752968
173.38529221653266
173.31109387176076
173.25375709900632
173.22758743330596
173.26704109801295
173.36452841921013
173.50010172671148
173.65598843603476
173.83703958253437
174.0609894643601
174.285700036307
174.45654502659394
174.53841977220938
174.59421307961657
174.70544634065035
174.85715081181093
174.99474916254803
175.12470533372579
175.24090729316086
175.31335225711643
175.34093669403586
175.33610684740904
175.30817932187108
175.2737978131208
175.24344112384486
175.22139849173098
175.19066976779357
175.12388014848662
174.99165165208913
174.79529236409684
174.57115209741286
174.37074382476007
174.22997969599362
174.15510335441678
174.12789522923646
174.12827224494762
174.10416218872854
174.01822073496473
173.83396035156738
173.54653938058775
173.20490146838966
172.83824453328387
172.46239943352106
172.16742002933157
172.03928878955125
172.0380812146134
172.08324843822663
172.18837051571796
172.30312539714038
172.33820530698682
172.29226883399292
172.13445771273354
171.93083895471432
171.76272197190553
171.64538801149052
171.5676982531205
171.50269117624242
171.441696609317
171.33455488298597
171.1014205158147
170.77479873053323
170.4622497806937
170.22521877472133
170.04356921987835
169.80282290953994
169.49873798829412
169.21524990518077
169.01140789437207
168.83847488870072
168.58774896101048
168.25053702107795
167.88282824645563
167.4628223947444
166.97144915444608
166.45662888092272
165.9436225647815
165.34243575484933
164.5999828079885
163.89507815217115
163.41536980534178
163.2276099164895
163.42415918953822
164.19595896756766
165.67716030356925
167.814371407221
170.51138212236634
173.73365213477382
177.3760605558668
181.30277366680855
185.77078768003787
190.96274384173148
196.5799359730726
202.0214890981717
206.99017318006003
211.71762285767576
216.6582186395603
222.13670375736282
228.14263732521786
234.23319547525244
239.64233221812123
243.83110872720732
246.87303908923883
249.17043347688602
250.9905428849673
252.47322535278963
253.68052504408752
254.6207731750938
255.31056050061986
255.76423529979851
255.99878892516614
256.10705066995524
256.18262098382525
256.2399892747239
256.3208133340472
256.43725833803705
256.5461753365946
256.61071248169344
256.5570622538937
256.34330805588957
256.08926027826294
255.9193736506361
255.81065156346062
255.7178155139609
255.6257686609866
255.53038626346796
255.4729651266918
255.53109804778555
255.72968195579762
256.0148596938534
256.3046144635266
256.55881313646347
256.73924950468785
256.7577754406627
256.60495268421647
256.43111316941713
256.40709262236396
256.5916722010539
256.88679048957573
257.20965727796124
257.62153333964284
258.1683988669962
258.7347089122552
259.26931474935526
259.7112698021397
260.03095911821754
260.1871964484385
260.15627009970797
260.0167627666707
259.82760225545803
259.6993623083908
259.68789630023224
259.7244658498972
259.75373414312435
259.73416999849985
259.7122950118131
259.6835606644386
259.6160274857621
259.50837169273314
259.35492353510546
259.1703712906655
258.9847958067526
258.79675836914095
258.62137146712064
258.42930903938833
258.2221173924755
258.0705950144605
257.98206930537214
257.9585222385109
258.01418765585987
258.125603607863
258.1866482991815
258.17741365510216
258.1801546028511
258.2581288754552
258.4412266871233
258.7539689891252
259.19182277534594
259.60707874501304
259.90576497706104
260.1643723183897
260.5054892621331
260.9451395540209
261.3926503142169
261.695823845227
261.77254343447913
261.7122274318226
261.58263769444886
261.3941325103556
261.1702733769234
261.00152151219055
260.9139252652234
260.8910192806427
260.92620035068535
261.06940718084763
261.41741145039066
261.90899862011065
262.40574948091944
262.81000623940685
263.12933085009365
263.30931919266243
263.32218744725094
263.2020311266102
262.9496994486863
262.58431549480827
262.10958245124266
261.540262136146
260.95474755654084
260.45464588219687
260.02626381506946
259.5934827531047
259.13599104137404
258.6960676540812
258.3730704847976
258.14378279212855
257.9180991070957
257.64160777431067
257.29540630814694
256.8543872503966
256.34342402566296
255.8041353091659
255.23772783251425
254.76020481468873
254.4519860337473
254.28383682276026
254.26475957817567
254.37139544970077
254.49911917052464
254.60875924024035
254.79098582964832
255.05229122279331
255.2866692084873
255.38208696956931
255.31232234879397
255.1094814291692
254.88619619251602
254.69115907542013
254.49256080336932
254.29510847708482
254.07368981743838
253.98247267666522
254.11038092329525
254.3430380767515
254.60397736662156
254.77957420886875
254.8082028862641
254.8409728524114
254.98641510274874
255.31975554079827
255.891796071837
256.56772959697173
257.24038469253964
257.8409626163298
258.3111651820371
258.66501583482
258.83464868901035
258.8713643785911
258.80205482371764
258.71467415701744
258.5735210405042
258.4168956990505
258.21466270918495
257.895074689683
257.44931013978737
257.0371996605796
256.7501473980587
256.55416717783066
256.41212312518644
256.4140201890316
256.58099625768153
256.9446717140725
257.4720949770133
257.89798617260044
258.1815027222712
258.3580292583514
258.57724259742616
258.73488848108815
258.640388591586
258.4231197993932
258.1163896970737
257.8433483468791
257.9140133732704
258.4525019819326
259.4072349410163
260.493837990707
261.3595991458661
261.93434845452373
262.21341961669987
262.5028764729028
263.24590154044665
264.02026274692145
264.56738134781233
264.6811303167093
264.3831209645973
263.82931947988885
263.23405974436184