146.28138587289328
148.78334669245828
150.99815381263832
152.5690130022873
153.56073340101713
154.236827777754
154.8106095892262
155.43395062509882
156.2126938741792
157.15174812665654
158.1740114919877
159.18519739955735
160.0781797181235
160.80057881042592
161.4743033447491
162.30179792153172
163.34888941165906
164.52845665629542
165.73749137283914
166.91944014780253
168.00381735560754
168.8824038812969
169.50975437230534
169.93547716335678
170.26244278154013
170.56541573974573
170.80335608784483
170.96873377874834
171.21780258476198
171.56587843709076
171.8846001683035
172.10603984938913
172.20329754870107
172.21224406118583
172.13927857497038
172.01190511671996
171.84560988359607
171.60877242470508
171.28382922895622
170.92798194051963
170.6808052928193
170.60008595848248
170.70739237127637
170.96715074605862
171.2822234557302
171.60517162404918
171.90616780032994
172.16658808526853
172.42220674356423
172.66203228196707
172.85414967091046
172.98830562729364
173.0378581779056
172.9623908789699
172.7376667329538
172.38130146942433
171.929228350416
171.47813977100802
171.12541136407378
170.90396717718053
170.8216187267206
170.8276528942748
170.88099874539765
170.99077647046462
171.18414041725543
171.42118483638487
171.63621592045112
171.80642238996504
171.92121172192236
171.96736295791862
171.97855864846346
172.0015290928153
172.07681174812566
172.21442585547084
172.3868407084802
172.5476692587808
172.6263672384112
172.60081019783573
172.50448754675534
172.38378994125347
172.29059057351702
172.27664247919586
172.3557503341268
172.49785806376718
172.70044940132482
172.91913460899679
173.09260668448778
173.18399492717782
173.1744162355303
173.07584695394746
172.91819033762042
172.74815548315084
172.5932462959782
172.47875806666787
172.42747872862176
172.466217316933
172.6125723505014
172.83844057841446
173.08769490506037
173.28259819874793
173.39658243105552
173.44481529956562
173.44917946847258
173.44007146352317
173.41464053985928
173.35576979456587
173.2765963789252
173.209912205936
173.15261263380097
173.08205800734663
173.0063673346168
172.9636214366566
172.9800852182659
173.06596883452482
173.22520951699198
173.42854657695938
173.64128650779202
173.86045540441333
174.08820004016602
174.30923922031167
174.5179544453647
174.69686673148658
174.81364020293847
174.8456247729693
174.82207742718165
174.7911191501337
174.74755957870863
174.66131903073776
174.53735953152716
174.42291368411495
174.35734222601167
174.3472456390564
174.36725819681595
174.3628745445011
174.2881678889885
174.16059955563676
174.0347973255508
173.9504465031942
173.93697051361733
173.97309068787516
174.00950124846497
174.01922715605767
173.99488880557615
173.9495919688557
173.9111933480028
173.87558799303946
173.79874735591528
173.68246204307098
173.55005707992245
173.40020155935872
173.2727387844335
173.20742072792845
173.19847958138553
173.20079804555573
173.1786339040259
173.13629321643495
173.09943745719528
173.09097977371417
173.0982056659361
173.11679980915108
173.14223628767132
173.1612387082174
173.18176845752868
173.2244773328783
173.3106745288932
173.4305979252126
173.5366301934772
173.5879889921893
173.58871229907183
173.60948620431785
173.7152631368786
173.93569248766312
174.21498430424882
174.4737091942084
174.72203309527032
174.97061532523364
175.2330489915511
175.50625012079365
175.75686998756493
175.94868352742967
176.08696663562534
176.19987500426188
176.26121823083074
176.229347198155
176.10177715363804
175.88195729963965
175.6002258917661
175.27521464227124
174.8658669742436
174.35498051731855
173.73027601734518
172.9986820494366
172.16235957708489
171.17625683461736
170.03861613239303
168.8287266492796
167.6244241231363
166.54951175507668
165.71767849560888
165.19656630017357
165.02641739090322
165.19523870832035
165.5730101929361
166.00185640502258
166.53566528486672
167.35109181831928
168.56324496305925
170.2251640917192
172.3176883416732
174.84712507737953
177.83823694196974
181.2493172443539
184.93759475337137
188.72987842202315
192.48131500612098
196.0600247425395
199.3632973707641
202.40160711931844
205.0886783535692
207.264967632376
208.99047955614975
210.42258502663134
211.70833343822576
212.8405731110246
213.7679154504114
214.43760994766788
214.82690918513805
214.9847312633298
215.0071526422586
214.95677365209318
214.91788619072852
214.99573394898462
215.2396639413861
215.58302808995376
216.0246410930142
216.59204116199123
217.25246975406003
217.95280052935212
218.64116774476216
219.30847384207289
219.96968764354506
220.65131611228588
221.33684475346118
221.98271014481412
222.5829435611248
223.14793298158443
223.67463395043774
224.14966586509357
224.58709977002215
225.08766776387628
225.76938771053022
226.58367673634783
227.3740614510398
228.03252670136732
228.50188429351627
228.77694896022433
228.90655197244308
228.89138896263887
228.6708273024314
228.17727869210972
227.43244097572673
226.60680312311663
225.87703398055478
225.28148690682093
224.7996775949609
224.4367442958428
224.1222704088783
223.7833082431261
223.43145750500835
223.07976567731515
222.70114413377942
222.34501379596378
222.08592828504732
221.89336112583052
221.72607951013353
221.60210041593515
221.53267463693354
221.48708020424974
221.47070212294835
221.46388275870154
221.4332829218078
221.47916787489095
221.652943259546
221.914650978962
222.17889080333975
222.3833027917815
222.4988220443223
222.51289548415272
222.4365980389294
222.27711245980493
222.05899017300223
221.80016496711787
221.54120309097587
221.37632519936312
221.31221937390146
221.30714642450664
221.3891684891397
221.52593114031777
221.62492297128185
221.72707570507012
221.84300153952265
221.93430861862396
222.00715961722383
222.09298599978206
222.1881096426651
222.30344249376
222.391662601926
222.3976936990971
222.3190589714436
222.18751604093328
222.03624818298334
221.8884478763187
221.74060218215288
221.5462178798518
221.3140714592636
221.08022831633525
220.8292532569342
220.53087228622462
220.21991298555926
219.9795473719359
219.87390852584028
219.91602374223402
220.06968551445837
220.28802645878372
220.54366141986
220.8027742821627
221.0320682888209
221.23697877505722
221.39011307270528
221.43840587639562
221.4173350135529
221.38393632943615
221.3561654190242
221.36207637237368
221.43007275963427
221.5294516272101
221.67486899555058
221.90184920291642
222.20878415498115
222.5786382553586
222.94673741189592
223.30724798740786
223.63256089885365
223.88069494272304
224.0362052317588
224.0531616952731
223.9358237233871
223.6973906789567
223.3273486647915
222.8306129963021
222.28742010918063
221.80348441375597
221.48161070466398
221.30415555223854
221.188507469292
221.08584957384164
220.93469256501692
220.74953269115392
220.58845227503048
220.51110988040676
220.5975496523085
220.89847088729647
221.36744244085074
221.91398790725015
222.47936814274794
223.034694854946
223.6446354983495
224.36985140815847
225.16910867841992
225.97374119708883
226.8064811937603
227.67111343214714
228.52344513744256
229.2424940278448
229.66373765318025
229.67388660490585
229.25596406311337
228.4960286260065
227.67848614580004
227.03484985364915
226.3253656178335
225.73082351611674
225.4628082340702
225.509798106801
225.6337339058362
225.55971378769084
225.23587885136612
224.87571229276682
224.75710657033426
224.88842115969743
225.0685247518665
225.17139673048376
225.1910408651295
225.12211407202474
224.95089647574412
224.60280757799404
223.8567189317283
222.38053334149092
219.89779987613144
216.5659388285994
213.52469336493076