150.88753070900543
155.8902678738741
159.51245821519058
160.67910240061292
160.27765762311995
159.60177235853772
159.27771195904305
159.11281701641104
158.74789393445042
158.2589383921535
157.7753043654984
157.341824742346
157.05539530059545
156.94090448736492
157.05209469263815
157.41408394122146
158.01596397424836
158.84380244669876
159.8133769681692
160.8540393059714
161.93959270966593
162.99599886451685
163.92375839567188
164.7204481842541
165.39546201827642
165.9778571319361
166.5264526976604
167.0633086465936
167.52788512839342
167.80661167090148
167.84208108562518
167.76550686356936
167.71501872016967
167.70987905037578
167.77404648437783
167.8752467769335
167.90991532291372
167.8168863249893
167.6077434542512
167.32662704578817
166.99007499644975
166.60012015102893
166.2404239341163
165.9686383216179
165.76364955943544
165.6205914364493
165.57001522998647
165.59041780266853
165.59815464902437
165.5534991003286
165.5015419255529
165.50161370330602
165.57254460615667
165.7075708789765
165.88269703062363
166.04131166992548
166.10805986654265
166.02413150125057
165.78755974229716
165.45779306781475
165.07947898673248
164.72860634170814
164.46510184059778
164.2717104196496
164.102302216297
163.93656806369887
163.78550345201265
163.64053633767637
163.5262479808982
163.50896776849385
163.5883270236115
163.71406507592582
163.85048768556348
164.0274358809569
164.29073510881355
164.61626465250376
164.96356893746895
165.31998674845497
165.677343460327
166.0026052559872
166.2291881225401
166.3150925487576
166.33635233470332
166.38869124160908
166.56276485549262
166.89270494510845
167.29237345175892
167.64837681543207
167.92934685546612
168.17565701009457
168.41787933574108
168.63788816882226
168.83317039974884
169.02097870486944
169.18182232790707
169.3290332556912
169.51547014268385
169.77433726717672
170.0904010939305
170.396584162247
170.60831925483143
170.67319900972294
170.5754084351331
170.35193449832454
170.05253225945404
169.71841919548095
169.3874431436845
169.07368878329498
168.81234366284633
168.65599169409236
168.63784053839902
168.74271181929845
168.93492801639414
169.19168133944729
169.47468066913592
169.75306029127938
169.98908291941615
170.1360857083373
170.16814614871316
170.11295219340158
170.04801232320028
170.01741317768744
170.00522349489813
169.9562995077488
169.81451488181824
169.5645281933139
169.25521567261825
168.96550434326596
168.6996453317292
168.477936363638
168.32368726024743
168.1921326431711
168.02080076776366
167.76376075935278
167.43945047727078
167.15958629052645
167.00871174236943
166.9676820544003
166.9901418109552
167.06985986943482
167.2290980760244
167.46668507300063
167.70435941950487
167.91554357005995
168.18068078037717
168.5478590591278
169.04579705277115
169.65234813767307
170.2997068828629
170.93002549939962
171.43752982434103
171.67604593253267
171.64137357099528
171.4136613024103
171.0862080346919
170.7558164102405
170.45177394662028
170.15630772845395
169.90443352044502
169.73639713760633
169.67101873835932
169.73758734109975
169.94576743814804
170.2458625524309
170.5748438803527
170.91174032541798
171.2459192157853
171.54452529198386
171.78328898004696
171.9424363322292
172.03196062896342
172.08782782999094
172.14823769891305
172.2618393522871
172.3695473106236
172.41827198650202
172.43581028917643
172.4475255466191
172.44083647892126
172.3942638651095
172.3134835011233
172.16890667561103
171.94734717993674
171.66928289410941
171.38089469273586
171.13549620135143
170.9216942010865
170.65989151180975
170.2903860302663
169.83586881083542
169.36327551644206
168.87900955404643
168.30155192331878
167.57307110190362
166.73635051870053
165.8240772231949
164.855704286285
163.85706500709935
162.82341997630826
161.70998294779724
160.45827307021395
159.05854394073683
157.54379869577934
155.96782426171848
154.45636828452962
153.2249165743055
152.51331701983077
152.5393510518053
153.43332573958207
155.1287221337055
157.4470517325022
160.3913476542175
164.24736209224062
169.21001736557344
175.11058705411327
181.4292206091793
187.88301842269922
194.62053546444616
202.0327639005003
210.9804455671023
222.1686252192516
235.3800100143511
248.9388539134382
260.6025491231468
269.72981393222125
277.27167505117046
284.1784020771238
290.548739565433
296.23620316820256
301.2576624168795
305.5749495737456
309.11790334306306
312.0508531255359
314.62409734358994
316.8497079509957
318.5663399388958
319.80461049473047
320.7410404028946
321.4016455174401
321.8380117627278
322.14321439132726
322.4592750625344
322.9380457996444
323.62147624548925
324.42635599173695
325.23257709391146
325.98085516232453
326.6828999501786
327.4195754796429
328.2512439487374
329.17114896955195
330.13486741508814
331.0896452423741
331.9481980191165
332.630299040955
333.2117289843886
333.7748611612297
334.46520334893574
335.383783986412
336.497065469919
337.64248738899994
338.5998479581206
339.3924947092421
340.08255420223696
340.63454945082543
341.04077317222726
341.29085751773107
341.4645565919625
341.6972402761625
341.9495839239515
342.0904397751249
342.118201091024
342.0554102984199
341.9199842897997
341.7321131198794
341.56652159388136
341.5088614727252
341.54082741224795
341.59751501507674
341.5903947904239
341.4674110359054
341.24323196583214
340.88364739639724
340.4468157613309
340.0126778590544
339.60001505735823
339.144436780329
338.6195584842896
338.02693722970236
337.44499792372864
336.95164426166247
336.59051154203905
336.42148070946575
336.48012641298925
336.70226126126323
336.9945813744995
337.34751434031
337.6853764401711
337.97806329208885
338.2533145208087
338.5435364875362
338.9064924962064
339.4155951930163
340.14514537081936
341.0566268715563
341.9737277937283
342.72988854293186
343.22198122311346
343.498481420282
343.66817118841254
343.8125208670764
343.9921022544388
344.10562671153076
344.1278376480049
344.19447417277433
344.40312116390385
344.63274988998376
344.72454548392227
344.69886973317784
344.6356332312945
344.58844011271407
344.75229373644055
345.151106340075
345.5531736924529
345.865510595132
346.07949744670077
346.27049273509795
346.4438022433104
346.5402543715318
346.46803804453964
346.0735745640379
345.3491054980372
344.31855399283364
343.0278440682096
341.6230190496001
340.2480339526637
339.05540120542355
338.1716618658445
337.6116506211743
337.3154762470484
337.27964750020874
337.54263295062384
338.1331464092171
339.0334848301337
340.10057754243155
341.1533311999035
342.1500283593967
343.09910201407314
343.922637619355
344.6179261021414
345.23994980365353
345.7652294659687
346.0977944640299
346.1239065810538
345.8447117919293
345.33881764122043
344.68923580413986
343.94750909811427
343.01517433281316
341.8759484094031
340.59012248343663
339.20651123800735
337.7932653352241
336.4143238020498
335.16460742998635
334.16429621563225
333.4687886048515
333.1124292929791
333.0874838430981
333.3425531274914
333.77134212084917
334.33123412947987
335.00234622611254
335.79909952708647
336.6656270404786
337.4088297067033
338.04584122901804
338.74155590718954
339.6154472993443
340.7163640688378
342.0574946281455
343.58924710152957
345.1703841930536
346.5345573116002
347.59153487559047
348.4616267920341
349.3639014745818
350.2874821318559
350.9711401892936
351.28974652535163
351.2001986069149
350.69940202834323
349.91089875983994
348.9379198890254
347.88380535920714
346.7802425382559
345.53330115989627
344.031742671928
342.2101788241182
340.15817161704734
338.2025441013628