0.0
151.88390780290956
152.27269375112047
152.9235667897177
153.77041573111072
154.45140823421963
155.14651718807892
155.9244557699668
156.7358440505505
157.5946519460987
158.46532885634198
159.09475007789354
159.2051250301346
158.79098182777363
158.18709036009892
157.73061162329026
157.7420106309917
158.3146308623887
159.15853303571848
159.8282512631111
160.14800137224174
160.2559309893681
160.38415860269956
160.6201409464063
160.84907537652492
161.07556568702066
161.39650584529298
161.89072817473493
162.58504135506757
163.31730590999558
163.94981049658483
164.41605844106383
164.8090999257911
165.23718951812643
165.71966143248596
166.3438747986172
167.09501724090745
167.8992707920387
168.7330982554556
169.59854282293037
170.44952222395438
171.23880742483593
171.9008710434523
172.56257946655683
173.2681353522693
173.94665032567764
174.57472360599525
175.04691424124508
175.33057762470978
175.55687326281026
175.7994254061202
176.07944139303248
176.39059538739818
176.70766227226272
176.99981396886625
177.1962714784086
177.33206985203512
177.3819059477363
177.22090056775306
176.80220871415364
176.3262229797307
175.91398446122344
175.59689310820835
175.3697444690445
175.11540559246907
174.85687447586588
174.6014583221516
174.42614436642245
174.37400718208227
174.35585846490665
174.3626227721684
174.3683725943313
174.23263383656288
174.0234916981645
173.9099438037375
173.9147826668895
173.9069986025757
173.82249333789684
173.7471177540753
173.6915406168735
173.57886887197174
173.43985334772213
173.34611870683457
173.30896926782174
173.3123553814102
173.3093359266442
173.26783497421968
173.18134514460408
173.03574908409811
172.81803719293248
172.62996331890253
172.542122930007
172.55151040167067
172.64949327846796
172.81905830065432
173.01433687788338
173.14789336195108
173.15381251610128
173.11237985818676
173.11545369206928
173.15642785576284
173.1584055548784
173.04723500359108
172.84513135509326
172.6420771180012
172.53122075835475
172.57716143670135
172.74895869455932
172.93903529153647
173.05510142989485
173.07698732548621
173.0594836479863
173.0638446231013
173.07717597291514
173.07297784623438
173.03360142186125
172.95461343017126
172.83622203813897
172.63498682785809
172.38407239050585
172.12114503559346
171.84744727998532
171.57413948262072
171.32241628108756
171.10302135202818
170.91605322259403
170.81164918577667
170.8100280282255
170.89298467226158
171.0422205658645
171.2142823804917
171.34531819614224
171.45516411247485
171.5695822499201
171.6194815287614
171.53460746944012
171.36872584424674
171.23158837249446
171.18169565571048
171.23067999445357
171.34271036116138
171.4087839469543
171.3797167771691
171.31717549486075
171.2949641204072
171.36029260248208
171.51764079538125
171.6941575289811
171.80961233479155
171.84438643908715
171.81925649152208
171.7857610793709
171.81522110409162
171.93170665793465
172.13035668454322
172.34273614553774
172.48220867823673
172.54633702411388
172.56821450944892
172.52998927622878
172.4713417982411
172.44223208803157
172.4163888950272
172.34020605708653
172.21132281639112
172.02703181936087
171.76841909520198
171.45082736604869
171.10265200758295
170.7222709521423
170.3111053391809
169.86548058487767
169.3748173401787
168.82536585384466
168.19163375100817
167.42989229139602
166.53228812588503
165.49804060588247
164.32319907522026
163.03262710596078
161.68976772300238
160.35964494135283
159.11540797738346
158.0233737014899
157.13953439642498
156.48839970518608
156.0480602436295
155.80973277872585
155.7729097496428
155.9246677341505
156.264620957114
156.8390862411727
157.72821406903137
159.18413099491255
161.63185791876194
165.32125132074083
170.12838496629217
175.5966971443223
181.17662960007107
186.87021334243485
193.03388253906354
199.87156471857838
207.379394648065
215.5591980111212
224.35719365869616
233.65232591672645
242.91856206984824
251.35471938139236
258.42298398218566
264.48252768083535
270.1249054673683
275.7352060223327
281.3109573397583
286.6779592821654
291.6367968325622
296.0371091925219
299.7938837150257
302.8384620570125
305.12607265741605
306.7295716702176
307.8264848470817
308.6933988541092
309.4804779461734
310.2407309349009
311.05985555173663
311.9507944250742
312.8332476112676
313.68734743692323
314.4274060877133
314.9525476816527
315.3352005360823
315.6352896052024
315.8082955146399
315.8508596933999
315.8644206059472
315.9901381562441
316.35510937084814
317.07574337141284
318.1529615451022
319.463446858879
320.8142469968752
322.05191854629095
323.212806936393
324.34862912142785
325.4416993069933
326.46823304069363
327.4566911062734
328.492916569233
329.5509068260021
330.4555828920666
331.21577891800456
331.93280941857245
332.60461575973534
333.20791988497507
333.78269217481534
334.3913286564734
335.0615693958576
335.76680258580365
336.3938812805419
336.80199800151445
337.01197679688516
337.24521607572024
337.68457763642084
338.2327688201202
338.6678864614559
339.05824231772374
339.6375167405044
340.5791057347764
341.77679867370506
342.948542709673
344.00495525487474
344.9625420415836
345.83781052672424
346.67678278392776
347.43134944123494
348.04361085769926
348.5263107006725
348.80280523305
348.87981415348406
348.87719210343266
348.775212191676
348.62685639893857
348.5567631923791
348.5307102310003
348.4314675646976
348.1983180245354
347.8280262289342
347.328475983164
346.7628212358709
346.18668902456625
345.5372626153716
344.82401059217705
344.1099230073253
343.45162140084005
342.87085505587294
342.31180250333256
341.72603930898015
341.11139564617974
340.56773422621455
340.141231683097
339.8617591368863
339.77476436429237
339.90074893084187
340.1344554541089
340.31230590934956
340.35522269586596
340.22632825807443
340.021383068417
339.87303379001736
339.8825005332677
340.0696962958305
340.3645146933749
340.743747686889
341.15346094499637
341.52014826568177
341.8579285943647
342.194633585632
342.4899023644458
342.8323529061051
343.28670290948804
343.74732063970094
344.04124198682837
344.19834263097243
344.3330727966494
344.5836906746673
344.94559693658704
345.3266762578478
345.6398289149582
345.9144132797487
346.2023693923851
346.4659471996713
346.6802211222427
346.8629612514195
346.9761268229852
347.00917739675765
347.02356481415285
347.0012740672672
346.927634297699
346.77269395317995
346.4979692526382
346.1680763177007
345.82855146975186
345.50830767390426
345.1327820614519
344.6596572126243
344.18755681662657
343.7977053485236
343.47153965208986
343.1437178224699
342.7607791253398
342.36904728367745
342.10202264000594
342.02058254185226
342.08050469099953
342.20558756112496
342.3283185194443
342.3822243292369
342.27879496570733
341.9992397634516
341.66771677265325
341.4269868949397
341.31926775280556
341.35399535941553
341.5561739635888
341.9106080867647
342.32906391631064
342.76390654151453
343.13182949494757
343.35887610425993
343.4496803762415
343.4107060621702
343.2647828038231
343.08484175251544
342.9539331442133
342.8329744161192
342.649760392823
342.3739861126813
341.93962997868834
341.25668850871716
340.2911437353882
339.1469813402025
337.98486263747236
336.94528787242933
336.0929585387764
335.4701383008948
335.11944640694685
335.0604760145032
335.2910439265461
335.7891069972033
336.31646188688353
336.58667495208385
336.54376202924755
336.2913244835812
336.07336592260145
336.06007494063687
336.35557287972773
336.91814472775627
337.6218391513848
338.4539687284785
339.45048011563483
340.43502927064503