158.76884046090834
161.6833108302464
163.5508524723761
164.42988636015542
164.95661327144282
165.29508142832947
165.47127282272166
165.59599495186336
165.73140960524603
165.86256287243896
166.00304834534688
166.11398908150016
166.01922450978375
165.71835720141817
165.47982099557933
165.50717084737764
165.77962850565464
166.1648467250668
166.39717358472402
166.32695469548443
166.33171005452823
166.73153248270984
167.38301333894043
167.8921749223055
168.20386772983278
168.50887812875501
168.80964858002537
169.0976417461567
169.36997244407897
169.55997580433012
169.65945453964932
169.69806697128323
169.72815535789192
169.7535050236786
169.71253312894527
169.59422210962404
169.475559563015
169.394949092753
169.30786145901405
169.24689393506077
169.23776943850663
169.2448719696944
169.22082381587
169.14385937324207
169.09313293868465
169.15338126270063
169.3096136743715
169.49680331156065
169.6969920877204
169.90857879948263
170.13027644369382
170.36064900906302
170.57036430926485
170.72419388204082
170.78778386385054
170.74212964896822
170.6347103897809
170.56115602115455
170.55516281155766
170.58777546570113
170.6353331524756
170.69332735066357
170.77840358558183
170.85979621714358
170.89883870001862
170.94362504918882
171.0234966413177
171.1562870909586
171.2962478223595
171.36761244621874
171.36660708464973
171.33283464952893
171.2666760785376
171.1505614134755
171.02958097127438
170.9844135003717
171.0294597164692
171.09884458354
171.139914376302
171.12876572908363
171.07798405823917
170.97325180398144
170.85579555547918
170.81825060894488
170.92251857547538
171.13544884757826
171.36441043814426
171.5831053730953
171.77252746700515
171.95057497877804
172.20358479985128
172.52652863029084
172.825480098644
173.06548297039186
173.2450435427889
173.35355336155897
173.40538730093462
173.43844299111305
173.5054408331387
173.6168508291208
173.71301631390725
173.75042612254668
173.66933284100477
173.48461502486356
173.25719507337692
173.05602304918335
172.9083553719691
172.76683825229944
172.6459715186287
172.5821401867564
172.5278666229546
172.3916294514462
172.16668602956744
171.914595455162
171.6804035824847
171.49273042545119
171.38302001648398
171.37907937267093
171.43011647850994
171.4520293470217
171.46031810787457
171.49558305091603
171.52845550648857
171.51510550710654
171.42677271697414
171.28692564404912
171.19171927610853
171.1785237054654
171.17936576703806
171.1285807045767
170.98958527075845
170.79960452374877
170.61728148901682
170.4899284286238
170.45784995280144
170.51717109973399
170.640605517497
170.80382936816494
170.97186785976845
171.11738230933267
171.21912630013833
171.29183318795566
171.36212916490368
171.43460462438242
171.54859768737373
171.72698916727376
171.92762491662833
172.08896478564844
172.22923104654785
172.39270976724842
172.570162696356
172.74418881015094
172.89476644934166
173.03059592142372
173.1845868130754
173.354989532075
173.4944670918434
173.57600438372054
173.59698155902356
173.5462267793363
173.4359647693163
173.33583842366795
173.28520939872232
173.2550387757738
173.2391025388805
173.24161999193578
173.22467115121188
173.1990406325082
173.20339685545756
173.2368309564657
173.26046366290302
173.1939127228682
172.98622459902083
172.7062560954735
172.42298606834876
172.17383321239956
171.93981830475497
171.66928322002312
171.35548130709537
171.00228778790355
170.57652300488613
170.04951367154138
169.3686998167003
168.5086371790694
167.47077382112332
166.28589686588532
165.02819188113776
163.7561288011043
162.554979568372
161.42652136177293
160.31425014521193
159.27527564189327
158.47802104976756
158.01285844964386
157.8888384289241
158.09145090845752
158.66981784348368
159.83337102725687
161.85602682942718
164.87535489503406
168.8373947252444
173.52050334407528
178.65264981794448
184.1951312332253
190.31390280637368
197.0609591263089
204.46775619385286
212.37219463458564
220.51811587348809
228.820352570539
237.27721536156776
245.96531350410612
254.7005869008417
262.9109205550314
270.2774086644254
276.889836978424
282.876135691114
288.20243080216267
292.90122495115224
297.00961022007596
300.5977769547467
303.8529656082042
306.95104430732397
309.8786529548046
312.50747526826643
314.6783322493883
316.28961695456815
317.4583763218902
318.4646682825452
319.4808769733372
320.5542406604791
321.56776548036396
322.46012289576714
323.3426071720296
324.3209670085152
325.4485113328149
326.6410002806843
327.84575065488605
328.9976962409671
330.0580523427842
330.8973926191846
331.5048717348226
331.88735974691224
332.220883740196
332.62441367677985
333.26511960350217
334.301676612096
335.6612199267575
337.13669006336204
338.5995264263249
340.029191073871
341.3921857432089
342.61411804662254
343.5949915023025
344.272630653272
344.5358083874863
344.4166433779327
343.95386605131336
343.20167397553826
342.3054604274235
341.4758849391327
340.8218782459442
340.39030489146467
340.1636610618554
340.07078938972757
339.9446230181543
339.7629753336728
339.60541015622334
339.52158597346966
339.4817847432662
339.48225788042186
339.5463666292708
339.7300525859255
340.0465342703074
340.35259710769276
340.50959295934075
340.39374740808887
340.0032811769832
339.47643491271344
338.9352898369304
338.42574885863803
337.99571240943953
337.74941324026895
337.69935955480116
337.788706440476
337.9097044947187
338.0465419338243
338.13845108786325
338.17701594563243
338.2321784020716
338.51666590869394
339.07119247576765
339.78145162990745
340.4758986992117
340.99597797185174
341.2777332175241
341.31564932356343
341.21133959208566
340.95195629492054
340.5031155488489
339.9637898469218
339.48973288577395
339.1849081510187
339.1087087458585
339.17684120960325
339.2468802494451
339.29080163420355
339.2938971100182
339.23400350937897
339.2286468980319
339.34043882834004
339.533264210384
339.754586614343
339.941642712344
340.0870033870179
340.2368852646429
340.4611685591784
340.78063671331086
341.1321088467014
341.3608071063313
341.4064523793753
341.30587075252015
341.02397876914534
340.6336155069661
340.17061417726825
339.65033215078887
339.20448446229386
338.9992499114459
339.0820053318864
339.3690704016226
339.7597172847702
340.15085318094947
340.5712707748655
341.0338020833429
341.5540567496939
342.15878598429737
342.704118848734
343.0867789803511
343.26515495774083
343.2270846631518
343.0653028432914
342.9529348321745
343.0201986093162
343.264198344753
343.62240863180017
344.0470414502424
344.4616124416501
344.7784732010665
344.96552689949493
345.09959767248347
345.25415195888286
345.3619003018927
345.2564259659785
345.04295028109016
344.85463526162
344.80706375070827
344.84791517514816
344.82472240886847
344.6230181421915
344.18255792975395
343.53416690474427
342.868685642419
342.39126907232526
342.14459587776406
341.96526368217343
341.61086710441197
341.13054149242254
340.5491498767341
339.92515787649864
339.3372467950665
338.86321610993946
338.52698775646456
338.26480872220657
338.1543071046724
338.2081273934391
338.35237150518384
338.53251360569317
338.57383213947605
338.3832233724431
338.09181561842996
337.65681781801135
337.13608785854547
336.66660286977117
336.35494895647025
336.22112218995966
336.4004452615205
336.83707109088203
337.482963976233
338.33264324402325
339.3461398968204
340.4510827783067
341.5195789611249
342.537837532062
343.4901169056392
344.3917555035409
345.30192620527356
346.23117691687503
347.0838404227111
347.5755486087842
347.3107302269718
346.36735254860776