155.71728589047882
161.20045483943622
165.4677805196361
167.4604884719679
167.68113937652168
166.81531867330978
165.70256024559347
164.95726859628812
164.65369382780386
164.65480002741342
164.8732045640772
165.19946210636797
165.50985990159205
165.72886774519918
165.78154866597413
165.61695074530553
165.3019414116806
164.97748943022688
164.7099498920344
164.51483346123493
164.42946246762406
164.4698233150993
164.635832031389
164.93079249348483
165.28394288176278
165.56950063468906
165.7723406069865
165.937079885772
166.09940796968763
166.2841272238192
166.48017286378
166.69683744973798
166.95155938256175
167.2836382321767
167.71545227868523
168.19578156486318
168.63511588556165
169.00388667108967
169.43982171415084
170.05488572813826
170.78370051866943
171.50617094819975
172.1704324176027
172.8003248903098
173.38729973325246
173.87582610668454
174.1986327487796
174.3955481435765
174.57020601003234
174.72532033373437
174.7742577468927
174.65324156060535
174.4082092434912
174.0528503527645
173.60422434538916
173.1424392062503
172.7191196931956
172.36086541615063
172.08619261723646
171.84292344506156
171.61928427927148
171.4507712838479
171.31185302068684
171.1798619611238
171.10328027517053
171.0927024788588
171.11371264030868
171.15105948350683
171.22771426971673
171.3491908593051
171.49711812521943
171.67929876274908
171.92602129678812
172.20590158765233
172.42671674425108
172.54516002998045
172.64419498265482
172.7870373039808
172.9246354530238
173.00731872974455
173.01458166301072
172.95056245903916
172.8402760620685
172.72428115462108
172.61861256460423
172.5251804605924
172.43701927344978
172.3545797422758
172.3409376667541
172.4054141780585
172.46111201764347
172.4748154982781
172.49213507064172
172.5608349390037
172.68958404303004
172.8483999539894
173.04090761310388
173.2325895586709
173.36035096427457
173.40914880818167
173.36680916728656
173.2069844817502
172.9534569765074
172.6671591667137
172.39797502407816
172.14263475586498
171.91106653469672
171.75012498815488
171.6356690470389
171.51848941521283
171.3956597110149
171.21823059525528
170.9856393416107
170.75947592667606
170.5750164008967
170.4786928653497
170.48298606992574
170.56595934465892
170.69341858308655
170.7639088578464
170.75223370848738
170.76381780856022
170.83286693500128
170.9022875238946
170.91720033595408
170.85676031252757
170.75229454429828
170.67648208344352
170.67797469334607
170.75217434931085
170.8927703574738
171.08495151303225
171.2549782996845
171.3434110886128
171.34588939736324
171.34489887959765
171.42832589166568
171.53463977584101
171.59339374017824
171.5753167351067
171.50216635798427
171.41586210949635
171.2856640394946
171.10090678463712
170.9037784168894
170.70563412522938
170.4698038403356
170.23400719422278
170.0785137183234
170.04433634847936
170.1396712465972
170.30050439238505
170.46167847108586
170.61501034169245
170.742064916501
170.84629606305904
170.9301187048436
170.9374329940241
170.89561113453618
170.89500145292192
170.96695986747778
171.10674052693614
171.30544396702058
171.53656533226493
171.7494540267898
171.85939326230368
171.82584804337884
171.69862899953267
171.54450037970412
171.3848518718146
171.21850791661518
171.09577328633543
171.08660330864367
171.19381812453457
171.3657970894733
171.5173739063393
171.5791200279053
171.58915568388372
171.64707093738244
171.79174727926272
171.98382541339794
172.17807402396656
172.39099450940296
172.66761641129733
172.97194352797044
173.208658459613
173.3262348273111
173.30506822289814
173.21065143109666
173.0839110939385
172.883970978505
172.60087796267624
172.2491944792368
171.84753471282755
171.44558220116767
171.11945287716316
170.9586222206568
171.04465723218317
171.35130596895613
171.77212280830133
172.32907012137085
173.09694131845043
174.05257208340686
175.20520839272822
176.6449720503206
178.430942441473
180.56236706500133
183.02326491625922
185.8352399589404
188.8621835127916
191.79985292401977
194.34615049211874
196.48937652846817
198.3873661543702
200.06514334651564
201.55919148482866
203.02376574558573
204.5932740498222
206.1739453319189
207.41305697877857
208.23923898890956
208.8859692556822
209.4576465714566
209.95723834024477
210.35493320121273
210.62567586176155
210.73937191431145
210.7239952823417
210.61224813764647
210.45790114453752
210.39212044692508
210.51887988653124
210.83488369620477
211.34752224870272
212.04043516361128
212.8356817921568
213.65408337507952
214.42953680953605
215.11801742701022
215.77301126266855
216.46180824253082
217.2435130399337
218.14711625903328
219.13948780400938
220.13336563971043
221.08719659857027
222.0378660578052
222.9234598767024
223.7228662874563
224.35181689661061
224.6623014416084
224.67829910104285
224.5929985976426
224.46794091764002
224.23111661485868
223.92191267063822
223.67984882334045
223.50468461390136
223.35110893873215
223.16414856671807
222.89751630859504
222.5539111345016
222.11591043995992
221.66655651906433
221.27370099091536
220.93189102594616
220.65689357916318
220.4203833275072
220.16275088564015
219.97303098595827
219.83591100863816
219.75278555181382
219.69819798589413
219.71534138517333
219.95885872184957
220.4215695619297
220.88117126725257
221.22886348682772
221.5348085830168
221.74535780930415
221.84588479245798
221.90534053508546
221.9590810256907
222.01319130761988
222.07483677850433
222.09709418892137
222.11511211025112
222.10117502891686
222.05827376556664
222.08144367645647
222.24100204864666
222.45383175312418
222.6434146938215
222.84409338450354
223.07360810270217
223.31834801567913
223.53889208841912
223.7777947584172
224.06642953588192
224.29102224834753
224.33602993222445
224.25630234115897
224.1035025636741
223.88172143738626
223.61856311950834
223.34358772956958
223.10561069700023
222.9802228198029
222.88768786205762
222.77444200900695
222.7071613387773
222.72650728119706
222.81200737692706
222.94705533356452
223.0930864058015
223.16853467693028
223.2507167506125
223.41145059365184
223.5852306129582
223.74205732203797
223.92757510850038
224.1147232434053
224.28623011766817
224.46120062319255
224.674976926228
224.91800287911914
225.16350527587525
225.34588615924912
225.37388224270956
225.2097391669311
224.9049974286065
224.54754768138173
224.24078073780106
224.03414616739565
223.88585802527126
223.73315552516965
223.57418781913657
223.43264509600766
223.28060584133937
223.13382669382835
223.02858436198358
222.94259265402764
222.84640466346116
222.7569187915461
222.67585315251745
222.56264804295367
222.3961722142916
222.2359971084047
222.12955609730182
222.05666046522234
221.98354683890182
221.92219775457343
221.85705628827282
221.79907209298136
221.73919339515248
221.63961202879256
221.44150185577035
221.08909069472614
220.60625070216798
220.04384623318106
219.469132229003
218.9496451274427
218.55684706736253
218.30505370682096
218.16595917896717
218.1146994510433
218.11074666947522
218.1371116658847
218.2132001972223
218.37049527878273
218.61700974187335
218.94759766423795
219.3220704389397
219.67760789407535
219.94288631802016
220.1148064553689
220.32513217217368
220.73425721428458
221.46166862409316
222.5025808118031
223.75232991573128
225.05866863588128
226.2476157946908
227.1279266155953
227.57080276173008
227.54816596188198
227.0308052211316
226.00249733666936
224.48712958326072
222.5177146193455
220.13473426178376
217.49852092351352
214.84772940654133
212.3146709954859
209.93190113364986
207.7282539789687
205.9148366025976
205.09985187806285
206.43511713431892
211.0720557053582
218.1112553387825