0.0
0.0
0.0
168.46764572960478
173.10223020245593
171.64324658380048
166.60764121969606
162.46686738727166
160.2236127862533
159.7125068624531
160.73782452774572
163.0698599116195
166.17649291404373
169.1912390911989
171.33763734169585
172.4061180291867
172.71469441535248
172.64761156149964
172.47477724222875
172.3673289769074
172.4240370783653
172.64041744362083
172.96488449923004
173.36400520068182
173.79689594666777
174.249279268252
174.73556677208853
175.26508788550842
175.88893926812867
176.627336138204
177.41734140884202
178.17756351999037
178.83238741499008
179.37239815518205
179.8776799780959
180.33555268666848
180.68968246477218
180.90081744013892
180.98716007782377
180.9535985155438
180.77693389260082
180.4939997613754
180.12502280773094
179.70782839131851
179.27826273959442
178.83095526025232
178.38904767334526
177.9726744343302
177.62758514219382
177.3787534968635
177.15918958290308
176.93069424877547
176.63078972388723
176.20796753204974
175.7215766929711
175.27753534059786
174.91230272296775
174.61873387679904
174.38593167093626
174.21023029050005
174.07827367500434
173.98518689649208
173.971414282006
173.9817583556483
173.98544351055727
174.04527091494668
174.16025020647723
174.25290664150236
174.27728586712942
174.27659148796198
174.26590942135047
174.23292488890092
174.244554049419
174.3599147324937
174.51880925357491
174.65231511992084
174.71611085649337
174.70454516789528
174.68147253618116
174.67418925910883
174.67152252907735
174.6783243133428
174.68984306978763
174.73442480069082
174.80943012484505
174.87862018428586
174.94199917748375
175.00113017409817
175.04183397153898
175.0930500647564
175.1775497747316
175.25510536392
175.25441102989072
175.1209325003141
174.90414623802388
174.6705925403989
174.47795095805813
174.4094018681985
174.47467934746018
174.64453729033443
174.91438429921263
175.23092961353382
175.558828423941
175.8950899880375
176.21792171269436
176.49059930783125
176.6857393772242
176.8096190034443
176.88969791332832
176.96860625424833
177.0820330541769
177.17236484490257
177.15608738242452
177.0080486975402
176.76449933999905
176.51673161114354
176.29014555310508
176.02236940632025
175.70457134192344
175.35668511431686
174.98301699349392
174.60793092693854
174.2532862678732
173.9598389945058
173.70654153450462
173.42118144191687
173.1571804779562
172.96517438626634
172.84860428420194
172.76924256239968
172.67365360927096
172.56039557634372
172.4782267552471
172.49400399315516
172.60429835032076
172.74653391666243
172.89033071233786
173.0361391908817
173.13671330264398
173.15646399471342
173.0984630131406
172.9828085349524
172.8819627367802
172.83053715553316
172.7885213319324
172.7607520271046
172.78834937362956
172.83814035834382
172.88872790217488
172.94011406888285
172.96619456846904
172.9647282413054
172.9941816804868
173.1213242747379
173.29594332169816
173.43236759409348
173.52646036507537
173.56034257002312
173.5271493914523
173.51450990176048
173.61552779094757
173.84901676177526
174.15550370863264
174.4399438193901
174.6777646283701
174.83309388441398
174.9073855716375
175.00121359871468
175.1578420398834
175.3147189757962
175.43862419790702
175.56395855979952
175.7062540865528
175.8123639225567
175.82592726633467
175.76955538958268
175.694195296258
175.64010663175355
175.56738940621005
175.43549219864195
175.29813366773854
175.1652530711347
174.97710189997304
174.72555143797263
174.41029335455255
173.9946490778451
173.44910780808573
172.74838165252038
171.8677067174603
170.78821060102194
169.53752381537248
168.1773033470956
166.71343939462236
165.12580925087764
163.47487731021076
161.86695918051146
160.40707071331914
159.1981628370331
158.33108504205867
157.86895353026026
157.82755242820085
158.24456021908983
159.2214700806946
160.90354783867707
163.44746488487658
166.87435247797413
171.0478571073737
175.78580001748898
180.99124140949735
186.86580577749086
193.7446807234519
201.74202576345238
210.7765020379137
220.78142972523577
231.5503070339791
242.48167044679894
252.69581712958998
261.9814891556117
270.6279589805322
278.8934645202968
286.92951272193716
294.5474943315418
301.4946544839418
307.5375345269865
312.69822137302856
317.0849220519534
320.66698004028973
323.46608391427344
325.55198078566355
326.97180620324735
327.8173543316397
328.2641151876406
328.58841056640347
328.94889986469633
329.2238948396433
329.39783266989264
329.4229129079723
329.29641092504124
329.14948635483177
329.20030642096214
329.5952129880433
330.3110739209221
331.276593648546
332.31907018471367
333.1936223392312
333.81829848126773
334.2658761543813
334.61763950715107
334.7082753184428
334.4643303664012
334.04755694378196
333.7153017820826
333.6680877134802
333.9784905032505
334.669790028172
335.6582321682625
336.70270079486977
337.64319842734125
338.3336408334116
338.75133961370597
339.0569805853853
339.3590163683927
339.6621433628608
339.8969924944064
340.0703267086063
340.2621348112948
340.456579404431
340.5933118602633
340.7615881751018
340.92708744629175
340.9074878914204
340.7276538409175
340.413063229921
340.02852716876004
339.7003507220477
339.5758472904047
339.63044757233274
339.8438963871158
340.1689008454207
340.49864284165835
340.76100168136156
340.88843012904874
340.768057091899
340.526885289951
340.24414893429497
339.9746217609417
339.68148290573885
339.3968608912535
339.16459580958974
338.92876539383207
338.77056858011116
338.78718292535825
338.92492971666013
339.1390687110361
339.4943691319425
339.8637625788196
340.15750767677696
340.4814765442023
340.7615235383363
341.0641617432149
341.48287510850406
341.92352013290486
342.2243874848174
342.51312127737765
342.6735249416646
342.73940445370664
342.6150810395003
342.1819074082857
341.6849447156437
341.3565122219855
341.28378193426795
341.413372871708
341.5511273393956
341.60431766675384
341.4866077165286
341.14290810029127
340.5900810543176
339.9797247325997
339.48805885030686
339.29221275715463
339.4330657014942
339.7834151360443
340.22712208189853
340.5381390204944
340.64512683495536
340.6432377578261
340.59342008443775
340.50025639874355
340.5685930980042
340.7925981457779
341.0513297489315
341.2065187383564
341.19469085483627
341.03750344825477
340.76526575179037
340.56144288576695
340.4403914733477
340.43009743105955
340.487945556608
340.58092839060475
340.8592681068161
341.2348934018154
341.70399724181664
342.2533096585389
342.93883960324706
343.7515867229041
344.6599551454632
345.53375190105953
346.1547864127149
346.5082246268465
346.6824382832
346.73479341732997
346.6257000022475
346.26863708418654
345.7091538221496
345.0801612859462
344.3161927188911
343.4120898558212
342.42825304493624
341.3432672555199
340.2760806801182
339.4451279382703
338.8524019843053
338.44177393493715
338.2045137917399
338.02151180873517
338.1198822335507
338.68123132640176
339.6045780389833
340.70988746170883
341.7324815480248
342.4903438737644
342.96900554722123
343.2605637398535
343.4004058494196
343.3629531996249
343.2975942274262
343.3772190262847
343.59375498573667
343.89914775101033
344.2274655587969
344.4926954620522
344.5599086759015
344.42943136040856
344.2895811970143
344.2416127786957
344.23321149905917
344.21318288736677
344.1370001449709
344.07538105894747
344.1494738873011
344.37154191818576
344.83914859553795
345.58459844296755
346.4123363986556
347.1689602900627
347.73292317510567
348.1751553174789
348.5938405043636
349.11689711282656
349.77973418407413