209.7163006984288
207.6853727813609
198.8548052715616
187.30753257916655
178.10934968855557
173.0545738430215
171.34232029025327
170.95108873305637
170.7118826920625
170.44622263579905
170.20942833344156
170.1042059408561
170.22538970192437
170.5770061651528
171.09609625415803
171.67845818282314
172.22565029927995
172.69166165192127
173.06125795447514
173.39894833784837
173.70676023922908
173.93798170171445
174.11622675287455
174.21748840440864
174.2180168886376
174.14704253261823
173.98825391335836
173.75225723935333
173.50554271179323
173.27071186810082
173.07126758779887
172.85717659776753
172.58988094543636
172.2948104000648
171.94020051155553
171.51264103675254
171.0702297461794
170.69752146000874
170.48705116935514
170.3933750872747
170.3175830582424
170.26321707824735
170.21473598944624
170.1539770654955
170.12149209739707
170.15666628663723
170.28927160203835
170.51326233673637
170.77502821413395
171.06344391801008
171.36365886556473
171.58413990379975
171.6820728019382
171.68887648438266
171.61745354568703
171.51563667074
171.43612577704005
171.43087112734986
171.5717110604609
171.81938322586268
172.08949439618667
172.3534535464949
172.54734048134873
172.58461631276845
172.42217482908677
172.1463801178281
171.94411203662997
171.85222006319586
171.8130918845919
171.81095924611202
171.80902851139695
171.77062237229666
171.68431928401003
171.53169289854202
171.34871602087526
171.13324533066844
170.86728008348115
170.68208114669324
170.71317137131064
170.89714530804676
171.1827862398345
171.51925978794227
171.82426992595862
172.0700645984638
172.22624234978082
172.27502896594598
172.2435139458811
172.18148162258524
172.11399666514853
172.06104387402445
172.0095827081279
171.97607032289233
171.93274544392648
171.83265617455658
171.7654402572682
171.75013453944348
171.70027785636915
171.61319503621073
171.52690565901798
171.46232740645456
171.4351647592548
171.41720894103256
171.41201510596272
171.42598941614543
171.41721617750375
171.3941404132361
171.33648136752788
171.17992445473618
170.96154308664921
170.67027550168947
170.3039013492217
170.02759704746677
169.91967542733022
169.88343709303675
169.8624211746658
169.8602458419823
169.939677312173
170.1146967027612
170.2742460580768
170.3637165358921
170.43157040756023
170.50024375388927
170.52650017869396
170.47566383972116
170.3966047807492
170.38203063872822
170.4284960773668
170.47586311285096
170.56006647654544
170.649332128541
170.676413180184
170.7054659409117
170.78445373277214
170.87668752624535
170.94291469883603
170.91525793637012
170.8197998040763
170.76828014508897
170.8028535545634
170.89805283110752
171.03369685921768
171.171197107412
171.25676708599946
171.2445583363652
171.13482229999178
171.00516563704582
170.89984706229205
170.79798489249725
170.72850284451178
170.69232495478596
170.6870731520677
170.72767079786686
170.7587108309352
170.73357917084735
170.66841337956433
170.60044041917504
170.60939481294207
170.7210354748796
170.880020015872
171.0557017956126
171.19802871680199
171.22879932746756
171.15645026438207
171.02893170233625
170.90609626415943
170.80752632026602
170.71871425399434
170.65235471102915
170.6235849691962
170.64945891437466
170.73739148361446
170.89675689100108
171.06911852884951
171.191830063797
171.26819434241906
171.3164639771734
171.37534685842837
171.42158761204115
171.4619198470336
171.5424102116784
171.6204646632362
171.63717049277977
171.614451519319
171.61343834990183
171.64422594823836
171.67638348551486
171.6856694090339
171.67716518694806
171.63514850623648
171.5009120047893
171.2470636894424
170.89925663450904
170.50267851262387
170.11612057402442
169.73346178998673
169.34422279467105
168.95321190049646
168.53554575312063
168.10553943222175
167.71474105592253
167.42607970984616
167.30643894016825
167.39685741773962
167.71116262992555
168.34923220598944
169.44445459640707
171.03115369400547
173.07812247942712
175.51481574349583
178.26156099444242
181.25408376385616
184.4059829205762
187.711088800619
191.19077832084136
194.73835556246166
198.17044727305375
201.4527601243472
204.69097984617235
207.88119991315529
210.7344274162927
213.10779127096453
215.08321597561917
216.7553348793303
218.1605206477745
219.28954912623004
220.151094006318
220.87530032625966
221.60477241005546
222.3630876307818
223.04554195900278
223.54354511676536
223.80261955202232
223.92895046807772
224.13004691667135
224.46225759692248
224.75894968318258
224.8706594829326
224.80645967855685
224.6048576525488
224.32341781664542
224.07305808334786
223.9253814205709
223.8413913441522
223.77568216311482
223.69719092419507
223.6641727073004
223.7115697455323
223.78252929498575
223.80073947902156
223.72142341739465
223.65151510265184
223.64670562083285
223.60534242084526
223.4349559159531
223.1651510979846
222.84611014769405
222.49800600037804
222.18121012096418
221.92887714264452
221.7195773802972
221.53457204451888
221.39647003529785
221.29485001480774
221.19144907155672
221.0117799193402
220.6802453891683
220.20819357250465
219.72977270094964
219.36395051504843
219.12196346501767
218.9641022830097
218.80396424861271
218.58613901630585
218.36222265870413
218.21785266687635
218.18279273177433
218.24274456367485
218.31732171388026
218.36224659107148
218.41106216104384
218.50211273170575
218.60200354755483
218.64366731045644
218.61797466497
218.59137626906252
218.5878925471853
218.52985082337904
218.41704622173998
218.36208710047885
218.373166887389
218.39051878336932
218.41246453252313
218.47039056702428
218.54605690205042
218.6193566054973
218.6677307448036
218.72923887886722
218.88089851328274
219.09832879836802
219.3547710426356
219.65776550420557
219.99529010956883
220.36891048177
220.76452846860724
221.18171154037256
221.55426300268942
221.7955111414384
221.8839040261437
221.8369201010731
221.70430982468721
221.56266690510338
221.45986653278646
221.4334107958422
221.5119617686796
221.66475829948445
221.81409751517262
221.95542499962758
222.06501235444168
222.09605245164923
222.04299245076132
221.92614948646568
221.75266179536632
221.5144357235934
221.21602170554064
220.85969449007985
220.45313307263456
219.96300331493455
219.36041548821194
218.66520695132078
217.97856437197333
217.40251386006906
216.9637555263517
216.6292254037325
216.4369682263465
216.41478651889966
216.54690320494632
216.7779205186642
217.02668114612965
217.24651628979422
217.42627019626136
217.5400291010522
217.56283883668266
217.5206860302336
217.4945800130776
217.5115779903433
217.54283180948707
217.57061507290373
217.6355373484526
217.80528436100414
218.0972728862368
218.4521467688881
218.77562693555208
219.04075210733967
219.2674917902603
219.47087519714196
219.66506058092244
219.8291266218125
219.958913080003
220.0603506770015
220.128395319903
220.16494872430553
220.13159718050883
220.0125700651172
219.87422904880074
219.74730129873376
219.60822118193167
219.4339168361219
219.1859775906076
218.83041535730848
218.4316537590444
218.10368996541115
217.87837233229152
217.68029404497187
217.44419753079555
217.23697016400553
217.19283711077
217.3066317306627
217.40568975780513
217.32288728211302
216.9419130764835
216.23531283772735
215.21610613271963
213.8543561098095
212.20761596663337
210.53039609456064
209.21070626415897
208.3521666280579
207.8885558443734
207.6911592604825
207.8110089585628
208.3683257902119
209.4510764092544
210.8972796029208
212.59390217253159
214.35209082557625
216.11417821565135
217.76601142696052
218.55366550911737
217.75924641718402
214.6660990411801
210.26159321888605