0.0
150.07745426430304
155.6911793433902
161.83908505958456
166.96049900623896
169.40734863585803
169.2192120102004
168.46082419907407
168.42782532386997
168.9120172448798
169.54416522418705
170.22714792839912
170.92188771045377
171.60487029884763
172.2918915325072
172.95305072653662
173.5177200049666
173.88019240102346
173.96995941837062
173.91875443686519
173.88825823719267
173.88750407360396
173.90260215558186
173.91718874882434
173.91280977067183
173.86512235282783
173.6997321727457
173.398249128367
173.03287985939747
172.68834913955237
172.45686211839237
172.3666328915861
172.40618908445322
172.60000500072172
172.94504873272916
173.40128756145148
173.9568148723813
174.52451578887957
175.01616459712065
175.42861592882
175.7740826993616
176.05990843748037
176.30870973624303
176.5357922244495
176.70901585309198
176.7393171668346
176.63145013886086
176.45973542247256
176.28329916362026
176.13551775702243
175.99594390444992
175.85863278022666
175.7216507597107
175.5666453054927
175.4423506710401
175.38409834817213
175.38075129356207
175.43851995315137
175.53477742380994
175.64112392601038
175.69481809827653
175.67295019617563
175.6292493007134
175.54989376440795
175.41198631568759
175.22391479093653
175.01010919536884
174.8206544298625
174.66125107536163
174.51411177786983
174.40320165205503
174.31996259315122
174.26958298678127
174.251861436397
174.16363471754187
173.98943996543971
173.80094139687859
173.6350417117095
173.5539846893117
173.5954176364238
173.73973142005838
173.93574071331093
174.09425435389184
174.17683937367872
174.18099132514214
174.1179900577678
174.03535973292398
173.9737149935466
173.95075316890933
173.9504620266882
173.91634774787713
173.8235365004337
173.73663733147254
173.7149725381364
173.80240843102507
173.9544079779542
174.0917485682928
174.2433171909595
174.39761437631142
174.57004133342886
174.75388623935407
174.81815618377794
174.71370341684997
174.49709344822105
174.27225899293114
174.16252603426804
174.13603994719642
174.08721909084704
174.01609199075102
173.94479809107403
173.8920574917637
173.84888273838612
173.7725400717397
173.6819704285897
173.5854472884788
173.4289057297888
173.1894826850418
172.92662116314312
172.7301134267192
172.58667894242421
172.41615980497045
172.25100047290067
172.14016082711132
172.10309315330534
172.1708396605644
172.3240369888021
172.5143951083998
172.70590957310097
172.83754516416784
172.89870052681414
172.9295310116946
172.96167948300698
173.00259771636343
173.0561628057356
173.13374817507042
173.2299718640333
173.29203858834987
173.3144656823706
173.36638323969785
173.45460479173227
173.576262829976
173.72333926560327
173.85207920374694
173.991920428511
174.1344256951817
174.29854566795814
174.53015511713667
174.7935245537518
175.05926962522324
175.31601029621908
175.51350078816182
175.6790826703985
175.80046156525276
175.8608038392399
175.8945009520865
175.91974378637758
175.9688980009813
176.03102754663843
176.07326612451064
176.0947397161359
176.0901615462452
176.04347383199004
175.99001617857618
175.94528634010635
175.94356879022234
176.0513255513819
176.23360957414678
176.4436381331334
176.6447368586826
176.82326394229102
177.0104533203634
177.16065446917986
177.21353249930846
177.18209263430873
177.08713833155917
176.9764354018627
176.87523725569517
176.76820986609812
176.59199245651865
176.25153499062415
175.7356919035509
175.07207045781297
174.23428754142122
173.19715738068712
171.88380652673993
170.27338856224281
168.40413150583797
166.3483693106053
164.2642247391052
162.3072179575172
160.6606630932126
159.43260123348495
158.60138778348596
158.0808766547151
157.74110209571418
157.6243643073231
157.8747919013876
158.49237138393121
159.41631816212424
160.6719007460306
162.27170949928484
164.1802802806249
166.536151110533
169.37293951039373
172.5750752065305
175.95773645667165
179.64087964302294
183.98560096092012
188.94821258804367
194.17782942351843
199.32061014499868
204.14015421553182
208.42977375010457
212.14536001922215
215.4384006724316
218.4838603224937
221.40641048368605
224.1656552852626
226.71981669197746
229.0824992113139
231.25857218849077
233.28709568561874
235.2558039055856
237.1820217814536
239.01401840312224
240.7289364847196
242.30182043601923
243.68548868834748
244.8745663805018
245.86572938895637
246.5829474385854
247.03997067519296
247.33449645394595
247.528458278139
247.651238880153
247.74619334769838
247.92944400196296
248.3189849886627
248.85806041662838
249.4190336947193
249.97785789674398
250.57101792212967
251.19097480469298
251.80773080281196
252.41047400951493
253.04651232030443
253.74952688966505
254.51911733072444
255.3134424955423
256.12205530814776
256.9279115401267
257.65652687065165
258.3234062574975
258.951259136715
259.5484093412803
260.1627218054862
260.7885593289992
261.33562169848466
261.7643797989558
262.0815729983618
262.3245712838625
262.4829717985177
262.475736846765
262.197139128264
261.6344887837842
260.8645887242459
259.9806785396148
259.0576310989702
258.1521688055794
257.28688446521113
256.49141729208765
255.79067106743037
255.22467844109468
254.81788661201324
254.55961039601547
254.46054204477338
254.49595457532985
254.56783731676418
254.65766295755273
254.77420762000997
254.9714198607795
255.308054429559
255.71405157925062
256.05988640028477
256.26764602743
256.3171652419633
256.19329313140577
255.96537659261932
255.7078165961395
255.4094598588479
255.05196507876974
254.6657721126093
254.31369176409973
254.00028765831007
253.75019261691372
253.58685360353837
253.49968888106
253.4867342069696
253.534239710573
253.665763751411
253.9484285298278
254.41484328598978
255.0076699622637
255.6469828936461
256.2291738862699
256.73228788170724
257.1570736573815
257.44848044691565
257.58237701737914
257.654746751335
257.72036325040165
257.7610885916077
257.81901184733374
257.9643627262467
258.24943891670256
258.59672599491455
258.8733321711241
259.0012671392793
258.97703137969535
258.79385879876725
258.4904750733855
258.16238064478864
257.81746339663755
257.43141302215054
257.06639388458746
256.75776464891794
256.5100372598672
256.2826384366013
256.0416173194301
255.74996626282865
255.47117013345627
255.2786886285945
255.20446031191213
255.20384987500685
255.19983172634738
255.22316036840377
255.26730902268474
255.30703332653295
255.258056160659
255.09688724623004
254.8348819008761
254.5015865202929
254.14639473918325
253.84284020547784
253.65984851106484
253.66366550639978
253.86778001768312
254.2316625404288
254.7475178642949
255.33681222927805
255.97903514673507
256.63103016170453
257.23250089929627
257.76695628083417
258.25438251991443
258.74530497441253
259.21052135422974
259.59071497899066
259.85611959892026
260.0371789836215
260.17943572126956
260.26058469323107
260.2228829989146
260.02892075181234
259.7048735838467
259.26472659945
258.77165202526794
258.32236716461756
257.9139867428164
257.52935907821364
257.20520641397127
256.92709126991053
256.62020574042947
256.1673237370828
255.51838405025086
254.71743788694408
253.84679097023263
252.96843668446874
252.04724367635447
251.10234246451145
250.15970021415578
249.23999060227564
248.4394305379091
247.80029194076116
247.26764165105112
246.79865936260094
246.4333719466316
246.2007897480621
246.1306567671705
246.2136249737806
246.52489935742253
247.23499857569914
248.38751218901444
249.86114874603007
251.45881736238147
253.0565308459159
254.61032958988716
255.88986918808143
256.37628684246397
255.34327108758427
252.83677134740913