153.40157321428083
154.10709810567556
154.62107800688545
154.37209251874202
153.27827090814714
152.01664972621
151.37623700869875
151.6213923525856
152.51980145035182
153.70390564235635
154.9667278254461
156.19496125531498
157.24236174947745
158.0073551190986
158.49138566490888
158.76825496196182
158.976380653182
159.27222219540715
159.6725201969407
160.0849007760507
160.49539592442295
160.95841131384722
161.45335711221094
161.93648330601502
162.38040271272433
162.79407935858782
163.24772066994788
163.79513351736756
164.37840571721938
164.9770194907003
165.58118531199608
166.1035836320706
166.51165956926383
166.86103067740885
167.19902725941904
167.53744260933547
167.87194919985984
168.1756963947054
168.4415474648814
168.68340068935203
168.8715799712389
169.0268250073699
169.2183876257969
169.4756697137616
169.80858828762635
170.20077509171895
170.58796323509887
170.9330138059965
171.3012253440978
171.75934095704025
172.3116837685531
172.88103472651022
173.37694499910427
173.78055544927992
174.113963013661
174.40911996257006
174.69301024715313
174.9896959680117
175.3071417415775
175.59122621516863
175.79905973311423
175.924122310948
175.94140627208486
175.88878487629452
175.8408440712661
175.8257315086985
175.8629070309204
175.9079488819756
175.91451499345376
175.93568536408006
175.95803053825216
175.9301316598527
175.88342939082372
175.83859211475976
175.7963302703835
175.6996030648837
175.505215218073
175.2938702917199
175.13911587469488
175.07144711561082
175.0374279302897
174.96950411575529
174.9038814175023
174.85106464731055
174.73943988996547
174.57057841897756
174.40708203527612
174.2841376013398
174.15720991512285
173.97302481168663
173.75933050977227
173.56015453230987
173.41670389134586
173.36683589122828
173.3358529252599
173.27790561174896
173.2501357473825
173.2563832012938
173.25649043940837
173.25271384844714
173.2501009207523
173.3027633005152
173.42960359893624
173.56014421463976
173.63435071128148
173.5899961624637
173.41514939560517
173.13773861906986
172.80014629527489
172.50269053540552
172.30443988229888
172.21206945054143
172.19802347584698
172.229428944665
172.27851877235716
172.33450272498732
172.41173852811022
172.53700266600669
172.6934039139739
172.80511005988896
172.89838392403917
173.03532108649034
173.22184261220593
173.42886689034918
173.61754471210483
173.81928765595353
174.0806015023069
174.39299187403702
174.70834956015227
174.99306025460731
175.24137963530217
175.45763361910616
175.65585377011143
175.8387254342514
176.00613542962574
176.12975040061235
176.1833650720435
176.1552873181654
176.0747546828614
175.97780638521374
175.89223225673047
175.8136729535306
175.78753852366415
175.83315290013383
175.9222998036737
176.01963734530716
176.07767979211323
176.09854374393163
176.11487916964015
176.12268586316776
176.07013272363935
175.8942624610196
175.6433251355763
175.39413872334637
175.15102831368046
174.93852673278866
174.7686446901049
174.65235487034636
174.61641936111033
174.6670266246999
174.80509224681322
174.99511548301732
175.1700585539037
175.28575993945196
175.30603830792757
175.29254687944234
175.35976703301282
175.51234386274217
175.69205498389093
175.87267176584487
176.08897549811067
176.37444842929688
176.681143083047
176.94536922564558
177.24836872895656
177.63610064050002
178.051465915355
178.40952308941493
178.64760530122857
178.75462895919364
178.76962164139667
178.66656583639445
178.40073994577716
177.99727564620082
177.4765354575757
176.8090134799124
175.97158759903027
174.95309941061277
173.72109608552842
172.2485589521191
170.51036969034953
168.54079389108898
166.44885317200865
164.3785113266528
162.523135972568
161.05869706867486
160.1044114487569
159.78479802116453
160.23439282196512
161.48465194943103
163.45299924755676
166.06716166968334
169.23787733799145
172.841746741541
176.87979622299434
181.52150726276724
186.99633588698745
193.41865022596272
200.57275942453322
207.8201537104457
214.67048037645992
221.15973670413769
227.44852426864722
233.4542905430044
238.96862371697
243.90851859956953
248.2529106219621
252.02048644119495
255.2302429608344
258.10265017846484
260.80046359247433
263.228542425472
265.22055516250106
266.86564202326304
268.26791399392096
269.38458544866035
270.24231846303036
270.852058472632
271.28442096150775
271.7616130362402
272.3382325987713
272.89860934052837
273.35237026091374
273.6287868972506
273.7215456977579
273.6973674605964
273.53695928299953
273.2089038297705
272.7681961273675
272.3358931267171
271.8163672173351
271.13933950945466
270.5039532903386
269.9195383732564
269.25891605830634
268.5069985554715
267.6229490863693
266.7449555167178
265.9426786013289
265.3002871711676
264.81571006035097
264.451145724095
264.1488120110522
263.8626410109114
263.59115910521626
263.3922480031113
263.3462409745425
263.4936838435902
263.7700939517834
264.0438863430359
264.156209515587
264.0699413853177
263.8814160826705
263.67290563752
263.4535642355654
263.22182757379915
263.0605245934633
263.0301333531657
263.15673157837745
263.33456335236934
263.449985155014
263.4342849595703
263.3041440502593
263.0443764979492
262.6013680914301
262.0570559428215
261.5323671051003
261.03850136288077
260.56663702408775
260.13928480925665
259.74393530012526
259.48299841878634
259.4418147917603
259.4906408845072
259.4959997552182
259.4507988865514
259.35576440819426
259.2840307758502
259.2179213145437
259.08536463850123
258.9037290783824
258.74809131292886
258.6949238759011
258.7590286320815
258.9933130488834
259.3952161589984
259.85782750806817
260.25438610102407
260.49843202502575
260.59442648247284
260.5888179434995
260.47747223416974
260.350375931869
260.3135279671
260.3571530785113
260.40730535728056
260.33798324529226
260.090055253198
259.7481412647619
259.4618592454543
259.2839911996788
259.1711213586935
259.09340311318505
258.98400944668555
258.94852700438855
259.01427083217675
259.0927426477854
259.11563009354427
259.07054968756574
259.0333088499308
259.12207376919844
259.335528465134
259.58420389472093
259.80118072021696
260.0145707600235
260.2100921385426
260.3323669160031
260.3707089477724
260.33039556038744
260.2221370488162
260.01446937318786
259.74639217514726
259.4746688767907
259.26184751380623
259.11367082709023
259.014682593804
258.93072562730714
258.815236506584
258.5637586027482
258.1464559776322
257.6256984592384
257.03728922503285
256.43323472197835
255.9559981853596
255.70200076985708
255.6428753394888
255.70482545624787
255.87569417828448
256.16409986677024
256.57384617024144
257.0930944249317
257.60060659398283
258.0053614009796
258.4206655375275
258.9492949895243
259.56129496320807
260.11288211769926
260.54208374100614
260.8970335948004
261.2374078285154
261.5483117030591
261.8122105110257
261.9842658986266
261.97051591554373
261.67345908351706
261.0829009306738
260.31498947122304
259.5172289769678
258.75649915721584
258.0316772821213
257.3552498153971
256.7026369975475
256.0171653506529
255.32363454524324
254.66705719733744
254.0332703095845
253.43367096713374
252.88674214448722
252.38396700527085
251.93777315159187
251.5443224726696
251.2051510582176
251.00176665719252
251.03517843351025
251.34996121113892
251.8432409491042
252.33205175036875
252.660160994331
252.7969615510463
252.9236338155288
253.16673138069928
253.477981227805
253.7314991392645
253.7934282262885
253.63066880679705
253.33085978792468
253.06527820195402
252.84598359174274
252.43494739367662
251.61443613888423
250.51959046619902