0.0
0.0
136.13479454107036
146.22499363646162
154.53395796879062
157.74130891464335
156.59802981413418
153.85249265603065
151.94985647346874
151.72291797174483
152.81574817971472
154.64428579408587
156.90684514251862
159.52674976479682
162.4595186561361
165.499008179599
168.2050927456005
170.2427693542109
171.70965650779968
172.83952690612054
173.74307212080015
174.46900079151592
175.08776586671328
175.6800360707753
176.22696846210934
176.6020004453232
176.85420174243774
177.1334543358342
177.47351225746718
177.8792261460737
178.30187989832788
178.73979479484603
179.16774157104226
179.51734851791758
179.79617734334335
179.9943825383869
180.11276218474
180.14526097871737
180.09581302233255
180.03067613026644
179.98332630701034
179.94647166110855
179.8551658797311
179.6710767890035
179.39213844148594
179.00234951449215
178.54579526261745
178.0787858060294
177.66593562374337
177.33917607418158
177.04604380703108
176.81212626933075
176.65052210141766
176.50183095405558
176.42330497503795
176.44551653332374
176.55411820804625
176.68933908061496
176.7728736996802
176.8288218585742
176.86226869384666
176.83711800672103
176.78238709878514
176.6558872153484
176.45725311928794
176.25282231633722
176.10382890039668
176.04625642311797
176.06267365633272
176.13997775681094
176.2137237231973
176.2056547588708
176.09840491995354
175.91357116773366
175.6958311930017
175.48051890420754
175.27543185485672
175.0828266586069
174.9224713290455
174.81354528735295
174.7625769794838
174.78131833794293
174.87607908397402
175.0371931768683
175.2107936584938
175.33757385998695
175.41008341112456
175.45949060193112
175.5174443533806
175.58631829202216
175.64812455461959
175.72911549006903
175.81851619926465
175.89553882646908
175.96069368617856
175.98986657182124
175.99053655296257
175.9911961715809
175.9631298506382
175.90481182372602
175.8390918278289
175.7956038377891
175.79712585260305
175.80805397956158
175.81309420536894
175.83071531582178
175.83106220156895
175.7871573351299
175.67310961385067
175.5139643063818
175.3521577580716
175.19651888258414
175.05095993336516
174.87271058699795
174.65669588210278
174.45348755644022
174.3133995449047
174.30380881644743
174.389410292761
174.49268456411554
174.64093740449556
174.80723333253002
174.96641508620633
175.0933498757323
175.12491550742675
175.09861134195705
175.08693466214612
175.04143473149318
174.91446616893833
174.73705904723036
174.55244874527625
174.38357449359458
174.24013845049285
174.12858499756422
174.06296794342393
174.0953884929038
174.24477198393913
174.4547748042093
174.67998964331505
174.92250787932068
175.15144351179634
175.3386648960159
175.48141532230753
175.59066316750824
175.6370304003852
175.54968911834365
175.32625475304638
175.07346349672378
174.85763272960492
174.6855159750343
174.5759467215841
174.59227589393967
174.74874995280157
174.9407488786407
175.09610432815657
175.21551457797761
175.27864747244354
175.29286580472083
175.2517216966393
175.13055308084378
174.96452169994672
174.7989122311426
174.66402451752975
174.54809813708937
174.40819157227958
174.25307842462018
174.12989499928628
174.01685456094165
173.89586977567217
173.77779807924927
173.69759765604027
173.72712854128926
173.87050181263305
174.06054876511672
174.24254825149274
174.40955819395575
174.542775582011
174.57964515873437
174.5405823996073
174.5547051912538
174.66527036036462
174.78567174293065
174.79421183679148
174.64270542562068
174.3901014284247
174.09146216277742
173.76211227784287
173.43406225555762
173.09684618837417
172.72427116921943
172.3334820101584
171.9285907888648
171.51259951495086
171.0701284679302
170.55516503925648
169.99427438582126
169.43798816375562
168.92638454934058
168.5516621984427
168.3132799526054
168.20683912014223
168.35968743860138
168.9703469307422
170.26286030408767
172.4325432986626
175.54650489824212
179.58877232105567
184.45867455793442
189.99249881475185
196.03180608051807
202.30786900813212
208.29682032207614
213.71561774526978
218.94461283981215
224.44333028064926
230.26262627892743
236.00485389685366
241.24339170916664
245.7373006182006
249.5347233760649
252.9940681063924
256.52666711643207
260.11150882384254
263.04049370928544
264.9543709847573
266.03667704536423
266.37267975222113
266.22262570349085
265.78847932371076
265.2384191374886
264.6224763198727
263.9949517106291
263.3255636632524
262.5535592192812
261.73097425317843
260.9259735083767
260.17345108561847
259.4831272059689
258.73996466307585
257.9711557621717
257.1746053469326
256.3580016362817
255.61537539605632
254.9565352370896
254.35808479918757
253.81981387723204
253.37681999730563
253.0423766844901
252.85975661197125
252.75491463811636
252.74449495691837
252.87250039883668
253.1194563626235
253.37646678953763
253.6617145121798
254.0238492616256
254.47372392611342
254.99214240486015
255.54011844614652
256.17099424113206
256.8479917326891
257.5220546273121
258.17572199856545
258.7194029949436
259.074653042832
259.22949578166686
259.2810286920043
259.243626029453
259.2777471412975
259.4330286696952
259.6032017789633
259.64990241503983
259.6709490189067
259.78473725261244
260.0113303620338
260.32725323592126
260.66863059777495
260.96295287613674
261.1577951455223
261.2916987462283
261.3706175938458
261.37938372946945
261.2878287726729
261.1037707180313
260.88922474433105
260.71225225742705
260.5495051733119
260.36897644107785
260.12900642468514
259.8132495250458
259.50362686993327
259.23133876715485
259.0395771831173
258.91409850021716
258.80560917621835
258.66112709613765
258.4798252739588
258.27908191568736
258.08949674533625
257.8630955715189
257.6204100546217
257.3830335777022
257.12473737442554
256.89461906691935
256.7757126032914
256.7750786145131
256.8311297313698
256.8835634004548
256.8647730302919
256.7713663968466
256.70386494406046
256.71412663494743
256.81022695048625
257.04429523207506
257.4727115155116
258.0317236973651
258.62261185859575
259.1636761267423
259.61130050972605
259.9289864073481
260.0649445636309
259.96258173274066
259.715596421902
259.5146618068992
259.48715874806703
259.5654426434795
259.64174952603133
259.6731765889688
259.6558846303842
259.71789816266227
259.8944140589419
260.0912124946932
260.3418210096086
260.7582530226464
261.37417505298407
262.14285097281163
262.97677976704546
263.81500240839495
264.66880237345015
265.4385159240504
265.973076960682
266.2238701834839
266.23069788169624
266.01539901202216
265.54744972363153
264.7971904687337
263.7958311872408
262.66043211205266
261.51149071304366
260.41852745808296
259.402148337959
258.4609676413444
257.62987362942215
256.91798627992694
256.3251488016539
255.84087450397826
255.48598921203242
255.35609757067974
255.47796515487062
255.81681314609077
256.31277875715875
256.86531890460975
257.4038070436876
257.8813163846825
258.26828148851695
258.5702368634745
258.7956698133314
258.94800191458074
259.11315620088214
259.3486780700396
259.6410716980783
259.94091430993325
260.2271283835847
260.5282502692412
260.8804820664957
261.2764361291029
261.66133973007936
262.0293114364246
262.36314495429644
262.6528129041398
262.89150280135715
263.118322272642
263.4007107654537
263.8135608359026
264.30430808761963
264.7003748780694
264.88970886426387
265.07213517308503
265.5237143813125
266.35403857410824
267.51093133484596
268.8770388730679
270.63789448424507
273.06539515847817
275.90668873988136
278.7930363733039
281.3993144751462
283.38240708707076
284.6773900494284
285.46338203402473
286.01275390827595