0.0
0.0
0.0
0.0
0.0
177.6857823032688
167.2990533844938
160.81790473413662
157.0076914109593
152.96454075207117
149.72168369040602
148.093361968278
148.06210094317746
149.2021843600854
150.95929830153386
153.0784941253246
155.58296152683133
158.52236934031728
161.69328868449765
164.62420111810215
166.90048922378892
168.44684899596044
169.5442411866704
170.3856564847028
171.03707184807348
171.50716625763
171.8224788177173
172.0945863109796
172.38633246286173
172.6984130003567
173.07215123486293
173.5153126105877
173.99266226384952
174.4742221571958
174.94274877512726
175.3998514974029
175.80521904489953
176.1259414513205
176.40906269814565
176.64080808343056
176.8257992990671
177.00562096941837
177.15850236534538
177.2762169391161
177.3838686262645
177.4691142879428
177.49688106621593
177.47551467204033
177.4428642036344
177.4213928920565
177.44998216388154
177.519874248745
177.5470366520205
177.52484537920225
177.48772011034987
177.4432975621212
177.36547976842826
177.22001427148427
177.04787879869707
176.91617536661417
176.84286820664047
176.81002861070857
176.76548002286629
176.7013496073476
176.64467249450618
176.60781414855566
176.60352619120627
176.6295752733783
176.6304192923291
176.58539322178933
176.4806003292019
176.3246693361186
176.1669235565763
175.9890306323038
175.79075863099052
175.62903160278233
175.5375230536411
175.5177924750703
175.53466679876544
175.53764584304065
175.4829515690917
175.3648548828097
175.230199179884
175.0782410927143
174.86601081964446
174.6016202394974
174.32974150857666
174.09844397453705
173.92280783489656
173.78180809385037
173.6790757763992
173.60391718810007
173.5083258608533
173.3948837098762
173.27785191104985
173.18023890422185
173.1224380349828
173.0540380287574
172.94954491887634
172.83236394397633
172.7107758612899
172.59876791744693
172.4778544934337
172.32297385295607
172.20435230790937
172.13799901753936
172.0938587298442
172.08411008936565
172.09130571975146
172.0860899555935
172.0841161102553
172.06225296821452
172.0101008632707
171.96130451915923
171.9846079312472
172.11432067910627
172.2833096871052
172.45490645593384
172.620063062982
172.7268656608477
172.84037358802547
173.01480993458205
173.16947274287332
173.28785216561073
173.40049815522696
173.48328392865045
173.50541177761323
173.4630210515899
173.37189287273839
173.26538963444622
173.14920412047678
173.0120003646448
172.83637905758872
172.61923736423427
172.43252508650096
172.31325943965436
172.205043894462
172.06160743591468
171.85475633700054
171.6161633998312
171.43010928967033
171.34461534818607
171.31926068379056
171.2763016535492
171.17060072174812
171.03654910794455
170.9334773786788
170.86086915145924
170.8242736369136
170.84081125089622
170.88571044856698
170.90852777389154
170.86511938016324
170.79481025435436
170.73439429767572
170.67096181549365
170.62757911409915
170.64262834322057
170.69231932551733
170.74275949474625
170.75859536800908
170.703799327589
170.60777433764724
170.52853663974525
170.4841892877704
170.48542812947682
170.52645568061018
170.57833523988864
170.64486705311327
170.70959962410203
170.76683234138636
170.8346556012522
170.88641696045258
170.92222444324076
170.9968818738268
171.1302981695767
171.30781280594516
171.47099316934663
171.560683345636
171.59011645839186
171.57663276715746
171.52041351795557
171.42820005237257
171.2948916804093
171.10117883280853
170.8334786469853
170.48281086337354
170.05816779285485
169.57803601417817
169.0472479742592
168.48743754732618
167.86832837259345
167.07372512964488
165.98960706569315
164.56270671210024
162.87581243101803
161.1712324657471
159.68768959043143
158.5170417438522
157.63864990367213
156.9710071942521
156.41988478214145
155.94229195679532
155.5769698426907
155.52788537951756
156.06105119155842
157.35160830859883
159.55776231640863
162.67732564270665
166.57355358359123
170.92611750873107
175.48081179368526
180.33321334223737
185.73109138442473
191.8482647345244
198.8621290266231
206.81621983065546
215.44668891717012
224.2017430408426
232.7846516043676
240.98070873717762
248.49935184995218
255.6131704059379
262.87292017324313
270.32116146485146
277.1642286473018
282.79041588515605
287.6064917494855
291.8034207344093
295.44098913164623
298.44470461794185
300.7857131277965
302.41149691224894
303.36928821985634
303.7974529382401
303.92428158681673
304.07429774516197
304.46967948253587
305.06112564370375
305.8291966218485
306.74422162976697
307.79209906005053
308.9820518095486
310.2913674384826
311.6960980208572
313.1717987382755
314.7189089126859
316.3224599176101
317.94322217958677
319.59958313193715
321.21840252118744
322.75573024873563
324.2436168708331
325.7019274988456
327.1253638982523
328.5314629406155
329.860375733684
331.03935984163536
332.0705355211884
333.0107296420113
333.8390325629747
334.52777975333254
335.09856463467304
335.5381801041432
335.90772573856
336.2764122772567
336.7952740867413
337.50362921816054
338.2651140908936
339.0661190384193
339.830218223793
340.5680840514341
341.24372343641255
341.8934644802072
342.4419192977257
342.904084962632
343.34908990858474
343.82195393664756
344.3762318197853
344.93971788496265
345.46572738150684
345.83437772274715
345.9235928647266
345.7431711442324
345.3865919295794
345.04407551675416
344.8239380095957
344.8083015996946
344.8402227736739
344.8790140024255
345.1186283745037
345.4321416844906
345.63698469616963
345.7098804978599
345.58447943932646
345.2813128097571
344.80162508905454
344.2748855004344
343.66629224715115
343.03004171956263
342.47218453718256
342.0659794819731
341.75055664896246
341.596390927686
341.5867740361517
341.6720699260215
341.7563993011648
341.81791904641045
341.92264616475256
342.02713676023086
342.08573462337677
342.1433952646269
342.16584920697983
342.12338337772917
342.0156038024842
341.82516510763315
341.72437753473713
341.78000557623216
341.8469516241224
341.85218436974225
341.9271018920351
342.1763106485948
342.5285720934411
343.05609058066995
343.65638393180177
344.23806121449996
344.702011090651
344.9379063580279
344.9646484222818
344.92439585252873
344.9325967182386
345.03640035748595
345.2553662809354
345.60852578036497
345.99928673579154
346.38442371127655
346.73670404023517
347.00468548731453
347.1523957132544
347.19864258709936
347.10976352504963
346.88529554683157
346.6121132264791
346.26885106965375
345.8917486130503
345.54570876871634
345.27436337558026
345.01308434577084
344.79251349069295
344.5738373662057
344.36367076194597
344.156649148636
343.91007861863557
343.6060443285741
343.19654625807334
342.8243091001069
342.60070074012344
342.55019616314587
342.58600984569443
342.5513424398268
342.3649834565504
342.0934533168853
341.85937470240543
341.73602550767487
341.8193291555091
342.1189029803718
342.54421113043577
343.0417337700158
343.494664660304
343.84619076222305
344.0908846685169
344.32574030358705
344.6154739415745
344.9235848924109
345.1663386249446
345.27139864072456
345.26569899247863
345.2938210522308
345.37469064406554
345.41102004943787
345.33241512858206
345.227014128896
345.152313095314
345.14149448683884
345.2055654275512
345.3400584055187
345.4914162310699
345.5751810810997
345.5861150451802
345.5071594721383
345.3097933631582
344.98999582291805
344.56427425304014
344.07111657334957
343.5094460778709
342.88931486614626
342.2624730175685
341.6065818855801
340.93439579310615
340.2834094229041
339.72378666503545