0.0
163.92909763500737
162.4524934545227
162.03895042786215
162.69383951612508
162.9061401413338
162.163720926466
161.36186290539197
160.9966751834943
161.10430757515707
161.51322014691186
162.08018956685055
162.76299750520013
163.53053991894376
164.3259138019304
165.0766974957971
165.70917659121568
166.20488326407576
166.62795369876085
167.0563574387484
167.50121425800165
167.95322838144557
168.38704465162039
168.72521396660525
168.94546887754115
169.0230731797778
169.01260015687245
169.0035675570462
169.01300332850633
169.03528219703404
169.10622776088726
169.2567506922887
169.50114078181474
169.81835802099377
170.1381953506563
170.40885806753258
170.62908630759316
170.8015254440308
170.9450470644157
171.11001234435366
171.33091286434592
171.54930530976816
171.7046159602164
171.8286124175647
171.9318874368309
172.0433192435481
172.21655266330333
172.43984874963613
172.64893240840922
172.79524533622612
172.87504076268823
172.91674283012023
172.92945865020067
172.90678271966874
172.86066213679533
172.79393893123603
172.70038550493982
172.60709025732922
172.55186566920756
172.5089024333933
172.457194544525
172.39219773136244
172.29930866169767
172.17907348669178
172.02971672277386
171.84204738002683
171.65023113430271
171.4825021253616
171.32140335747386
171.1241880854567
170.9231975881949
170.7921350637132
170.73335134247165
170.6989135322335
170.64622817622285
170.5793947458102
170.532051886057
170.5131769932687
170.5209580325211
170.56001447831352
170.61766644906768
170.68761135179227
170.7519474376106
170.77828839258925
170.7841858407528
170.80101386800186
170.80665158642876
170.79426827098212
170.7855151502705
170.76697556107436
170.7191383212173
170.64125250816238
170.50254556068313
170.3340122362108
170.1995017233591
170.1479840131294
170.19366816064343
170.294159859925
170.38549198554773
170.44811915166807
170.46200461946535
170.44512744921673
170.42474836966778
170.37236472441688
170.27808490402214
170.20996720297353
170.19300919247473
170.205902653052
170.26081900089025
170.32369477815942
170.40049411025734
170.52583649884124
170.6660502426386
170.8262820098298
170.98034663061412
171.08272816290457
171.13190267986496
171.1543850520166
171.1977148925231
171.2782901431143
171.3673794244652
171.4289833902463
171.43898592086884
171.425196550842
171.4113239262924
171.367224277812
171.26503291529505
171.0987266562848
170.88992417211244
170.67549189418568
170.49941348936485
170.38924773239881
170.35983205248442
170.40895766833657
170.48537429876222
170.54588850508577
170.58760936774468
170.60874967899593
170.61585760109224
170.56129953245946
170.37820716414586
170.11807058216505
169.87071949205244
169.67696187046954
169.55277055552227
169.47691192253546
169.40367525724048
169.3201269093753
169.25747698872914
169.239286896662
169.28276835855232
169.37757463542695
169.4900697834232
169.61784672087728
169.7444943907886
169.86537353765254
169.99736395857792
170.15488507015803
170.3558892944078
170.59861394483386
170.85987743626893
171.1320444169449
171.39172854204992
171.59758064849302
171.76534715593223
171.9348218001479
172.10264055374088
172.24247256443823
172.34174770622565
172.45108129742255
172.59837354070942
172.7530113038912
172.89666322318195
173.00807718723044
173.0808272243869
173.1547175006987
173.24220012198143
173.30504228516526
173.29523280414688
173.16317588367065
172.9083525982532
172.60571750629182
172.3078928798159
172.0233535278245
171.72038241622795
171.32984966790093
170.80034860424462
170.14830114473128
169.42554166276219
168.66612482177655
167.87110891941734
167.0696624799693
166.33406749983828
165.69536191904004
165.18049897671804
164.91839287461676
165.0138311085139
165.47193027571547
166.26886652634528
167.38502606836232
168.83680904963728
170.70349678685383
173.01123942301996
175.69985063437548
178.68659122800508
181.85064943955894
185.16204495673907
188.72597063772608
192.6617629480194
196.9859848545951
201.54495988976572
205.97187792535854
209.81976319354595
213.03223446647291
215.95418463642514
218.91613425452374
221.98010279442215
225.0987278227209
228.2502456031596
231.3481671458961
234.25234319273886
236.84168754690774
239.08104938027114
240.98814203448694
242.6340284038891
244.2104091805706
245.86422423370604
247.6504041088719
249.49711310823403
251.26424022377074
252.85133754783286
254.2071380621226
255.2928185762986
256.1140683869919
256.652275195408
256.8598913098967
256.9406463402135
257.0995464830717
257.3467750399154
257.7372444178103
258.2809191131701
258.93127721727313
259.60351641332596
260.2269075262087
260.7889852620925
261.22288620155524
261.46729681900854
261.5778236324627
261.5658849238041
261.4342670410543
261.2377275733958
260.96945505276693
260.6769230796665
260.37050597095964
260.008245593242
259.54609406514805
259.001661256921
258.4960616158888
258.06729961600405
257.68549045481717
257.31291450258936
256.91849412238474
256.46796517990686
255.96700294355344
255.48011857855028
254.99731676744938
254.53213422758935
254.10805499200006
253.7108186465457
253.366230617721
253.11245139472894
252.95391802457195
252.87205685493817
252.83932247466032
252.8575136301715
252.86875722840642
252.86911234124062
252.90037936544124
253.02882011016882
253.29192744522624
253.598114805465
253.93145470828054
254.345202240587
254.9289659515495
255.72209301903877
256.67369577235945
257.6261768733748
258.48622486282795
259.1868775429698
259.66435003965404
259.81027387717353
259.57956310744305
259.0549702450468
258.37545449639026
257.65871785955164
256.9445779541172
256.23194300141665
255.5521772755394
254.98206272602965
254.5852571410605
254.3929198519794
254.32103693397087
254.294106835589
254.30192388951036
254.3005372555703
254.18855945480402
253.98945456983577
253.77722419705285
253.5601805722643
253.29788212794057
252.9376321719054
252.50476410545014
252.089498475548
251.7240047840569
251.46977373147996
251.36803564603247
251.36520432620574
251.41479192437714
251.44142864081402
251.3686315424959
251.20878877816403
251.07921471431922
251.03947296174465
251.09788976614823
251.26516131270017
251.60202265667138
252.0506532212262
252.54539585256077
253.06574704439473
253.63105251144094
254.26448646071157
254.95411422834047
255.73074036945673
256.5524959824188
257.37752163074356
258.1258122256031
258.74240286868576
259.212050477371
259.4745936650919
259.56186426242994
259.56016874206745
259.54615858482975
259.4917980013571
259.3861912837591
259.2491907076824
259.02886722432964
258.715968316778
258.3207558548272
257.9199809185231
257.53523452658413
257.17216974421
256.8155870030294
256.47145299552017
256.1299254001476
255.7547070424792
255.38160919241375
255.0269546213652
254.67266920316135
254.31224255634947
254.06126052132402
253.96324471461082
253.95537027182672
254.0233766121472
254.07030760896203
254.07848022394248
254.12713341036735
254.11840366375566
254.01644723010259
253.84584449374228
253.69682192149438
253.6742561036656
253.80578078930844
254.04295878886936
254.31342443856124
254.55949491103297
254.73719015997693
254.91734333784214
255.11876087647192
255.29000907568604
255.39518170562292
255.56623725501578
255.81802013260412
255.9859963062703
256.01741302302946
256.0841202401927
256.20283360690075
256.34843146114775
256.61650984373443
257.04158580695355
257.51023274256977
257.7896509870871
257.80255658161946
257.6214858180372
257.26728133371466
256.7131900366299
255.92147625960013
254.94284942657342
253.90016965719832
252.88313071430412
252.05901724254565
251.59733731171448