168.79960319089977
166.4607916630416
164.61001176526653
163.3279439692739
162.36027757327713
161.71531312390545
161.43185112596424
161.31779209715353
161.1971192660049
160.94426580704638
160.48429276239187
159.97800390194953
159.69312251285209
159.64294555860533
159.6179240515434
159.6123088120709
159.80874679487835
160.1658936805096
160.5255295401311
160.82681976131565
161.01592693981496
161.07919500395613
161.09642108533282
161.10123816416774
161.09548186253824
161.08860329658245
161.12291771011112
161.24676906804322
161.44561713471836
161.7271829006139
162.01758696436573
162.23698506245668
162.44879994597053
162.6487530796094
162.82680950566424
163.01804106165113
163.2556884278408
163.5849506149079
164.03564282946067
164.56101211238106
165.08687717260574
165.51572757667708
165.79717682975132
166.00072987658004
166.19136761928917
166.37268795879896
166.5068333992205
166.62787699720042
166.79678769064557
166.95559731803303
167.01448089340113
166.95061318766696
166.85075216351777
166.75746797799425
166.66511677586027
166.58933064251357
166.51501707514655
166.50588006139407
166.62004584102652
166.86474894991068
167.16060172838309
167.3471022586153
167.35419881603315
167.28752845933423
167.28240408004382
167.37530832995859
167.5106041213206
167.63409935048423
167.73206208142955
167.8043794407253
167.89395203566716
168.0333228572577
168.24958055303009
168.5432386069901
168.86712203669163
169.18326505060526
169.49824994755153
169.77134821865616
169.95121799875173
170.115225673163
170.37058187681274
170.69119711079333
170.98282893965086
171.216729608582
171.4312698354314
171.624918898949
171.75773916416563
171.85137182909813
171.95150641686942
172.07282417182068
172.18452263365995
172.20854094149215
172.13544565042847
172.03568864021514
171.93085218426285
171.80913009402923
171.66327853487255
171.53566381820622
171.48159239362826
171.5272647214345
171.62178816362675
171.68594639687285
171.7127361637684
171.73393963639924
171.74797768741217
171.7536379055238
171.7883394946257
171.84103084009388
171.8034084503827
171.65228196774487
171.47063799933696
171.31252099974245
171.1654882573963
171.01062129375202
170.8550585283218
170.71756981566313
170.6188969293397
170.5357982712974
170.42714441271298
170.30597319344207
170.21565292257935
170.15340909397386
170.04419874128283
169.88072871370457
169.72333640591813
169.57198200590256
169.41273185571725
169.2835808183508
169.23136948953055
169.30134206277228
169.4779075991064
169.7012830899527
169.9433536173267
170.21243035553846
170.48270811052276
170.7112725642051
170.86672234276625
170.96560035405645
171.05098952222139
171.16651594255262
171.3283165610308
171.53609786095677
171.7912510028083
172.059642456813
172.2884561619663
172.45853400412227
172.61521730562689
172.78034590529379
172.89594332387298
172.94159670259114
172.94332677499645
172.9456567287284
173.00374420110626
173.1175906665136
173.28874019290703
173.49560440366167
173.66475012184185
173.76167069701813
173.80008167066455
173.7921753760441
173.76908840966234
173.73380146069485
173.6759498640614
173.60726105366848
173.55570113561038
173.5403774887565
173.5397298672716
173.513270311467
173.4589756083918
173.41200526697932
173.406591659088
173.48226093507412
173.64042362887113
173.8581439657989
174.13253669394143
174.37775275028537
174.49199361295263
174.4214994992544
174.1932321975123
173.9036672269166
173.57083448213314
173.2200267922412
172.86477124677305
172.50822080484028
172.16424699123576
171.8240303087737
171.41855336096185
170.9032359413343
170.29458815548955
169.6636675879118
169.06890471793764
168.53656503701833
168.07202934321344
167.6607024157114
167.30115532418108
167.06599826906879
167.06163829692852
167.39601326017245
168.12007697852022
169.1959592931807
170.59062952953536
172.2745225167772
174.16355218381747
176.21154237763346
178.4350431491045
180.79936152707745
183.222399776843
185.60987750824398
187.9069029192848
190.12250112082347
192.28853960690626
194.46636419700707
196.65397259123796
198.78637398574017
200.7134652204333
202.2539581948178
203.40862303326915
204.33959732381206
205.16917042478246
205.97730192944164
206.79219575028782
207.57427082626012
208.3310558395515
209.1005795713773
209.86328770327145
210.64488016548978
211.48341274500262
212.37694483382398
213.29531847226303
214.2160830158382
215.1081812894164
215.89942918125556
216.54137200324217
217.0353235465363
217.37212988612268
217.56710441765068
217.67650334247608
217.72985258443254
217.70052944295594
217.58433480275298
217.42306609772785
217.26957711970164
217.19954036968505
217.29723796064957
217.58025927342652
218.00673099060367
218.4953880419098
218.96393717305097
219.37645931985847
219.7166146200116
219.9244528124612
219.9584915848489
219.8126401091763
219.4766182072852
218.98132775373767
218.3720544777986
217.72005791389506
217.080609129035
216.51172150811476
216.0420572237714
215.65254239047144
215.3350330212054
215.09379119105296
214.91449258759604
214.77211019180237
214.69992894901344
214.69193306564983
214.70183904850654
214.714835044635
214.7225798714553
214.72743131482628
214.7469586219783
214.78090685367573
214.80267531053673
214.78021672827396
214.71443446484534
214.6397382381789
214.580976266281
214.57336284801056
214.65213895151885
214.84297469449984
215.12554613306074
215.48515707193883
215.9012703355316
216.3400629992702
216.77141783236522
217.1515771716535
217.4447038149923
217.64530690093335
217.773283154752
217.85380172281222
217.91026591811212
217.9673034325366
218.03165880711708
218.13139258697808
218.27127987988206
218.42742997440746
218.57429042418008
218.72629510299686
218.89747883301408
219.1019874645369
219.32992597809286
219.54579638455633
219.71281412416695
219.77401212948462
219.6896842479894
219.46116031380188
219.1115687936885
218.6973314813385
218.28403963223985
217.91804841998965
217.62977815836425
217.42838656741446
217.3305792765198
217.3331265990431
217.44116133476106
217.66231343565292
217.93181953024845
218.1768042895427
218.3225750318395
218.32587898649166
218.20838393256048
218.03515647302066
217.82927097215799
217.6108427366151
217.41112843263613
217.21840568129778
217.023126948378
216.82074806015135
216.62121482567142
216.42831200123544
216.24313866455688
216.03914983211158
215.81131049739838
215.56600512057688
215.30050582350873
215.0237457063771
214.77858400940886
214.62168472787934
214.56619060356257
214.59851272676244
214.70446664529553
214.8778214205774
215.10871862722513
215.37872596023863
215.70569021237833
216.0981449658504
216.52715755452903
216.95301103338574
217.3374102070913
217.6658037345456
217.95290431987553
218.22915764156727
218.49787609267682
218.7235841421716
218.8717670504987
218.9165847927897
218.86823268271152
218.72721810719636
218.49039552271827
218.1859229106925
217.85917216905816
217.5113175428983
217.13261480763887
216.74398229070056
216.38070461023125
216.04202916067734
215.75237316955554
215.52671093745676
215.3396225729063
215.18629797264583
215.09148799079776
215.08942086914868
215.17111894231618
215.27605374874767
215.33573776212575
215.2937347140537
215.13726550842966
214.8807823477466
214.59093664698776
214.33240813269532
214.132316598315
214.02633058379163
214.02432692101334
214.08918616130393
214.20034659097087
214.3798474987147
214.69378923192176
215.200851774047
215.88691199334494
216.69145883110727
217.53724074216703
218.33682837139042
218.98947123396
219.44519689889216
219.67325394070863
219.78406480767995
220.2520471772426
222.01418880074937
226.04885719200473
231.87767750231325