151.59750640762235
154.99479059088236
158.3844230880011
160.95984624767266
162.2033126385718
162.07029067944714
161.34689155029355
160.75254342609722
160.5490591299822
160.67823840405885
161.04129112631009
161.60204526441188
162.32056481731712
163.1289899884298
163.97594078098604
164.79899046692566
165.4787700456681
165.95869063111164
166.3129512695081
166.64142537430357
167.01359395194126
167.45358373492755
167.90364134951884
168.27361585132226
168.55664827418815
168.84897239583916
169.23139297096589
169.74184017274618
170.32555031557894
170.86818465668765
171.3158582676204
171.71326046225767
172.1611278576941
172.70352611119858
173.23818967826082
173.6279824367707
173.8257401841042
173.85425495519826
173.7956775102153
173.77268584447066
173.84227884841
173.9631298717929
174.11171201118754
174.27584158720526
174.4234046955869
174.48481381147838
174.38926754016654
174.14156906785726
173.8110330483629
173.49566046949724
173.25928123413811
173.11179647022595
173.03973422093244
173.00572862464648
172.96264964892194
172.89690592236207
172.80455477833942
172.67457181801277
172.50801705962704
172.30550641358764
172.0840560273197
171.8795135181734
171.66694450931786
171.38541655171107
171.02223502695992
170.61495957090526
170.19987452279094
169.77275182129912
169.36713183329547
169.08669401413852
168.97400685985133
168.9594632211222
168.95312459127317
168.94532773850273
168.9724214264525
169.00240220216673
168.9930759146546
168.96469215312396
168.9171589599128
168.83712627198497
168.7673217363263
168.7424672063313
168.75211924097277
168.7798937106921
168.8252077131951
168.9210297331631
169.10106407509477
169.36376584348258
169.71118221629825
170.13984813190973
170.5879980441042
170.96517009393202
171.23459975707303
171.4167491705806
171.57237314485909
171.76409801055934
172.0067074445438
172.27769523559576
172.55230249998513
172.800652274481
172.99621436745883
173.1308280761621
173.23986507183372
173.36742687224685
173.54493280736605
173.7570330517322
173.95442281123886
174.10191351896478
174.2014631613866
174.25641442918828
174.23541112532962
174.14695884325693
174.02693091570058
173.88736630984405
173.7453522657924
173.59978025603965
173.43179784075852
173.23137797599435
173.01331447989284
172.79086095408047
172.55867086884825
172.30629448472033
172.06038539113356
171.86734982264664
171.72938117087716
171.60709833068347
171.418307022935
171.15899366499042
170.89100327683747
170.61851535840788
170.35359082268195
170.13059726388744
169.96195186837235
169.8500989122574
169.79851971321096
169.75845751166537
169.66205579603786
169.50363060326572
169.3151311223712
169.1391413876145
169.0177129622888
168.97111017893735
169.01890450620903
169.13941630748891
169.28334515085234
169.48085303003825
169.77278613789176
170.15649336626993
170.59734017766777
171.04533702812554
171.44331227281097
171.76238776420155
172.0352174530281
172.2733974742083
172.4433337850768
172.50786003703445
172.50217500460965
172.4781564328048
172.4105021207535
172.3343293026257
172.284427039142
172.31118470662733
172.44814784029703
172.63558830704898
172.81160265829445
172.9559498612641
173.06084763235202
173.12353991337616
173.0976323814249
172.9686026267792
172.79536781036083
172.59859082582034
172.37507178661662
172.15138350499905
171.964040086192
171.78731090166957
171.5835099072064
171.36624187415245
171.14561109280046
170.86900921583018
170.52156630868737
170.11961989849107
169.64560270689455
169.09084218454873
168.48191418379588
167.82537448604148
167.0814244192938
166.22568357134003
165.2658093961157
164.19684109621764
162.920383844304
161.3555263402032
159.59002787871677
157.7492462753516
155.96979837736887
154.3467748341826
152.89582491186005
151.55728466061427
150.21626851907962
148.80307029154991
147.37740479586168
146.12298847929068
145.1847302728056
144.60065693279188
144.39391707281408
144.63571869748574
145.2681211548016
146.1565501210638
147.18742080092414
148.28439424494954
149.5770022378434
151.30472354513185
153.61717341697482
156.5644457131401
160.19988643238472
164.5372323353926
169.3171404669585
174.0515419424923
178.4146451257773
182.36669985639332
186.0336698051011
189.4410353410512
192.46671074090847
194.99806362386693
197.1200010496524
199.07490336040672
200.9777205430044
202.8033014577957
204.51121816712984
206.02460222598967
207.2782923207485
208.23692896160543
208.95580425940895
209.53171735549637
210.0274637998861
210.51088109891927
211.038688920531
211.58409850209176
212.05696071148046
212.40357850738442
212.59551834270644
212.70498611181873
212.83600409401788
212.9961792077993
213.1493548920111
213.30739699806304
213.52445085351368
213.85801199175944
214.30212877663828
214.73394252791263
215.04509512235916
215.1730365158508
215.12351616414475
214.86917001688957
214.41909328450453
213.87123760792545
213.32002645436953
212.79585372077196
212.34011511328362
212.00463029779138
211.71223852387484
211.3666817241089
210.9759418422472
210.60492450874548
210.37939952511454
210.336977287371
210.35592356657546
210.37961557503408
210.43898537058496
210.54140356494585
210.7025236660077
210.9364383459162
211.19207686249314
211.36455347004681
211.43548505673073
211.44761465320164
211.43963268412696
211.3801552279304
211.2685516110971
211.19640359008014
211.235529812327
211.3823153076936
211.58659144027172
211.8332845029285
212.1734505447446
212.5910234102584
213.02746130218225
213.47493435973166
213.9201877118178
214.30866535402723
214.6417175957613
214.9440855231761
215.1967127977322
215.34257167672695
215.33880344014477
215.20314604397734
215.01326589446262
214.82825098237885
214.65626697290682
214.5003831922443
214.4039413219806
214.40456757403817
214.5026086576218
214.69089975529815
214.93441313959642
215.1684998297244
215.35114975961278
215.46628859485872
215.51434066500522
215.52047851395469
215.55198173731384
215.7072837353594
216.0606866111689
216.5677928236536
217.1240425309152
217.62179916604578
217.9501894943041
218.0538633930769
217.9678234172019
217.7283773323678
217.40291386751375
217.03771700009258
216.62674114825063
216.21533872632097
215.85885270792292
215.52149765646334
215.14826554997836
214.72203724833219
214.26687590117803
213.78767967782673
213.2448470065232
212.59726556030085
211.88065544546802
211.1779938580432
210.50700796760458
209.92582882302293
209.58160727200965
209.5567036708607
209.83930947474502
210.36490099237804
211.0950311589112
211.98364300554914
212.95330208240347
213.9840846597462
215.07985145433275
216.21312795667717
217.36081549265137
218.47718425060702
219.49696895300696
220.34354749443355
220.98239070428517
221.4767012929005
221.9032384279746
222.14862777845872
222.02212368381458
221.47246029704456
220.5728808432427
219.4201579602471
218.07818147247056
216.63614671122082
215.12969341543368
213.4876759002844
211.6457965260136
209.67225781766143
207.85047978871907
206.41603707163807
205.39401932338316
204.7481909992575
204.43518518695203
204.635112803721
205.31197542358404
206.20487248670253
207.21806066090062
208.29241217890115
209.4335092211486
210.74988745459274
212.288464941918
214.0868884580048
216.01267606456548
217.8901392579712
219.54126886683497
220.71080818066804
221.18440962884387
220.99382939207132
220.3323203742535
219.23414271097874
217.5421711835296
215.34911331520723
213.22830442861252
211.35897281306703
209.63101096502635
207.91475769644768
206.6588137034146
206.05549067083328
205.9802707118372
206.290695269019
206.86059953895585
207.83582468455103
209.09392088739435
210.2352413973286
211.04283141306655