0.0
0.0
0.0
0.0
0.0
0.0
0.0
0.0
0.0
0.0
0.0
0.0
172.27714824404666
171.44001528905653
171.74161605586835
173.343911514676
174.42941462372298
173.18773158786803
170.20989765330773
167.6536586864587
166.11610731369768
165.3818943113291
165.2161844588851
165.3062746882639
165.32034871620735
165.2833881747411
165.31514785547407
165.37438052258778
165.39604220107947
165.40473789609848
165.4303101903539
165.4701317695865
165.4705701094814
165.38454595628934
165.27838811637926
165.26522433152408
165.40672657361364
165.68232920486338
166.0601593758591
166.53625696681644
167.13985449480973
167.88695612101978
168.70449337542112
169.4593536303847
170.0791560895239
170.5139524405655
170.73821191923787
170.79341202983446
170.73013295480655
170.61110406625176
170.4863517938752
170.36496154539782
170.2519918085376
170.16323454773158
170.12658986610256
170.13125467274858
170.15864761110407
170.18233966721616
170.16377089922912
170.09426822357398
170.06655563249745
170.20069151949764
170.43759845869067
170.64104235186653
170.73939844878643
170.7052345944136
170.61821140917542
170.65068436724957
170.81087320050977
171.039599397854
171.31450550122327
171.6394730612007
171.99481897389614
172.27106364886035
172.45951674921633
172.63736161586115
172.8721446070254
173.1613257025995
173.41947252213347
173.58782677423778
173.69083012161286
173.7819988474841
173.8985798895647
174.02193670691423
174.08355215878402
174.06414348279955
174.00233717510494
173.93872119030493
173.89975976662268
173.86580554547172
173.78561338418808
173.61656329872181
173.35564426098958
173.00752986816713
172.65819678554422
172.36955043461552
172.05687099074956
171.72656817753025
171.45264208505563
171.26322573012123
171.1601590136373
171.08554420629915
170.99588962328994
170.91963731646868
170.86962433317436
170.8287838502209
170.7820914368662
170.74040254615895
170.7890517279134
170.9585936582855
171.17135993643353
171.35514511324124
171.4324320120949
171.40774331076022
171.33953575448604
171.23415170209134
171.10637069539274
170.99626697858116
170.93919576086626
170.89597462279187
170.84188148499322
170.77885887774843
170.73229945821072
170.7190276549298
170.71193040370326
170.76112625803253
170.9096023051236
171.10624491922218
171.30480299640985
171.48515659716634
171.6329290306594
171.75239027003065
171.83821510611585
171.8851388866462
171.8773650610876
171.8126057380031
171.69516467900064
171.49708099823076
171.2498113197638
171.01898176417484
170.84339009153572
170.77553711751852
170.79784701635347
170.84715223869588
170.88190471712124
170.85833673371647
170.77406824698627
170.65120681945544
170.50679201213273
170.35563093917307
170.2063777022559
170.05590607460334
169.941432382536
169.88955703978934
169.83838388589587
169.7696898350631
169.75402937092093
169.8265078829374
169.97039168246275
170.15164170446084
170.3365890589037
170.51557330414903
170.66578242227743
170.74076456998193
170.7738838807651
170.81012492521404
170.85347592340233
170.94215160730283
171.08568606880397
171.23530380356664
171.34546574451073
171.4023447466175
171.42446204250177
171.45858818162824
171.5468218518132
171.68272031462084
171.85108350454948
172.02430040176523
172.2085286552755
172.39928110011675
172.56672308740832
172.7108583246095
172.7881324796291
172.74593805958287
172.55692259850923
172.22734677700797
171.81209096930266
171.38066393879967
170.95413314923974
170.51807824462017
170.0409805759827
169.50502194941015
168.90680021142634
168.21323978056634
167.40586671408386
166.55988044569094
165.75711603562368
165.01142004804925
164.33792179789143
163.82666703200223
163.6467213349848
164.04118230915924
165.18503960806422
167.05812481585815
169.82937206614946
173.96885285053088
179.51928363555396
186.15957393007045
193.69699655349916
201.88105371013836
210.42284625901968
219.29663956567506
228.4465548580295
237.65620684870086
246.69090745050852
255.38907782485563
263.7920471934007
272.0762771960097
280.03073046182607
287.22960522243415
293.95269372134635
300.33139210712807
306.0208749582733
310.7463681303059
314.6506783777048
317.9868758027663
320.9057585405945
323.4737939958751
325.69550937717327
327.56193081149956
329.1083500252854
330.44080819234233
331.64852282296266
332.8036319180319
333.9525845837128
335.11006415180066
336.2355607222467
337.23680017812217
338.07930625660447
338.7476674283582
339.25212330443094
339.6429657732492
340.0135902488912
340.4833499082784
341.07012981760585
341.7102487068529
342.33707085430996
343.0024633317622
343.75549684153896
344.5427844165172
345.3214417217686
346.1275123779466
346.96241221825085
347.7605317230931
348.3892340167503
348.75437146055333
348.926013433468
349.09904124788784
349.3759189996748
349.7091108369222
350.05740631801154
350.3754665384323
350.5688720075662
350.4799036825865
350.00878146032227
349.1895258303174
348.17637736330687
347.14777329719215
346.22594354605576
345.4315479899211
344.6890744340087
343.9835255779667
343.36799243116735
342.8806328881524
342.51300634210565
342.22034862713105
341.9610483750187
341.7114102883837
341.46512225964693
341.23132400734085
340.99186964934177
340.715393437706
340.42116951000105
340.1637637901404
340.00495025538265
339.9950343196251
340.11774271969836
340.32931410850836
340.61856748704224
340.98015366517035
341.4257528132311
342.0150229366297
342.77930015016955
343.6677815506895
344.5673473373152
345.356749572502
345.98576931865654
346.5020675599212
347.0103736947364
347.5490039775075
348.12495997605197
348.7124719402173
349.2547254832266
349.6917533664747
349.9259720122119
349.90927421932923
349.6685321300948
349.2509073638371
348.6799891365551
347.9753878069117
347.2156292456099
346.55386190522137
346.0620121886479
345.71510718833275
345.439835567204
345.2023902491476
345.0618560791624
345.0800614194284
345.23777901808836
345.43544359058194
345.57533625127576
345.6634563051048
345.7661644271843
345.87226907176
345.8628371302549
345.625552446986
345.1661436386339
344.5766143585761
343.99744479582404
343.5409146080299
343.2420478669022
343.0523855577026
342.9320278811908
342.85332918265397
342.7240346616012
342.4255880282291
341.87991925934784
341.10249395349115
340.17424530258364
339.13058222896257
338.013240096092
336.88369358929145
335.7901295242441
334.794394789793
333.96232195692994
333.3257081597413
332.9090817788422
332.7207378122722
332.81689532200124
333.2580066264577
334.00368657888
334.914503549715
335.94740910472785
337.1093381732462
338.3462725597608
339.5674838749099
340.67639495334276
341.76228376598
342.8056091821922
343.9122143265846
345.15891548557954
346.38421966141703
347.3767489902974
347.9385009477458
348.0944840993212
347.77205394536475
347.08371941940436
346.09600650526136
344.80815008052554
343.18685563524934
341.25670556252595
339.128674197164
336.9773472810665
334.93382883872187
333.06754424709
331.6318462887452
330.74908295277413
330.3731852512481
330.4545011324352
331.025044532592
332.01397594834253
333.351464071165
334.81171110643766
336.1580792418843
337.302634341362
338.382771282948
339.5810847236909
340.9340545280372
342.3172486171926
343.60828347867056
344.8598522185243
346.11666527619593
347.43910210684226
348.8500914224908
350.2092629138498
351.2356544564554
351.66768863364007
351.36971092379497
350.00316470538894
347.20900597961355
343.36918736668935