0.0
0.0
0.0
187.77672365208878
176.89003597738576
166.84979634847258
161.9044159720448
161.70182823337285
163.72199252158617
165.80049939463282
167.03520485526894
167.52660450251676
167.58419331935895
167.47740678007978
167.4430997477922
167.56654073940476
167.82451115823966
168.16562347462929
168.50561097280004
168.8103794290614
169.11281055385507
169.4271680279356
169.73140833265816
169.97414993323918
170.15815211459852
170.3386868443547
170.53250212174217
170.71406104570002
170.81727761207728
170.80235313215982
170.71124140186794
170.631534513979
170.6910838734993
170.95705071949257
171.3219515879092
171.6619366345885
171.93800237644066
172.18842829254868
172.43459923004013
172.6468640149307
172.81915630027163
172.9696110738972
173.1288337630226
173.29367888322054
173.43111542685492
173.55063520518206
173.69674917043716
173.86931805429663
174.01326969272458
174.18852166132223
174.400605700665
174.60809618770284
174.79896823186664
174.96595428272562
175.0955972964005
175.16915465037803
175.18001336516346
175.09268870521623
174.93853721955088
174.73316712570298
174.49785910102588
174.32187396679228
174.2133073612905
174.12112958638994
174.01955995088983
173.93050118992525
173.89086224774672
173.8795470656946
173.8835900034266
173.85155380833928
173.69548193053075
173.46562678281003
173.26866273998132
173.1601122534903
173.09456992663138
173.06221594539323
173.06072147943468
173.07472331992136
173.1340024639997
173.27965621325706
173.46210308427942
173.62003333289647
173.73629581060987
173.82945115828574
173.8953244079533
173.89731183030383
173.84212218835427
173.7767320731809
173.75741258836496
173.79084085730088
173.82462808789234
173.82109002425543
173.778552285876
173.69499425459182
173.56787086991574
173.47451289030474
173.46653641619966
173.48262710076165
173.45341894113196
173.38642619242435
173.3294732740833
173.32423113660514
173.33162319686016
173.29617404788786
173.2387509647918
173.17665689255324
173.11900155451104
173.06918584546685
173.02031182424457
173.01549157045503
173.1198238255762
173.34775589027407
173.6810177580138
174.07376734136275
174.44334022511268
174.73746239774792
174.93417494357197
175.02979821918052
175.06291104792032
175.0435662239831
174.98382016431242
174.89589041615648
174.8130186088498
174.80126472873127
174.8556965790823
174.92603833246585
174.9592077581234
174.93909222170115
174.88657551978724
174.7742444840063
174.55367920624764
174.22153015140657
173.82977435701855
173.47579247424423
173.1882910570657
172.97750099485518
172.8966032361896
172.92366575173855
172.9800870685729
173.02970619586796
173.0410570124038
173.01607028821803
173.0153568737615
173.07344219856128
173.18138565174468
173.29041928525828
173.38657423823196
173.51090006238803
173.66516259590782
173.84273264313165
174.03031680942019
174.19061812811648
174.3018684565924
174.40396652784202
174.5352296257993
174.70978095697467
174.93575110363975
175.1817948312144
175.40962543509167
175.59748857822427
175.7774122650262
175.9895176998395
176.1954497939265
176.37765252766678
176.5224289768813
176.60296259604513
176.5941232783917
176.52455548558135
176.50445955885158
176.5885525546679
176.74702609511817
176.94517871287644
177.08712493574183
177.13540827496658
177.150374165356
177.1327845666077
177.0869431226722
177.0095104900286
176.91119695765656
176.82444948045296
176.72597162568013
176.62611298556752
176.51910458630536
176.3724509371385
176.19562775750938
175.98450545488794
175.70910571609187
175.3516009260382
174.91616432030764
174.3944459866154
173.80153347743092
173.17073138820155
172.49511800931026
171.810720029426
171.15282376906103
170.50101689173846
169.86264111680276
169.3018832072102
168.8551666362699
168.57465719727418
168.5737448065688
168.97728390994345
169.8671994010319
171.31866101024582
173.36690277201646
175.99075326348375
179.13476673314395
182.71851559036168
186.67919902692114
190.95290120863024
195.57485631589137
200.72850110227844
206.40493747864716
212.10483073538956
217.24410294761856
222.0411335355358
226.52512690273457
230.72079038250465
234.60260119469183
238.10547510544296
241.2455871173326
244.120296734256
246.91679821070585
249.80868345108487
252.58467342086414
254.74796094941374
256.26808370262245
257.44962780788956
258.37824174584046
259.0255709056092
259.4083199154991
259.5298868905509
259.54755878678014
259.7599897246707
260.2164520177779
260.78230208375265
261.3209861724393
261.71709770551865
262.06347864922475
262.4289001043525
262.7624557937587
263.04246204506876
263.2048917677078
263.25714992297947
263.23286238752274
263.13287013133464
262.97488753565693
262.7333054253728
262.41746350825883
262.1154406431081
261.88515072620817
261.7187125307979
261.48502302935617
261.1838709650505
260.92071729522667
260.7237037444384
260.5543922970642
260.3622250646541
260.12582026778773
259.8294889672069
259.56159649449216
259.33670881156775
259.1251727560999
258.87899786336095
258.72871734949035
258.76551815257744
259.0098740661579
259.36657465924264
259.637630519136
259.87420687063536
260.17206633732417
260.53097031011055
260.8977154371428
261.151081949148
261.23415729498043
261.17531123649974
261.0260134518683
260.85894746006323
260.6455237516767
260.3345137813328
259.9891226953238
259.6528725258332
259.24906297126415
258.9139430015914
258.69882811589775
258.6025092140898
258.7066474150885
258.9645995275657
259.37003707616486
259.9074104752681
260.4610955148405
260.91958732168393
261.21944592943754
261.3537798183256
261.4156695188714
261.4339828125548
261.4080350718602
261.3540029597499
261.3766281411518
261.5189291708136
261.7038774518049
261.8807630006502
262.0281334905087
262.1458363724816
262.2346008486987
262.34838077885865
262.4696857864569
262.59166038944636
262.7338437505919
262.7904366848657
262.748431788132
262.7165074397865
262.6934611717801
262.6296054387688
262.530189614474
262.469559042552
262.4809752665443
262.4923665897626
262.407818018078
262.22342485641275
261.9769959169835
261.67321397210446
261.323150940093
260.9232760933443
260.49099164094486
260.0744266582164
259.6989421240655
259.3839195763419
259.1493232643593
258.9896551804482
258.87076193158686
258.72362888156255
258.54119892938286
258.3651541938396
258.22281033460996
258.0719324641168
257.88642127831537
257.67716725555044
257.4538552331425
257.2487258097401
257.0944883675487
256.99610521296546
256.9847393371742
257.0890907676206
257.3383541730697
257.7029316153812
258.14949321512137
258.70065832739965
259.39861299479196
260.2769509949683
261.3280266753054
262.50635757384924
263.71267695476047
264.8045542928961
265.6743230538853
266.25638527674107
266.5494699913893
266.6104180566043
266.51847681619745
266.3545419337439
266.14264518127106
265.8437233164251
265.41873937288557
264.85398182823
264.2369080566576
263.69282042106624
263.2996637543528
263.04080087797496
262.8430429884399
262.62606636132404
262.3804417505725
262.1245914044929
261.8507437820156
261.55782135525004
261.22819272139395
260.7960921930352
260.2819768963229
259.84068795614866
259.564381368611
259.41209909392745
259.2709506079268
259.04671111911694
258.7659181950428
258.5374762432975
258.48419682848595
258.64204808210474
258.9278954718287
259.19191153837994
259.39615409213286
259.5814711060562
259.8292896602377
260.0950041896515
260.312139549854
260.48380681840297
260.5159677665804
260.2955542773438
259.7677952057778
258.9222021247267
257.76381577637846
256.37066481097287
255.10879579697345