0.0
0.0
183.94154740246796
183.31285579614985
178.97923907897348
173.5564160969484
169.31848703533473
167.2639062983538
166.95463375432385
167.17466334849155
166.98105856859553
166.13444248740538
164.87394310687623
163.598753231815
162.68931310203908
162.1222073842603
161.6075793413801
161.19873985829608
160.9653088372546
160.88056857893065
160.9419468381396
161.08672792786834
161.21640522905068
161.25389140615286
161.27869208149764
161.40694447510336
161.69481388878964
162.18607931648114
162.8667312309042
163.62903574255284
164.3699985672502
165.04179130726382
165.60934525350643
166.0583832742796
166.36363814980305
166.55838430425928
166.77020091354672
167.04166372768978
167.36141422796857
167.7640805678567
168.2596516962721
168.76746144449578
169.2548733078391
169.7561045835875
170.2311532622881
170.60131448936434
170.83213282578356
170.95807979019634
171.04023399788397
171.0681828982246
171.0169676877773
170.90000447695087
170.75119903317042
170.58593625486964
170.39346775783844
170.14348107237288
169.89338241009781
169.72840301379318
169.66543115336643
169.69619928785286
169.76877686470567
169.85027816001573
169.93316187723056
169.98272994458426
169.96071807628533
169.85233429049745
169.6612218243644
169.46193062869114
169.32800072203773
169.25611360217434
169.22635309096444
169.25106429536766
169.3522686339549
169.51715004634977
169.72673213723888
169.91476692559704
170.04486219816386
170.130009821803
170.17905282273202
170.18895565950302
170.17548844578968
170.1712767143362
170.18359154988374
170.24616356833008
170.43195730293814
170.7183087334618
170.99953936232163
171.26352558413691
171.57925843574827
171.91421652246606
172.18607919305842
172.39415546544262
172.5504680753108
172.64709052102447
172.67046850964243
172.6019218911965
172.4591891895847
172.2828405877297
172.14594235785367
172.05023507963415
171.9488238131953
171.85341515460948
171.77604216998637
171.6889045390482
171.58304952251393
171.46242910707244
171.35927563877738
171.31315584493558
171.30297405388598
171.2680700369689
171.19040352386912
171.10666338104798
171.08154763112879
171.1342345695408
171.20539786682048
171.22149737158992
171.172932882508
171.07616205732447
170.97097200693497
170.88986821974345
170.81829773243942
170.73230434901672
170.619486230949
170.527198713099
170.51964068131247
170.58993083336364
170.71895077208512
170.88427958949066
171.0160462620497
171.06066346772016
171.03997964829082
171.00907573846635
171.02431504087616
171.0938561864755
171.18846438322188
171.2789755020687
171.35960826703848
171.46365926933635
171.62451888537976
171.81021453360708
171.99873942916685
172.1860394320089
172.29305038186232
172.28262727618159
172.19044556546322
172.0870171170676
172.0060858424995
171.9401218145493
171.8730213977027
171.79072312603324
171.73618112284808
171.72273177596594
171.75005560449415
171.83055345609748
171.95268545257153
172.09739859123155
172.2345061450882
172.29483901276572
172.27889083304734
172.25669639934796
172.24744551867428
172.23029284393402
172.21189076335008
172.21486935906108
172.25201767999994
172.29157899514553
172.2868508536198
172.23310950320402
172.15876786524342
172.05387894911433
171.8934040361946
171.6636151730817
171.43234953713423
171.2458167592854
171.077016353623
170.9368970417645
170.87162064887477
170.86400568965138
170.86409733008048
170.78828605375182
170.62129320096858
170.44406987295974
170.3438838849409
170.318087792443
170.31370401481735
170.30108245363095
170.27366557864624
170.24109680972515
170.17661665830934
170.00824306168226
169.76085481422305
169.55719708595123
169.42346994988907
169.2526042711211
168.9240423587771
168.4442494143383
167.92562301262768
167.39688690521533
166.80319053694868
166.17489641369608
165.62686873370325
165.2801472119766
165.2549057298618
165.64081216256633
166.49465331164146
167.8138090320511
169.5279589580834
171.59593891218907
174.04679304037472
176.96598503906716
180.35121651661
183.99002369129542
187.4761786436645
190.53239621656303
193.25733338930783
195.94477565154338
198.8353560357164
201.89970144436603
204.8082596598095
207.29115773913063
209.4169101364854
211.37407143072426
213.3040733889415
215.18816439582517
216.92379504394313
218.41336581790378
219.5890522831325
220.4245692285439
220.96290627401652
221.23359063612804
221.2798692532734
221.19501048565593
221.02752295120962
220.8285965744007
220.65211080237307
220.5410276206349
220.47051329237934
220.3715609445445
220.23735753146846
220.10086136508545
219.97968590676336
219.8928168065096
219.85166321789134
219.8197191665904
219.7018611631342
219.47017557558553
219.133169536405
218.69961138695103
218.2207755853721
217.78626564960373
217.45829439063928
217.25237386410538
217.165740058436
217.1908062735866
217.30667767171772
217.50649499714652
217.79371676319977
218.1480124795488
218.56601198172768
219.01951186230613
219.4503026483368
219.78748514677503
220.0020994467809
220.10598463821287
220.11807375291488
220.0390650331147
219.86579896655553
219.63984701728282
219.41418832146218
219.20655205053512
219.04103192640667
218.9298962098275
218.89917486473806
218.96601598528966
219.1016926137255
219.27135547949422
219.4328900588971
219.5546514949021
219.6160712956009
219.6002727931114
219.4637163170669
219.1505516774536
218.67953326676957
218.12933136970162
217.59830216418246
217.16388961638143
216.8513240408643
216.66282298096468
216.60122865272876
216.65425633144824
216.80948352654175
217.06258495471997
217.3649452226767
217.64440635265342
217.84785712964992
217.97220758602455
218.03974778011442
218.04192732589559
217.95254175332724
217.74919083467347
217.45781622576462
217.16173862689345
216.9703622544801
216.89757716624186
216.874730077401
216.86388154626306
216.85788353154996
216.8343400844833
216.80219348791374
216.81061802527998
216.86997727456384
216.9660641348198
217.13258503127582
217.40507828868613
217.78216153450046
218.24481213876274
218.75695271327135
219.30317948211163
219.84426110316747
220.37514333275794
220.94515059280837
221.5612059185754
222.17237446919444
222.69479558642877
223.09661513449896
223.35565675504802
223.3888372992285
223.1307928534111
222.64673998707337
222.08959447848972
221.58213407878057
221.1528628170936
220.78306792763763
220.45183613821172
220.15219556968378
219.87480368452822
219.61846261091745
219.39884940832883
219.21527487198352
219.05711988276263
218.9124948707668
218.77242095378804
218.6637446725334
218.63473187884279
218.71771062336654
218.91713863714483
219.19723209230946
219.56258882794415
220.01907306943605
220.5318928175173
221.06405775228296
221.58608307310385
222.07472170446184
222.5048113465598
222.83310453880517
223.03345518860803
223.12300865777073
223.1039999183724
222.9853243661777
222.78094069144723
222.45606817173172
221.97125120486044
221.34362481682763
220.60308276458784
219.77219469138652
218.8741953641457
217.93025784909196
216.95907912365166
216.0027482857804
215.05987833170906
214.13886247546884
213.28306597173327
212.51134568569347
211.8589678628284
211.40857024730636
211.21969897860436
211.1830038012057
210.99096872382216
210.29088066413325
208.7513926705562
206.08919257004
202.06918875720862
197.90634483173207
195.28959577846632
194.2475391958047
194.49874584814685
196.06815002738324
198.85346017242486
202.19519038465745
205.37091159713196
208.16877884790216
210.64248375087328
212.85248627872568
214.80207933379916
216.35434930053583
217.39853703674092
217.94731197595388
218.02265056311074
217.75597877475022
217.4126391069556
217.29373397730467