204.55284461509888
205.27560468450423
202.1969755336859
195.1901172307613
188.2009635997805
183.35654612343382
180.77779307000011
179.78291091859865
179.5656356888104
179.5994321258232
179.60513175315788
179.53945852786362
179.4169809806435
179.23921584134558
179.04037175435457
178.82560207764632
178.6421779972255
178.54979683324214
178.55238444860115
178.636734387387
178.77584321720715
178.89758052759208
178.9250762871472
178.8300782306802
178.59288560776372
178.2254805902949
177.7492945917183
177.14585609613698
176.42782290914153
175.66518424522502
174.93950753066352
174.33874238798685
173.85652921985118
173.35101140494032
172.79566820884025
172.2789903274408
171.86833378314847
171.57771216837295
171.4048927085641
171.33749204882142
171.34467515057048
171.36420631891596
171.3730109340641
171.38344960297616
171.3844167554824
171.37453230879322
171.3748882761679
171.4030655191488
171.45381768822566
171.5108735291731
171.59264633991825
171.7393336236459
171.94009496958648
172.1692481937407
172.39684010846037
172.57885735608735
172.7166862261748
172.8375007626292
172.9125918195142
172.8920277165323
172.75280335126342
172.49351746464683
172.16950058247448
171.86923934065157
171.6695961164661
171.63545442551774
171.71963516411796
171.82023310934665
171.90946033401883
171.99708372593273
172.0777599270027
172.1192137366724
172.09929277706877
172.0651364598893
172.08208168371988
172.17970010519224
172.3595112241216
172.56613533471202
172.76269703311
172.96439162882325
173.1232876982348
173.19294209805682
173.1642183773759
173.03451759442612
172.86338444551376
172.68879075795206
172.52404460810652
172.36394377131666
172.2212168704415
172.13457674820893
172.08709865574613
172.02870574822313
171.9311417767081
171.79635124075955
171.6633180208164
171.5522301960616
171.4452194498228
171.31576998008003
171.14939139580403
170.96627224279536
170.84384520948632
170.80375031428167
170.82530863936793
170.88485979509022
170.9077249559443
170.86314399999998
170.8079551130909
170.7739163913221
170.760870061107
170.81541457131732
170.94138407755756
171.09390457011006
171.28627027331615
171.49954108545467
171.6756776781544
171.79502227271445
171.86095567064913
171.92795471141835
172.03147466560503
172.1751101524419
172.3632399891456
172.55241193727522
172.70070329735938
172.8107834801756
172.89963996309748
172.95690386119583
172.97117993165523
172.96071379024718
172.9723086188851
173.02350880975877
173.09746269092057
173.20387926757508
173.33120282670058
173.46827999615948
173.61303128511614
173.70209404641258
173.6947318571785
173.5910609831806
173.43641362574488
173.28830673771705
173.1748658277486
173.13148436335376
173.18443861527564
173.2936333701366
173.39720635906738
173.4360654205365
173.38135917115238
173.2749562619263
173.15881259780417
173.0454771733631
172.9396508097424
172.84260075330565
172.78100241778577
172.78527211980887
172.8619634483501
172.9769092457626
173.08955570822252
173.16671871492935
173.20042484761984
173.17479666918766
173.1027436828348
173.02125692422186
172.9547716016548
172.94363994628296
172.96587390595195
172.96207493010039
172.93654247575176
172.94506183493485
173.010612473539
173.12151566359998
173.24873113560602
173.36780293900063
173.49672950650915
173.64012062441947
173.79167029750303
173.9394066397354
174.05871861795785
174.13689838417613
174.15793455248297
174.1009921958577
174.01436323756064
173.94851640740802
173.8935836128721
173.84416554080445
173.75373807584225
173.57240219973684
173.25195183813128
172.74639232364146
172.07179781493446
171.23766900875913
170.19587272595373
168.87401434779878
167.2294906643345
165.28091597428693
163.08186090552857
160.73611696148623
158.42106908011263
156.23128952105506
154.13637342708637
152.07971381008673
150.02938611716826
148.09461387624344
146.48772039500727
145.39039192601106
144.85753855411252
144.9232523495235
145.65942203875693
147.1053855400781
149.2083067457996
151.9769996131539
155.4882430056487
159.75333453024587
164.6235194904868
169.80522383172422
174.87479047213256
179.55728168861947
183.9466031713539
188.32036879378768
192.80702283904785
197.22643125264818
201.33017161240227
205.06275303939213
208.38774953537387
211.26388557133933
213.7295646885708
215.81002587661612
217.50635085071963
218.861048209541
219.8921379620386
220.54979056749121
220.85985659980594
220.96548224433846
221.02580784204696
221.08644002118746
221.09762285742772
221.02927623051346
220.88957444524718
220.69405014802464
220.47156497261625
220.28039152460684
220.1682085990894
220.08985705781976
219.9760920897076
219.79018985246418
219.5733637982246
219.35524620814633
219.10033163875926
218.7816561006029
218.3432089131669
217.82981111057083
217.35016904572393
217.00220382144306
216.85597442309327
216.84362929838528
216.835641668521
216.82655817124686
216.81301696600644
216.797587811283
216.79695254091024
216.8104044267975
216.84008316691813
216.91369321503535
217.05548562015395
217.26817378216168
217.5893587947026
218.01307814556392
218.4551562139305
218.83544266581512
219.08004586551058
219.14424825889805
219.09434204295923
219.0889166699495
219.1744998451805
219.2299569937581
219.1345533922157
218.8853875101735
218.5928719368696
218.33918334223983
218.12660482837137
217.91842189340554
217.69042070149166
217.46568119542476
217.3060709246647
217.2338652154577
217.20647577389545
217.188073391035
217.13061317906542
217.01527651149848
216.87793765147788
216.76541674315538
216.7022293813779
216.6804462358586
216.65107885851072
216.60246815173957
216.55544380899332
216.52794179998628
216.5025631431101
216.4375518289692
216.33089949285613
216.2235018063762
216.11946322190363
215.9532458390151
215.70119132997223
215.4078115318581
215.11176678213792
214.81949971856804
214.49573272808206
214.10030443510573
213.6496332197469
213.21643958120154
212.92112765416633
212.84989198182404
212.97410247750992
213.2912278700636
213.8096486568368
214.47199726431734
215.2033233302755
215.97317319702165
216.80284597363698
217.67373684801294
218.49632090296132
219.1278088688584
219.5856673553265
219.9787273143597
220.32328282610243
220.60875650503837
220.90235429260062
221.20220031185593
221.33988547164844
221.2309131225946
220.87550210858242
220.2328647823547
219.37351692049484
218.44616469247674
217.5236412614905
216.64541682811478
215.83194920129512
215.12638533254983
214.4955514818739
213.89473239021225
213.40489810966068
213.1317325386713
213.1142270353718
213.34559004655975
213.77687047649533
214.332141949268
214.94795357759764
215.51611632355548
215.93779126108046
216.23822141025957
216.42882492774316
216.53877246665562
216.64508131187446
216.6926244143549
216.6420551900765
216.4536395648933
216.15774549756975
215.9089861177432
215.79602100653318
215.8032091667572
215.85616032698576
215.88425842739002
215.8505418772475
215.8192682749857
215.89441806449528
216.14449116678537
216.51131231878617
216.8783203621865
217.18198251102942
217.40311220634476
217.62228465218897
217.97701996388906
218.44746130783693
218.92717515519803
219.3027583233998
219.61125499356973
219.98405443179885
220.54754486115226
221.22940121879304
221.8600421175294
222.41302725495433
223.02070918705695
223.82620477387144
224.74047980830665
225.55207929984488
226.12428105939873
226.39513708254194
226.45459241244282
226.43101133789187
226.3355240756569
226.10692938203812
225.67109098209832
224.9959856270146
223.9923382396567
222.52906013283183
221.14288171390172
220.41086017337577
219.9585790501617
219.47900266836618
219.27586933471534
219.5020684414867