0.0
0.0
0.0
0.0
0.0
0.0
150.48748695970284
157.54519802077544
162.52676304387438
164.3329801625347
163.8304491108545
162.42320877897262
161.2886274327592
160.920792070661
161.26206522687662
162.08090484265796
163.23164567637536
164.57728162290587
166.02936135544593
167.54845079226877
169.07356703674225
170.4709246554178
171.63248400538723
172.53375068042692
173.21110011851485
173.71397626442447
174.06992432224166
174.3526550856576
174.63021971597178
174.8911279991587
175.11694397838895
175.28356028424838
175.37417605600612
175.44697185143858
175.51120242230402
175.5618423240262
175.6347318635511
175.75333929672692
175.93426089885307
176.17874222839376
176.46891842901934
176.75547439645862
176.96259452113364
177.05200088547832
177.04011275510058
176.9463081544897
176.78357594012869
176.55052354415272
176.23689209030726
175.863591718444
175.42254913977726
174.93658007250667
174.46394425014415
174.03503011283334
173.6627727778193
173.35944972908737
173.1259032308389
172.9658371472416
172.8611720629116
172.80215218981036
172.77945945365613
172.75594870203065
172.69933053121355
172.62938947884663
172.590546866747
172.58014116886324
172.59129099416214
172.63825306077425
172.6963053695534
172.73773627136367
172.7727149921516
172.81433149240294
172.8817583209986
172.96308065963862
173.00853167488359
172.98425529725012
172.8995252650936
172.77879291843732
172.69360746936124
172.72817396714632
172.86492379120003
173.0244980652434
173.15282938541972
173.2824100545248
173.454054015838
173.60102039050352
173.6523984399127
173.6210718958343
173.54209021495018
173.4374108823105
173.31664292974483
173.1641993998254
172.99074213463513
172.84083343269154
172.77546774878192
172.78299385586726
172.78837043799456
172.7622882575574
172.72245389101545
172.67933023357057
172.6458490469642
172.64340767721
172.64856058750073
172.6536232395065
172.66527895933922
172.6957847973632
172.7627028502374
172.83770080507344
172.8996388109549
172.95136977267336
172.9453134958525
172.84971150149943
172.67885054863928
172.47796273695576
172.2998123316904
172.14766090667754
172.0129709943688
171.87536639330582
171.72873084759735
171.60892786944208
171.57301135608694
171.63116604580418
171.73465134154773
171.82677858889673
171.8949288100631
171.9815643462529
172.09559882191272
172.19651605745025
172.28172660441186
172.3898447834998
172.5605522510017
172.8105943784133
173.09097036517204
173.3482792627112
173.5588603903281
173.6896763621544
173.7500202439814
173.78452371807847
173.85287918179307
173.94639089758016
174.00704979157518
174.03061468216885
174.0510904387115
174.0776139249781
174.12317130202368
174.19245574283863
174.27286465594574
174.34637450605103
174.39223438878187
174.4311273628804
174.48119184719894
174.51538942919348
174.56578058192196
174.68862124964824
174.87728810784486
175.08690951729994
175.27718904629424
175.4169169593387
175.46945771800551
175.41438588895306
175.3135754683114
175.26980250213376
175.29869168115462
175.35777773154192
175.41189916093086
175.44974720190393
175.47093785895103
175.46026877038048
175.44967595552205
175.47742768745246
175.52891774865284
175.62220616363538
175.77756065159483
175.94355332501445
176.0688093855665
176.13892799289158
176.17496645965716
176.15421304097282
175.99317454058075
175.70368574492693
175.3495648118805
175.00195435207206
174.7050049758826
174.42117975258864
174.0557443362623
173.53046883860426
172.82590081333495
171.97457409511094
171.02495701994968
170.0331969952731
168.99308921113686
167.8448157920847
166.61333334869235
165.41551937042394
164.3694758050435
163.58214059792067
163.13595501660006
163.0446843270295
163.2973032616075
164.1155261017205
165.73109770700123
168.106170146176
171.06770887699975
174.36205443183258
177.99391233104188
182.2867281717269
187.5992808056349
194.05935471118548
201.20474595859898
208.25807571737317
214.68173992314806
220.45488928754293
226.00612723098354
231.6456238185597
237.17899425257718
242.2765709098084
246.65423021347414
250.21385894307883
253.1170203057216
255.69334028790382
258.24502431784396
260.85131476523463
263.29809961819257
265.1322955276988
265.9435206713383
265.7220367066418
264.82388525026255
263.6674268466702
262.5334987352812
261.5676190695349
260.81873696464123
260.2611185431065
259.8192455495527
259.4819628705128
259.25595387163355
259.12237960001005
259.0951880521036
259.1419145992687
259.229976421234
259.29110020530385
259.266393967357
259.0883954584718
258.7000472133167
258.1290934722482
257.4668484746375
256.7960933451629
256.2176882281723
255.8429471690925
255.68684463221572
255.69481071125344
255.81912234235466
255.98898816043538
256.1657254193494
256.3156427626477
256.38811083005123
256.4098058070973
256.3942598214979
256.2931802910939
256.12768165454526
255.94862149859227
255.7787584827369
255.63045533669066
255.50939741932484
255.42928948123225
255.37847379655653
255.38986847388304
255.51770232237809
255.81182912135716
256.26640640042007
256.8500303823568
257.5313879143065
258.2251507312262
258.8708021281677
259.40501223655275
259.7847045428714
259.97124563832546
259.9320660278451
259.6908806146731
259.30540783816326
258.9045474679826
258.62613970690836
258.5161610474153
258.52497543876495
258.56109337218334
258.5812393654926
258.5859615853817
258.5897698136879
258.58855012004807
258.55147773342566
258.43505855084595
258.26297238044816
258.08362333653264
257.96178534967873
257.95024963860465
258.0304656833427
258.14101059354357
258.25226256667145
258.3829213030563
258.48803347644457
258.56928515121757
258.646630066608
258.7123648912823
258.739551455855
258.7717002025071
258.86023948486513
259.0236195283604
259.21086782048155
259.3360274657461
259.3877438623596
259.3712678804501
259.2635238892746
259.18432727596877
259.19257627781315
259.2473041972679
259.3391812846253
259.38752903595093
259.32604606487814
259.1547915444068
258.94132240491757
258.7452084216696
258.57797905891493
258.42641504338104
258.3259681352495
258.2499094356395
258.15296817341294
258.0029849442493
257.81878318841495
257.6223087969423
257.45158829887845
257.34917494366977
257.3430846961935
257.44632348538516
257.625860555914
257.824202553128
257.9319218031031
257.95296182445765
257.99041770775654
258.1291221503822
258.3392980865125
258.5377467564282
258.6938578870865
258.75998601444894
258.7276147874066
258.6480658415851
258.61452519205784
258.5837553333365
258.47979011626614
258.39341052791076
258.37045369806793
258.370532911343
258.3769403294764
258.3743501608221
258.45516302018603
258.69233355493645
259.0506747218254
259.4376487526406
259.83048249631776
260.26111258090026
260.71450696018513
261.10709894070254
261.2934719861137
261.20057698219665
260.8346353540708
260.2436945340354
259.54848113652713
258.88498480012004
258.34676206947836
257.95349876003735
257.6482224993146
257.3968497835698
257.2345137335535
257.24362836217244
257.4589378818139
257.858773877669
258.3781760941217
258.9068434850414
259.31323721887526
259.5752137372183
259.70646363502436
259.6598430738057
259.46311484113915
259.195588035856
258.98727257386116
258.99484618833304
259.2271567325066
259.60667677541403
260.0283760844567
260.45492786014825
260.83203533188134
261.04257449233637
261.07947796846173
260.9771890340633
260.80986214635504
260.69650961055464
260.69918423848503
260.8171666395024
260.93812394065657
260.7306394314886
259.74072114494925
257.6997829514751
255.2121781467919