0.0
0.0
0.0
0.0
160.4072615492838
163.2685635675367
164.47504622968546
163.45304647720192
161.3888457555771
160.17157508326574
160.362896771353
161.8031045187466
164.16579696854026
167.08505696182283
170.1303884984347
172.82985596309226
174.94146661928218
176.5869411649251
177.97821002900258
179.16080177969434
180.07612183179705
180.7366905941006
181.35414316569137
181.9695352197226
182.52139703360658
182.9844500998053
183.31673939471068
183.48129181476054
183.46158294332855
183.28260144072783
183.03522238357985
182.84216144325976
182.67598355363194
182.47006090349987
182.29211665159585
182.1163235511316
181.9068312031837
181.68277676475137
181.45699985736266
181.23006317154832
180.9814022223842
180.69810043952165
180.37628549832772
180.05182647817728
179.80487989650064
179.67975739870215
179.66133435207405
179.76241354325012
179.98146102607484
180.22384529271065
180.4065617057693
180.50529126768362
180.4814820869912
180.30923495284614
180.04027940851591
179.74178986340064
179.39933186997888
178.95118835266447
178.4479390018874
178.043795634694
177.79125221832243
177.58836295660277
177.39084800784929
177.2292950434658
177.15736363261988
177.16596115421106
177.17356790256636
177.11958326819814
177.02277899783888
176.9206755737193
176.77442223080743
176.5737582330174
176.3395612265437
176.0592059152728
175.74733495598568
175.40143396190143
175.012532528796
174.63867450106937
174.32734835118944
174.1138920595688
174.02675963844953
174.0620700672458
174.17471038499792
174.28188300288238
174.30411926546685
174.22067397903126
174.0870429099025
173.98420970112895
173.92804927488228
173.91437742730957
173.92186494840504
173.93786843662227
173.9652423471146
173.98260150819885
173.97683296045915
173.9886724218882
174.03017974453212
174.05234197719614
174.04183421843086
173.96409317495994
173.78484274286672
173.54245541374434
173.26908393598652
172.99421052193867
172.75012269842972
172.55868212698738
172.46640716686613
172.49539459817012
172.6086001023693
172.74584599348168
172.86061614114868
172.9887106483954
173.15568286186775
173.3219987487388
173.44212692133922
173.4952448282342
173.47569172215128
173.43697746076467
173.39874515659116
173.34575544509627
173.33960123290413
173.45321773572894
173.63880526127826
173.80371883074594
173.91701265529912
174.0001178778673
174.07951612250787
174.14598489143862
174.21073015768667
174.26627664454844
174.28195773798524
174.25290378165346
174.1811203681925
174.06707502416512
173.92804752176806
173.75034820076726
173.58186351351497
173.48003697722362
173.40107940763926
173.30958608569424
173.23205181492898
173.20140989907267
173.2335744735749
173.26495242624765
173.2436161765443
173.17761481228263
173.0536885313992
172.886340942314
172.72161425697095
172.5762276327858
172.48636778580183
172.45116225320038
172.4577144584746
172.52337430990843
172.61654338724327
172.66802908245273
172.66093887506776
172.63125744045828
172.62824356815096
172.65363549106274
172.68904864025043
172.7341301802674
172.76967040423568
172.79520335131252
172.8018814582252
172.7735941194295
172.75655079115154
172.78190053979634
172.81930156580066
172.9139159271349
173.07039348640066
173.22999844217253
173.39334721342723
173.5794902536281
173.75570386565005
173.91182073097258
174.07017705962824
174.24364185497217
174.42852156714451
174.5787079780268
174.7022664770457
174.82590928737
174.9259008910058
174.92696187605466
174.81704102471383
174.67595064510868
174.5347229309138
174.37374522054907
174.2076382730142
174.02442230410307
173.78518827535436
173.51931038778292
173.2217568541552
172.84475947802812
172.31537520427665
171.50366304377042
170.4819307128933
169.39890286446104
168.24407855776886
166.95835217550277
165.55377921193696
164.11038863833085
162.70686326268262
161.37062544485673
160.0680841107336
158.8097635048137
157.66327931105704
156.70030159183497
155.9784553912639
155.58930372871166
155.64044083269943
156.22323132866484
157.41986182863434
159.29059185787673
161.86376729013307
165.13949937720184
169.03918196533294
173.44720342298226
178.44655875823872
184.31122366010882
191.10059157664165
198.38675126571457
205.41531794262136
211.43893631942382
216.5267797535853
221.4073129110932
226.50658878038396
231.6955866362323
236.75242139850965
241.42556266638636
245.3422093157093
248.39680979748502
250.67737729865019
252.46158251363025
254.04018208960758
255.46389692969413
256.6832021769337
257.63198739229944
258.2636941635761
258.58632306687315
258.67506830996126
258.6921449452804
258.7320895934624
258.77196535783946
258.84355487888877
259.0301829667848
259.3923290517731
259.8780281678354
260.43686188485214
261.1075684273426
261.9031892754335
262.7589674921907
263.534007911217
264.1221532793206
264.51431536143605
264.7245568587567
264.7781578941582
264.65849465453647
264.2858925842709
263.60906992519557
262.6962078560784
261.6583406121924
260.57241375816704
259.5198992686594
258.67931405637916
258.1285410480385
257.80887455091454
257.5931123825778
257.4071985137684
257.2472566570283
257.13921386676134
257.0933933361166
257.07536063609194
257.0511878368299
257.02667434353947
256.96523979364576
256.87893157328415
256.87121461766947
257.00946350981087
257.2910982781992
257.6713284202521
258.1019623823199
258.53250695102264
258.9024483854177
259.21432048030204
259.51753675538316
259.8321058069328
260.1006968997145
260.2396556665885
260.1822264444919
259.95174654421953
259.66492239901595
259.457196639483
259.3830767347575
259.43223107242375
259.5400199115346
259.6301729802465
259.6552166955821
259.6392814389776
259.5675713889019
259.4053696392901
259.1064822769358
258.6174843446346
257.90681963356724
257.0963030532179
256.31627206402
255.64804717590414
255.18430249554405
254.9578194268011
254.97073695282444
255.22252728415947
255.6352500186655
256.07553216483615
256.4448011058589
256.7678725460361
257.2071120743941
257.8561813105414
258.6800675085828
259.6171180841837
260.57670902513587
261.51350321785645
262.45241092763786
263.4054437327485
264.3258015766254
265.1045497963379
265.6627066833711
265.93731032998505
265.8615456110453
265.45454640317047
264.80284306996106
263.9698139574668
263.02183982047455
262.0796494411436
261.2513510760462
260.5638827517582
260.07146212705425
259.8395238161764
259.8208460200807
259.94628595293057
260.1155038740843
260.24266175621807
260.38222406624396
260.6257100561331
261.0285834206767
261.6107399210979
262.3677527710439
263.18814952480835
263.89804885461854
264.42325219659404
264.76188805049
264.9381745443194
265.0024276901174
264.9967856424745
265.0048278383341
265.00776371550774
264.9327237000244
264.7655864816483
264.51183867810124
264.14599752613776
263.6532314581335
263.0510390718084
262.42312527220577
261.776518277922
261.14094984609596
260.5438395174773
259.94401275280865
259.339929580901
258.7116348883916
258.08685348834405
257.596935234022
257.3658255628013
257.4722336405357
257.8510893831846
258.49229932595335
259.4468258009802
260.7201146670443
262.1572746287378
263.55979191154
264.76819843027033
265.7418192304698
266.47115952351726
266.9522389090291
267.24013965982044
267.3351031055039
267.2207653652842
266.9126564052978
266.3878990261132
265.66132010432335
264.7789560881216
263.773367805181
262.6686935981795
261.4603865546088
260.0905574773607
258.5255618906932
256.806826419145
255.0433833665101
253.37604849811214
251.89731461500415
250.68177871381707
249.78269009923753
249.29345508646287