0.0
0.0
144.74540570796455
149.12116054069352
152.65782598510773
154.2376974445982
153.56010075318906
151.57091301857184
149.609645831026
148.43941743895743
148.03459188966963
148.03271302143702
148.22993512337422
148.43735946007723
148.5722726356442
148.78566215550632
149.1085070622052
149.60254011795232
150.3620939729129
151.34567869701192
152.46879975460263
153.66516282795914
154.906707864719
156.23435872261715
157.68190230730607
159.17983293347547
160.62876638166318
161.9591996178297
163.16640921599137
164.23693777809348
165.09170454220816
165.6907439531848
166.00839936504386
166.06108793824018
166.01024116779712
166.04014394175942
166.16857943520787
166.3465209709201
166.5449987426585
166.8009087472821
167.17246953113155
167.61980861619426
168.02046222528406
168.32997218754673
168.59396489682558
168.82927689984723
169.0574524381213
169.31304593430434
169.57579082982255
169.85582281825293
170.14607740248192
170.42571298477955
170.68276610311347
170.91474375724727
171.17770433410942
171.4659263662992
171.71830838772365
171.90781976947562
172.05668400578415
172.21926813913595
172.4144494247397
172.6373639222999
172.85622151315513
173.0434996064512
173.18908155627977
173.27649518800055
173.28740369109005
173.18743385906743
173.0589983479529
172.9545839896421
172.83997678058236
172.68867073533175
172.5047601093924
172.35269552005968
172.274077426326
172.19443158360053
172.09094581281488
172.0180991462196
171.95932597942618
171.88672791071062
171.80932777863876
171.72424157231592
171.6481603743937
171.6082090011284
171.5756648275556
171.5164428462186
171.46337201864247
171.4935311231295
171.63636028485539
171.84241729659226
172.0469712960309
172.22414692266256
172.4041036309144
172.59947060706594
172.80693178598673
173.0236247003825
173.2125501378339
173.3429409937868
173.45068830437754
173.5968760768111
173.72784194190334
173.79919344310588
173.8519468206562
173.8753771595422
173.86912732729988
173.8943527569702
173.93897263007491
173.92885185012568
173.8563546377078
173.75681526442253
173.65779206380037
173.53128923933045
173.36402035823608
173.1835611216284
172.96490449049705
172.72455743863742
172.4546929461938
172.1687788294323
171.9981493017737
171.92335026136237
171.87340269954376
171.88163940039274
171.981534660982
172.14932552297904
172.32458079466716
172.43950903178504
172.46846277856508
172.4527746039534
172.4333420770624
172.40825575693245
172.3151324108499
172.16116248672753
172.0688278410352
172.04319507848072
172.01606268082867
172.0059983105062
171.95300915188477
171.88961452271977
171.91490368610664
172.00912601637106
172.1701015091902
172.347210521859
172.4094288278922
172.43691522586607
172.48954210362567
172.5275912477948
172.52721210487277
172.47447590710317
172.3998729726987
172.34414106666856
172.29112208867548
172.26449888971229
172.2777371073789
172.2548153206505
172.20472915461784
172.19780157789015
172.24869258399553
172.3565656341762
172.45888638030786
172.52282880441038
172.58608824654513
172.6918039612679
172.8694441642461
173.12350453804447
173.39479509641836
173.6115094132267
173.75450776457723
173.870508737226
174.0163854918736
174.1733518567982
174.28963963013004
174.3928604619706
174.4692236436996
174.48897973882094
174.42558009962536
174.27616683020247
174.06922761672087
173.72890939329295
173.1730823790756
172.39519530342648
171.46987328662576
170.42581400386376
169.28728087176574
168.13458312342382
167.00234504625823
165.87518395004903
164.7440246263385
163.60042968161156
162.40362559290227
161.19137339832716
160.091315827549
159.21814640881414
158.54995150154343
158.0423829349922
157.73700473188057
157.66741804693373
157.88018975644172
158.4702978249007
159.59076213216582
161.39756739323013
163.92135163122725
167.1046666507963
170.75018455127613
174.61575621402923
178.6466107794373
182.97861968092263
187.67290222824988
192.60749388154497
197.6235639719975
202.5953058778671
207.42977982921224
212.02846493527704
216.34506693732087
220.43656191204138
224.4030928710897
228.2946842242875
232.08745266788404
235.63448333427252
238.81336226481687
241.6248934170412
244.0811898917428
246.16717623487656
247.91695955076108
249.4827819660696
250.93518608971885
252.26127042053588
253.40332522255125
254.28385199621712
254.940367337196
255.4597048320575
255.86677573624803
256.1609521302522
256.3416293424771
256.3845656994324
256.26292520551533
256.024372092654
255.7949868029098
255.66449648204735
255.5477563517454
255.30675369362714
254.9883303017966
254.6254302600767
254.2301347559963
253.77327548912456
253.1803053662359
252.5006822491855
251.81243296125564
251.2198332761542
250.79806363033836
250.53062503494658
250.34768377030116
250.19621477631802
250.08331657539318
249.98940739356004
249.82403991059573
249.62599065974413
249.47409297335946
249.43889219236806
249.55916168692002
249.82467009222793
250.19608215138146
250.60145539204308
251.0244404630968
251.481889144317
251.93729947446573
252.3751001639648
252.7933962018525
253.15913116706534
253.43228257901063
253.6168130244649
253.73796009978707
253.81911879706368
253.85169200724414
253.8494868261971
253.83136771473994
253.76761780873332
253.62678651021915
253.38376851464562
253.00446288110498
252.5147513301486
251.9985153133249
251.60543388753766
251.41258701275999
251.3917932475809
251.50573182617597
251.7253955810458
252.0522481150819
252.43551800031588
252.82433722903698
253.1596475593799
253.39370514049733
253.4690107661021
253.352306443675
253.20462604760203
253.17402695106998
253.28500404083772
253.51222116642515
253.79702423116663
254.0543558031892
254.2565370812099
254.4415873162634
254.64672717388876
254.86192679739713
254.97948460604846
254.88690618044603
254.6637867537998
254.4933264555994
254.4661596426168
254.54730259003628
254.66550766140807
254.79040852382568
254.889784567532
254.93419630339537
254.9290832895009
254.84987390605374
254.7133173727855
254.51779690289638
254.25020128722394
253.95902015369515
253.7063820076488
253.55822062243263
253.50093701261997
253.3553491572405
253.05944749107576
252.69087277670081
252.354516546997
252.11959973447122
252.06240986428213
252.18822317805257
252.38953319779586
252.5756511676028
252.70365764071641
252.78178308626815
252.81696408444878
252.7740474743791
252.70379030617997
252.68403141245486
252.71683306000858
252.81348526103807
252.92196822362166
253.0343515712776
253.1777516445842
253.28867953118538
253.2935035056941
253.1874820183686
253.02967014954362
252.8824371703973
252.81022915671937
252.85437296926114
252.99184786953353
253.15055260079558
253.25027403483978
253.22949635030085
253.02143173201614
252.61737069005855
252.1220299644276
251.7186816574755
251.56110692181602
251.66014099264862
251.92599579168495
252.31965652439237
252.81126920269656
253.30394509458364
253.68164296013504
253.93705273831532
254.14959842033497
254.34029954065582
254.4657582626646
254.43428887263838
254.2206778942701
253.88302260855355
253.55406500154797
253.3592143028204
253.3546428361859
253.50884950639613
253.7452766061927
254.01990089591962
254.32052256030818
254.65508874676038
255.01237129321765
255.36959405267925
255.65822197148032
255.77946099414598
255.76245066264462
255.6744118991384
255.55525051331972
255.4465711440706
255.38951003320904
255.39183488223537
255.42595011684264
255.4402048085526
255.43586972403176
255.46715800832604
255.63739892950116
255.97433313814258
256.36734395190933
256.69076725680395
256.8253554656611
256.69167112280735
256.2687240064173
255.52426356245138