139.74023404005771
143.34318304326928
146.4527726048818
148.64476041724828
150.32665323551313
151.9585626790232
153.65638757661978
155.26599621093865
156.65153345239898
157.83321589094948
158.8426547156579
159.66969339151632
160.37813769455812
161.03974351966792
161.6451675421519
162.16345274404486
162.5737064531656
162.89302294315297
163.1220242271114
163.2444609703494
163.31289815120329
163.3652311115677
163.4394102605755
163.60632883687563
163.8561082898895
164.09959746416828
164.33903550165292
164.55533110852988
164.65868718912304
164.6336195662686
164.5325840300067
164.41021585253674
164.32203398942022
164.25573993055758
164.20191181519684
164.20772718364054
164.2866884802383
164.41624142779696
164.5687353553583
164.75295724072672
164.98080210682505
165.25191464515507
165.60629039932314
166.06208217102423
166.5750647181374
167.0879435764195
167.5970194105828
168.1359640572956
168.7006754997563
169.2349745025716
169.6741662359613
170.0112447458625
170.31510337044094
170.6422858489289
170.9915317909921
171.3483089356223
171.67578367768445
171.87018758963194
171.88177791617323
171.77807523035415
171.62784567359324
171.4549298418503
171.29370532655093
171.14988862144608
171.00315765505752
170.86425526085847
170.74044482052582
170.6194719148886
170.4965960856903
170.3497651989299
170.15587944782212
169.93640468640893
169.72628838343786
169.57768115737204
169.5175138242883
169.5077108880548
169.52155100698565
169.57743534591674
169.7420843618584
169.9552936228533
170.09135648715093
170.15004854693885
170.19088378581995
170.20958313649834
170.1778118033889
170.10146751780383
170.04447583450477
170.0246552844022
169.98833309261852
169.94126030141987
169.90937440379471
169.8927557107515
169.88428244980057
169.88237467537627
169.88608381001518
169.9197950352849
169.9995895881207
170.11921636718603
170.2631739560128
170.3859457038366
170.48975522180893
170.58552691950277
170.59612450883262
170.53135132083355
170.4855232468873
170.49389632765488
170.52480617904115
170.5342373297459
170.48789111418301
170.39216297288053
170.2926514643487
170.2487291043366
170.2225882766167
170.113239827794
169.92480824981473
169.75069916313797
169.62005988438906
169.52842890275411
169.46402101145603
169.4114611548552
169.388694946903
169.41599501226568
169.44523778987346
169.44261611074094
169.42560324566213
169.414895327752
169.3948633859842
169.3592948086325
169.35023822841893
169.3982345149471
169.49354442000964
169.62335929108883
169.78058818248945
169.9609613024208
170.1788490342523
170.43176222765638
170.6679533323371
170.85069072985075
170.97827900106375
171.06687000724708
171.13830806972382
171.23169754225273
171.36882901392164
171.5116008882004
171.64257652981297
171.74367708269546
171.80830326914864
171.8481475892328
171.87869242298916
171.91628089828387
171.93469524804738
171.9462770477533
171.96889535157533
172.01102550335796
172.04044955414724
171.9906295601869
171.87055227619794
171.7594312229197
171.6664483270734
171.56567054915928
171.4323834276102
171.224271943469
170.9440286855742
170.64938555027763
170.3750525644682
170.1769498064658
170.0595666860659
169.97751911098698
169.93079862719512
169.92244637351115
169.9042293541749
169.86986073146682
169.8308725133842
169.75555903581107
169.61372240083568
169.4132491434888
169.1798501464538
168.9381429266007
168.70608309315003
168.53276467523605
168.39291075334938
168.17866504376792
167.83809262970755
167.44855243033635
167.12766974872036
166.87388000416854
166.60141022098134
166.28320468848682
166.00341887289724
165.87527419502496
165.98632880150694
166.47655595034774
167.4764401469656
169.00508795752683
171.00832702987702
173.44680284441543
176.36798051702178
179.9630716384803
184.4219364022019
189.63810283284144
195.14178857129298
200.49881937429055
205.81293990756132
211.5743647847881
218.05962698509512
225.0250891916035
232.0977163511329
238.8554878971412
245.05124104311838
250.5077219841959
255.00365037934841
258.60483585362573
261.450774319381
263.6267998166659
265.18798858548905
266.1664727195331
266.62307391042646
266.6220578245301
266.21491023818504
265.49142080611887
264.624575470197
263.81017189287803
263.2330525078166
262.95834373142003
262.9514154382755
263.19453984192455
263.6218931330145
264.092425943811
264.4310162106285
264.51002464454996
264.25497095193134
263.65045472414954
262.8061489541667
261.87580488431246
260.9730195632566
260.14088132305994
259.43220960981597
258.92024256785936
258.6282724302016
258.5492766203179
258.61286819451055
258.7916420254028
259.08346416040496
259.44469550731924
259.77853468454396
260.04237059674216
260.2007495743459
260.28887479701655
260.3834701207637
260.51631546674747
260.7022787220834
260.9542200591998
261.2157915979478
261.3954150043339
261.41843026431513
261.26402966706513
260.98648795653077
260.6242492041973
260.3015864022888
260.1551739645847
260.1878678999422
260.28314464801974
260.3057934670403
260.2386700977699
260.09368581157116
259.85992547323565
259.5407044918003
259.13786518919676
258.72050663017956
258.36789633993425
258.14534420325356
258.1288947518706
258.3077933727026
258.62427675535815
258.9729105210035
259.28598530965644
259.54703852893925
259.7664704352958
259.9607208165445
260.1079733141561
260.20523292333826
260.326085480626
260.51674291329505
260.75468410394296
260.9659008171939
261.11993880242017
261.21057106145713
261.2350574633065
261.20545897977377
261.1720671163414
261.21595054728635
261.37543087578877
261.6109237671051
261.80869612986965
261.92764096672647
262.0281006087074
262.1107112666638
262.1688239595172
262.2252348588074
262.31957752990047
262.43786700017233
262.5476236805325
262.6020283457841
262.5687061526139
262.53879485575624
262.60425803127055
262.78630305688296
263.051880430009
263.3108998848376
263.46977895868747
263.4930394531755
263.37379631389217
263.0634051499339
262.5316250990622
261.8129494723884
260.96324288854106
260.04252171750164
259.1769165207878
258.4499226107153
257.8977146060759
257.50030526033896
257.1847275748362
256.9441858083776
256.81355215244065
256.7929746790977
256.815459182323
256.850231430213
256.92290036524207
257.1005521429229
257.41136547455346
257.82251708882865
258.2873201011124
258.76725605359013
259.2289024804031
259.66979200622893
260.0910814360659
260.49370311564246
260.8816324220639
261.2752731798594
261.69421688401656
262.09451195129736
262.433321963754
262.68524931273646
262.7801204212403
262.6973993738902
262.49007086070543
262.2916399273414
262.19461099323684
262.19869168451737
262.2876128248008
262.443111220878
262.6342426474622
262.7796573858192
262.7978644147858
262.65488003219093
262.38700197264995
262.03288287696404
261.64719928124407
261.2903302405891
260.9792307309873
260.7273783799218
260.5314279526112
260.33127446706095
260.09938918667297
259.8642188561202
259.6448695176296
259.4818079198379
259.3527314063184
259.2186371543503
259.07314189097735
258.89514103274314
258.66769382805865
258.44092923911256
258.2694721615062
258.15144203245814
258.10987686164833
258.12054449997555
258.20266670190017
258.4175729434536
258.76410546790135
259.148358428984
259.4969689100193
259.8498303516371
260.2094113768518
260.54060438366764
260.8532288234503
261.16482634689544
261.45793698250964
261.6778621827764
261.8744669392539
262.14853962318045
262.5793277735961
263.188519030305
263.9364193549281
264.785786487997
265.66061640895737
266.7786130247393
268.2362112346577
269.6771890803292
270.7025306237979
271.147110683198