150.37773161817424
147.61758267790069
145.65302898911213
144.96259300746988
145.08238952272717
145.60415920887573
146.30111502725023
147.0771725637967
147.94635783488073
148.9624719419649
150.17135910008324
151.51376473640374
152.904039628438
154.41823268555123
156.0738231019551
157.761029284111
159.4218360921198
161.0841920954022
162.7100472687817
164.18537101107282
165.44078708289908
166.4911711063509
167.40237197879233
168.1829452255015
168.80700679095597
169.233261288948
169.4311342284702
169.4159483184782
169.23019469570545
168.92827151953531
168.5933685289021
168.31246780475863
168.09983583782648
167.94981804373145
167.87996603468028
167.83952065779965
167.73349564724532
167.4717421255133
167.15222207753084
166.94110329467892
166.8441826575562
166.80145847796172
166.77613267167388
166.799972125093
166.90901925911464
167.12039491854395
167.44530452757476
167.83263547103516
168.1589718113993
168.35695498381338
168.43269947121587
168.53501415213682
168.85649323782852
169.38054108685998
170.00221100226503
170.66205531667293
171.29755777029075
171.8496164361591
172.27687701762224
172.5444742370067
172.65703055867976
172.7009429683392
172.75160338490497
172.84830654784136
172.98422591021261
173.13115182163676
173.29814193346775
173.51996400806453
173.7954024328012
174.1010583990818
174.41093434342582
174.63929594451523
174.68753808724676
174.57554956560125
174.3806408682108
174.11106033585463
173.7863125982451
173.46255229398932
173.1502687743012
172.82489821124386
172.4968533824752
172.20008950763264
171.915669914835
171.59085321694408
171.25457948498607
170.96500167425796
170.74952875444689
170.630339100598
170.62603302573422
170.70914691000223
170.78882920786307
170.85511617161012
171.01143676883862
171.3069328557518
171.66615704905172
171.97840945212553
172.18316625696636
172.30232584841116
172.38665104760634
172.52099672978886
172.7039254128538
172.85534942134151
172.93343334730284
172.9397462716464
172.9060979370321
172.87119410777797
172.86389577767767
172.9327594855573
173.0624174026172
173.19873350080832
173.34669492950016
173.46478039898997
173.43293488834206
173.2580063778222
173.04048530122245
172.81506994102892
172.60187315394313
172.4436447579305
172.32037836758593
172.207129067056
172.09454182294564
172.0065284798424
171.96503936145413
171.94740009710276
171.90244480033846
171.84966107117552
171.89736665580364
172.09130676845024
172.41609243361808
172.7836182152954
173.05054576228406
173.1719014018997
173.2229945922802
173.26745452325662
173.36942091167433
173.55060333250478
173.83298285300236
174.1591032854372
174.418488524256
174.55850702588214
174.5753250223072
174.52764362499377
174.55288044587786
174.7106778436227
174.95615637751422
175.21348867986137
175.4277134348271
175.58226695865432
175.68146730354164
175.74990845363743
175.86406427387442
176.0603202809297
176.2661383321665
176.42304299798167
176.53493107438658
176.6570315454274
176.8889496533905
177.2778900430506
177.7927316201337
178.3796165838209
178.99207678910474
179.5460724866724
180.01363055017663
180.4445158454701
180.74988914609588
180.76474344076954
180.54839612412871
180.16763062591573
179.60469549471793
178.84521189515914
177.96646922745418
177.04532311914994
176.12242787607337
175.17759541178316
174.17620035292828
173.15123921723438
172.0936107225087
170.9815326626267
169.81947723557775
168.6761901006532
167.57077583341282
166.44920408328952
165.31026947856836
164.18139043926095
163.15078417046482
162.253176763956
161.46808439573306
160.82133971245648
160.34239582304116
159.9976481030723
159.783460855228
159.80507805246074
160.33365990369018
161.7694758914951
164.3586427100687
167.86951113758812
171.78316995419218
175.7487625452606
180.01709922713988
184.96039731368487
190.2417419470435
195.2876620593786
199.70848075982687
204.09647120955938
209.3299767075454
215.80058734691823
223.18843337294908
230.89267757727566
238.34766788216814
244.89149911414341
250.43763200433122
255.22387786853423
259.40868686566216
263.0407317543082
266.0603695189179
268.42116494711166
270.2464174781958
271.73312483448575
273.0104400639244
274.0911285017684
274.92667375306746
275.4506648576037
275.6099060563455
275.35573038306507
274.667437562969
273.58186594149254
272.21992208208053
270.72781145484487
269.2509206979428
267.8718282743507
266.616815409303
265.4743270921117
264.36154663267035
263.22451597140855
262.06379987623285
260.93234199048214
259.84020677637466
258.76307808644856
257.7591842575337
256.95365544458133
256.4212748249519
256.1529932158371
256.10100005677367
256.14877766874264
256.19631955805255
256.26739527245684
256.4366652999432
256.7782200886985
257.2899623122513
257.95657426737654
258.70441578923334
259.431582767804
260.02036453894505
260.4199528531569
260.6848374148942
260.88318389744063
260.9860828054209
260.96019163863
260.851067114367
260.73811991294053
260.6249048010511
260.4954091617268
260.3696683794185
260.2261982902516
260.0055527736803
259.69074165249344
259.3004052906109
258.8631401802488
258.4293667493383
258.0139243069909
257.6645263367942
257.50923588267887
257.6532281215365
258.0282425640113
258.45874799367994
258.80315480296724
258.9614815931688
258.89877666859104
258.6421509750744
258.24965802507813
257.8584800442783
257.5622219980061
257.4365794059652
257.57141651450775
257.91401473001184
258.3463081232065
258.78881317840757
259.19007325862003
259.5274138443713
259.7786460429817
259.94333535154954
260.05954261773036
260.15044112990597
260.1945386795958
260.21158934695404
260.25018616986387
260.35420927414617
260.50500370753764
260.68453664180015
260.80894633738285
260.9127389397266
260.98419573624
260.9264604119261
260.70623390959815
260.35971600299985
260.0191612585893
259.7860959965617
259.6669969659075
259.6906328175262
259.8612836604045
260.13381460509095
260.4733586575438
260.82032601069227
261.0933912026777
261.21611881031816
261.1727287318163
261.0023284206945
260.7856997665351
260.58931901606974
260.40356522901146
260.1823481829911
259.88034015052915
259.4519872698342
258.95556471243566
258.4823353223841
258.14879295289643
257.9917589502447
258.007780396561
258.1530316692398
258.3140373480626
258.45843698516046
258.594682105069
258.6669745519088
258.6239774220793
258.48647286867356
258.286336842455
258.0974785427731
257.97933568050234
257.9321677683778
257.8899103518421
257.84432119035
257.87401110023296
258.05005847036296
258.37708828577786
258.7859475865694
259.1650880250621
259.4314847627118
259.5279822623004
259.40286294217805
259.08226060092636
258.6721781481569
258.21015627185557
257.7205942433725
257.1841713014023
256.5958689722437
256.1077547104684
255.94154947179504
256.11115404289825
256.4467367213571
256.8575317383712
257.38448103946047
258.01299517992123
258.68459926262494
259.39010419700804
260.2180414908692
261.20220946457266
262.2530124542428
263.258477641279
264.2047903087244
265.05845617897376
265.74504503227524
266.2370834373398
266.54440776562774
266.6564893191117
266.5702572041456
266.2810522119963
265.7303515391152
264.9347358647216
263.95891281575246
262.8292492019657
261.5547429209839
260.18855745299476
258.8470448706337
257.49214770163536
256.04152539786185
254.5334878091362
253.0017223990087
251.49600156175103
250.12796782408776
249.01683410983287
248.26156193680623
247.92993943875592
248.00955438822174
248.41695937155177
249.00031980615697
249.61156727828802
250.06894097734983
250.29178716696745
250.31198972986272
250.25344766140535
250.09712769381213