167.00315626888158
166.79484523286717
166.27903250753388
165.43626398105735
164.24470364569186
163.113946276541
162.46657038071277
162.24853345253234
162.2410905348828
162.36748061788285
162.60897479242593
162.91609695146164
163.2524298308244
163.61060733820517
163.94187925132871
164.1945756623964
164.3565698724447
164.4203250195826
164.41102119281481
164.33501423295812
164.17176274633465
163.98652606482975
163.82445977598604
163.62489612959493
163.34624576869794
163.04009007847475
162.76493109819904
162.56579298728374
162.46630985662708
162.4868321117935
162.60463917323693
162.74910763284834
162.8807324251943
162.9708835039375
163.05089402796335
163.1741793737234
163.36186542197578
163.61580018191304
163.9063202041561
164.17986767816765
164.3612128026319
164.4261200616475
164.45255442404945
164.53815430002538
164.69721880790857
164.85934065781822
165.00347362630285
165.19414038249522
165.49169402761584
165.91544715324443
166.42836516408565
166.92978498473101
167.36323082688097
167.7630514870171
168.1382725522426
168.4749351460239
168.79150651749742
169.08077246637856
169.32044283564693
169.48351568102163
169.51704244047437
169.4237940257259
169.281642954812
169.12982916870686
168.99209881162744
168.8858991792025
168.77926037320842
168.6423210992293
168.46773898297522
168.2053898092759
167.83855174206366
167.39358328532856
166.90980492080533
166.42407607416249
165.93837627154207
165.4567027701258
164.99935422254805
164.58060550355978
164.2171625784186
163.96729412600337
163.8870981644946
163.9641650072135
164.15365481570623
164.41757101735277
164.7120843041264
165.00495710811168
165.29926930553324
165.5949190292866
165.8949760747469
166.19343249553629
166.4673251216051
166.70405037486248
166.89215691171358
167.04949267032703
167.1913074610411
167.32726813876488
167.4763277178678
167.6506057145774
167.80825714018647
167.88208351540405
167.84162744849593
167.72207175997545
167.56536966471066
167.39951078544175
167.2667602777913
167.1586231947332
167.05838823917728
166.97982775042854
166.92049124250605
166.8715091511007
166.86659312344452
166.92531385755686
167.01739107483473
167.12926470637274
167.25455308383698
167.36479187456
167.4467176062849
167.48584532185694
167.51092674977926
167.57043644947564
167.64778468125996
167.71219582269393
167.7665471064964
167.8526580686277
168.0301530062767
168.29166809450027
168.56456399226667
168.81545016636562
169.0719837589357
169.34572796928757
169.6132886588839
169.8445088462805
170.03356606037005
170.18079039308876
170.25605345551304
170.26765784546916
170.29053972654145
170.3667725301071
170.50448483360788
170.674667330347
170.80457311219868
170.84778317915044
170.81788453487508
170.73176639624637
170.6470025148127
170.64909676826522
170.72328163136422
170.76467323218628
170.72660858969593
170.65148181665379
170.60700991812078
170.6280110606176
170.71150214309597
170.86538506252833
171.08188188267246
171.2788284522423
171.3734040028358
171.3370695817551
171.21744311342775
171.10044087940156
171.02271348662515
170.9914677910066
170.98410630460666
170.93667274176542
170.81369798986003
170.62705570230432
170.4561700203578
170.36387228843853
170.3256345873571
170.30894343757092
170.24254515373863
170.14174987426426
170.0548832323883
169.98893515647023
169.93537974460386
169.90798073465083
169.8944442593078
169.86542180086838
169.80994674431767
169.73664909489213
169.67909658082982
169.68262863466447
169.68024231398508
169.56320915441833
169.3503236425547
169.11148754386295
168.88252688690255
168.70663417390062
168.63054749178733
168.6735173044005
168.90283287962353
169.39453873015682
170.17796061877388
171.28805246124
172.78690566615575
174.7093868551718
177.06631589332554
179.90127760835037
183.32306403995653
187.4662177173039
192.32105243620862
197.6238712623343
203.01757376920224
208.2836185484604
213.4362099806137
218.67218992475165
224.17337729501062
229.83722666745328
235.38136143981578
240.56588624005906
245.24982830874475
249.35713591029486
252.93013899020082
256.0365512017159
258.5865611551362
260.39235922232933
261.3936627880163
261.7595189052706
261.7623694347445
261.5877919019346
261.32003802251063
261.06950826481375
260.96299162076735
260.98892640257804
261.07026268012766
261.0816834359705
260.91501902727015
260.56007778301216
260.13762960584467
259.7196536727819
259.28908552738716
258.84899503462134
258.401542755084
257.9485645491218
257.54030640484785
257.202241563351
256.9585240627081
256.81307612015604
256.80075312497047
256.90070949280647
257.0565203660517
257.232406667558
257.3760687516591
257.4049125794121
257.32131877796235
257.19209837779397
257.0406882164528
256.86605806488865
256.71599317127715
256.61125782234797
256.53652711697714
256.5089153277581
256.59057306735986
256.75591052902803
256.99849452561773
257.2872451177075
257.56028928557964
257.7930194467174
257.96175344299377
258.00337211955275
257.89669960650775
257.69924328596403
257.56842510352527
257.57389458076096
257.6368964026873
257.6650274247965
257.5777481846049
257.31495154563714
256.9562450309744
256.61995055930157
256.2946991555843
255.92709147081771
255.6017294328391
255.36925958513677
255.19867069929242
255.03796774738487
254.86179757842172
254.71938383313267
254.68495076683638
254.82455111438543
255.0969292313809
255.36828146742909
255.55925216792008
255.6517241993398
255.72269532743803
255.84926775334196
256.0345073880711
256.242098881866
256.39345681586553
256.42113240670386
256.32024778613754
256.1305442625333
255.8793970419896
255.58871514219084
255.34502417688756
255.21575208324083
255.24697677421284
255.46547920911436
255.7487184929675
255.96563111444658
256.096856472813
256.25249519642284
256.48306338818577
256.7273230598829
256.91532343089614
257.02043670113034
257.05868374044303
257.08505788536866
257.1632750099326
257.30221097671057
257.4184506089033
257.515022490519
257.5947545592063
257.59834592497657
257.60566759228436
257.6444565203464
257.6624966758198
257.63074360301306
257.5690346408297
257.450595012422
257.29083714286037
257.17329240890354
257.1667469925652
257.28181021608907
257.5252060521948
257.94041245103836
258.46261948418874
258.9742764289899
259.35069732352997
259.57944423154623
259.67513100310424
259.671308172289
259.5697519500377
259.39765041631347
259.25157950973653
259.17367295815455
259.0691415544946
258.83200194297206
258.45343273554215
258.0228580968229
257.5839516624893
257.16453078180126
256.7841828334622
256.47363883513435
256.2897373338718
256.18594431131845
256.11326737465066
256.0459375660304
255.9139394160873
255.81119130866756
255.82643797285488
255.87285159900097
255.9205067066554
255.9501963451508
255.96173354428205
255.95800612079586
255.89432850598132
255.7359156939903
255.49069168819378
255.25531847716982
255.14020424409446
255.16200234375344
255.2812253958861
255.53529558778035
255.87764248408786
256.19792430897314
256.4226102746376
256.4464599557973
256.31673681219087
256.1408972657025
255.89672104787914
255.55228217805467
255.14186477268277
254.77087356373067
254.53617166434023
254.45581030062897
254.54292716449834
254.82414046612695
255.25887253942483
255.77006137903336
256.3557596416861
257.05745471855795
257.7986143618326
258.4846178447112
259.1643137786732
259.94351384394656
260.9258149721605
262.1656160906148
263.64821405400255
265.315281981725
267.09166356467784
268.9753657285259
270.9269734221988
272.73663968273934
274.0241179807201
274.40038605159396
273.7801048393847
272.1577046110553
269.4572668679068
265.7437902061059
261.71963742079265