0.0
0.0
184.58924734313092
182.11626540146105
177.0720777226208
172.64570530882548
169.95799923421995
168.24688832410942
167.16484292369006
166.541110579436
166.0862604976027
165.80235856861856
165.86085978089676
166.1406558656189
166.4370782756268
166.67971078164703
166.8688174418381
167.01156074347517
167.13765795621197
167.28493712847757
167.43303712096625
167.52691304021684
167.59338272062092
167.74593718611166
168.06081172057304
168.4994872704512
168.9578088951583
169.3791952569972
169.7464284278888
170.06933903855827
170.40412182519486
170.7368122257869
170.98351125902323
171.12183711592553
171.14810345584374
171.04436937933582
170.8493573041204
170.65280777083856
170.50603429601097
170.38333659998543
170.2603299534365
170.14431507247212
170.07660538319539
170.1230721062374
170.27004050286135
170.37236518325295
170.37775943206665
170.36082757225142
170.34577849532982
170.29280843090982
170.2187285169945
170.1309589363338
169.98535142680157
169.79674805916048
169.59969156892652
169.43226429168254
169.32532178777637
169.26328221045515
169.27650627561366
169.3992094670096
169.60932054509055
169.87635119444582
170.16055189366722
170.40161220683044
170.55908938657956
170.62555041237584
170.59553836048622
170.43496156041948
170.18054861298629
169.91340646691037
169.70343048192157
169.59095689040126
169.57684434577817
169.62507300768806
169.71577341470612
169.7990812929595
169.81929135246378
169.81835154271107
169.85904942610827
169.8937536450875
169.87478682029976
169.79758483529008
169.7502164604583
169.79161467629635
169.86826809125762
169.95629893537458
170.06104411334883
170.1829603215056
170.30987289084288
170.44603492470674
170.61281311790043
170.8354714730354
171.09941245185587
171.29068217666338
171.38540708827827
171.39205469422438
171.31741384014146
171.21840657867983
171.14095317325865
171.10900643729903
171.09099555402
171.03003486320245
170.9546120296053
170.9075623588093
170.8921698465184
170.89433596345967
170.90537619976905
170.93407746608653
170.9109213841873
170.75302347986292
170.52584078494883
170.35792942261074
170.27228262117546
170.21112479569953
170.12316484121283
169.98493260557336
169.82506372470584
169.6611319127465
169.50953414427045
169.40884345216438
169.32410689820355
169.23251222414396
169.16555794943486
169.13261786181982
169.08620552557426
168.98329728731875
168.8359225282403
168.69980545117778
168.6285325301145
168.59880502439273
168.5868131122432
168.60876686971073
168.70178419861645
168.91664273551714
169.2102438633919
169.53421014014276
169.86274510599895
170.17888452170166
170.49076635964138
170.77490187980953
170.98381253783873
171.1307420142606
171.22036065651858
171.23094242299425
171.20040390452652
171.1667589818522
171.1059682257664
170.99885184119697
170.8764586670703
170.7689091346757
170.6900016251735
170.64051652973745
170.6275516788824
170.66548403722214
170.6846929767378
170.65622205798394
170.56692669313105
170.4137783379333
170.2956611806506
170.30306059240638
170.4214554676523
170.58967977531108
170.7522442776826
170.87036427332797
170.94787126980407
171.02617116679417
171.13085799624855
171.28990806584807
171.45398319075065
171.49676325628843
171.38896842714917
171.1988217867588
171.02750896803354
170.9467079079203
170.90371150346792
170.86300292668736
170.84294266127912
170.82627273589424
170.79512286721533
170.7500416567783
170.69639769916432
170.66850156326785
170.695369561157
170.74916815035795
170.78706626011154
170.77574630259892
170.70998813599056
170.61895233320746
170.50276382650554
170.37794748046412
170.3208919465623
170.38766170815987
170.60642500781202
171.06628377001243
171.9242199266177
173.31135104369775
175.2847772126347
177.7723974605747
180.76996374630602
184.3116618427026
188.3666445980622
192.8545187543964
197.71806226498194
202.98496805989492
208.65063594599638
214.91697278924585
222.24517032941685
230.80166156949127
239.98110177305
249.16090883971216
258.32790743523253
267.32640648443686
275.43217800750347
281.9832698569054
287.35283493895747
291.96805328824075
296.0462126831542
299.7207324178765
302.9868911406488
305.8054865966259
308.172538423992
310.16587175661584
311.9070856930477
313.4866146529314
315.00329953256346
316.4874666689618
317.8983208605249
319.1862058251029
320.3552552713902
321.47408562589436
322.5726460215574
323.66096485262244
324.68584069194503
325.5624654251265
326.2976309376222
326.9350248418323
327.5306916152733
328.15314780799713
328.8775619699304
329.69513333100224
330.58531622050555
331.4960426115008
332.3145718459343
333.032072779575
333.6940440511212
334.2816165749751
334.665077315779
334.8182835172198
334.7627567847912
334.554842302158
334.3353769632622
334.24775492289814
334.31538573315066
334.41256332348127
334.4578451705188
334.5228185933654
334.75645915070965
335.1682440823481
335.6917595968769
336.2188768035203
336.59112105939454
336.92081811885055
337.29655687563616
337.5719345286084
337.7088883949684
337.7698544107758
337.9920822408867
338.41528897988337
338.9329572552869
339.4534618014941
339.9879130773672
340.5909766535084
341.27352614371847
341.91778926107423
342.3765539880475
342.5648872004879
342.51406803657216
342.3549280789787
342.1530208202369
342.0076105779831
342.02088651845594
342.19057208189827
342.36588291996037
342.4107330246168
342.32516550116287
342.1713876667325
342.0674124665429
342.1234884365714
342.27324594236154
342.45035767385457
342.565893214104
342.59282491859744
342.56899808067584
342.56214439215563
342.58259808192724
342.61438988441506
342.62674916633614
342.6085709808774
342.51005404078853
342.3528730200168
342.17452635009454
342.05641585326674
342.10737870203104
342.2727643201563
342.4323302345683
342.5467877992733
342.70618577601056
342.93308252697705
343.1813431684913
343.3859947919153
343.47408925997377
343.4910357002882
343.45261650644085
343.3552136447562
343.25391713917674
343.17667288000763
343.1954890608164
343.388813042425
343.73679818361364
344.14418225828217
344.4766433736667
344.6259898239008
344.58850886234114
344.44007383672533
344.2359428571185
344.0659434932543
344.0004219857934
344.03444076103716
344.06743994660457
344.08515969001735
344.07721806532703
344.04403931176904
344.10182171237904
344.3074805735588
344.59937102178867
344.8435300375456
344.98044371175905
345.0681372661992
345.18952119391577
345.34926572166097
345.49973099173417
345.62360181810595
345.67796716317696
345.6065143276909
345.4786912686348
345.34637937797515
345.158693073205
344.957976323302
344.84325667506283
344.8435662360501
344.9167170298649
345.04771790601103
345.1244472768777
344.97710520533707
344.6204385184265
344.20274595049807
343.8875808443017
343.63050458928285
343.3442903169622
342.9325902446301
342.31875250985405
341.5226140839212
340.6550975503747
339.8152436123051
339.166220062112
338.84706993812097
338.86283565495637
339.0956944417984
339.30451375250254
339.27231705285067
339.02295667046224
338.74686776250303
338.59133925463817
338.53551972070676
338.4936538108139
338.4725754446525
338.5736423463605
338.7388579110818
338.84697363829616
338.9110751912118
339.0756954651528
339.39624692635965
339.89256494471
340.53724930935414
341.19981418047297
341.8082878379799
342.3991085608422
342.98386090382223
343.53211751373874
343.9252230931964
344.09106616749136
344.1599905786773
344.2916648846269
344.54859393582626
344.82344601138647
344.9535190308116
344.86374790356035
344.6177993031871
344.40845976841314
344.5214771662105
345.18897497411825