0.0
0.0
0.0
0.0
0.0
0.0
0.0
0.0
0.0
0.0
0.0
0.0
0.0
168.42955225961342
172.66355495107467
174.58772074496355
173.8171897688388
172.00930396608453
170.47005387291549
169.27801884012518
168.56556067251398
168.1299259724401
167.82009441289503
167.58445882410848
167.3296777524556
167.09221910816845
166.99114636088666
167.06898377936892
167.3446203923913
167.83330558910302
168.47021975847872
169.1328963923316
169.64208520464197
169.93233686324112
170.10740254556293
170.31052532179316
170.5814608626252
170.90971360548406
171.2813732835972
171.66665587791445
172.03232015210622
172.27714329500031
172.37546860300296
172.44701090287413
172.58714895453016
172.7862444911019
172.97255158318154
173.08673864776776
173.09351000948908
173.06800641014695
173.08211267759643
173.09283342314637
173.04988730294036
172.95353571524544
172.82934854661968
172.7297128652366
172.6910588626617
172.67076779579367
172.58090566669495
172.42990481585292
172.299982846685
172.20408193797647
172.1712038777987
172.21826846059292
172.31749090599055
172.45086817871413
172.57458525286987
172.63176720924372
172.62112218167016
172.51014101448177
172.30426646523853
172.00232727204053
171.5830219914049
171.14167220168878
170.85920908663854
170.78672783587479
170.77690988403523
170.77120904894423
170.83880707449288
170.98091087821354
171.100634351154
171.18645616009445
171.2620188934714
171.30281140892015
171.30376724355068
171.26402038720116
171.17543269596555
171.10401206376548
171.08413340029085
171.05804547735528
171.00153541633887
170.88743609526364
170.75149626445008
170.69928197469642
170.7332987292384
170.71061388640925
170.5567457404757
170.36158409314362
170.2251473363878
170.18235997399205
170.179218085261
170.16927674038365
170.19642766898056
170.2801936110414
170.4069375013844
170.49613196660889
170.4767104014996
170.41476065102427
170.44552573038922
170.60155550500878
170.78802239787956
170.93509157163084
171.037322181539
171.14324021238315
171.25107026180845
171.2793555349774
171.23066621054676
171.18829446865783
171.2201822180418
171.35800289646244
171.5148459885726
171.59107429747695
171.6294283472773
171.7070640593999
171.8135533395578
171.90339733211687
171.9666058454702
172.01097771660096
171.99238292436317
171.8807627075576
171.75230931668008
171.698785575103
171.73756867951045
171.7607985046319
171.68965308545395
171.55716405541008
171.398427318325
171.25233164152795
171.15578518343972
171.1330418103305
171.19172211013745
171.30078821768552
171.44012900298995
171.62106071518528
171.7993368405945
171.97828693500279
172.15774109593613
172.2989408939241
172.34582274139223
172.2656704872239
172.07315231207372
171.84847499274926
171.67769244363234
171.6000828260042
171.62912997370074
171.72033552753615
171.79850694506885
171.8319923400664
171.84156274119215
171.88789772399468
171.94602564548956
171.97123192394878
171.92858395465817
171.870049754703
171.86397187591868
171.8581902590256
171.78502442422388
171.63164947844837
171.50560104116343
171.5102268421753
171.63516158826232
171.88623780356605
172.2747813047045
172.6775197781463
172.9531904114794
173.05634190058376
173.02334607153983
172.93406556109176
172.84683289840672
172.78405575005272
172.7125712096874
172.5961582870533
172.47131861844372
172.33689564560993
172.1710495268329
172.01513119670255
171.90653657687352
171.8471443110509
171.7919706117103
171.73746897002184
171.70250813853247
171.68397453761483
171.70372879292051
171.83791939740397
172.14256604096946
172.64741244759702
173.4386131514837
174.63942433039526
176.3439059656124
178.57771514431548
181.32548287343428
184.6357552065186
188.60329082636127
193.20158748703238
198.3251315846674
203.80104878210355
209.4801499971042
215.3912588484717
221.85498690323692
229.25424803143312
237.71960750721132
246.9753353900652
255.9995348051629
263.7663682670743
270.00796778924774
275.273317194607
280.4111400459717
285.9167753977241
291.7626834069275
297.22060877916823
301.75607185735055
305.33546220710423
308.11463939325256
310.26474421204125
311.9318471661513
313.23707477498823
314.26170454066005
315.0848573370829
315.7875775973316
316.41303246851163
317.0231858107449
317.77114224034233
318.7293866208863
319.7814815897689
320.74468498902945
321.53590189969844
322.2644251146042
323.07793348732025
324.0463492014388
325.16092529166656
326.405144367586
327.78574603223717
329.2817187334342
330.8117697118673
332.18241412254423
333.3107843140781
334.322507596292
335.2566953881542
336.1576544897359
337.0165037681595
337.7957918474576
338.4324795605951
338.99267270102723
339.5154150312112
340.0436013040985
340.5789493538147
341.1251483254229
341.73310980113513
342.39340160836514
343.01441027840235
343.5377950190817
343.951798740159
344.3351518063713
344.7381271653974
345.1344545938916
345.51473416782903
345.8432497502249
346.0650740746336
346.28247306243327
346.5712763739573
346.9019803423628
347.065935126906
347.0116720346533
346.7929497444956
346.50286962293336
346.34749184436464
346.3866665957222
346.5265617071828
346.68395387497645
346.77437746376893
346.8449963077986
346.96978309430386
347.058674706391
347.11716152251927
347.16022316507843
347.2146097443499
347.26390761162156
347.20530129391074
346.98923523744924
346.6280757755285
346.27020386105244
346.06200012697815
345.9916111182405
345.9575016740404
345.8564950917262
345.64189132751727
345.36767771515304
345.0718669205165
344.78273562009446
344.4977128759986
344.2888116852697
344.2472591261011
344.3625203944275
344.5204841217165
344.6355350419887
344.7173494628624
344.76326697583147
344.7424561369996
344.6908580722011
344.6489628956141
344.77477719516423
345.196381442765
345.7845319707217
346.3516181483243
346.78509351698807
347.066856459047
347.214430460136
347.2283808781861
347.15544241697967
347.0580450079761
347.01908953356707
347.07864332283316
347.26534120294065
347.50040178135015
347.74507324854017
348.05633422558986
348.39600685687174
348.6591343630354
348.82741649892546
348.7807529344868
348.5691173026791
348.34625719154565
348.1290677593213
348.0126889712089
348.04213206389136
348.19968934868734
348.41684988993217
348.61065446606216
348.75548696179095
348.83859086624324
348.80817308723954
348.6603227869163
348.4036334078957
347.9390483461069
347.3958733046263
346.84959033153564
346.3148586499199
345.8399138585823
345.4389247558541
345.11996605390937
344.91965742185835
344.8199061654949
344.7800884087352
344.73155592670156
344.6555218524365
344.5905342850355
344.6905924487944
344.99347971992313
345.4101092004511
345.8089276657782
346.09656992376665
346.25987968206425
346.4632882382912
346.72825857815417
346.94801047988784
347.16728294116007
347.3771303200104
347.4985109140044
347.4970661105868
347.3502479185143
347.04296872853996
346.6858146080924
346.3992793546816
346.1955537477723
346.07367578001595
345.98019031148345
345.8461903298586
345.75435941594253
345.7465103702467
345.7165377022644
345.49290575488965
345.0045170285507
344.3386150799512
343.5287575117447
342.61987537453797
341.82850839000054
341.37273924540887
341.4315469707003
341.9466445074788
342.587041220671
343.14035183493326
343.565614666083
343.99325814067953
344.58707097181457
345.4881189835914
346.56016903962563
347.56073584369784
348.1529415371622
347.55389280521194
344.86835596066715
340.36828125667233