155.71606978218736
160.21165721007915
163.13583225501128
164.03592253143086
163.6789529781463
163.05507062105312
162.80365188611086
163.04283989584002
163.57500877782155
164.1099934713389
164.51519813177953
164.84077196664722
165.15404822687555
165.4477578416082
165.74409060497698
166.1131254526037
166.54448466918126
166.9616330436637
167.2343209015012
167.3492152258484
167.41158962709437
167.53372259631604
167.75451244723763
168.05418616456683
168.3444502617283
168.54642644761992
168.68081109705628
168.77344953009657
168.86447817367335
168.9736322543901
169.07595923686912
169.17171041707604
169.2660496780734
169.36702191845256
169.47069860448846
169.5960068640847
169.79885483102075
170.07580450856298
170.30891895228768
170.43061933640058
170.48249604220814
170.4845894349653
170.3986821544449
170.22158424643877
169.99367363738799
169.76354677962405
169.58166873172635
169.44181297133997
169.28040716417007
169.1073873492051
168.9455178831028
168.78007633728043
168.68898608730447
168.7267249940968
168.85268792840455
169.0002844877408
169.10080457860343
169.13417109628128
169.1434811354987
169.14349095185793
169.1338725789393
169.0736114028573
168.92280821515263
168.71619746636745
168.49968412641667
168.304920893509
168.18217719643982
168.11976553590256
168.00848322905438
167.83780287909303
167.7421652124151
167.73196918081237
167.69054408654458
167.59786218594303
167.5338713206213
167.54218292934638
167.588259883829
167.59505029771526
167.51314583422285
167.36647400140234
167.1798751623288
167.00032271872058
166.89364701010157
166.86893572057988
166.91024456837798
167.03034306996597
167.2366906608377
167.4676036993208
167.67181263962365
167.87209643852964
168.07946360329942
168.26581636117726
168.43878027481082
168.63925698440943
168.85918326912133
169.07188434481364
169.27523746814
169.48174430764746
169.7139493148121
169.9678105906493
170.1864533005712
170.31311554045053
170.36485484377772
170.42186444780634
170.55563181495995
170.7689477471399
170.9953151593796
171.17528982868856
171.29783150644124
171.35504064639116
171.2979698598043
171.11935565083078
170.85839899910553
170.6008138433932
170.4144159310576
170.3023815326014
170.2521230579161
170.245881056897
170.263076036574
170.32070974693616
170.43412402822707
170.55953692120644
170.61004403756442
170.57690389027715
170.51208448557006
170.42775412099894
170.30357672501947
170.1397973468746
169.97658910936957
169.86486392404828
169.80515810577214
169.726588627056
169.5299981616245
169.2165313778615
168.89248592608357
168.6246790825478
168.3906739735669
168.1690756951624
167.9776117870174
167.82864022323943
167.7177372831182
167.6428993601135
167.62159278724846
167.7031279344673
167.8970915618879
168.17250071340783
168.45463302173138
168.6753802176869
168.84790106431234
169.0069980219135
169.18100735919208
169.38164013678988
169.61516470705203
169.878155694932
170.13976190175111
170.40732429432347
170.72259900162365
171.07192234681355
171.42340903063763
171.76354107028743
172.09828283449406
172.43924674656262
172.76046512639968
173.03821510345693
173.3177098505858
173.591897254287
173.779505523856
173.83325397840656
173.77109039506843
173.63014046667195
173.42765137937056
173.19620663053902
172.98549752443452
172.80597193422994
172.62349610751806
172.4480593946416
172.30093551077198
172.1458592177167
171.93914318548977
171.6623877520046
171.32250849767175
170.95830428193182
170.5968474576685
170.23133223356965
169.8536431215897
169.4450699279262
168.9465413696716
168.353002257806
167.69733963292646
167.00570354615533
166.35100395879772
165.8163080584109
165.43977329429063
165.22111057588018
165.17296833966972
165.3521292198166
165.83874423955456
166.68083802765324
167.91645196681276
169.65977255825422
171.93583620494348
174.60903456372932
177.6025838609274
180.99363564450277
184.8413766847787
189.11562268649584
193.80395439012509
198.92642448596615
204.40097135955813
209.97467668069066
215.39577533676044
220.55515581083506
225.34228803191456
229.56608644005595
233.11222849079365
236.0807075965362
238.70406263989415
241.08773994643147
243.20915207853625
245.06750852706892
246.68470406343502
248.0848651105237
249.28857045015621
250.27838994237123
251.0050299383131
251.44114556648736
251.66155600426214
251.79913560775003
251.927484719455
252.02314685491075
252.04559537071185
252.00265080480838
251.936197868148
251.8744828185174
251.87665970958616
251.95801281244238
252.1033318813823
252.23585144456132
252.24531792828532
252.07258208824845
251.7295396095806
251.25349220936715
250.6882741966571
250.08260276234046
249.51266077633625
249.0462295646806
248.7316576374236
248.6183306937985
248.69310464530884
248.90218594875955
249.23030592753463
249.69481023420514
250.27653384537237
250.9233479585624
251.57354051641866
252.18269039047084
252.757710950278
253.30467943899552
253.80748563758718
254.2269228419533
254.56547458402008
254.86045507361155
255.11497404590637
255.27196334876234
255.2807987484831
255.1564028422676
254.93000766929097
254.66878650985296
254.4566898768952
254.36442080504057
254.39116399534106
254.46919198526106
254.57103307727752
254.65131514439744
254.68452246951898
254.67633383476266
254.66725221479976
254.71183319161685
254.7851668807129
254.85468216503912
254.94570794445886
255.0966401726517
255.3305762478268
255.6575832278146
255.98441242454828
256.15248390633565
256.0669743082812
255.74612113904595
255.2664428548403
254.69068110789152
254.06620139638522
253.46964127887324
252.97149701154396
252.62019876196564
252.46608203441724
252.4286931597711
252.39363737430847
252.33267087385826
252.24664149938127
252.1434655149211
252.02808061142156
251.92568266448444
251.9056565673123
252.03941796928177
252.35940169170811
252.8404597659873
253.3583131124745
253.81712431477916
254.19883704903773
254.51620315969768
254.75126690157163
254.88142365088532
254.92851071659288
254.96190139900372
255.09558031136558
255.42388303595123
255.9065713999712
256.4301566348044
256.903498210645
257.214377561623
257.3517311374392
257.3689930370878
257.28081256115877
257.13598547590846
256.94835387365407
256.7165584913217
256.5062269530935
256.4039052313707
256.3998450149889
256.4513090664761
256.5077119049793
256.5712760439689
256.6456026086255
256.6896070530297
256.685326082815
256.6174342659984
256.46057284332244
256.20279213309584
255.89408387166517
255.6146268315586
255.40643991303818
255.28777988704633
255.18929403013385
255.02646185539663
254.7241031545693
254.3128311599435
253.8273428328077
253.2569661392359
252.61980820035754
252.05959598718988
251.69308878764545
251.49242229044887
251.40599750620532
251.4133604410211
251.52625007600363
251.8058842245142
252.35546781025144
253.21094157680835
254.3185692922671
255.51813136886773
256.60380648702
257.4602766413081
258.0971441007957
258.5641383524325
258.87083815847933
259.0572298354905
259.1619046617899
259.18641426825843
259.16253141437414
259.07211095553635
258.8555990057299
258.4731895461056
257.8787749206198
257.09802140030524
256.20497329395465
255.2800045633755
254.41889343439672
253.7380331938735
253.2915067600209
253.08861569189395
253.0021925208234
252.78614424290544
252.4546822210635
252.26405905765094
252.18332875320206
252.12739467636206
252.0535901651132
251.93587250287095
251.88614898155413
251.86571929386858
251.646999838847
251.19588599749653
250.67388841636614
249.84286414737045
248.38933896678049
246.41716810008882
244.3920564682309
242.66686350691714
241.44363464301898
240.85460790558503
241.03157348495915