178.35185703712645
176.52104274492163
174.69713518365688
173.25090214173355
171.9346767263283
170.74465237951813
169.85664954807459
169.19399300593165
168.4547221375098
167.7040349724174
167.25152275726845
167.1746549527984
167.39061184512107
167.83479596970975
168.44394452669596
169.15454249544322
169.8594904339526
170.42965888413553
170.88871107913647
171.31312864039063
171.66648978746082
171.81937532123862
171.71610424161847
171.46228417836903
171.16801585952433
170.84562585728406
170.53495167311718
170.25393732133733
169.99735778128112
169.7793939584884
169.61083713693856
169.476168381774
169.31647248169818
169.11126875208433
168.85703167833626
168.61030854510287
168.43805895977624
168.31453010306288
168.15246819011026
167.90137515634132
167.60903849748186
167.36666191975638
167.20750796844746
167.13596555632955
167.1257666458767
167.09161225246478
167.0228974481874
166.96506260940942
166.94364217526788
166.95570040879605
166.9833135747105
167.0609727599118
167.19002676261175
167.3226641191996
167.45395133954352
167.60167574196748
167.71908808179307
167.7341300392003
167.64205825150196
167.54212995011548
167.5360392940401
167.652600214605
167.88373882613794
168.21748907596185
168.5681114815124
168.8267721727557
168.9249012353572
168.88587330597318
168.8326114786476
168.84201386392607
168.92539843718768
169.09455435486632
169.28380389357446
169.44451534452145
169.66395990623994
169.96991456257277
170.32338264431957
170.64760502142852
170.8803322501324
170.9912639658927
170.98873371659263
170.94734174626086
170.9068062440134
170.88453429200865
170.87321501682482
170.84679803158468
170.7524128397105
170.58485970600069
170.38243901723
170.13165570387736
169.8598455682328
169.66321995522682
169.57707183896747
169.58749978904316
169.67360411144097
169.78459284083914
169.8975655283381
170.0088402392837
170.11623240185673
170.23923988962318
170.36534149981983
170.4960246595345
170.68844146854477
170.93067903556562
171.20026006846672
171.4898619004692
171.75578775438038
171.97180640006158
172.15577173271708
172.29690094584214
172.3517021330359
172.34092419976358
172.29190797445972
172.21095058739283
172.10292151326425
171.98591747598707
171.86919375345644
171.7320137240354
171.56069273392814
171.35610524603942
171.15526978089363
171.00799887515984
170.91236013099729
170.82980842012444
170.74486426562737
170.68080275009135
170.66897592558047
170.70199210930625
170.72225542986786
170.66736164629032
170.52406002218598
170.3628335486505
170.2338108543043
170.16134355968353
170.14030366199125
170.16298857260207
170.2260649548676
170.2529331617353
170.1655723941806
170.04132296058478
169.9588689626629
169.91690125979616
169.93067864038778
170.0417375858009
170.26977084212467
170.54589099773384
170.79345110722738
171.01541559045046
171.1848048812613
171.25536925394277
171.28874930676386
171.39853870365795
171.62372720511289
171.89646045227744
172.10552212182708
172.2285175683571
172.3538028967305
172.54262885653418
172.79139030381097
173.09370987776984
173.43372565634496
173.83346861677512
174.25622981688673
174.64994505966334
175.00638875920959
175.25594794548022
175.3451338104337
175.30664221862406
175.15253561620813
174.96926996496444
174.85483023105053
174.82115628950305
174.84535509512722
174.88265557140332
174.91327175017398
174.89208284667455
174.80275361221544
174.66629925984404
174.47992877563416
174.28639000051396
174.1764057300987
174.15275450360036
174.15969391799024
174.1635128996944
174.11915803192517
174.04203509562382
173.97027277372052
173.87185790295322
173.72841488001117
173.60964795306035
173.54970403269635
173.46506979210446
173.3585350727417
173.2819062073364
173.16619040379933
172.9688236821984
172.73968171900955
172.50336708248633
172.2950507197992
172.15950699658566
172.13067617683052
172.24803020833497
172.53612940127238
173.03058400363673
173.7879127962288
174.7806237603708
175.97816586553557
177.39812897105176
179.12352291776654
181.18151779258892
183.46115358359268
185.91005466279645
188.5098948740543
191.21509755359392
194.0441410285756
197.04594893184714
200.17804375088622
203.26193450135278
206.0133605386347
208.20006439320522
209.86248370955462
211.1924816276018
212.3946994643883
213.56867707862253
214.74938538706203
216.00924399480303
217.30920281696868
218.3950078435097
219.11973741318425
219.52173915253542
219.60505764012805
219.46320630511838
219.27222660338055
219.14406447048725
219.09988471936657
219.11985343044086
219.2308648945263
219.45662205465558
219.76670726345003
220.13267584814798
220.50742244806588
220.78657895694124
220.91798433422716
220.91274711045185
220.83793702503988
220.73029522696856
220.57535897551958
220.40919511844476
220.23995988612847
220.03432181856743
219.74143350134312
219.369069565471
219.00086899323378
218.68878927677034
218.47212369382737
218.36635662271232
218.36906152441475
218.40542713371093
218.42515017118333
218.4718504008403
218.5455740104151
218.59378097393727
218.61223163609404
218.63442974982922
218.66341657986356
218.72228491852528
218.86297882457103
219.0898665735084
219.38001868332765
219.66802090905895
219.86985239116012
219.97646220203222
220.00164839107487
220.0213697434284
219.99455158861812
219.8972452504655
219.7875903203004
219.70373815013454
219.60589444576556
219.45850196745295
219.26858524376027
219.06571900148586
218.85099454696277
218.6444485955435
218.44305838195012
218.2057821865891
217.9822033557093
217.8345546049892
217.75246585076104
217.70496409546445
217.62934227554524
217.54601974776148
217.48401208074625
217.4340358896551
217.37413701712956
217.30140231359
217.22573740258989
217.19609075481188
217.28811801895915
217.5088580653313
217.8218428720064
218.1702533452686
218.52536070495285
218.8446014459603
219.0951569645571
219.26616072864363
219.33624461344723
219.35204976371597
219.4196449534168
219.57241892944063
219.70886998980868
219.79037945850476
219.79776148744492
219.72250858264073
219.70176987926993
219.75885129694126
219.84804453529864
219.9520304860301
220.08229457275564
220.27674397553562
220.54451374314078
220.84173321168328
221.11312832803833
221.3041020501419
221.3760583198425
221.36702862924272
221.35102386668777
221.3642115189445
221.39314731801846
221.39277145245057
221.32326151400036
221.1911962337386
221.02498164558392
220.830662299609
220.62833020510382
220.44033679575736
220.24346244093766
220.02722585420872
219.8493182282934
219.68214703781462
219.4226666694439
219.06883159529482
218.68019996802963
218.28814250189262
217.95170466945945
217.6968749462836
217.54464406906484
217.4672171575653
217.42347172233733
217.41732420906524
217.51080272325117
217.7248690988047
218.00391822516337
218.27735177799394
218.50531867331654
218.6676979839296
218.78699194477136
218.9206069811931
219.0849026757283
219.25902761461032
219.38775150016596
219.47732745805084
219.5894560958051
219.7220195789005
219.84803508044678
219.96269758630527
220.11118554754648
220.36104067196513
220.68369942181855
220.97288079231117
221.1660205191409
221.27276353689723
221.3705396614319
221.5347015240494
221.7193342908025
221.80368956261506
221.74520694456376
221.56799853054818
221.2848750366487
220.9784385939882
220.76434612417364
220.71239419313628
220.80734018094495
221.05939543517673
221.51167962183354
222.17486190160648
223.01014852068505
223.8976345566908
224.64000456454437
225.09294035144487
225.21574852823943
224.97286057257114
224.06346015308839
222.2641939258369
219.8927964676417
217.40857475773342
215.23419993615772
213.42768872061578
211.7226806766863
209.92893562269384
208.13485694608318