0.0
0.0
0.0
0.0
0.0
197.71541058233626
197.14296534724707
188.57468633145533
178.19324822709746
171.6178165671788
169.0558023009067
168.42383781635726
168.31376859189845
168.2503877964871
168.0567222924871
167.77813490940065
167.48551268865697
167.273431169312
167.18467218040757
167.1770866650696
167.15876432576914
167.04119967894297
166.8673833592864
166.76451110348785
166.76786389161686
166.8330360970418
166.99782667401266
167.2978294231171
167.56521928790102
167.79528755769297
168.07421703717313
168.36877216820292
168.66574379244167
168.97557050013125
169.2512095997206
169.43558222642858
169.53007281861113
169.50683468435625
169.40715696136573
169.36470619221194
169.43396715766733
169.6293011147646
169.9585481976029
170.33882042019377
170.67650641356525
170.97056750269712
171.24178998443776
171.48414731283816
171.69159795451083
171.84809272557345
171.95802132556207
172.04026568095182
172.11090691940117
172.20766870136163
172.33257460276135
172.45039255973236
172.54720490482933
172.59806074458987
172.63930054428485
172.7328674097751
172.85469846580867
172.99860751173128
173.1521028642963
173.27081756422183
173.32817976768592
173.30103602522905
173.21704331479637
173.11573741183275
172.96206925582112
172.72283372335258
172.42191808791614
172.1103869723123
171.8872686689868
171.77657063850418
171.67402650472144
171.48658766470655
171.2073251927847
170.90955022183252
170.68844179631566
170.56318768816797
170.54186055723417
170.6009961765116
170.634783347945
170.6310051935014
170.61475239519447
170.58483425307426
170.59060231242188
170.6482951465942
170.73529250308164
170.82630564387725
170.85513878868076
170.82928760521878
170.81213654434373
170.80524357025516
170.79483293475963
170.79361369473355
170.79069769323746
170.78450104772583
170.82367086514014
170.9111986782092
171.01362364421374
171.0756228039965
171.07093710919025
171.074442511198
171.1201244549696
171.22036073867974
171.42664802691243
171.7683192553216
172.19547745176655
172.61969121257303
172.9689412458182
173.23352910599505
173.4250617312453
173.50289816735255
173.51207550802806
173.52266881926556
173.51342948688605
173.4780788056758
173.389606885701
173.20845373852225
172.92855770396233
172.56591992044886
172.19963056469288
171.8916975152188
171.6810527352032
171.57725715658228
171.50294559548283
171.39858393423765
171.30199572601015
171.24381166033095
171.17297891238763
171.02456520852306
170.7847989821337
170.52810713907456
170.33040696577118
170.15283502840975
169.98699131769888
169.87168084949343
169.793481745301
169.71294058511776
169.60078568904706
169.44004174962186
169.24904011194963
169.09543904255975
169.0128452681251
168.9726596903732
168.9310922748477
168.90712137559456
168.97209913519393
169.08412334961065
169.13202356580175
169.08055508151978
168.98075330909276
168.92124436095278
168.95365117916418
169.04662839023138
169.18193396062546
169.33261846407996
169.43424468928654
169.46201819083515
169.43201236618597
169.38024533880488
169.39837989757314
169.52592103016164
169.6790637907117
169.7834774056657
169.80574642144532
169.78080863341768
169.81910883544538
169.94562768396042
170.10477861222262
170.30653919587434
170.51130391140768
170.69461844061834
170.89370235203148
171.08977932656444
171.2499989047648
171.32252280251396
171.23515742896635
171.025974815409
170.78489572048835
170.56696144637445
170.32943471516006
170.03641415477355
169.7182108227655
169.37190037250124
168.97164475175012
168.48573675272638
167.95943087956644
167.42601188404188
166.8366181661792
166.18712812902308
165.46423816872763
164.55730318917625
163.34498026204207
161.8578460083093
160.29205467614452
158.85880216761734
157.74811297441568
157.11568079855155
157.0539408865026
157.57980948762173
158.69957166034874
160.48445817400628
163.01447562630977
166.23338414659392
169.88727639321604
173.6728569756432
177.57710227083257
181.92131327933333
187.11935713744646
193.26874921548585
200.12204872108651
207.48750758318633
215.34304933778722
223.78391099308325
232.73701861913509
241.84441339066655
250.7724431096231
259.168070638376
266.91871045076323
274.3885645531261
281.631161666687
288.3025275563118
294.0116090506588
298.8329592965083
302.9687054713249
306.59970897464325
309.8387536006428
312.64728360982616
315.000292196539
316.87168067875064
318.2544062464656
319.1971377641353
319.8611345039064
320.35838087049393
320.7819375201033
321.22806032417014
321.7281601519883
322.2067507586871
322.53267246896445
322.6764558419021
322.7915517785842
323.05900477412683
323.4842163394123
324.0048192798334
324.60350639700897
325.2892753633783
326.1008284035841
327.0745553051255
328.16623826439366
329.28025600252636
330.3291793305075
331.25947280737734
332.0836937499415
332.8429889145717
333.5626455681025
334.23417107470925
334.8252411167788
335.3788545202957
336.05727318435925
336.9612223571685
338.03036523763734
339.13658703863166
340.149892447851
340.9994712198233
341.73336393371414
342.4179135919271
343.0877419792116
343.77265436573026
344.4742983040985
345.1491250817158
345.63954018014016
345.8063854719962
345.6524443062764
345.32319188951703
345.0173792246473
344.8007079613541
344.6089971587489
344.4334380836899
344.2904217408694
344.1247147123108
343.8872250235204
343.55213913574676
343.1407935028935
342.6712345599398
342.1236466381123
341.51858210220485
340.91452908381524
340.3964202858162
340.0440289670561
339.88124819856193
339.88413479019675
339.98188601144017
340.0826666850937
340.1698623295331
340.28474807714093
340.48371356335144
340.7914318804627
341.1552138820423
341.49943703348623
341.8197181647428
342.17450390654955
342.6436900655622
343.24210547156406
343.8694952233505
344.41769422117244
344.7793329713087
344.9280961406089
344.92504306914935
344.86791920234396
344.8623471307699
344.98774969702885
345.26933035276494
345.64448599957893
346.0463297890906
346.41338060915814
346.6498988082372
346.7673364922708
346.90936913021426
347.1516023834812
347.50544121181014
347.91877512846406
348.31071468943827
348.627764289246
348.8545306320263
349.03727759543835
349.1268455133988
349.0241702406867
348.72899630043725
348.34792946192056
347.9801412685001
347.67044219223453
347.44082840459976
347.2820528375976
347.2035472606284
347.24981064852153
347.44277364788366
347.7903979750418
348.25696793313307
348.71619400917905
349.0899550451353
349.3625625417148
349.5076556038777
349.5846985327381
349.6114044596193
349.4925617404467
349.2051337944551
348.7664341887247
348.2797776943512
347.87956511393077
347.5733798495114
347.30103913833784
347.05131073040593
346.8929291291401
346.8396802973629
346.7725729742878
346.57634468545626
346.19627623712586
345.62496505025445
344.9332452429859
344.2013844894792
343.5314599715548
342.97490782136254
342.5612044681073
342.3514857546787
342.3589781884582
342.53574467635315
342.8332978363273
343.21030714779295
343.6608882060987
344.17823712569776
344.739424925842
345.3442552429254
345.85510438824826
346.0713772285068
346.04791401555656
346.0228956678462
346.13922746874243
346.3299180083821
346.4997128722604
346.609138503345
346.68879945160666
346.76595753538516
346.8137671037564
346.76948880264194
346.6044147867163
346.36289379635724
346.16657714104923
346.14315256549
346.28265908494006
346.46042589458955
346.5974516936145
346.715175605494
346.86227183120036
347.05518417761306
347.26205053778625
347.40104848633393
347.4995664621644
347.68103905977705
348.073497526922