170.29487838002066
169.9186111947456
169.0662906974787
168.03620102108238
167.0268724832002
166.0283343640665
165.22957445180623
164.8045002717809
164.73268964528415
164.87989798351907
165.0630156273544
165.1724578489759
165.30097688266818
165.53275826779404
165.93470809579003
166.57429856220992
167.33181154258347
167.99541388159903
168.5121082160981
168.86959120821336
168.98235470104765
168.88280102914507
168.69848059709972
168.40585243820502
167.96451560502024
167.48795290857004
167.05906464975564
166.6655784365947
166.27445879476736
165.88055499405866
165.59509953355064
165.51002953195987
165.59700867774822
165.8860729604292
166.41547410219317
167.046252747873
167.5947056688106
168.01434555643533
168.33190580617472
168.596766199038
168.85875179021042
169.1050086885607
169.33894446002708
169.54707236564803
169.58500368481364
169.4513193477122
169.26882351326387
169.08856512254536
168.90173089847607
168.70496935141142
168.52032592966012
168.3384745612641
168.1670289788013
168.05281804458508
167.99927551139837
167.95058775056995
167.88391888891297
167.8282484215165
167.78319700540067
167.72969235763512
167.72996264827395
167.82874846120467
167.9693300715164
168.11496453174507
168.26298371104426
168.36256631891132
168.41127554221347
168.37531776075565
168.250228594169
168.16255415197668
168.13757189975718
168.12206474441342
168.07074230132446
167.96815728095027
167.87729911125217
167.935002892217
168.18503893749136
168.50107016850487
168.83987117823966
169.21574385347648
169.57206180611888
169.8879781798056
170.1375257100517
170.26433286302202
170.27649498588642
170.24242739822395
170.24058801477116
170.29560074747656
170.4161522546039
170.63421359433164
170.92213727701628
171.2454039788274
171.6052332557655
171.96678395872337
172.27948166930048
172.52779022799237
172.73642954574998
172.89056694149494
172.9542697614574
172.8875549788455
172.7025542634554
172.47348157704056
172.23283928562483
172.00650725496627
171.8027758158916
171.57569504254153
171.33250154205444
171.09789247257044
170.8832824966469
170.7129173857047
170.58027219063428
170.45642580932616
170.33052845291647
170.18697415855308
170.00482127592193
169.77728256026165
169.5243773861671
169.30898751517017
169.1271058217282
168.92261092504626
168.72034133826148
168.53322505068647
168.3174151652643
168.0879554176625
167.83645476971853
167.56771449147044
167.36319144404328
167.23971009914703
167.12690822172982
167.03762058921507
166.99357061604772
167.00324913014668
167.1020328906327
167.29191237721378
167.52793423778218
167.76113197947933
167.94106219816365
168.09998122949645
168.3077311149632
168.5400366108037
168.75580077212484
168.96014950770592
169.16322412346426
169.32556184752008
169.41454191796487
169.45036327744373
169.48266356266961
169.52684619756576
169.54074769530627
169.54169318205925
169.5884954838673
169.7107417079329
169.9077730139635
170.09039527979724
170.1432559896764
170.0918224406576
170.01192118738817
169.9299833042752
169.8166940993852
169.65074077290458
169.50193547307828
169.42108810721982
169.3960133285348
169.4084377547011
169.4657610525203
169.56328343677023
169.68610885521827
169.78651660373708
169.7954542640945
169.73207512062828
169.67931732991912
169.6724383226926
169.69996396717968
169.72324057991224
169.69624647730586
169.66316339192477
169.69719693467988
169.7881444846032
169.8586138405808
169.848583604383
169.7640054505719
169.64848529483743
169.51426956960444
169.35761434784158
169.23482402760914
169.20899442573136
169.29710930886014
169.48172442927608
169.74995945060678
170.10848729223852
170.61111299342454
171.33676282448968
172.34100969045204
173.64449924910627
175.29678965012425
177.38548580227376
179.94195805071772
182.92913834221198
186.311846324387
189.9978667057141
193.83502633683526
197.58717589659227
201.00746337547776
203.95396203995477
206.4205026824477
208.67724259784288
210.94113111779455
213.26674280692023
215.69104989447453
218.4130909680775
221.35919650480156
224.09920410643008
226.37388620520485
228.27288042366672
230.07803587726835
231.97616190398142
233.84845823495175
235.3855670017677
236.43277774469752
237.01495400447402
237.19730867863143
237.0772576344361
236.63884064644438
235.94408843909983
235.17394922281844
234.47613566021124
233.8311881573189
233.19384206277874
232.50775259667915
231.7661716423558
230.96131311859742
230.07704251182352
229.20088244930048
228.40759648859435
227.68996957720427
227.09036692901716
226.6158792483341
226.27305626139565
226.056726443617
225.92900285032724
225.8918751859132
225.96963595201623
226.12763831743416
226.2990706330552
226.3761327077278
226.29931643305787
226.09296388169406
225.85843142871582
225.7046291431762
225.64140986642593
225.6165586375261
225.61187365586028
225.62284719561856
225.64349289555472
225.6840250832161
225.74855484702994
225.81665657340648
225.81358155085323
225.70245357099844
225.52784711043768
225.39183916029575
225.30371600951736
225.2205864969884
225.1241498635367
225.01623417501946
224.88421533476043
224.706094397726
224.47833210276661
224.2212150918514
223.96551660079632
223.7678161758814
223.65727281252984
223.6382748686858
223.72347709399287
223.91812043091036
224.22316908984294
224.5888280586987
224.9271669932712
225.19775454543833
225.4056530573318
225.51792003723256
225.49657397481542
225.3804045830165
225.1768263109301
224.87492421647403
224.51057518926035
224.12597471682489
223.80348244731087
223.60497469707613
223.50995577634396
223.4237314720463
223.28953187575468
223.11769234453644
222.927953124665
222.70377034361567
222.4514600122287
222.17962270496395
221.89479650336494
221.59628987921317
221.3005893882563
221.06978344833536
220.92230243176573
220.82774693386685
220.77327028341278
220.7155412070904
220.6187042775049
220.49441489073098
220.39570228442653
220.35045553029687
220.339831485665
220.339337935025
220.35716028164163
220.40444764511705
220.5057935082032
220.62723905356808
220.68708228142248
220.68293819742115
220.61481978850554
220.4659039345468
220.2939418342193
220.16065994164939
220.04868662927402
219.9261845564534
219.7995311501181
219.68193222781568
219.6384326675068
219.70871545247934
219.87509802898055
220.04265570185257
220.13418838609994
220.1678138942122
220.22468235799178
220.31416406446849
220.4398388645536
220.5889316689471
220.66858263114696
220.65769252478285
220.6054646764539
220.5145832034392
220.39878876632383
220.31427206330045
220.29971621005996
220.33253010462656
220.3836785689548
220.44952275027418
220.5362377077784
220.62683576536864
220.69019953005392
220.73816317126506
220.76978768857998
220.7580546433557
220.69289993976273
220.60341161970655
220.52719740600423
220.4606959588454
220.3891238906957
220.33861223648853
220.32927413627579
220.39146909524135
220.52534559329268
220.67960114679454
220.79667323751832
220.83132600666497
220.79142694183713
220.737420175371
220.70817212864137
220.66303256955004
220.58840092681385
220.514484278742
220.4584354798555
220.41372065107925
220.39004312256645
220.38104530384842
220.3535675140478
220.29597466418517
220.23468551158322
220.2002148212423
220.20350787560596
220.23253922795595
220.29129297326486
220.34853488867
220.37597780040755
220.3285788557494
220.18006124859647
219.94712801950666
219.67911415951374
219.41012920570302
219.14856831634853
218.91152236128838
218.72809254572553
218.62004903595223
218.60984627148338
218.67818136367637
218.76550019431903
218.83449954106737
218.86629428327169
218.9550684948648
219.3594406564732
220.4837144147586
222.66066222671998
225.4785160608639