0.0
170.35014721720404
167.57815501855896
161.5429432382759
155.20312802504384
150.82355444106753
148.51740332377474
147.8568030402509
148.24450686850304
148.85771497705957
149.2070699438585
149.31495964412971
149.43785354366315
149.72372037006917
150.13348137458365
150.6313164207844
151.25312242054653
152.00339964469475
152.8577332559883
153.8048806939545
154.7723161947383
155.63798346723493
156.38243472937927
157.1035703362689
157.84694144240137
158.57655981072395
159.29478085809401
160.04287651643543
160.79119252234136
161.46274860877097
162.08413764738026
162.74919381599696
163.43798518370747
164.09555278487358
164.68275129925863
165.13850590424414
165.48509223126217
165.80755410026416
166.11505602331954
166.36061706435558
166.47694560335404
166.46328727008185
166.40464883267504
166.3477587622873
166.28666884011963
166.29161931623685
166.41256645670717
166.61070403520029
166.8879879243274
167.25405072926563
167.62898152492573
167.9552346532899
168.2448631363037
168.51295359328822
168.8024277086898
169.1360849639662
169.45877179017697
169.7491718531299
169.976188628528
170.11202916670328
170.198571360061
170.27382660620086
170.33627300611317
170.36178924692575
170.32674488645912
170.23863273096046
170.13490829704688
170.04156533368888
169.97038083709162
169.95224648893776
170.0074453607603
170.11299756338195
170.21618895844603
170.26707814656174
170.2821595239257
170.31764078187115
170.40330196977595
170.5516334551441
170.72660839635088
170.88601272514273
171.05073801195093
171.20798972560357
171.3011326050657
171.3302985750892
171.3228331183722
171.30725893051243
171.32038182734829
171.38597025921035
171.531452120192
171.75684831065226
172.01576572613303
172.2846645693096
172.54206196866465
172.74969329633623
172.8918274355163
172.9452942614481
172.90091114821033
172.79207929256856
172.6535564452558
172.51468621354485
172.38566130069017
172.25937770295124
172.1161190876161
171.95101752246273
171.79663154402778
171.68607961453316
171.57621925257
171.40352404475652
171.19867859718832
171.03818801188856
170.97871421812488
171.0456775517986
171.21575779103102
171.43316221205086
171.63224161219964
171.76885566611685
171.84524228676477
171.8642044330953
171.81832446568083
171.72686424382087
171.6272989687455
171.5605262286034
171.59302330423702
171.72653457261944
171.90946202224595
172.095639199014
172.22448640578634
172.29162955564234
172.3483721757118
172.40798243296913
172.45201267243226
172.4561879826801
172.40962994045492
172.32569903533357
172.23145559773775
172.14693648177783
172.07896579594478
172.01282157624212
171.93784887577152
171.83112807634524
171.6492331471223
171.41157748588384
171.18364171872992
171.01025865933605
170.92716258412
170.9261525270644
170.96941207662985
171.04388442435538
171.1653373401048
171.36032389486914
171.61447244535654
171.870372463507
172.09027852295105
172.27280800641648
172.42829390665966
172.56323729167187
172.68336191275705
172.77904129474476
172.83655477280192
172.86652799774367
172.92541779278244
173.04671434355393
173.1946668952981
173.33524647852414
173.4738751826792
173.5879498193458
173.67324579593745
173.72744190437197
173.74081484832016
173.74519440035766
173.75132006699386
173.77399348139795
173.8227945165881
173.89228904068725
174.02539084828712
174.25313734092072
174.5245783166708
174.7633846066607
174.9208865260359
174.99442462176683
175.00486090341823
174.94101223659305
174.77426542925818
174.4941281899971
174.1098817561617
173.64046143375697
173.09084895778042
172.45507482199014
171.75942720404632
171.0125901507145
170.22531408984722
169.47298029868534
168.8368958876007
168.41757224514765
168.33861573605768
168.69782446222354
169.55620722473853
170.96299231804676
172.94272173645243
175.4843350282727
178.5622888104694
182.2310522098876
186.57082810162737
191.4571338997207
196.69363737410012
201.76016648788004
206.2685871234577
210.73973683907155
215.65393663894957
221.25057730927773
227.52568904208866
234.01217931735505
240.3303731088868
246.1406897538865
251.40020222049958
256.34135883764645
260.86045246185165
264.3616603397103
266.73168850151853
268.31737695476943
269.33113667450175
269.79727663693586
269.69828443589574
268.9832410200068
267.78385768429973
266.31693494286816
264.87312199887435
263.46921882836557
262.1123371801836
260.9085110867347
259.83223550827455
258.87718521708115
258.1096678758321
257.45055761997025
256.66864958583153
255.7398849050524
254.82547608184635
254.05761640820293
253.50859922908762
253.22661851083336
253.17614927091785
253.22803335997895
253.28408516630384
253.31826274126914
253.3635784041976
253.45383650749613
253.59898046795996
253.82959046266393
254.14059070984106
254.41941042943196
254.5617326668911
254.58236128160243
254.53918410329595
254.47659304974366
254.41636485265963
254.35892385997005
254.3545711119778
254.44379451335223
254.576058703702
254.68563642344384
254.78808831585656
254.94051271955237
255.2283264635143
255.68642281033613
256.19969077029674
256.5755129691609
256.6933565302297
256.5685103668004
256.3570607273594
256.1779625249325
256.03517532712453
255.90540250608618
255.82823685397594
255.8261030468068
255.8731181901977
255.96704711826342
256.1299827697498
256.30977472121106
256.4037502184673
256.3581157587592
256.201988118135
256.00662566207563
255.77424750700914
255.40683428470385
254.81758132575078
254.0536708849063
253.29254942084097
252.70458701922757
252.32042258479188
252.06726739685166
251.91944899463488
251.96563209332032
252.26055857601682
252.73290523463209
253.27619496802814
253.75988608200487
254.10233887704365
254.2759754632886
254.26987928906914
254.1754150375541
254.1477226510694
254.19649049657198
254.26618953814952
254.3900048989983
254.6479752809458
255.09740583727793
255.69822472812814
256.32874555373894
256.8313224825183
257.1927022969106
257.51675310927084
257.8311076218714
258.10479878301015
258.3797857892209
258.7103366809484
259.07976732343985
259.4421330723675
259.8430265155448
260.37179106776154
260.91720900751267
261.3634996216696
261.8002409802448
262.2607822999105
262.62364615716984
262.8174969180128
262.8001273504367
262.58058123859314
262.1763975113221
261.5999544786874
261.0666293454408
260.7374738762942
260.51094413643045
260.2086169837639
259.82426985268637
259.5201444410999
259.42936974606005
259.523683683309
259.61539629956576
259.6282827080434
259.6235066305342
259.508643768013
259.1906564571122
258.81034824432766
258.54449117038416
258.48523297139076
258.56713219214015
258.6147402894899
258.5432498314884
258.3596947731161
258.0520443651806
257.5981592148781
257.0901583619409
256.69548080251434
256.47290224487153
256.34093588513974
256.2311704703312
256.17541861358995
256.25181385232395
256.42160301760885
256.5672586638551
256.64729334447946
256.72904755002963
256.8131830976351
256.8093291649392
256.7440878717496
256.77364330277493
256.9797497500352
257.3410991040504
257.77178139948694
258.1761866788763
258.42582388371886
258.4227293792433
258.16165100698925
257.69021756688335
257.0532716845825
256.3158550243919
255.5865518567257
255.06012821493803
254.87588509832048
255.03786572404562
255.38636150504826
255.69007943830988
255.8332746654507
255.8675074000279
255.8380713240269
255.6742476921701
255.33524406138093
254.8446723610682
254.2329965450104
253.4859100358031
252.65653038437324
251.92251463741624
251.40252622378293
251.0558815087527
250.74964200491783
250.38019984369058
250.07964771396982
250.39191762107856
252.37641503240548
257.2541522282197
264.6712564612512