171.37849848700472
173.957859029409
176.08768872717138
176.95333341464857
176.46419779132188
175.10220174400354
173.27327886991228
171.4006456835968
169.8423054672595
168.711945449432
167.91811967640893
167.41061702205747
167.20719594505772
167.31499181793583
167.70629478283817
168.30555832503373
168.8975626074611
169.16671997705626
169.08889237426158
168.99246668255762
169.08793360514255
169.3573102198919
169.74441444234037
170.1283459745962
170.40120571454457
170.49748271180385
170.37034677540385
170.0494056322754
169.61801136581892
169.10539727096918
168.485998557494
167.78190060398563
167.08167816096247
166.49233863656775
166.10624678808307
165.96065250497662
165.9601232305377
165.9176427925123
165.74495444016137
165.4416436421322
165.06211339467336
164.7294778626785
164.51547325039286
164.39123175191745
164.35328391354594
164.44981282944798
164.6819977850024
164.96606932513842
165.23210657774058
165.46902819839693
165.61897595317953
165.65271896960016
165.62823081652118
165.6123543753878
165.65314358324054
165.7891378380923
166.0363136664655
166.36872147666512
166.73253525972177
167.0824940635604
167.37623996379284
167.56137272886335
167.62427450953152
167.61504335588754
167.640024489079
167.75008390833383
167.8809275746925
168.03679578077256
168.2170892306106
168.3659214699537
168.42844574655567
168.41767345379048
168.3933404833376
168.35248291677945
168.2476781833339
168.09292697540457
167.96092977456826
167.895650786859
167.86438091477785
167.76931937287867
167.56479424393336
167.2304370651084
166.84149779034863
166.52684605296133
166.28447473166096
166.08655073138794
165.92573252555673
165.8577266045393
165.90098659459142
165.99010285670315
166.02388357748845
165.93412075036366
165.84804922980186
165.8848155047591
165.99226486335385
166.11493442458269
166.2444187508595
166.33284415414371
166.31520911346598
166.20180334404895
166.06249423085987
165.99731813339073
166.0773544609297
166.20729971282253
166.3221854155428
166.4818247217167
166.72014507859586
167.007362195056
167.3081551178659
167.58695726738245
167.812129846042
167.9222009342084
167.89129914743168
167.79206657832003
167.68947620459662
167.59196232667767
167.4772562705591
167.33766966954164
167.20162041962655
167.10395246599572
167.0495115941768
167.00820302682305
166.9683372391409
166.90712300343108
166.81028657913413
166.7117801092533
166.6353288306612
166.61119457526277
166.6779423366596
166.8231999738233
166.99167758703433
167.13470480209762
167.23631663937613
167.28165242588761
167.1942240541312
167.01512479004745
166.8709891182803
166.83431540732334
166.9528535810446
167.2100480437722
167.48078885137087
167.69979619316152
167.87796151158497
167.995755555307
168.0297466623955
168.01140290128947
168.03050870400125
168.13796552195402
168.27781020480825
168.36403794842732
168.39393274902415
168.46578826816364
168.6494685014892
168.91669200742467
169.19761674914287
169.43744126432406
169.6177044237163
169.76606183131787
169.89189307048412
169.9977320895433
170.09396857324592
170.1834181165605
170.24194110163282
170.2453067938688
170.22784965598612
170.26280316252894
170.34934526544544
170.46051466016803
170.53385837284185
170.48723138194043
170.30887215214278
170.05577906863948
169.82069352530567
169.61545265795647
169.43561775315902
169.28683794547777
169.1503509610179
169.01161370532384
168.82703388745318
168.59020847016063
168.28299059377073
167.85772380064796
167.3078508705981
166.69558546459885
166.0942846234982
165.5079964220022
164.89575201395257
164.21668880941274
163.44537994745087
162.59058556351258
161.7003054370772
160.79577339747416
159.7490643964139
158.3011329398635
156.3818213973507
154.31753831447642
152.49772886850573
151.11282285947786
150.20069005118594
149.78426727412062
149.9847968923183
150.9488322491636
152.80813903583274
155.67645041665114
159.60166298063325
164.54196045822738
170.21932123058963
176.1819285694719
182.22685481046273
188.56973388712402
195.39907407714432
202.60681266386172
210.02671245364064
217.7610678709545
226.2000176187074
235.41103084122668
244.77316522221156
253.4790114385314
261.17243403408656
267.83488859964007
273.8162466528842
279.50355938106094
285.0159586137576
290.1732412768107
294.7975130035718
298.99784889206984
302.9839896115167
306.9016862995882
310.6713117241731
314.14822562668064
317.20351096653286
319.77886643012033
321.8678667883007
323.4518232028504
324.4722790733363
324.9994745636608
325.2853859819573
325.57287101306025
326.0496868034907
326.8698789661605
328.0826812181365
329.5757675490988
331.2209159542291
332.89679564746456
334.5302259960748
336.03070253455
337.2713093233583
338.15051237390236
338.64702020826724
338.7976114143331
338.7924506609338
338.8597283174753
339.1380824659
339.64070276508426
340.29515785395864
340.9634568011471
341.54235500326376
342.0200574122402
342.3849353248247
342.636743163897
342.7898456101042
342.8951484701917
343.0342519727847
343.2505203483686
343.5032886098714
343.7460270634511
343.9441195531453
344.09468051264525
344.1328384364912
344.0215513326199
343.8189499861076
343.6617427183697
343.64262824810623
343.76598802984387
343.9840445967586
344.2365722019074
344.37458265964324
344.2954248388739
343.99081258030685
343.54103807423627
342.9926375354645
342.4047440742643
341.84761197696076
341.39944715980346
341.0415297803024
340.6966430408586
340.298546685778
339.85789701966394
339.46833000434276
339.2413769109115
339.1345790566196
338.950379567377
338.58935477408505
338.2423928605951
338.0745965085441
338.16104338797385
338.50705318268007
339.0513591958035
339.70150879475864
340.33287160520047
340.860717208536
341.21569696308705
341.4344385064255
341.5363917617191
341.5012580295423
341.36775273798804
341.2362523988388
341.1507850405509
341.115118285921
341.14327043704924
341.28734024835455
341.5627663201203
341.9818996086585
342.50219596791266
342.97316537391794
343.3048035771585
343.5373721280325
343.7488051796215
343.89379418370646
343.93354397539434
343.91432841387115
343.85470150098496
343.79678792324677
343.83055829676164
343.9952305927197
344.2614847423068
344.6507705743706
345.1558408111987
345.7612666973118
346.399631496197
346.960518722795
347.33934082373355
347.57413162103666
347.7924911872852
348.0407366329156
348.2172011974152
348.30805984733706
348.37462937585747
348.44053521450303
348.44990962360504
348.41490149533
348.3472056502049
348.19471064423897
347.9459635172358
347.59830952153055
347.2277403217424
346.8498300710429
346.4979994758439
346.1574847343693
345.76531836834624
345.3977573854571
345.025269837614
344.6388078030269
344.2556610797801
343.86395482601176
343.53062134618426
343.2872430099452
343.0998895483127
342.92897670563946
342.7635147487621
342.6319382668298
342.530659674718
342.38253342971757
342.1094083068157
341.7010794022805
341.1610554582033
340.4456662924108
339.5409531642679
338.41892403487367
337.1788655950624
336.10545066067
335.5946406397003
336.0764458834545
337.59886418342785
339.5539987967308
341.32897286156253
342.79554695267075
344.06166486437075
345.1996764519941
346.25072158363986
347.2334110461621
348.22560292720374
349.38335549647496
350.7074035548839
352.00191651195126
353.0904000000854
353.93725882558897
354.53750006450196
355.0739817652416
355.60675622889374
355.97104688815347
356.1512883066398
356.03294430492934
355.47417806985277
354.36335611285705
352.5660459389964
350.1112461548093
347.0177711861823
343.3128414117469
338.6496082824712
333.4387645310432