148.52408571011648
154.76719264725583
159.80784804150937
162.15238003447504
162.41773580960825
161.63643532991324
160.61702166235642
159.91748987914292
159.66936125374704
159.5353969949752
159.2494787479859
159.0794108939424
159.32412654059087
159.89966901073316
160.55136765224773
161.12631233938728
161.5653823772102
161.87856810688382
162.12591903085584
162.3712710225381
162.63077252299107
162.91384717321895
163.27063799726795
163.69343347984244
164.09938903628947
164.4140199893149
164.62401937493766
164.75192296338014
164.81745889754586
164.85387574810562
164.9167838644534
165.04878208863178
165.26338919946332
165.52431788530257
165.76986960609125
165.94283108000786
166.01003590882618
166.01463979368492
166.05614978994586
166.18263861494452
166.37427150128306
166.58330867775618
166.77019896379076
166.90300988882922
166.97200027695683
167.02512630513885
167.08398843093147
167.15709792380738
167.28875372164484
167.53864460449643
167.94321793216844
168.43812163220215
168.9319984576966
169.40046898512435
169.84030711048496
170.2682150965045
170.7229063335315
171.19984569687256
171.6427008367825
171.99535749336502
172.21636923423935
172.30026909946037
172.30992503794852
172.34003292585425
172.43715172406434
172.564594763358
172.6672615117905
172.70262779386792
172.6459341225255
172.4997424253594
172.26232024068122
171.94368777086868
171.58298422961366
171.1970736067697
170.81149632112738
170.51364721533375
170.35696053674025
170.2681944508362
170.1524328704025
169.9773583896021
169.73567206412102
169.44939313670045
169.18616072901463
169.04151194691138
169.06080656470823
169.1760785944812
169.28352041160787
169.29176861258358
169.17391618155312
168.9929455813214
168.85368402624974
168.80059886518887
168.7936441274827
168.8198469149349
168.85243254730972
168.83259126571218
168.7376133438112
168.60090149043728
168.4971568247088
168.49654002120997
168.5781057383577
168.6776803176313
168.77136258946103
168.87697242573816
169.0257291531079
169.2519800125002
169.57324787723087
170.0272223205063
170.61271542908526
171.29516395413992
172.023974732456
172.6796962737613
173.2026415824437
173.5964871451473
173.84444539954168
173.96702623509884
173.97992647851612
173.83897516314028
173.51590052237182
173.00720774638873
172.3504658796674
171.66472274472625
171.0765732623063
170.64793155002985
170.35251572847073
170.13636560146244
169.9994439073987
169.93155677225894
169.8265179630425
169.59980860255686
169.29691447671402
169.01717032685494
168.8224371888367
168.7167183885262
168.68298118696393
168.71529388239242
168.77770880320497
168.81054212520968
168.804664853764
168.82386258668714
168.8816632949257
168.92881641051028
168.9852815963754
169.12825980819923
169.38192103974424
169.69885076340947
170.00840713406464
170.29947405472092
170.5331542926213
170.64791424000717
170.63293519806052
170.50419204053145
170.30396898134944
170.10668950115806
169.948027160315
169.8224331637338
169.715796706996
169.6345455531099
169.59194755100384
169.57890975027496
169.60639475860665
169.66572956568334
169.67450164235163
169.60534843209976
169.56746774608342
169.65604877550766
169.83636116753345
170.02409110638385
170.15324324370368
170.1508761554529
169.99890200835432
169.79197990770132
169.59554225198784
169.36990003920678
169.06691962514032
168.695182176924
168.30524405431785
167.94846689729144
167.60174438671308
167.16122296450646
166.66307346389226
166.2079154479825
165.79862132022936
165.39773000861564
165.01133478587292
164.64167324862842
164.2629103548955
163.93886751061223
163.75016446108498
163.6814989237208
163.74100111613907
163.97185152182197
164.36007184837456
164.92723365240926
165.82277619969858
167.195503356962
169.07979918138506
171.46002810031882
174.37423191744514
177.88747027135048
182.01818815115035
186.6727235240619
191.6104112380954
196.60684158947114
201.52626824915302
206.3009361482249
210.9088055483333
215.44911491115872
220.09724677167912
224.8791908585628
229.60722521577895
234.0787492720385
238.23127431247212
241.9844683732903
245.34351186936388
248.40602438677553
251.12704136500048
253.46027083039834
255.48108403297977
257.1928993402651
258.5538020948677
259.5628869495063
260.24541027494763
260.57875862732305
260.5761431682482
260.312916618347
259.8826704603289
259.3767844115014
258.80153409054856
258.13744912727645
257.354547947976
256.4529192058851
255.51477228864826
254.5041458165879
253.39577207427413
252.3388730060697
251.40522740638698
250.60466688184653
249.97358650482676
249.4802940880498
249.0695934217209
248.6891127762396
248.40621211244667
248.35481709355912
248.48998224723815
248.6897548331933
248.86020699516945
249.00948622591
249.19451945646676
249.44540808285484
249.78986090991208
250.22069251469622
250.69339273660145
251.19114487394887
251.71713734249386
252.32082171100942
253.04073536634968
253.83157723561274
254.6458143903551
255.399804311164
256.0039763157779
256.40462263469254
256.68469393141936
257.0391556133196
257.5903747493343
258.3032121039769
259.0249344468134
259.59337991904897
259.9199549208556
259.9416668605868
259.70109902393403
259.3071048553099
258.8226185823709
258.2309548676748
257.5361116801779
256.86452141751954
256.3197190719196
255.93118541136295
255.6574052260116
255.45612922359467
255.34299338524755
255.32162746836445
255.36676450925754
255.43891443808155
255.490027123402
255.4868902389146
255.43063685898665
255.31598618352453
255.14949181971627
254.990061228345
254.87825639062262
254.81091879352863
254.8040634300432
254.88154821226755
254.96344307766722
254.99136366461548
254.9862331474837
254.9716135383146
255.01557177370987
255.1395742211137
255.31529348951676
255.50338874144794
255.64210951062546
255.690778459876
255.7575995744733
255.93251423654246
256.14147541716966
256.27372743611267
256.30673248003677
256.2925829479016
256.291757477852
256.30963165280957
256.32375103871175
256.2564662561441
256.1170620782275
256.0192952852924
255.96420093222991
255.90758326919246
255.9177663956478
255.99267773053515
256.15713048060866
256.44216958144114
256.76236163731545
257.05567401741257
257.3255995884252
257.5858151193167
257.8431302448647
258.1412951712706
258.5469482955724
259.03540518953037
259.44645927725696
259.66229072095285
259.63286971347566
259.37218526980894
259.0087284591575
258.6475912883333
258.29495944156184
257.96542343469326
257.7039755049848
257.54228087602894
257.4827501836101
257.4933368137378
257.46822008119756
257.32257777033715
257.1106994021479
256.9296419204138
256.81012753711957
256.7009675968568
256.5498596871679
256.3450267048455
256.14675104358133
256.06977431518817
256.1080117551063
256.18098216644046
256.23647918707036
256.288476947914
256.2768764969272
256.19343834642615
256.1322451354798
256.1548892160373
256.1683778201345
256.03516615919983
255.72794829156334
255.2477360594325
254.62843015796156
254.03355536625227
253.5964915574113
253.27665974259637
252.943099610131
252.52787054359982
252.15430290187527
251.905712305392
251.76353863380874
251.68777462929364
251.66947959474808
251.74061121622282
251.912007090624
252.3679686554849
253.20578051589567
254.34077726688352
255.59638796086006
256.8059274922156
258.0068898966971
259.3873848157929
260.9498022291359
262.4889787894433
263.7633745739945
264.70398670454364
265.46221620671514
266.1629334535882
266.7391659318775
267.09820602332627
267.14957484870195
266.7789081380311
265.9396096254145
264.59812251962535
262.7347271446074
260.333087278105
257.2793759327348
253.4221251676514
249.42402755803715