149.32564160268697
153.97102087460595
158.0359110524019
160.2150254929454
160.97882266137057
161.23202370487044
161.47983125227788
161.88800304343738
162.46094694059565
163.0949005695592
163.74114228821745
164.4394893714927
165.19344435776992
165.9733630888207
166.73308105332404
167.4475555800348
168.1400885400032
168.8284076186804
169.4600011644155
169.99274452141438
170.43675146266284
170.8101129402041
171.13731815877367
171.42432186153326
171.70475753727527
172.06535159864328
172.5217552360927
172.9916435081953
173.4126268844045
173.7338865266536
173.94633835791095
174.12150031453402
174.30669763023192
174.4860937623013
174.64357233068333
174.72737820963695
174.64590631902794
174.40929453833485
174.07677312219016
173.67711528085692
173.30497413118914
173.0360647704925
172.84283378774558
172.653863461543
172.47433058205362
172.28422298693187
172.02561345334468
171.74860386546274
171.55104647319445
171.48687272223793
171.58045335415517
171.80135275698754
172.10744038170776
172.4670735507866
172.81635232106254
173.11686291094452
173.36020438256463
173.56921786374693
173.73818932049232
173.80062087446055
173.74206901701726
173.6144166496603
173.44324611554777
173.23060651095201
172.9760478398967
172.66549810791588
172.3233319159918
171.98870625055255
171.66606878801014
171.35245803195534
171.07883604722747
170.87659899691815
170.7379379849813
170.6309285310121
170.52976754022285
170.38737839785222
170.1922616333483
170.0120373032363
169.89231074593908
169.8538542523425
169.8963807344814
169.96000819701553
170.0004378520208
170.02530593359427
170.02107105082584
169.99640840926892
170.00271846946765
170.0849130941953
170.25288190381696
170.4715711475821
170.70410667165416
170.9719034607608
171.30473359670523
171.66073073436038
171.93950212731247
172.0685503657763
172.06812996731196
172.01925754862452
171.95272912724784
171.87499173365651
171.7642082546051
171.5814432552681
171.38941602947196
171.29423119760688
171.30439709158517
171.37691515308427
171.49312184255302
171.6393360682987
171.78993043193668
171.92023108596226
172.034427193655
172.13915228736013
172.19175883181194
172.15929973444318
172.06263012874064
171.9313441355452
171.7627030524823
171.50656438239918
171.11424009051876
170.67541660307717
170.37484360410718
170.30510501167493
170.42551017510596
170.63704873134958
170.85277535450462
171.0244001338358
171.11282509007057
171.1291504894806
171.1510316133863
171.2269724914032
171.34535945454593
171.4633820163461
171.5334076377456
171.55629557342186
171.54914907483908
171.53895361542698
171.5698967031436
171.65797969267737
171.77727349715587
171.8831900121532
171.93169932995625
171.95036246962673
171.9842288613768
172.02518124156484
172.06464356037498
172.12387379439937
172.2319389074487
172.42710608805976
172.68225330982446
172.89360891168312
173.01082181858544
173.07778475818785
173.14827429938214
173.22314959955156
173.2781021372248
173.28707213090274
173.21728001734908
173.05343001857318
172.84066962809783
172.64493442977437
172.4935955780752
172.37297746276573
172.28977232159957
172.27215175322473
172.3202842560741
172.41011248009283
172.53110589272913
172.62711997961992
172.6019630863031
172.47165923250807
172.3303422133614
172.2406241080202
172.20577821610226
172.16669974789778
172.10912512336458
172.07204397186908
172.03153766184582
171.98754291666575
171.98721125995002
171.9940962582642
171.923007911482
171.75854987650183
171.55690777704248
171.3888909271061
171.20154010801588
170.92029055193535
170.57786762601702
170.20233104597878
169.7635249314656
169.20850397064734
168.59800836115036
168.0683074151749
167.7038118663043
167.56330496744732
167.71267895209056
168.05989917426487
168.3315229745138
168.4116635062282
168.32948865374124
168.20099568901185
168.08428015840627
168.23335052000692
168.88263424139024
169.96724891461426
171.4393069493651
173.31655601590654
175.59796480937968
178.27983714209182
181.24708279614646
184.3542584352747
187.52853239092656
190.77971447629085
194.0921764349079
197.34623531531577
200.39343609574416
203.05371122036397
205.1307344388422
206.67268687875713
208.06210374636441
209.55663206261858
211.15504638774283
212.77358966480213
214.3171851957805
215.74182753254706
216.98556907889738
218.00471213669002
218.77012659874126
219.2625092030087
219.5822664162432
219.80683702932518
219.94956855619316
220.0207249660761
220.0346984588549
220.04351801480144
220.07794815656217
220.1396565143787
220.19868207492945
220.22022154584067
220.1662872442675
220.0004731678065
219.72263576052842
219.4417832454658
219.24789448466083
219.16904171825107
219.1626473660506
219.15215011742538
219.0857245881613
218.94477627347803
218.70636441106296
218.38549477720179
218.05654271613565
217.80018920080022
217.6786167321191
217.64088765880967
217.57337550803072
217.46798193288598
217.40411198849557
217.39982280595228
217.41832642946682
217.42425675347502
217.4330059618319
217.46026879989884
217.49115892709602
217.432673396819
217.24614226112573
217.01595952305354
216.80884816028478
216.61994559562748
216.4195235264795
216.24936509998435
216.14047305738808
216.07629831537017
216.06705326504647
216.1342628023342
216.29608802854858
216.53088695641458
216.75171503033238
216.87852200448634
216.91387842576017
216.93611577311177
217.02794335662438
217.19820206777342
217.47964735732995
217.87884609946317
218.29938632335814
218.62655633445573
218.7738120547834
218.75512643393012
218.60783580224262
218.3996705237575
218.18352897883634
217.96215846485282
217.77516675434615
217.70646076713254
217.76696847998744
217.9378363546229
218.22692417130108
218.5905660884622
218.9618244102685
219.34392176001705
219.73656206273577
220.04138604243963
220.19461323881148
220.16019356051174
219.95824130838474
219.6515284208383
219.26742344933044
218.79773717907838
218.24155870606933
217.7569757597514
217.3898697581987
217.09936256323402
216.89770070750663
216.7871513576776
216.72531804248456
216.7338241630476
216.8758859798959
217.14316732743495
217.47268669157654
217.80520555448595
218.0950032704818
218.30927012441248
218.49589983188872
218.6820761785512
218.7730776009409
218.74390407429536
218.6812051945869
218.67224436554918
218.78844115351967
218.97890538472706
219.14038388801373
219.2400492959259
219.24693700811355
219.10001231994536
218.85444523577718
218.63229222181982
218.39317569193614
218.1064485341381
217.85686943774624
217.73687566036793
217.72876021979516
217.79762415223001
217.89716356241354
217.99849374829634
218.1359410785259
218.28427811458576
218.458186136075
218.64549586983242
218.8108433725892
219.00950537290848
219.1273440015136
219.06112136192587
218.86318189432532
218.60377590640326
218.35066809399353
218.18802766375623
218.1674520343505
218.29869066380206
218.54330747520598
218.85406421671235
219.2192540947659
219.6019591415539
219.94439374255631
220.17186601504636
220.27569686767976
220.30275519364193
220.18805640159513
219.9461500063928
219.7075510589126
219.5067183687911
219.25743190725692
219.0262139232799
218.89142557322108
218.71661182328788
218.43533174767137
218.0264963972349
217.56093794122876
216.9969928025248
216.41014239145048
215.85835940179362
215.44316377178748
215.2040547214964
215.13303321435515
215.2167181730602
215.47845350639832
215.9040877225828
216.35799127355136
216.81352662300515
217.21776629447385
217.5600357572978
217.78127748468708
217.81422944205508
217.80831984829177
218.08301492296437
218.63216273717012
219.3113592196861
219.97821419143813
220.4131856305347
220.27801215522547
219.23213642106364
217.426693548441