158.98908828034536
162.99407846606417
166.1777733454145
167.74639698837797
168.2694589229976
168.3573133140083
168.38493090382366
168.55524081047093
168.80921323713656
169.07613333886374
169.36968486863623
169.66497022746458
169.89943870874927
170.09186390644433
170.3287497421666
170.64260661780568
170.97734020698934
171.31596317331991
171.63827819762068
171.91822037522797
172.17320575902036
172.3441153234017
172.3588266215228
172.2557497267468
172.11733534249913
172.0942013354741
172.22255029400515
172.38502228060648
172.5570670934758
172.7282273506218
172.84324103224174
172.92039741081066
173.0486437886637
173.29892364220711
173.67926436514634
174.12018524049694
174.56649076054794
175.02236450582967
175.42447206671886
175.74786822546344
176.0042237488906
176.1774306381131
176.2906228111019
176.32154138829856
176.27539674003643
176.21774077340825
176.1522300042682
176.0465193099324
175.89363662803055
175.71777710150303
175.54247367129642
175.33554285304183
175.13566773537084
174.98106586004505
174.78123259144905
174.46459130504792
174.04169646496985
173.60144977460382
173.19496567023575
172.7987295759048
172.40491126631787
172.03673142094772
171.71686747740677
171.5124943065106
171.42495365231233
171.34722351706463
171.22570437397965
171.0792468053551
170.93066120638537
170.82648495833905
170.77202505765365
170.73493018953553
170.68610541784463
170.57893271682613
170.43018200853498
170.3287246461714
170.30840452331464
170.35071615340843
170.43041727867902
170.53217320373057
170.64679196722116
170.758699556486
170.8649298307791
170.96300464243342
171.07317517856046
171.20069883941096
171.35942119519794
171.53702917219582
171.7169745561039
171.90479974321514
172.06074954063197
172.1684865553266
172.26253795593536
172.35862327554568
172.45329924903015
172.57297838999767
172.72507898093932
172.874377180009
173.0093625753141
173.13211481907823
173.25087875607903
173.3773928894519
173.52261090033613
173.68056013413997
173.80016391903064
173.8635000856471
173.93574773161424
174.07965995327575
174.30938221717057
174.58601746812008
174.9159329179439
175.3521647874075
175.88156588894594
176.50186181914313
177.1148046897402
177.6444095742601
178.12410389927254
178.51820501222412
178.80523988082948
178.96728143178734
179.02717815308887
179.08934262828592
179.09746665129535
178.9816481967567
178.75200359417943
178.48439271313308
178.2308495426002
177.97323953823886
177.70674369450234
177.42740871143616
177.15578338499137
176.91294091200774
176.7012007653103
176.52474581666914
176.37841997928288
176.25493123469585
176.2074210341983
176.27356832907856
176.3648689464599
176.36684202564044
176.2263323965231
175.99094137768878
175.74690659683228
175.5150694634844
175.29054764372174
175.0970611267999
174.96133286114275
174.88848133257892
174.86279634571935
174.8759113494368
174.90009558426863
174.89290851510506
174.85653941003864
174.81825586138106
174.8015423821795
174.7925673191705
174.76402035050023
174.731212891972
174.72025540094612
174.72536541624035
174.7242031322598
174.68442756410508
174.58730762177754
174.4966628336975
174.4957862492519
174.59858964987436
174.72011297258086
174.75879946703094
174.70679108039312
174.61546348101922
174.50926405274458
174.372541086251
174.16569897368743
173.81335902234247
173.2329244383964
172.35561843571827
171.14532109035432
169.6694107185893
168.0991554369992
166.5537421038292
165.09740461748444
163.72265417017832
162.38408058075214
161.0676791477436
159.7717706233614
158.52279734793186
157.35707917921542
156.2624792493565
155.21849618242422
154.27268959636805
153.5024985228289
152.9463589117339
152.60591005196824
152.4670069868839
152.51955302087896
152.73696078557387
153.10707139196933
153.68436702322253
154.56772358508894
155.86712705393163
157.69108707975658
160.09104111602392
163.02201534864494
166.38067603535947
170.0188667057148
173.77004826889825
177.5024459932451
181.14867490667928
184.756334307266
188.41142430668117
192.0194639469591
195.3420916622002
198.26567105640888
200.8087967706189
203.0247639171634
204.9743514074449
206.72431119038765
208.35928587541346
209.9046138154154
211.3456405535264
212.6555568246671
213.7972579213514
214.77552989422279
215.55317526573137
216.17394925593422
216.6867214424852
217.1442097263047
217.61264350589295
218.1077383649888
218.60963479456504
219.0919899524258
219.50824527418354
219.83388731175464
220.07647933499578
220.28489650166796
220.45320264628788
220.59817459197407
220.62183249281335
220.45623236952974
220.1434574748354
219.6997217988033
219.16668220118342
218.57777983708388
217.95502689463194
217.34717471183382
216.76504103408382
216.22417631051366
215.8074158209629
215.51717328165216
215.2986331819598
215.08067515833483
214.86178365724976
214.68334308611998
214.55223974731436
214.45956147460055
214.38444484041915
214.3486671864419
214.39762773162437
214.50484546071897
214.6187032513615
214.71580373983278
214.7786493669601
214.8024038452431
214.7958948253783
214.78312236481912
214.78316053742458
214.77367359826025
214.72059296677423
214.60284209808736
214.43200629385933
214.22156716954822
214.01979586623284
213.8507146047053
213.7237296345724
213.65149584306965
213.63095552755436
213.60335573411706
213.57230920890956
213.5787668298249
213.6821402583183
213.91270809069243
214.22872052271455
214.55035900342762
214.81910099052322
215.04615707064616
215.2898245296787
215.53616244195592
215.79147178146474
216.07418649668597
216.355826914624
216.5703179856069
216.66209782742854
216.61557610421656
216.42079693919888
216.1428641974806
215.88998225519495
215.69924451931473
215.51308898096784
215.27326555271844
215.01136321389987
214.80539021426569
214.70361620324653
214.73173056370936
214.83878906449783
214.92512428424487
214.949160862616
214.94788056964853
214.93500488433446
214.86412130705776
214.69866530191226
214.40661114100394
213.96640382032248
213.36180111751366
212.6427547450147
211.90963863044033
211.25873960310798
210.71679132335214
210.24851330384007
209.8964701658555
209.77276116232395
209.88962636432757
210.15142649885587
210.47498934151244
210.8625610377814
211.34652819863246
211.95919973410838
212.66894925277074
213.3707707754564
213.95443954083618
214.37605429990904
214.67889312271257
214.95191438338165
215.25391440416917
215.57947633752855
215.9009375815992
216.17569910062306
216.3853396864617
216.52457283797253
216.55616281351783
216.44129050320933
216.1800694609787
215.80685046392182
215.35270175233546
214.86090468684563
214.40113383012124
214.04729136518284
213.79488516183397
213.53348289422306
213.25734186898194
213.04376776060275
212.9606076553942
213.00577804085103
213.12695218524834
213.2479236041661
213.31432769469126
213.32484539005222
213.35428653278126
213.45811396983615
213.65360697843977
213.9093292730912
214.12876978940486
214.3274200657304
214.57197998886323
214.89113958579347
214.94125131357808
214.27913346873606
212.94953849428737
212.2158654501352
212.71483466381204
213.6280655431056
214.46907128583538
215.1663721550032
215.6280564556455
215.73879050222365
215.55942470325877
215.1943941660208
214.68417629618858
214.0028374230863
213.171277077367
212.27789678619345
211.40715289256747
210.61835900995695
209.8582757281411
209.1113094506643
208.4691684232383
208.00387162813595
207.85886382761865
208.0901165909493
208.33787032802036
208.34149299858626
208.5167000310845
209.28929440650313
210.5453355698416
212.1792990024249
214.15826509815156
216.4108971878344
219.13801565779409
222.47444922223613
225.74563225540786
227.7208623500469
228.4937713353787