171.54175835026308
176.82485508102766
175.72325278311357
171.23648753626168
167.77089407871966
166.40102010888174
166.38079932772044
166.66560400927753
166.8327843367191
166.9825687929897
167.17611585689306
167.38459950329153
167.61136547957588
167.8600666207527
168.13291324122997
168.4153344568726
168.6607548725825
168.86294401864373
169.08111375526892
169.33987640500126
169.61315018168415
169.87356440893845
170.08874637265433
170.22598940539638
170.22246876530028
170.0586770305119
169.79848053610613
169.4923850488972
169.19775588836697
169.016445498186
168.9855596469096
169.06227867812865
169.20780763612112
169.39136069044577
169.57982365733426
169.73284572097924
169.86221220977149
169.98663731980122
170.11201248172438
170.2386989855851
170.376638213035
170.52513307759267
170.6567528513648
170.7914429386154
170.93222812533372
171.0575267076919
171.16543473288908
171.20797282589268
171.11901892092112
171.00830900726777
170.9591772358305
170.91889607067912
170.86310058651333
170.81185729359862
170.76527324049346
170.70024784508377
170.6151241945867
170.533066007975
170.46856832895875
170.3875736247753
170.28151034914856
170.18705010334193
170.13654965885158
170.1635776836733
170.30068864276495
170.49733314426314
170.70150889737133
170.89178442554282
171.02742312142675
171.1134572455598
171.12336617107755
171.0627502003229
170.9511882933283
170.79913089998496
170.65271180631885
170.56310181496704
170.56104224357523
170.65302498815282
170.82757401208596
171.02834510914298
171.2522438621799
171.51957848888975
171.75626769441863
171.9126706563346
172.01759875809628
172.1131265398793
172.2218224255706
172.31846177596753
172.38546586413958
172.44084663428578
172.48167643358266
172.50293188101685
172.51255725419725
172.50588361594953
172.48970176156124
172.46556081472642
172.44697209549213
172.47017450022432
172.5057539821834
172.51878915782908
172.49365020085565
172.38775215804372
172.21786429454718
172.0493544174933
171.9365298974721
171.92149772894845
171.9722156659176
172.0282864530872
172.05811797980402
172.06528614988022
172.08870207891036
172.1376105319641
172.1401192113329
172.06582147362633
171.94963197551647
171.848036950363
171.80966254828928
171.84844402867225
171.920504508789
171.9635168202185
171.9252318328182
171.81281880613062
171.6994588302528
171.6394099828704
171.65281840205444
171.71678663598794
171.75142040037395
171.7257228209084
171.67225418901634
171.61196143215744
171.5451669191206
171.49961342516573
171.50353681120635
171.53085196581688
171.53820076401553
171.48195273871985
171.35863074022168
171.18015584580607
170.97408815313656
170.77629780572153
170.61808770581104
170.5127886204554
170.44349909001656
170.3807474989077
170.33571520552846
170.30858350043854
170.27379620166911
170.2691543011057
170.31072958521733
170.35974001687816
170.45045154949503
170.60321173881368
170.79750012861496
171.04571178045646
171.3301954613824
171.61852767251105
171.8839326034396
172.09321430896557
172.26689333605734
172.4158518938688
172.5312407336735
172.66893380111256
172.85854380813043
173.07658401229526
173.30443784060722
173.5080652386125
173.64086721840118
173.7109198912063
173.7462076613981
173.80589704546838
173.90971756304486
174.00975709929176
174.0480346438995
173.98504573143393
173.86503219778785
173.7767108702126
173.73030772680093
173.67467817988447
173.57711910991054
173.47077709105625
173.38071289230385
173.25980494000055
173.05950225390677
172.78369001185905
172.43961865200077
172.00018150123435
171.4849293278419
170.89409410739566
170.1700925375824
169.2357265662784
168.11164906134738
166.95079557232356
165.780495032396
164.46344827055447
162.90277715570897
161.11307752731298
159.35022584351984
158.1132403882201
157.7933694793943
158.3921660182249
159.79129196385696
161.94755785789079
164.90518957398993
168.77736043084758
173.6244260564191
179.30184721580966
185.5700645453557
192.3128540183574
199.4751541800149
206.70226041712476
213.75020734527902
220.90391098946506
228.58346389446072
236.63863336773323
244.46527585711124
251.73602964927028
258.275258598298
264.0802316350015
269.37683651115265
274.44323892359074
279.42251964256263
284.2110808996082
288.7074171208835
292.8851016809784
296.7130888183363
300.2120179664519
303.42427475213924
306.3000374808654
308.7250916833774
310.6829136237255
312.1221781323418
313.06577092639975
313.73532768447717
314.3251792145412
314.9604872537154
315.6024744759785
316.16140912209306
316.8271326989052
317.6927827620613
318.6427225793685
319.57678026665394
320.3781202426077
321.01256654852523
321.64427237886207
322.2985021989723
322.978337364375
323.734728094725
324.5674751362719
325.49177782293026
326.51691833848776
327.64742464789344
328.88629149910787
330.1624902870095
331.31116544693214
332.2555230082078
333.0324335844166
333.7755660104211
334.60279694706253
335.47167680465253
336.31753650911423
337.10337514662467
337.72648821501883
338.0591817908191
338.24593064641925
338.4433208089341
338.7015205099682
339.0018480601243
339.1592716626469
339.0610731587663
338.77735234154403
338.50695575380416
338.39658152644415
338.4329701062378
338.5550202202262
338.80302147186376
339.2291290309149
339.77814102265353
340.27924129390607
340.6478405631751
340.83990063941496
340.7928852883807
340.51265820297397
340.1152635510399
339.78360965074205
339.64162002133787
339.75982945409817
340.11899390249846
340.597205593539
340.9936012157301
341.1634377305402
341.088400327625
340.86490412328897
340.61754792743227
340.4636500683591
340.4135070103988
340.41199268048985
340.45741827180365
340.591777486889
340.7845711370901
340.97613461829263
341.1160248220639
341.1638193792021
341.14622249141667
341.1047848576789
341.0386853244808
340.92508495064635
340.784748737932
340.66966307798623
340.6637843883268
340.83733222698953
341.1189448000455
341.37426833049557
341.5505681106405
341.7079437458829
341.9407391309243
342.3089114670397
342.75787547185087
343.16832294661896
343.5594201920678
343.99440450749154
344.40620248370624
344.67387408804103
344.7395392349549
344.59496089501215
344.31323882260745
344.04455588861504
343.8799970579257
343.8219993060691
343.8999817513549
344.10674922021235
344.3398135424358
344.5344469165028
344.67533890065465
344.7602720750246
344.87927520343555
345.0744618127382
345.28552146725093
345.42157430493785
345.45284362851
345.4627293166726
345.57348157594737
345.7484801942394
345.8722499691798
345.86249212279034
345.7899772548624
345.76346868945
345.8255112059616
345.9448161720595
346.0148690747666
345.96147115932956
345.6964135138414
345.27893756915887
344.8334883779658
344.3883448669471
343.95051581446995
343.58030358787073
343.3518593306974
343.25031497184034
343.20608612508045
343.1778349546067
343.1368247609936
343.1029836456778
343.0645746392105
342.9356251977668
342.7417556621518
342.57682234684444
342.4703107285226
342.3359176272638
342.0882017913438
341.7546653620666
341.47365999561526
341.360813000563
341.44282614725887
341.60014250526916
341.6634602529535
341.6250942364468
341.6742577521944
342.03952085932315
342.8480226316705
344.0794359383604
345.53430434790033
347.01540042416065
348.56477900958146
350.2468824982917
351.96109402480255
353.5914493453298
355.0424265801119
356.2046232932796
357.070997255996
357.7620620107124
358.37774054692994
358.9633027485421
359.6329183370729
360.39050343276847
360.7686158092477
360.24190557915847
358.7451166057093
356.19549336946005
352.77081965443267
349.3283754619545
346.66485589443147