0.0
165.24954665213238
173.9843894527231
179.24199406090162
180.07824798284727
177.39539929050488
172.36200815333933
167.9134452796769
165.3772049290702
164.28985874329612
163.95974338362208
163.98854487048283
164.1408547089015
164.26591639044648
164.30224889616235
164.29149445372502
164.30265271032033
164.35516746867816
164.34822775179538
164.08593218364757
163.60283559690782
163.25412894531877
163.11388701347045
163.22918880876685
163.62568977868438
164.09249993310226
164.46754809608854
164.6206701059807
164.59295622174943
164.58432279245136
164.70946493975066
164.98092618861853
165.3724737099573
165.794541391915
166.1304136659793
166.39733188920982
166.65181846636594
166.86144137192994
167.02417918095466
167.20095890718167
167.43941502882487
167.70569148185683
167.95567664667047
168.24325508696404
168.56214704259668
168.78495308513044
168.92289251479883
169.16339743682317
169.47393116504796
169.72256533364956
169.95767459550828
170.13869081888504
170.1933905407712
170.2464384627223
170.39905830899914
170.52542122481367
170.5490006294675
170.5905422463269
170.6833185677524
170.6589064352686
170.61741915878113
170.7547165820418
170.87198955158377
170.8390716833074
170.77484801107988
170.65068805263974
170.61921188240197
170.79164588275486
171.06025409897495
171.36553755561437
171.62073257838648
171.70914261029358
171.8699818858016
172.2165267565058
172.56006370022783
172.81848195555514
172.95408847680818
172.9183440689781
172.78117366375247
172.57061028770136
172.2202088551644
171.82193766098572
171.45239215047496
171.09108281374307
170.7741275595337
170.53345377304555
170.40691176945592
170.3609087527268
170.34260836278767
170.3464006359864
170.34163437082913
170.31751494112387
170.32716164560577
170.40530784825376
170.5331155223414
170.67143418081702
170.75560935318506
170.7809006010752
170.7895333481738
170.78707914770206
170.78690692805685
170.8061453049063
170.81463434277856
170.80607928024955
170.78572300685494
170.75561918866836
170.71935723878616
170.659834586859
170.60405436017595
170.59885280474288
170.66272357262844
170.80071940565864
171.00340266515943
171.2107392307499
171.35414564247222
171.43633788926138
171.45861232339587
171.4208270235442
171.36268248956694
171.3361470614334
171.35578927159924
171.38982680617715
171.4288637742733
171.49133576275563
171.56145398530168
171.61955517472728
171.68150772039544
171.72857532582427
171.73099929042598
171.687466605777
171.60073496244567
171.52899491248138
171.49378593241067
171.4505741218351
171.42601163209952
171.47648858452604
171.61714620404416
171.83194863725757
172.06649972951914
172.25656936800556
172.3687796144237
172.41416032059203
172.42782423248556
172.4170279333817
172.3782747018128
172.3588385917596
172.37671506940066
172.4156976803653
172.45498805435986
172.47946589231026
172.48410095474176
172.49667120748407
172.51934593356225
172.52476429328618
172.51489831996318
172.5208771496649
172.56023996317
172.63381980714456
172.70794568791962
172.75385342686687
172.781617046985
172.83261133418972
172.9319296003287
173.03974430545378
173.1533534935702
173.29369058286807
173.426584266792
173.52595832544714
173.60666277626723
173.65295763303368
173.6537642467079
173.57880793752486
173.47163540126041
173.36385239830042
173.20635452592597
173.02381638426175
172.82204507824252
172.57173825049145
172.30364559848005
172.03025209700004
171.72976276197895
171.43550879277103
171.14640666151647
170.84830366163584
170.5660379928885
170.2998699317108
170.1185014547632
170.0342190818693
170.00869142490794
170.0843366882183
170.3406598516364
170.87117596642707
171.78339784384036
173.11294015242652
174.81519476316777
176.91087897447534
179.43555625693804
182.38220029727663
185.75291628434155
189.6262637275927
194.13906556362957
199.3184805364685
204.72023454705018
209.56394202357663
213.89210581778335
217.97362321240766
222.04715547133972
226.0920071330722
229.9138111226386
233.44748600993276
236.73524314873757
239.8208708295265
242.71895612349502
245.26922196149343
247.2451980058168
248.61540727788943
249.70281720137785
250.56841480035737
251.0608824046447
251.2776750241015
251.38112218517006
251.44114615799913
251.56158957744773
251.69488514357303
251.73603606244768
251.85457691211656
252.1272540594581
252.49013177035374
252.90631748118784
253.3852970142875
253.8116185991043
254.25605521712828
254.74462411732108
255.1461654731891
255.38750260360322
255.49112988210948
255.3999725809779
255.11071842069327
254.71702125134823
254.3480882215199
254.22621792331466
254.3105273182698
254.55574550233962
255.04229317823206
255.68595422396518
256.34480534202845
257.0676858803555
257.90520666184995
258.8113173614386
259.66640593027006
260.3535454044197
260.86189195633295
261.2067256108446
261.4422776492014
261.5194616144767
261.4586531517048
261.3558820143532
261.2605530399809
261.18593264914284
261.1342029260142
261.12838161644055
261.164864495946
261.15907737363796
261.06805824735864
260.83292132395906
260.4005871109398
259.8394362640829
259.2591661164722
258.72871485334394
258.26418654955637
257.8340160693033
257.57135804554304
257.4757428021781
257.551950849289
257.76523762819374
257.93979175040903
257.96946906373637
257.8418354160578
257.58567085722495
257.2762303016299
256.94156398849736
256.5574134070586
256.16680631783584
255.84815699592514
255.6100249933839
255.43966829696285
255.30328916533614
255.25691701415326
255.29484985213784
255.33877320469026
255.35766603489935
255.37598353430698
255.44611830481637
255.6067762751146
255.86249320990328
256.08367019287783
256.2132595019507
256.2973211829354
256.3930570800799
256.54521693110433
256.73596408469126
257.0035914574469
257.40575607450074
257.93068789437257
258.51555418866235
259.1500180997432
259.82416228119894
260.4607877146866
260.9574921817802
261.2700925070357
261.3811776807164
261.26586630774307
260.9862285626529
260.671478368802
260.3763804357643
260.1849652106622
260.11232547837346
260.1024101235179
260.1324133877838
260.1138840314215
260.03597526119995
259.95888057032465
259.85744741125706
259.69881415688724
259.4996206469858
259.2770941691001
258.99676462843803
258.71295797611333
258.47312652930157
258.3416477879883
258.28511366431167
258.2116713608919
258.15745888355224
258.1148874266932
258.0769367681732
258.0897081343564
258.22724572120916
258.45674854010934
258.74318034405906
259.05715407391745
259.47722684511655
259.95624232768233
260.44332118782336
260.9109954916628
261.271843626473
261.45868768548667
261.4765560220925
261.3221591744916
261.05369241436887
260.80499494561735
260.63503616301335
260.5296768930873
260.44949727798473
260.3905799224226
260.4331227132361
260.5725634140649
260.75885768184605
260.93865022867317
261.0111014168727
260.92494646429833
260.74862303328314
260.53671077525166
260.345549106089
260.24015479374253
260.20381341460984
260.1687618142938
260.1235402196961
260.11140905380813
260.2096647719387
260.4508726974877
260.7798051925072
261.1031040576798
261.3656292431299
261.52034654802605
261.5621044603522
261.56795605204
261.5364143724187
261.3841339542505
261.1577517972217
260.90105383405944
260.64817196339857
260.4400888813981
260.3508868388711
260.3699739396792
260.43543630981617
260.56562536011825
260.6922287238044
260.77794211166116
260.811513024781
260.82951394134005
260.9313503225457
261.19241819695696
261.6082876686918
262.1068027421103
262.61071565926386
263.03104691021724
263.26931818422497
263.13169326902215
262.28643670217104
260.45737665202637
258.0097915024837