171.32230797288688
169.72377723871114
168.24118482961794
167.30637724131964
166.94804634850473
167.0825826677085
167.36859989734455
167.6239662732998
167.92623949658866
168.3459056207777
168.83447582342612
169.28829082400688
169.6586158466581
170.10220053339538
170.790501318829
171.63840667598947
172.50922285607035
173.42983225979737
174.35809523375508
175.11416056934604
175.58677891632777
175.81826468545586
175.91523969287772
175.91612308810025
175.78715278238803
175.51458818523201
175.14825402982578
174.75371924092633
174.36235133948063
173.91974269503373
173.40430579839983
172.87198864866798
172.42758715892109
172.16178031671595
172.05456316209933
172.04444684058808
172.03118652373013
171.84699345056575
171.43776439241105
170.92872678511128
170.5062485693784
170.35146915296235
170.47067577516594
170.65053225218335
170.70807021851184
170.62033155613713
170.5433728618333
170.6137594817482
170.7189115473372
170.74295759393448
170.64995165721302
170.52035762606897
170.46896645080523
170.58001971370962
170.87518508290623
171.21496474649462
171.43597310911323
171.49734896383825
171.4295081843289
171.2508111785061
171.0000142581771
170.774515932833
170.63904442594244
170.5392400441146
170.50719912605598
170.59748715622746
170.71999853953366
170.78456030100057
170.83824269642844
170.90590415682593
170.9775209957338
171.04327753335406
171.02304992756305
170.8768513167724
170.70817197140565
170.65838597117437
170.81872337336551
171.0693788067602
171.2439825210339
171.36845454807784
171.4559952293184
171.4541083403832
171.46531997414098
171.52751787735033
171.57401381399794
171.4901217694876
171.22052387852136
170.8825900523272
170.55987169473588
170.19355962410907
169.90502208092295
169.8181582919636
169.91840758519078
170.09775741464188
170.2747114399422
170.43509655227075
170.53895508089877
170.50002410687503
170.33769634791827
170.14663627033616
170.06562293771498
170.14431624227512
170.2480739123372
170.22245698596774
169.98391539384176
169.6583350651369
169.41360993681798
169.33929671326823
169.42424738608673
169.58887841373578
169.792146992577
170.02944056618236
170.35436703777768
170.68889816997282
170.86757536274453
170.88858587529614
170.90163822722752
171.05044032557657
171.28011907642684
171.4032160021148
171.34953730193973
171.2181851989559
171.16435342746814
171.2693848148588
171.4412262088138
171.625758784917
171.85645938207585
172.12679859337047
172.39129676439126
172.58003980485907
172.61776254152016
172.5186844208495
172.2862877287045
171.94443172477042
171.55704820118322
171.1216534873428
170.61788526642385
170.20892122778426
170.03954796999278
169.9498687699397
169.8482767116082
169.84480162103048
169.98928596864104
170.1871595489181
170.29122733017098
170.19122194125907
170.01681686507206
169.9188304855333
169.83536895197426
169.6274971403082
169.35755278888266
169.2583891763858
169.36341558471852
169.58399545980674
169.79510476280672
170.03156749250343
170.41536778624862
170.8220140840059
171.15410708213528
171.40761291434944
171.54913005567465
171.59982722780416
171.65642303598378
171.78472848046172
172.03172190363648
172.37176748200199
172.77035669745501
173.2463728657242
173.86938632739736
174.66221254281103
175.55313784705166
176.47915337182283
177.41230097627806
178.27220880258383
178.99646513483694
179.6626784649322
180.40527628428376
181.38269512792272
182.72715949680128
184.45706686228272
186.6172102017523
189.28025348900547
192.43513500407283
196.08318325429164
200.17653925503635
204.86756531944343
210.26466488462682
216.23904497528756
222.62066291738768
229.25218638510339
236.0946588925325
243.12968275226427
250.2579197101023
257.2721442592252
263.8683876142071
269.9446943032739
275.7182962700326
281.4206403585323
287.25716961914907
293.2562295355271
299.20927188362975
304.9457826203596
310.3626776220583
315.399432716015
320.00041242309953
324.19561226926254
328.0981407653536
331.60151832011246
334.68087877577625
337.41395009045505
339.8884494896199
342.1497954309792
344.1943123881513
345.98343017217167
347.5228718235189
348.78659387897966
349.68955249973294
350.14141774441305
350.25706444701746
350.2794136367396
350.40014180345884
350.65951004114214
350.97595822841606
351.25223399254946
351.3200919631496
351.00859321333667
350.420863175523
349.64506014194507
348.6867293609261
347.69597127103054
346.8643848118092
346.2018123742182
345.60255306019826
344.9340784000724
344.01775150844526
342.95065982834785
342.021079168676
341.36739515653005
341.0500709674966
341.0977384336812
341.4002632353313
341.75564872932875
342.07373373749965
342.44877395476425
342.9395087362866
343.56290113126045
344.24088345423024
344.87531519071206
345.4793738481217
346.0808134067723
346.6905439450635
347.30670036109126
347.9271583258614
348.5592221169712
349.16878566304274
349.73777241922653
350.2902917770602
350.79408718801926
351.21294237231774
351.5821099473336
351.8938342241499
352.0816490106664
352.16348781122207
352.24994909764536
352.36290965732525
352.38070972520353
352.2331725531236
351.96385091834105
351.5803333672604
351.0315539383845
350.2299595160266
349.1760852025843
347.9696555011665
346.85061123036917
346.0390231031855
345.60472184793576
345.5497323258806
345.67297859690177
345.78217294221605
345.8434825845386
345.90932863873263
345.98002234704984
346.0495176051319
346.1902743856595
346.53354364769916
347.11529627508475
347.8878538429534
348.7427171395536
349.59355260567287
350.420344469036
351.2208333474498
351.8367753902198
352.15985843271943
352.1822734870287
351.9254637374735
351.39263455166895
350.6502367287841
349.92676196619107
349.4674401170674
349.378742914441
349.54232445686375
349.7304015768622
349.8618427465084
349.9537653380087
350.00691685575276
349.9758126632401
349.9530166410627
350.06916978853496
350.34018953488055
350.70041511172997
351.1374547965754
351.7020248189626
352.41026525856154
353.2351553822433
354.0381250645179
354.58766833865263
354.7133234916679
354.30929831085837
353.4141935381572
352.143660021318
350.7208201263541
349.42982882461274
348.5187312235945
348.1754351446641
348.4080883068089
349.042038493468
349.74336166443254
350.154823450585
350.14666859331544
349.79517845831197
349.273044576591
348.7440709954121
348.35283245514324
348.113309301503
348.0131291877286
348.06459362144176
348.26225133825073
348.49853320680234
348.57702996012404
348.3300107108734
347.7467646785867
347.04755003665525
346.5172487782148
346.3136321331123
346.5059713316864
347.1088565017652
348.0183054047574
349.0900949117213
350.2142335418172
351.2215162259865
351.93477517846463
352.20089654896026
351.98465159563057
351.50791346367635
351.06240229318763
350.8518654895889
351.0115595210549
351.5581911454792
352.25754072057
352.79589482760065
352.91475398313645
352.553317758589
351.86835786534044
351.06928557025594
350.3495734330733
349.7223518911451
349.08615928639637
348.51882895138783
348.230288245407
348.3349087403201
348.81025840891226
349.40794509889304
349.7340820942999
349.5008151501651
348.74971232192945
347.83260982780035
347.16779945367136
347.013889841945
347.4128023386222
348.1902057778998
348.9568133843922
349.37327221264036
349.3000967088994
348.75692658714206
347.90836400726886
347.0802311255879
346.5946848917953
346.5522802866032
346.8563456274521
347.33552400542624
347.8590135339223
348.39450498405273
348.900489758228
349.3311463585802
349.7154958057739
350.08671114538333
350.3198154529156
349.9959809264214
348.50925054766344
345.31612153714525
340.80564505234895