155.2708528239887
156.3781790488253
157.50314453319447
158.0619767032232
157.92240466603727
157.33378913265614
156.5786745276219
155.80989340409752
155.12745099490684
154.68457331713012
154.63282104399212
154.9546774727721
155.49598535959774
156.1669851308814
156.97469149798212
157.9326923250868
159.00170835341257
160.0828977400584
161.03240161625422
161.7454570736672
162.3002991267207
162.81559474741624
163.234777157505
163.49906445108238
163.74034625332644
164.08225819004562
164.542482377525
165.0798616500627
165.57700506543844
165.99105367288803
166.36984988151463
166.7423000559154
167.0550793230654
167.2430328360212
167.3390581050644
167.47257071333775
167.62715445967652
167.73786712225785
167.80127169942307
167.7916845563217
167.6752748854601
167.46892884568007
167.36383831090012
167.4010515522379
167.41127833942787
167.28097312462722
167.02569923457204
166.87680735684518
166.8900082588076
166.96337245382526
167.06553873584437
167.20500178993615
167.36463004205882
167.54777607002706
167.7765545539574
167.92843447695844
167.86079553870184
167.64914096878968
167.51838183756917
167.59854094384966
167.9103596382343
168.3354936837539
168.7150288348135
168.99003668305113
169.2013245119235
169.4529145667771
169.81627004487515
170.18795271880924
170.43118693848928
170.50299939459387
170.4237031095567
170.28140929638025
170.21068838621503
170.24654499637828
170.28637244237095
170.33085912745875
170.3741827835317
170.32356397118372
170.24103707694368
170.0980205996669
169.9100662309967
169.6834024994561
169.37568759476844
169.02362064195236
168.6842941181805
168.37704249007132
168.1382388593697
167.98395945062413
167.94406022006865
167.97398009065938
167.9601428556575
167.93082952179316
167.89580407492815
167.85174293129944
167.82645057854654
167.788269554902
167.75234730323876
167.8351648709162
168.01958725845367
168.29018068844914
168.6419313907113
168.98912507053296
169.25736406289423
169.4770077530508
169.71469950288326
169.96277050707636
170.09976008456266
170.1088346969132
170.13339275183617
170.291295651429
170.61094049888328
171.03548398338717
171.4398900088477
171.7009326155363
171.87041895436425
171.98559056520932
171.97140114775388
171.93891565208912
171.93345899054634
171.88685201357805
171.8234128203006
171.78914560987616
171.77449907101465
171.74317415283528
171.62333562585866
171.38117439405278
171.09567483912014
170.86596054662374
170.7133600196762
170.5988528177396
170.48893841549665
170.44519253516222
170.5670990230414
170.77608270348398
170.9729611995421
171.1283228418255
171.24037891545294
171.31570756159658
171.33678170483276
171.36157986296195
171.44383680053957
171.54948512348003
171.66353330331708
171.8006621800913
171.93950618289182
172.12918550791488
172.4246187993651
172.76769651157662
173.09761454839537
173.37782199161316
173.556600437564
173.65192150810756
173.6964623567462
173.6552347064442
173.50625264447913
173.30278595499527
173.10410815229625
172.8854677416382
172.61684690636642
172.36212387336656
172.15601912353716
172.00213105024474
171.95909874261733
172.07313396159776
172.2472623898694
172.35435402461587
172.38918771804452
172.38964972802628
172.3691910378101
172.2972653372095
172.23630122039114
172.31944198020042
172.58472777770208
173.00452638745887
173.58227954005523
174.26878093944634
175.01230043476014
175.72655397720968
176.38299321458163
176.97391123042726
177.43570598163058
177.7696588031661
178.00165947725094
178.25081438768552
178.79851091159358
180.0281165159409
182.16353285981023
184.9279313514799
187.64116824805012
189.91941129331457
191.86657361007104
193.65679985898663
195.33144029006888
196.9399866297486
198.53425749985104
200.12707445292406
201.7531073495886
203.50183720359644
205.48246337387675
207.6956424976834
209.97749523900066
212.25078323923194
214.50080061996192
216.70273900464124
218.77502726195564
220.69168013882833
222.51660181993955
224.29295778188128
225.95710942130623
227.37068821770237
228.43051145623653
229.06562925670363
229.22424939709816
228.96857297727348
228.32821763907265
227.36780040248271
226.2571137792191
225.16206132324248
224.16268667997562
223.35406545644767
222.82750823856077
222.59018562627068
222.52607763503474
222.52232287074426
222.5166303151936
222.49752759573678
222.4488823309529
222.3836473165893
222.3087471587559
222.2406081061162
222.12995995592064
221.93335704892638
221.69177503475845
221.4810243471542
221.3250164952644
221.2556869646336
221.28488870502508
221.41538244966924
221.66093653657032
222.0406073397334
222.45264983846965
222.7901980957547
223.0794066760181
223.3962103596981
223.7504299595809
224.12711125925125
224.5131846839156
224.8958481995787
225.17976773379274
225.21993340862508
225.01037696086246
224.6405923511489
224.20542381083274
223.85496224117128
223.68356016758008
223.69611352920842
223.87656826218324
224.18311394336007
224.54422788668262
224.85659837901017
225.08567206833922
225.26461418523468
225.3854717935001
225.42652576125147
225.43764809271457
225.46393934738154
225.5455510677867
225.74948543554507
226.06724441604698
226.45415601662555
226.86429610627272
227.24225231822223
227.60290157597495
227.9398506429045
228.2042060700392
228.3383703577696
228.3206425453511
228.19204988312612
228.02309304054572
227.85340721699407
227.64358732260553
227.35458365749025
227.0194249529379
226.66565246778273
226.23123031174097
225.73614963824767
225.27710617374083
224.85693093953594
224.4622945291113
224.1080069602914
223.81167084945827
223.57415868281305
223.41646889783087
223.39387890554997
223.54032371914428
223.8299459540138
224.24060195024626
224.78484346348006
225.5046969347509
226.31478935362944
227.09734123887893
227.8245078704591
228.47649057931568
228.97183065570806
229.3092288731523
229.55595213117476
229.75032851732618
229.86554190629062
229.82174921068997
229.59761938291766
229.27410317434197
228.92568416834652
228.55548965716957
228.12223184036657
227.60645248241474
227.04172706724728
226.4761516835008
225.98903683237418
225.60697677420444
225.29523036918246
225.022454790037
224.75928443923974
224.42315120408605
223.92250306736415
223.27267143323024
222.56395891530408
221.89092068491567
221.28885818229452
220.8119559586304
220.4842270075884
220.26925973363745
220.1596218890223
220.26826306255265
220.669115313592
221.32881800999232
222.11340906082
222.93129105645303
223.80570780374802
224.84035054141435
226.12874885006414
227.68041604700412
229.41705418822255
231.21741167047546
232.92168473571073
234.37303219576535
235.45017275129777
236.05906256612454
236.1867419229291
235.87781079662471
235.24503931202872
234.37940737606579
233.3487419495253
232.18447909902056
230.91676741416023
229.57799361098068
228.2629465505168
227.07661313401098
226.03959734267963
225.1519144732713
224.40515802581083
223.7571406444582
223.16180775283465
222.6273447299294
222.2179701128851
221.94996797770938
221.83908000058142
221.88866077049417
222.06351781622863
222.30892694714424
222.574262979529
222.87710810016674
223.2412131995402
223.6990475297379
224.26443878406363
224.93873129104077
225.68561557614055
226.42167325114426
227.0887225183315
227.69042149570885
228.1619962982497
228.4072971326961
228.43317712392974
228.34678148702406
228.23871246527042
228.11391564344507
227.9567917509811
227.74584192997025
227.48548637422525
227.1442588168003
226.68372574983522
226.09301071533346
225.37130068081208
224.5801410372639
223.79762409501808
223.13255354529846
222.6412680969661
222.2454950576901
221.69533027009078
220.6159890101901
218.78639214478125
216.63258981110263