165.37829296679834
162.5041447650496
160.58486899948792
160.1276121541925
160.48673072581323
161.0188451620725
161.68922595017284
162.44618215047683
163.03543428806702
163.4612390090478
163.8429267787097
164.24874471475258
164.75805947300177
165.45471079543827
166.29958327904978
167.17046163829096
167.97889808605177
168.67834210636795
169.27713148957875
169.77029826373894
170.15581113230863
170.51941463716912
170.8588446761686
171.20441963410786
171.53232783102763
171.71239861463678
171.7201973811486
171.6656205366665
171.63593433218
171.61803835898428
171.51653872138033
171.33204482559975
171.12951712429037
170.9196026651661
170.7035301729813
170.43970891589538
170.0314863655115
169.44986065870066
168.82651593980813
168.2819309196649
167.8290221465112
167.4796340003893
167.2000921924865
166.94726156425727
166.75399126519898
166.69507251648133
166.7540291549279
166.8246599525927
166.87779017039554
166.9238775345472
166.92923746748212
166.89556790563086
166.85510575019072
166.7699446121053
166.62173812892632
166.45410287747814
166.34818584273114
166.3540496705374
166.4737798695109
166.70849433721787
167.0758175411143
167.55986905842127
168.07438117573878
168.5274753191845
168.91184491669915
169.27245210405127
169.5904991548855
169.79899124469244
169.80402481592452
169.58874391322615
169.20345273620956
168.66282716060698
167.99847353697828
167.28666979294792
166.66999220061703
166.28700512570336
166.20139111477675
166.38745165001123
166.7456576220145
167.20647603217375
167.73193843015025
168.27730196066602
168.80062067694524
169.26412964463205
169.63649734496167
169.92231824852036
170.10728525611682
170.17945948288502
170.11434446666095
169.93168804509844
169.71389169646727
169.48947614612814
169.28116218358107
169.1101487647478
169.02305468307543
169.03809043369475
169.06024315566643
168.99472252112588
168.84321018304925
168.61074198982294
168.33462935598146
168.0988427945486
167.94244511681694
167.84304819771694
167.78240851660985
167.74203023163648
167.71680220310387
167.75262897967806
167.89889105531935
168.13078308481647
168.3816098721785
168.6259898453354
168.89083741881444
169.190900877569
169.52102736151318
169.8447195115781
170.07187422342292
170.17115907286396
170.13651807767167
169.99936354051079
169.84621725245145
169.71150347461833
169.5819993496091
169.4894641706075
169.41875733940634
169.35295356495251
169.34585827687164
169.44622380518194
169.5981208736898
169.68902976390632
169.70036661891447
169.70679345497282
169.7847562398446
169.8941964839329
169.9647049516392
169.9675524855075
169.85750642643129
169.65709388358314
169.41919055226182
169.1852582873901
168.95968721478093
168.6996949516086
168.39494967846318
168.12725193021865
168.01395462174474
168.10944338807627
168.35566455622833
168.65797930418955
168.9507663876184
169.16633650069397
169.30030740892448
169.4365398399018
169.64301681710234
169.88793009175345
170.08819035790128
170.1803584238849
170.14854345957232
170.09337117152606
170.0746951547155
170.06464142179067
170.07725498741226
170.18792424937988
170.43799958616867
170.80388974577627
171.22193535308423
171.62370411876856
171.9783263323405
172.2690618204474
172.4586749917137
172.57514592273373
172.69046001915063
172.8361493244081
173.03536055445997
173.30853454099207
173.66693354170462
174.1146379502632
174.61485254113347
175.14742934941623
175.73532671132554
176.37323121144584
177.01109327269256
177.57974061741962
178.09659391507512
178.66261855347022
179.34628121243915
180.16319294564948
181.07832808215068
182.07928308957563
183.22568295813315
184.52935167335363
185.79645738894135
186.87345699260248
187.89394319552252
189.10738907892937
190.65881891812865
192.59581056379068
194.90387660760643
197.44388669796143
200.01817019535173
202.41073878016147
204.49951075911815
206.35452331607829
208.1022078845717
209.82090406913585
211.51546585549525
213.17117054316697
214.8336190853477
216.54974971166348
218.28123835166346
219.95217582214195
221.44221299002533
222.7521445479152
223.95198143837035
225.05671051475986
225.98401050932006
226.64863543611045
226.9598862114999
226.8719269902174
226.4119016877055
225.67981160573643
224.84335609041426
224.0264445552763
223.28308061093495
222.64520993434462
222.07667010315268
221.56258546621493
221.13570932970953
220.79617252596822
220.48190066613958
220.1735234035632
219.90235598924954
219.63718957827754
219.3435730141892
219.02072898718478
218.70154407166518
218.42852221348326
218.180026934696
217.93987586151485
217.69773381365033
217.45437955931953
217.29843149285392
217.314970197378
217.5236322957472
217.95199805213474
218.54922659084085
219.18980665119324
219.73777392541473
220.10474141394678
220.25921449590717
220.2546928416969
220.21297007822386
220.16804506527575
220.0597081507259
219.8556207582006
219.5628869941554
219.18813803072103
218.814790503346
218.6183670057187
218.691585929609
219.08588919777262
219.6965263647707
220.35201119134132
220.94493270383913
221.3250753550762
221.37760918476778
221.15082433693027
220.73369562426086
220.1443293272747
219.44671902422667
218.76414528054755
218.1423977895555
217.51450199862802
216.84933212232286
216.20905764997278
215.68087304786812
215.27182281436578
214.92325564783008
214.6506766317013
214.4733678433351
214.33456414071873
214.28712807105367
214.43197197866644
214.72407795458233
215.06271808609316
215.43331558405407
215.89923368268813
216.4623985066504
217.04754273992734
217.62521897329285
218.1600259168574
218.5914821271276
218.93982774065125
219.31202078202438
219.80159247690344
220.3667129695454
220.86361676886094
221.22555431698925
221.48183569976163
221.62284201851668
221.64613980654502
221.6305734812107
221.61744984969278
221.6061952518146
221.58094308156439
221.52139491281116
221.42500494697674
221.2897605057522
221.03058386092857
220.49107736880012
219.67660603661818
218.68940989929558
217.56886053238523
216.39725022890605
215.32013608657326
214.4115599656651
213.65732406628933
212.96381765172939
212.25446536034931
211.6055532859848
211.1737462263367
211.0562341069997
211.15658931731025
211.34371020436765
211.51271103903366
211.5349541366516
211.4489420662934
211.4276935946402
211.614850426311
212.07265012841407
212.7554048162742
213.64580325459002
214.80849931773386
216.2810604935314
217.99520839316014
219.81141316586934
221.5439873271274
223.04348664654935
224.29609353902498
225.35242613253834
226.23427050491884
226.9376729513778
227.40169137312313
227.59988297744516
227.56261208292938
227.30917698485032
226.82928294004608
226.1211553588654
225.2219729502092
224.1708245774876
223.0320954921842
221.85148349125052
220.68148935310106
219.4522912956049
218.18899739536508
217.0463304138879
216.16150806039315
215.5051822265404
214.96055391000334
214.58964224692923
214.52027664644365
214.80462129248468
215.42281585501019
216.29895879312355
217.2649064116159
218.22697485660035
219.2238018433934
220.31334543077384
221.51145246730272
222.82094384690862
224.2201101589736
225.70671634279256
227.2725975094247
228.82282653471563
230.17727211833898
231.08011433000806
231.4047174125882
231.06164934132568
229.98623635431127
228.36802541957906
226.23843049405647
223.34712934393386
219.5793779577004
214.95401985089651
209.58032470570578
203.652282741547
197.1700298561435
190.4049979169889
183.85445346217352
178.07688159345236
174.1347829828635
172.13998992782663
170.99944172168168
169.83032525817686
168.26041843983896
166.43168574454586
164.98273543973974
164.42739342746577
165.05646734771673
166.9012175293651
169.9423877833777
173.34576107435464