162.69520971073217
161.46917727453206
160.57983780361718
160.27788479380374
160.29454369281706
160.4642912786562
160.81126489845838
161.43189693962677
162.3386063931747
163.3455141541587
164.26249636323072
165.22361156494233
166.29072714466088
167.38139850745782
168.4421484634992
169.3555981176083
170.01831411717777
170.47494736807312
170.82192770492003
171.16839632979185
171.59156350832671
172.0833307444942
172.63586930297726
173.20161640467563
173.6843702559676
174.0116888123194
174.13946992752608
174.07217442996318
173.82284678151169
173.3893600942217
172.8408218023147
172.2566644990527
171.76591135187488
171.4987660630694
171.38704003771468
171.2977773952031
171.24105546463107
171.23006368844597
171.3321401782914
171.55956928082284
171.79647632978117
171.96045968480942
172.10809275049377
172.3162721061691
172.53076411173566
172.62729875526242
172.52815666198228
172.2581436896601
171.92068371722723
171.63396572982398
171.43653702171994
171.24908872840894
171.03508339380812
170.89559521818626
170.83919410431025
170.77913970395713
170.74137364988513
170.79272096803152
170.85915646053542
170.81582143873743
170.6602806525156
170.4677656678016
170.25424741034215
170.02332803181733
169.81390693538202
169.6430191098489
169.55456740806596
169.56963452128866
169.60746487523653
169.63064867959827
169.72219810337717
169.90414393610524
170.0746000951227
170.1701581269155
170.20903213474224
170.2440250684176
170.2954196914078
170.34666494244374
170.40821412297464
170.48674947067332
170.5833106695938
170.65797871270757
170.68442810147405
170.70847931761645
170.74944893307472
170.7364962700948
170.63908963328782
170.46904990762283
170.26468610316743
170.10488592009506
170.01811466186118
169.93486547635624
169.8257512691274
169.7124899830067
169.61755732164164
169.59236721545884
169.66389280112273
169.73927219595666
169.69695434478993
169.53408143308076
169.2937685251473
169.0386427001908
168.84315280402683
168.73378268398898
168.66776802157213
168.6136780811982
168.58017155173962
168.56854997282613
168.5756918158403
168.62669688336734
168.75012097536506
168.92806275512987
169.12196687411398
169.3025187396106
169.4055762774297
169.36208435933767
169.20322132792361
169.03592850839283
168.92697570627544
168.94537902486204
169.15187407981458
169.5605641641321
170.09560066837406
170.60610592493433
171.0006007907039
171.31053091352823
171.62442901847112
171.97017431027692
172.30351116779946
172.57557892126783
172.78120843217397
172.95777735988193
173.1332087385132
173.23085804967945
173.237582766253
173.1958294954183
173.1197412818243
173.0217110613856
172.90953306602793
172.81409615556666
172.82753403251343
172.97998626130502
173.1988000439253
173.38207435035469
173.46928737913117
173.48577722778145
173.47440678251533
173.4089896041103
173.29563675698188
173.1830774738653
173.07421209749845
172.96490291935152
172.90258603603726
172.99407228270866
173.33964324262766
173.8263624337255
174.27373343630578
174.63786447607902
174.95214102375607
175.2187479225809
175.47556802541268
175.8214607466906
176.27990144237413
176.80191198466957
177.37681429589128
178.0776520111018
178.94905286170894
180.04104329889458
181.45854130849625
183.26458495532765
185.4468788122005
187.85094842925238
190.32099223376306
192.86999455168973
195.48928893416007
198.16138253314813
200.9076407749514
203.76779701694144
206.76669846195156
209.96099363153021
213.53664972865846
217.6058788433092
222.08406265647426
226.67099543248924
231.07980919508873
235.30920860880232
239.30786339763893
242.92040257247868
246.1384322737983
249.02366059885156
251.64275500210536
254.021336032932
256.1529717783864
258.08527269921944
259.9100142112968
261.61980696897507
263.13514864162084
264.3647646951725
265.28576761887456
265.91881910318597
266.26756314058
266.29254051316417
265.9588869149636
265.3078887828723
264.52316155096867
263.81130815535363
263.3677373427895
263.2404398548789
263.32801881657156
263.6261263118666
264.18451293456167
265.0329377833335
266.0447908794297
266.9638489941541
267.5187643919979
267.540393017906
266.98195981520195
265.9509108848756
264.7181462886658
263.56128503374975
262.59020003602717
261.80270770925955
261.27746107660704
261.0538289395449
261.10130101407003
261.33901128328665
261.6895902203585
262.0613265635321
262.3818505647187
262.60481773213985
262.7443466904647
262.849237434091
262.98972029732516
263.2639968813239
263.7161817194423
264.35039903574875
265.0988122848906
265.9221771736379
266.7783744473827
267.6123997280441
268.4220805056042
269.23053970006947
270.03559867285827
270.7453403712293
271.3137110938219
271.81664417865375
272.3516403561585
272.93502897134783
273.53795290032383
274.05808263168296
274.2753128631935
274.0297854911897
273.3594700178231
272.39044290089686
271.23238381704147
269.9996102785152
268.7608762406902
267.5414934851078
266.3713768080185
265.1477011908376
263.85946226360744
262.53534873736857
261.08142038681376
259.50349859170217
257.9169059050547
256.43396490758323
255.08052694986392
253.94432679481565
253.22780317856575
253.01544233273754
253.24624283824784
253.80332889873569
254.63141852625535
255.76041473447526
257.20100235078326
258.88883196422495
260.7079290228079
262.5909946196406
264.52574268955027
266.5204341693439
268.46999826470096
270.1761103539428
271.5214624044916
272.505717233635
273.2459202536874
273.863921246994
274.3224224661637
274.4584370306441
274.0970736004069
273.2289711999959
271.988265808682
270.5042992643838
268.8616883540793
267.08661469366484
265.2400525565457
263.392624685288
261.4707597985001
259.431461361994
257.4145688022102
255.55797240537353
253.9347865532568
252.53766203208704
251.3761111091649
250.3950777894798
249.5639184022437
248.98174308843434
248.71609310480423
248.79125020959148
249.18584393685765
249.70662879570412
250.21566888729413
250.82521499181016
251.79130910919235
253.34226789237522
255.60155498909336
258.54202569422887
261.91583934354054
265.4467505909731
268.93363710112214
272.2487270235878
275.2395585521937
277.74715090618065
279.6134189775536
280.64893743305237
280.72315172580676
279.9726698549356
278.7908337750752
277.4680690807355
276.10682718013993
274.8105818019825
273.67084659040256
272.55801848351905
271.3416616419289
270.104016665904
268.99590162266225
268.0180141292567
267.1679454816996
266.3951038734978
265.5382818836372
264.4283352146067
263.20126372140135
262.085007176513
261.1497562529924
260.3850692342197
259.7414111057023
259.1180126719785
258.5175359872181
258.0290785626313
257.7550560638663
257.85315616424475
258.45326500199036
259.5556657370901
261.0583553840484
262.906936702866
265.1110121084803
267.6186431867012
270.3191769823616
273.0728945809084
275.62024811036525
277.6036710628126
278.6159653310514
278.2436435292004
276.1353673188506
272.28175558996554
266.771794890817
259.6662013583818
251.55006036320125
243.05636321233393
234.6780784575156
226.98344307972152
220.2329128713265
213.89131036314004
207.09648926246095
199.09138698602834
189.7394977045834
180.7982681664332
174.75264611482308
172.150348695162
171.4473158244743
170.75552840701425
169.01981788964122
166.4931951350805
164.12390543725252
162.37791697858182
161.41689187722818
161.07662260298446
161.27218051419888
161.16713147535398
160.2864775293823
159.07043714565722
158.48390153521393
158.88240519995975
159.89291778668957
161.1937380095858
161.542926980659
159.38142919380175
157.1117843273942
158.7610826376573
164.43556263179687
170.70279763871795
174.40494411725663