0.0
0.0
150.45630493039297
147.2438163952479
146.15182780081037
148.438750138599
152.63497173101405
157.06514699073938
160.28452175676335
161.54485788911325
161.49189091594164
161.48774023766563
161.9462032350922
162.56698384713405
163.09061283274713
163.40145271512083
163.4751616283173
163.43357451252217
163.29946768553933
162.94396872071434
162.27695994056526
161.35873762952826
160.27855228386866
159.02401548105476
157.62378145727897
156.25559603036527
155.15560456934733
154.45082426109315
154.10681013897394
154.06331262541403
154.29587295495827
154.70840081163806
155.17534154460083
155.68897663924508
156.34811917817828
157.2332780458561
158.29811685007786
159.43022471824872
160.55235641331814
161.64254461615647
162.7277218303858
163.84046258106733
164.93798999502243
165.95108028207238
166.85930555039388
167.65093486911252
168.33557867707887
168.9756659104138
169.585467772174
170.14163075048032
170.62170834003666
171.02969572294577
171.3867809480362
171.67429355429118
171.809282687111
171.75274911672076
171.53920609819295
171.26692382273376
171.05230416866007
170.9515304977519
170.9236497429422
170.87936342360007
170.78935414155305
170.62943838819646
170.40118370753416
170.16627935312863
169.98016678897469
169.8764588554685
169.87922676518548
169.95750093531856
170.0657300077067
170.19427127656533
170.35212335480657
170.54622997529003
170.7564441099917
170.8704758239923
170.7964916377039
170.55392154667925
170.22929113634356
169.88659382252828
169.49800512777867
169.03813757245493
168.57316290306778
168.2261270268171
168.09229306681857
168.1425753160231
168.24195902287556
168.27784763760278
168.20197448156847
168.06493689656904
167.9291560845844
167.80345649648373
167.71712215801838
167.7115167200838
167.7130753454448
167.65832167379062
167.57267938935408
167.48740779393933
167.39426015741512
167.2953617161813
167.22941141969
167.2341405120311
167.32700469978118
167.4674642182599
167.59132410670048
167.683355571928
167.70871341518162
167.65756274683253
167.5761118307292
167.487033252336
167.39915770646934
167.3530624272111
167.37900979347557
167.46278950600546
167.5300898314149
167.5614016572985
167.6080191881803
167.68292441668865
167.7461819796066
167.76725752388526
167.77834544873343
167.84628193685978
167.9913755973321
168.16443108189364
168.3006586187395
168.38349931980403
168.44623865009765
168.52344026400334
168.61549912918971
168.71805421306868
168.84303452363125
168.97688126458124
169.12162467498138
169.26963658682857
169.39671693437498
169.48334905522364
169.49829685762415
169.4119841367975
169.22747598064836
168.98709764001393
168.7021732416248
168.37232937330447
168.0607567196105
167.85637408928196
167.77993413067594
167.80241111724484
167.86354312947768
167.9307999474373
167.99894899378768
168.03721639616833
168.03935428530343
168.05939794293454
168.13134033260653
168.25191366313572
168.39152996677012
168.51316224462204
168.62115006230007
168.75968073352607
168.93921464036117
169.1486684464617
169.39333190367105
169.66544316769608
169.92897169306545
170.15241535407202
170.31848019094005
170.43713907729375
170.5259859059937
170.58891996801918
170.6217662978151
170.61242214184574
170.55767247576995
170.50025029662297
170.5163021936934
170.66293547126116
170.9147487224065
171.22258086606237
171.5564256782977
171.88117241355576
172.2435960624366
172.76559512249335
173.49605762829853
174.4326209575613
175.55858111676673
176.79824629002036
178.09593933145268
179.54122891868894
181.34055783654185
183.5392933995362
186.01543758687845
188.77751004109297
191.90587348549155
195.29736907005568
198.74252831051132
201.9709393786504
204.76703041749914
207.06982252562992
209.0196740576376
210.93113358095854
213.11038397930017
215.72894299088983
218.82377645560945
222.2959827174622
226.01001176552074
229.9806247580836
234.29973028129737
238.92227880196356
243.64497139113712
248.13829236468183
252.15828727614442
255.79063630619157
259.19115299855935
262.36005099246154
265.2725559314331
267.92299977175605
270.3002749330569
272.3920653953521
274.1519009370368
275.4888070355193
276.29117037240326
276.47057808871125
276.00627714494965
274.9694524384661
273.4754483397753
271.6215666937843
269.59251458045946
267.66703127991116
266.07896417615507
264.94792743127186
264.2242710851872
263.74631838957373
263.3319406834387
262.834948672013
262.21475995727434
261.5505846676108
260.96594438192847
260.5868770391729
260.48013069774447
260.64055987088875
261.0069329828738
261.47108603474567
261.9253084409828
262.3346933923079
262.67730909238605
262.91738934148486
263.07405673487494
263.2068828684462
263.3923009204376
263.651095809863
263.9140115890564
264.0568061979572
264.0127427562642
263.7083727376788
263.14599803482065
262.44925376923214
261.72162955661463
260.96081806361684
260.14366723909643
259.28376469087453
258.46481346475974
257.7996202105284
257.3243869908244
257.0762312423974
257.0717056216812
257.2438874474456
257.49319864278317
257.73253889252
257.9276388576658
258.0214879370125
257.91041107107856
257.5739643245207
257.1034662150422
256.65084053343355
256.3505263559024
256.2421298618277
256.27674185138886
256.36230784637803
256.43910357629426
256.52031597437633
256.6287202491541
256.7498884476614
256.9065877312356
257.1584798388792
257.51666963680236
257.9691990429731
258.4443079212244
258.83745986325766
259.11804040796704
259.3304386598012
259.6483511361046
260.2039079149702
261.09798181987605
262.40435319507174
263.90912597094115
265.29318148980116
266.3778644894163
267.0848436409419
267.3827972957199
267.24177723471723
266.79021767732746
266.1805471660797
265.52686246220907
264.85126666008955
264.14540098349596
263.49290083570963
262.9703105302565
262.6029142502306
262.3142570174084
261.93337258874976
261.3777992576299
260.646652443555
259.80193493534694
258.9612624201311
258.24964414412364
257.762291085585
257.5659115710564
257.6799594894329
258.0108251690426
258.3964122491774
258.72671166429615
258.97951278335677
259.27113047508567
259.67808146211485
260.16212545794616
260.6975658204941
261.30960542231713
262.1425440649258
263.2364879114796
264.49145454804415
265.81377196652807
267.09230715831717
268.1858337275838
268.9287735904046
269.19290973725185
268.9296083381768
268.2824119609413
267.4583607056145
266.5444428174128
265.5199526244232
264.3655957127013
263.1482509296595
261.9589997288675
260.6960832776759
259.17129540694464
257.33979489697776
255.26784011868176
253.07770768588196
250.87278989017673
248.83373933168028
247.10760841955678
245.85070594624642
245.27319582273938
245.28792159545986
245.67672031989412
246.2878998051406
247.0634441375462
248.01451880156083
249.1586108920803
250.48464838395572
251.98700217602794
253.67092124856052
255.50269594685486
257.4236211376943
259.39279316819034
261.36126142167296
263.31176092317185
265.2535585603124
267.182420942516
269.0237889182158
270.6211116529808
271.87071362748486
272.8362990916077
273.6796304567297
274.48582301739793
275.0829451955484
275.22507244154474
274.888096874492
274.1692706058102
273.13913495764916
271.8893903197139
270.5147257845969
268.9937160058084
267.2464504098853
265.18769704005894
262.8008128039174
260.1899722791919
257.5960507554033
255.07338861448915
252.23077244967266
248.5747861401885
243.83095709705057
238.18532174544166
231.9847839837229
226.02277446231707
221.03416959350298
216.50037495808027
211.68044947432952
206.35585717664082
200.62309990653563
194.6140267252626
188.76475276024726
183.87264505190598