146.56958175820424
144.88424252310796
143.8212714478439
143.96958283368923
145.12852792315766
146.68598430190343
148.08027086216737
149.0394865046752
149.64545794675465
150.1622273276521
150.72436024257283
151.3217874178112
151.97181223481374
152.61617924807618
153.21412317266328
153.76285149874047
154.2221676561752
154.59610025301026
154.89833866453057
155.09072188815674
155.1656343852717
155.23771478035542
155.41915821542418
155.71051814004434
156.04478149060492
156.39634300921674
156.77593201974375
157.18596314268356
157.59174830613992
157.9091116237757
158.11312772407308
158.34947954741222
158.78599339053312
159.42888533274996
160.19038231403292
161.02360171101998
161.84827150738033
162.5891054000495
163.26886422057095
163.91305474178594
164.47409216576068
164.93064579755725
165.31473188837174
165.65889331082366
165.96821365618408
166.2323597853737
166.46475493650277
166.64877372283024
166.75262870655027
166.77147491685423
166.73782531147623
166.68149274928314
166.593585450781
166.52014356255677
166.50474804729026
166.54398740703004
166.64706863001302
166.83133703012024
167.05345095769962
167.2586554829851
167.43166855924088
167.54064490817052
167.5462877552219
167.46017115982204
167.30696116114396
167.0744977912843
166.7727248447856
166.45291909761272
166.165157357727
165.9270199933502
165.74060506636178
165.62909864037303
165.6225210289367
165.71252474243204
165.84915361381053
165.98193984692065
166.06881014586332
166.1098824672132
166.18542229949796
166.35719029344938
166.60024772940724
166.8482018430174
167.03171967233405
167.09057505187053
167.04084411039605
166.970946167754
166.96531016098737
167.04461640437302
167.16574137016448
167.29022470644188
167.4298779462084
167.58333394379866
167.7304142387025
167.8905790226808
168.07783417614638
168.28172484942974
168.50296527264504
168.70306030314495
168.81963644481408
168.8504965147367
168.84690893157693
168.86010109893195
168.9287910608101
169.0745409087664
169.29728149748126
169.59607570146935
169.9463943200119
170.2778254948619
170.56442914931353
170.78679966457423
170.98934967021123
171.27680917609922
171.67332215000883
172.0828308925947
172.39545022193488
172.56892358039326
172.62423346361822
172.6552707476568
172.71982387140955
172.77087352017418
172.78312958068028
172.79056550604497
172.80565845551058
172.7647687347708
172.64125497324355
172.51387428418113
172.4440467922838
172.42381444709926
172.45352392840448
172.5297540355326
172.61116290813132
172.67068852680418
172.67632288285853
172.60508440433978
172.47626212981726
172.28468395328707
172.0434407521772
171.8353816024495
171.72145151655315
171.6576185466041
171.58339596759362
171.49882480643691
171.40418160399423
171.2802652450893
171.14321948520262
171.0131224200294
170.8802634633391
170.76214923852078
170.6984895545327
170.69457519153178
170.730853130609
170.75507735049476
170.74207443678762
170.7171659284798
170.70592361054668
170.7064670843148
170.72550445431045
170.7964563289763
170.9281590543162
171.11513331099917
171.33795619190013
171.57219075976943
171.80213841441457
171.989959907686
172.11248923234504
172.19262337798293
172.24392923259123
172.25623868992696
172.21218601940393
172.10831544316508
171.96902122980825
171.79732003570155
171.61768110450922
171.45255547159883
171.30758577560397
171.19008541195208
171.13893027628433
171.20549491672264
171.35276289007948
171.51415591390062
171.64937103918308
171.75293201247837
171.83137050809682
171.874873677995
171.89037720380753
171.92532300327585
171.98652537909095
171.99676326394774
171.9301651728505
171.8477005209232
171.81442351180127
171.88629450868638
172.10845489939513
172.5199416265449
173.13345198954897
173.93652734902918
174.87987849403984
175.91308436651838
177.08709706155483
178.49873208687075
180.2417535882075
182.39771803716886
184.98735901905619
187.95625883459923
191.08292664332566
193.90602957750448
196.0615370191366
197.50216698283805
198.38493372235618
198.94507564745763
199.52371247428567
200.4498424210846
201.8705596101985
203.65220461087495
205.51836057529252
207.28645373239144
208.88711095562246
210.35469355943604
211.7470500745967
213.02721076298099
214.15072340134094
215.11715977871665
215.9340226443576
216.58717437081216
217.07077047833505
217.37898235863133
217.49230550941672
217.45230197854306
217.3435388127447
217.1840604863763
216.95495765513965
216.64058501334526
216.2375929910615
215.7922379018478
215.39414472983378
215.0768108431276
214.82204901410432
214.6335523159371
214.53688275996498
214.5161326031332
214.50357897314012
214.51182156580813
214.57469219383427
214.7134544106114
214.92210989656064
215.19094505023003
215.51730534309328
215.89124539977456
216.31169216541895
216.77089488954726
217.26432179150916
217.783607748599
218.3280056683895
218.84176635214922
219.29829274922815
219.70438377926618
220.06881328293431
220.3918906393876
220.71134061456127
221.07110624112696
221.44100291712567
221.78282772306468
222.06647557176404
222.27249420696384
222.38383521578717
222.42468847929615
222.4434139738743
222.44293862310107
222.3928668795828
222.29197362586712
222.17160814848955
222.07319285237946
222.02538753875103
222.03580196357782
222.07136672568365
222.07624532408062
222.03071312918064
221.95603391081016
221.8693981583054
221.76229858151822
221.6545435863272
221.5520121171702
221.44312417423316
221.32428464741278
221.17896097040696
220.99566774367835
220.77512926026665
220.583669876693
220.48813942519593
220.48807474293935
220.54818692578579
220.632424570625
220.68839675232152
220.7266720983734
220.82487772132205
221.01505223604804
221.27375852326307
221.54599349945175
221.8157490561237
222.12512383636994
222.44546356230188
222.76005986096345
223.08353095417124
223.43002528203493
223.80228875496204
224.20451519461812
224.5887077440404
224.86022135390778
224.94796858622203
224.86185121251
224.74026170071227
224.62870822295272
224.49440345643194
224.34316279029815
224.18918033020086
224.02887800380654
223.8622953049437
223.70152720657973
223.5559470492517
223.4066735456285
223.23493823784742
223.01930784105662
222.75505789525664
222.44302018089562
222.10347185682974
221.75978433116313
221.3974386541048
220.97048932414543
220.47072998618552
219.90146175894094
219.24855606704534
218.54081270403816
217.801115053836
217.06581378357998
216.4018361442771
215.88424524046502
215.58456569697086
215.53401423708388
215.7321484434781
216.17651172746613
216.88054526751463
217.85458577298607
219.05650205836525
220.34184701786324
221.5653994218432
222.6568762543413
223.59574417864434
224.37391614143385
224.96058822984105
225.35920570893708
225.59690429035058
225.69756992025913
225.659097691641
225.4794219941079
225.174023984881
224.7450159283422
224.25255916675022
223.7389421009106
223.1796347314872
222.59362616263945
222.05578366730504
221.62359224170174
221.29360980516117
221.0069248760863
220.731225498254
220.43629174562398
220.10182414965482
219.74686783193332
219.37563813113766
218.98659816671176
218.61839194213815
218.32036162054365
218.09913364293914
217.95983908581596
217.95222905533737
218.09504463106924
218.36334367872269
218.75678176830607
219.24389384591666
219.80372201572644
220.4466846071179
221.14734843429005
221.85343072786176
222.52669796327285
223.19490065846983
223.87513056221593
224.54404928176086
225.155774620457
225.67435544671253
226.0572200366277
226.21594308005132
226.0736297607157
225.58856484239095
224.7319161759255
223.53474484609
222.03914926391232
220.2597048559755
218.00566358622947
215.1470160462751
211.54643545579665
207.82677255877573