157.4193511904514
153.73339359504885
148.91229669194627
145.26626422756203
144.43858640332775
145.51636888087285
146.95129530747204
148.11086612423813
148.90374563051623
149.4777321293031
149.94656799476186
150.1292219441949
149.962192011455
149.75784930922447
149.87596305812352
150.36281021454005
151.1005672651926
151.9096628599383
152.62045627216315
153.14934160399528
153.4516623711437
153.66987329341097
154.00000179606593
154.30485152303845
154.36706136341357
154.26958595982848
154.25216945116327
154.39865257932706
154.6647014634399
154.99722216798517
155.4105278833913
155.90865822954427
156.42838970773835
156.96109204966893
157.5755533435708
158.269433814877
158.93447314772885
159.51246351188968
160.07276996405773
160.61507805234206
161.03258232421587
161.28922731483283
161.48509647659583
161.76234597341272
162.24694966522418
162.96288605013262
163.7664457289568
164.471619576835
165.05806296033083
165.56047454623177
165.98294287167616
166.35510854094622
166.69672315122378
166.92929030863172
166.99700792335548
166.94270972748006
166.8666766980956
166.8316823335877
166.82729717923425
166.84496386401315
166.90062210440405
166.9520408566908
166.93172614412987
166.8445583835344
166.78245499888686
166.82966876426374
166.94387111426622
167.0462765550458
167.1035546067446
167.1685762688383
167.3227739599986
167.53242556166506
167.737544094775
167.88581980188567
167.97791259788002
168.05573935261037
168.1451935826188
168.2499074903002
168.25788168401394
168.07341863136077
167.7305956699786
167.30493938641465
166.8577893891006
166.45937349783858
166.1412295311668
165.90572681873357
165.74901767437257
165.65269273345137
165.57506884841308
165.47901378797414
165.35496902965156
165.22841146736457
165.15150366469265
165.14709106742984
165.20387936809823
165.35598617197695
165.69674479867638
166.23290451356164
166.8431369724108
167.39528615212419
167.8666671232761
168.3197809045291
168.74344704271866
169.0452968773708
169.1955859410065
169.22595316459115
169.12568232758335
168.88898678433856
168.56220981445747
168.20005328839602
167.87912123252863
167.66361040839416
167.5750057361129
167.59952942616442
167.69348103066906
167.82392707212773
167.94079764114224
167.98266130449852
167.94622064925136
167.89511125375583
167.90254392731674
167.99174679655655
168.14029546528204
168.33564178137405
168.59243699827516
168.9089471626325
169.28558917033774
169.71460930468504
170.1431897275586
170.55330710168045
170.97319535130865
171.3791057438227
171.72219727069904
171.99339283216955
172.16995468569323
172.22220259629526
172.10960908687852
171.8288769573637
171.45508040109695
171.08355164507665
170.81906114347254
170.6843996876532
170.58506302360513
170.42810822552616
170.22590043084688
170.01364574425753
169.7733642621571
169.5177020468684
169.28855557195595
169.11225007469278
168.97531565991915
168.86199296572764
168.7944891523873
168.7761690152925
168.769681484564
168.75753408111657
168.781502495159
168.8373120308693
168.88165358765133
168.9442828163134
169.04352626071977
169.15482490072756
169.22731177306653
169.25850630106504
169.28101952396753
169.30622471886448
169.35791409042653
169.41231046408433
169.44314080659126
169.4676686423908
169.48409564425322
169.441871166817
169.3443187640143
169.2683228148523
169.2522304393787
169.27147612662546
169.282847371993
169.28614389479833
169.33619227496862
169.49742885176096
169.8547392166167
170.47245085633494
171.28602874071225
172.16276979291075
173.07602778809513
174.08780031752994
175.20709100317362
176.27120098272616
176.8436392964358
176.14119695957885
172.9921583885328
166.23920017666592
155.94523530767478
144.65818104099012
135.9198786856375
130.4182089213956
126.94923940362021
125.02614969750007
125.55474062469712
130.35344993705354
140.42205735221245
153.82787202683681
166.34976340276253
175.09657533857606
180.86151929560538
185.54793500723878
190.4137108635469
195.6482845417617
200.58376573803946
204.3566964026533
206.90063486367163
208.8318010947165
210.57496374678942
212.30709696039779
213.93127770240199
215.28548340178017
216.4201177979735
217.30392696117872
217.83413072713932
218.0574273566849
218.16040035771692
218.27470805985556
218.40569154973946
218.40310980142468
218.2756997133415
218.266063612903
218.4290270448388
218.73507933461923
219.13257872093348
219.5652254748029
220.05199533870285
220.61648450630688
221.22896119768745
221.782298151954
222.1813663458684
222.4397083027598
222.59526463175882
222.64170184862502
222.557828123521
222.34270603232437
221.99216103752696
221.5187338518645
220.98701925865277
220.4619396109466
219.95215546587175
219.47985566235232
219.08641656913
218.79826351791604
218.54748459191356
218.30613039106018
218.1168445512372
218.0322759653784
218.0183348564596
218.00692356771765
217.94971503526486
217.81710497137533
217.62331384829278
217.45869374126264
217.47281612632486
217.74345511435195
218.24672715053475
218.89113091532212
219.54406707120955
220.1386411150334
220.6800634975023
221.16643654476948
221.54679998084964
221.770583678817
221.8257819227048
221.70328443352787
221.4113949970877
220.96157658834755
220.39891008103203
219.8017161974719
219.2557447930758
218.8114721201257
218.42497612078074
218.07708309833146
217.8179795359835
217.73128655325263
217.79923792452757
217.91798122105462
218.03737124472
218.17644569638992
218.31129968954798
218.33619295259638
218.28641022676047
218.27178060240922
218.34197966858724
218.51086906110726
218.73667352023338
218.9882986345635
219.22767281510207
219.3985796573411
219.45020196440035
219.404131061205
219.31294803228238
219.19465637845607
219.04030031563448
218.8017157829578
218.49596092095462
218.20441174489835
217.9322853899438
217.61752799264318
217.19551124830537
216.6810515526628
216.1016948370392
215.59276806903972
215.31581603454916
215.31118348317523
215.51132527341275
215.8443218589771
216.21779284439907
216.55764508904096
216.84378654436424
217.05341795479262
217.18704538135702
217.25049255787388
217.3571346418702
217.53622367344832
217.79024135329735
218.1185867073002
218.4949889521372
218.97880438646368
219.57660435224503
220.27321454171081
221.04511084458204
221.80010657076178
222.47262614913558
223.03117670135438
223.47445341676297
223.80448379879533
223.97327522417325
223.90458523455416
223.63209065528986
223.23866144087978
222.79361459819583
222.32450391955018
221.8102011622233
221.2509593818989
220.6234979716185
219.90491371522157
219.04064443826914
217.9662749410262
216.687997958432
215.34540151073872
214.11044578879464
213.13789348860135
212.48603905409905
212.128877375361
212.0380042705052
212.19877943942006
212.60223813784793
213.18074925677578
213.8783276920738
214.6913003231679
215.60340312434153
216.56260985129907
217.5077013481162
218.4304410915155
219.2834172388728
220.03216522614855
220.6768870078851
221.24549489433804
221.81003502603093
222.35337499015264
222.810870254264
223.14753307747733
223.4169887924063
223.67569572817544
223.87921050759252
223.9843284741089
223.92981634645196
223.72127621295368
223.38735218721177
222.97418878823112
222.5301295184569
222.11243544937818
221.7353007827448
221.35769944322803
220.90842109751304
220.38320057315724
219.82167653916116
219.2362207941318
218.62699647644095
217.92059936207045
217.00883364515437
215.7572422084045
214.05987569985484
211.78202445907485
208.72318000848645
204.92058908593793
200.65359977402568
195.9891978726287
190.86154805731528
185.82869538536988
181.72059468122416
178.45080435560928
175.18122834646883
171.8593034998877
168.9027942218491