164.25423839906176
161.66147687979785
159.2938543486471
158.1915925668604
157.91650661847913
157.8857427043568
157.89174788330521
157.8817653351088
157.83919764634777
157.70855746561116
157.4418862017726
157.07277207908533
156.6218733905818
156.04392494338583
155.3962376249234
154.8345191517378
154.47529737327045
154.3548781207843
154.4889967061586
154.78561247729507
155.09511902253394
155.43741716649174
155.90960078680703
156.49806758279627
157.11100401317069
157.68429070475662
158.19865651052424
158.63057214273962
159.0137494015383
159.45428428136864
160.0266581389138
160.70943502452445
161.52360507895963
162.54673863080583
163.73506869648403
164.9809292715789
166.25820413373592
167.47502627321538
168.52420691238726
169.40232821306623
170.08718200162886
170.539308723263
170.85900291346732
171.1094232799831
171.2844337408086
171.45252400442263
171.5971583877756
171.62298595654792
171.5446897609388
171.38458057498246
171.13002810321262
170.7895959201335
170.39813984790425
170.05282840582095
169.84262148704292
169.75228141853887
169.758622419479
169.8905631560586
170.0641330728586
170.17614190397188
170.2286012845039
170.31924934678878
170.54835255922222
170.8170907033549
170.99398099257428
171.06812000412998
171.03286826925702
170.85369473960526
170.55922147633493
170.16245427932037
169.68941839378786
169.19306847702916
168.71542212678744
168.34689358334163
168.11697466690038
167.99094883356906
168.03329526308832
168.16533872724523
168.29487788247917
168.35507987490993
168.31117844571813
168.2409120765989
168.23953518399549
168.2885392900102
168.3050840609986
168.26035545242405
168.17264608650135
168.06282484373048
167.96501764960854
167.89580909837213
167.89723983490077
167.97302542082377
168.09192808998188
168.22593243187234
168.44234630098487
168.8460597272476
169.40525261683564
170.00892291189558
170.59019607010163
171.196687060157
171.912123990665
172.69043558736968
173.36769649068862
173.9309493692171
174.40917102199285
174.7987359365089
175.1433047897219
175.4308620972279
175.5941718088978
175.67490752176099
175.7308231668054
175.83359029389317
176.00009407652828
176.21609283801254
176.4074271637766
176.52397283622707
176.66725249588268
176.92108429216802
177.17561823496186
177.32190365865887
177.42034880111368
177.4812775184541
177.4236948201128
177.2119885410012
176.88968176777047
176.48953826606098
175.9949783298625
175.46260808824968
175.0203141156022
174.70791577318553
174.53472268472967
174.5747166265013
174.90400396898337
175.4377508444215
175.94267003039096
176.29849652535287
176.58399768258175
176.86840567773035
177.16031354667288
177.4092328785661
177.56626597965627
177.6793078611371
177.83618498381782
178.00047173662307
178.11586464594302
178.1992308715731
178.27479133558705
178.37714089532005
178.507061088003
178.57639795480003
178.5484904168493
178.44210133828284
178.2993578516041
178.12421306129028
177.87880199246834
177.55811228206147
177.26491393417922
176.9771835411545
176.63449586272014
176.35570790783424
176.2445375062477
176.33752017220144
176.5807614530424
176.99324638842734
177.5163563519357
178.07482942984626
178.5823665409818
178.8984152802884
179.0959969750343
179.29947533326347
179.44515230185215
179.50108458227004
179.52451601145995
179.61407810009064
179.7339678434655
179.89178079157077
180.14181522390868
180.4269322859849
180.80201565534455
181.35114836504135
181.88974727314127
182.29688099949323
182.5321141834657
182.61610089916005
182.68813046891145
182.9773137154802
183.5396212364965
184.21669903244853
184.95772673225898
185.81781067096952
186.7546947376544
187.7254220946519
188.81527422721837
190.0551786550497
191.43736616215133
192.9884082319996
194.68945164496873
196.52807068431773
198.4717744552018
200.52058520990178
202.58298241265612
204.65371070005284
206.83461286086333
209.04619881113624
211.04684421546463
212.59719678323887
213.60412399348186
214.19975417764897
214.69633364377313
215.46908642008947
216.6730688693661
218.24465891506
220.00573590478797
221.824450988792
223.6576990023286
225.43130902782175
227.0196635197551
228.3511282420722
229.43652466119022
230.24135450472608
230.7308092906756
230.96054411381024
230.97811318772773
230.75112427857266
230.23995408859616
229.4812516539492
228.60859172063434
227.728255748889
226.8736796141664
225.98547232232497
224.95841856835042
223.7598997743376
222.44747511048774
221.16836641897305
220.0577438559711
219.1642010714151
218.43373164384468
217.74795587537812
217.04781852521035
216.33855530105183
215.7043066301614
215.22371443911584
214.88430507208983
214.66629371525144
214.58523384848658
214.6881011621739
214.96587592228838
215.35308801285197
215.7233371666716
216.09817120722204
216.61585760237017
217.23245283339344
217.8087984883501
218.28006340714307
218.6158045075077
218.81303128042754
218.93639245469353
218.950068262487
218.79676107006347
218.55527663903308
218.28811767295383
217.9516030661846
217.52045719338585
217.02827188429518
216.58847771480657
216.29681641117062
216.08349235208087
215.9066908735138
215.85164520813734
215.97544691586717
216.2371562548647
216.56970647627412
216.92132046088054
217.292705256173
217.65893842695314
217.95083967162725
218.1594562498032
218.36809643409032
218.57488886202856
218.7299276438967
218.79213187332732
218.6709958032613
218.31762348409748
217.8100699333572
217.27046591611995
216.76481905890725
216.32609570961512
215.8942150438833
215.44164998876352
215.05544146201
214.8042866234266
214.76552667660923
214.94321697659197
215.30684186714012
215.807050986921
216.28281301440595
216.67520772132264
217.05684266546393
217.5090978337312
218.0552176939584
218.71401443727163
219.42175183986734
220.04227591079203
220.505748047654
220.90038562878118
221.29289876802443
221.72315341675673
222.18130795391778
222.62166521540126
222.99725951953417
223.1752710569138
223.0648185260379
222.7597388269366
222.38336242551577
221.9948403990258
221.62718198590835
221.2534968970566
220.7934539085932
220.10920654908637
219.05095165483775
217.54985590085616
215.67943770544747
213.52867541963133
211.22539247493825
208.95947999837742
206.88179201145851
205.13442534458108
203.84948219674652
203.12795165687936
202.9993373763594
203.35462697414056
204.0841894913305
205.1164275647337
206.3972495190125
207.88953761584702
209.45261530127902
211.05512104937685
212.64835846400084
214.13501547079048
215.45444145407063
216.6011933951879
217.59805314478686
218.53262109750474
219.49938955712616
220.56931963713214
221.7938297668526
223.1534777757939
224.5671458711278
225.9450791998865
227.1739227237418
228.07773503069055
228.51450635130016
228.4659740759303
228.04296552825218
227.3481467181657
226.4465196994904
225.35279285734046
224.09333210324323
222.69686393020933
221.2057453076731
219.64400987910273
218.06635922002332
216.58609333680982
215.30842349532384
214.18428706550583
213.03368403471697
211.87903686540153
210.78548564652502
209.83349963158508
209.16608803125246
208.78494301568935
208.64942569416868
208.73997691197476
209.01931479905667
209.45671148172738
210.02430329927864
210.6599228703758
211.32805351939706
212.06615283569374
212.8682228459352
213.68403243517798
214.4693671245492
215.1675622215651
215.7663395769319
216.24070843302465
216.55720922670056
216.81423073576212
217.10975686188868
217.38255546824826
217.64998691280897
217.8822784004704
217.43978579942302
215.7843953446184
213.6564122298466
211.7976757741819
209.78318820980274
207.09702358380923
203.62748242308498
199.59757540856353
195.689820654163
193.00016019272164