136.4819459660789
139.9051974110292
143.98564646394598
147.63201856644716
149.988039077255
151.1001518403059
151.30678134558934
150.98308075322205
150.4534085145275
149.8643806662607
149.18864871705821
148.51335807371893
148.1400876585172
148.17315513944436
148.4937376822321
148.99727354448189
149.69910189622237
150.54849650297967
151.4301400746142
152.31365819856654
153.25986839508425
154.27569582857603
155.25341805961202
156.07617229886856
156.74938611292058
157.31539970484502
157.7014559712087
157.9105497501522
158.1619681520943
158.72144695174882
159.69225084837677
160.89144649871687
162.1988550607748
163.59660249233508
164.9275114218107
166.138950368572
167.35835018792798
168.6071960736043
169.77160200464655
170.80929328030504
171.7905913840311
172.7095473613378
173.51148339265356
174.16677835807087
174.67360069156328
175.10829899958114
175.49211390815157
175.7656995812726
175.95503711420804
176.09394317791705
176.2043587369655
176.38729310758362
176.63863094495946
176.86309203115707
176.9887534847099
176.95367738834273
176.79076642177216
176.58844533531243
176.33526238458447
175.9618202548887
175.4357207103971
174.7807400610693
174.03974447544033
173.28032936337405
172.57040661807685
171.90546944920825
171.35232672694994
170.93276638005145
170.63518193584852
170.4568691441463
170.3871162352911
170.43997124338878
170.6107028300657
170.88832186715427
171.30330198098306
171.78433210969456
172.24813964584536
172.6882204113558
173.10422091680886
173.43890264090135
173.62782920858237
173.67879596055644
173.67245669171706
173.57565909901018
173.36164253944207
173.07430056255248
172.71120684957486
172.32557660448526
171.98826197851798
171.66984160120552
171.39442240609975
171.18862437024936
171.0424888824087
170.99430550539773
171.04037505553742
171.28588444263943
171.72263189391774
172.1842378572661
172.59648361710805
172.97650952226945
173.31217293464618
173.51605745396785
173.57432665491214
173.50550805961782
173.37355004759667
173.19564461205562
172.98296281800708
172.8042979679816
172.7113853481524
172.6844008552379
172.7442213928466
172.90271135484232
173.09979701902773
173.26031686062504
173.31515300193504
173.27743164474734
173.27370490268012
173.32798427684736
173.38956739408346
173.43389217529034
173.53292470865296
173.7346448713521
173.96153575166176
174.11869519980638
174.23721754092264
174.3198989724212
174.31690679432973
174.23955369533437
174.14402466805794
174.1109847891664
174.22170053459485
174.48750348840258
174.80394164970153
175.06734833719457
175.2781034384536
175.34329814989798
175.25610189081922
175.1821462357102
175.10317030469224
174.99978602290264
174.880716317113
174.75344346809575
174.61428052065924
174.57462534694443
174.71947725389924
175.02913521940374
175.49167624015513
175.97881005930327
176.3551664780103
176.61179467710423
176.80006305520544
176.96967009053216
177.1411219709704
177.25504805068576
177.29913308697462
177.3661381617577
177.49917429452364
177.61737849878665
177.7033130132246
177.82506682890522
177.98611457687417
178.1473540010391
178.30637289099042
178.44690366405194
178.58399386496006
178.809887929307
179.12218231071708
179.43385533692407
179.72541014605855
180.05125236389307
180.4220171416559
180.8077595393526
181.16478844057147
181.45857352307794
181.7017320437164
182.00188403251968
182.46466686189623
183.0065900770383
183.57217566966312
184.10980340588452
184.58402533048454
185.03615296396976
185.4984067169561
185.96343449667773
186.4731950432222
187.0957140826474
187.86856220848003
188.866284357785
190.1368273100017
191.6371758947102
193.25912496524643
195.03450715661978
197.03215349120774
199.3664462582364
202.0712277159737
205.1301721835962
208.58976550489731
212.61690648519993
217.30424131529378
222.50585553359247
227.90678883295394
233.06340991713216
237.62635684374735
241.34715036799386
244.22867081450926
246.523564777719
248.56802240890983
250.61220757431383
252.64987211338212
254.50751355275258
256.2236049730534
257.8616644626985
259.43761559962275
261.0293586248278
262.6343011728027
264.1826564538693
265.5205833703668
266.4177641753855
266.74252892895754
266.43290521024716
265.5488577100534
264.3182987962089
262.9304482430854
261.54795789289534
260.3146184591625
259.20269619148644
258.13509707174313
257.1167212871206
256.1622850124214
255.30174400135098
254.5847739819385
253.97340780985328
253.46819011584506
253.1047964033976
252.88896885876042
252.86954780332937
253.0300285658559
253.3666306110116
253.9409513081217
254.75237804940576
255.71981822863668
256.7314593944051
257.69381470099785
258.56996006070534
259.4128347110267
260.2705431085918
261.0835491432249
261.7138346154075
262.11134883337814
262.3268015906921
262.43933853461544
262.44667218108344
262.34098134708876
262.25054307744534
262.2689387824825
262.3554514973942
262.40282454534855
262.3589278028942
262.2485855790739
262.11324900297313
261.9309703546182
261.62150718952887
261.1568088462685
260.5219811669242
259.8038918260065
259.1189367090796
258.5438376348242
258.0778147344649
257.70213231835953
257.3850108977687
257.12565720611565
256.97083402198564
256.9018887136143
256.83255458232657
256.6989277398392
256.4755828783477
256.2332102350896
256.13855302992573
256.3763914424943
256.981730456342
257.8014038011082
258.6663025706265
259.55500559356653
260.6335357503999
261.984841567822
263.49666149585227
265.03745503144125
266.4445007661727
267.6187530138391
268.55376741775206
269.20249382127264
269.5996520358477
269.8338940683926
269.8756486266459
269.6520925698454
269.1104265159297
268.32297453819126
267.434712187564
266.4961941103969
265.48653356801157
264.3990843561919
263.2854142392408
262.2005881352345
261.1606603781344
260.14455235723244
259.1696664702914
258.2553734461832
257.3666361119274
256.51900471743573
255.8355142820339
255.42999205241645
255.3501220732915
255.54728128360614
255.95475137714203
256.47751986842553
257.03140618876705
257.5356502531054
257.98348727922865
258.42482767993124
258.8877887375246
259.30566245742403
259.6115261440286
259.89121234088014
260.2124655719517
260.55329931006634
260.8795920164419
261.17969511472546
261.41545734580075
261.4994043090444
261.48774517304463
261.45347405894637
261.3643766928991
261.1864617165954
260.93831785685995
260.6507282282723
260.3895633356891
260.2106438069103
260.1909595447084
260.3339598886675
260.563942266499
260.8003881330158
260.9956566604627
261.1255337262931
261.18314018440924
261.07570710232073
260.71661967109844
260.1845964774053
259.6696441957044
259.2998134736281
259.05432821727004
258.82132526296573
258.566621257355
258.3176826801883
258.063867260184
257.7754785443256
257.4846163543857
257.2089121926525
256.92425633311325
256.6836485508385
256.6448140306146
256.9420094384336
257.53861528673013
258.2955358474956
259.08887126109687
259.8944105885598
260.699512884949
261.479921167081
262.1497734320524
262.5409357631743
262.61064292613617
262.535865662331
262.62047698709443
263.02455086783027
263.74651871363545
264.65955580461497
265.5511948907237
266.2886816965414
266.77021408287357
266.9781196618993
266.9591460246169
266.6697630775112
265.93835534175065
264.7163286299598
263.07155295201244
260.8472330685778
257.55770081702815
253.01733317778874
247.02560054910896
239.9081365383417
233.69950291707218
228.26487285423616
222.89034204802599
217.81333477757107
213.03303185174715
207.99179744377454
202.22669551424127
195.23260914659477
186.6991676286101
177.29526310016655
168.86911667120998
162.43035180142272