146.82127793412056
145.92949063736413
144.40408607370614
143.28308805814305
143.02013154815373
143.27037029537604
143.6853893026483
144.179622963857
144.7914896046718
145.44515762652034
146.0043869498378
146.51925999459667
147.08952623492382
147.756925261966
148.50556448471923
149.39865449275715
150.57687677224501
152.0372700995604
153.64008236192015
155.18406917380878
156.57771151761577
157.8255006430155
158.85434569606733
159.63443009796384
160.21684969425533
160.58299308914468
160.6862773039261
160.6739662527712
160.62645088890372
160.5329963696811
160.4657694124686
160.56681222715957
160.89020065368243
161.4054821272843
162.2017083905224
163.27173664682755
164.40261529635714
165.46573307759184
166.34110698725897
166.97955588813232
167.4239375194261
167.7463285823888
168.00151329071457
168.15290568666896
168.2296869296943
168.31387335824363
168.47359797461309
168.71347783542825
169.00962637914768
169.33455929160596
169.66772567994204
170.03684827229293
170.51640310322432
171.12395394382204
171.7342673102258
172.28717530052523
172.80746703744896
173.2479156668857
173.59739016777115
173.75261242254092
173.66238379685552
173.446711117141
173.22224312446684
173.04681000157677
172.909316736744
172.7271982559309
172.53306061507794
172.4235515301521
172.4381580487015
172.55757769023052
172.74024041226718
173.0033609189573
173.35256408214292
173.74472335376112
174.1661088213839
174.5694289923441
174.9557709171462
175.33265815754294
175.56164598952148
175.60186321722767
175.46400892084782
175.1356343790745
174.6101571714804
173.9836563625524
173.36782071031624
172.7923572124179
172.33731676292928
172.11972298621825
172.11651671630904
172.2366355426908
172.46155681801966
172.80221848644166
173.2377837766633
173.69829393959031
174.06007525476258
174.2224453149829
174.1941460144136
174.00829995511782
173.7044214035714
173.31982792683
172.8750255129926
172.46069652688772
172.19914916444043
172.09847855702748
172.06570393944511
172.0352213312744
172.01610585291675
172.04103112175144
172.15967625444148
172.38134307340272
172.64954897008386
172.944125232159
173.2542903650898
173.4754271041043
173.54663464480024
173.578975735921
173.6114758111641
173.67752672980154
173.8490601157055
174.12668007656984
174.43058843515115
174.68007208368635
174.89124511550304
175.08369931455144
175.24158964091413
175.36775533529996
175.48625289469783
175.5521009584033
175.53761436004572
175.45448297487297
175.36561692974772
175.3664847237407
175.46034174425148
175.6230559687186
175.78406567700307
175.90717209430457
175.99967625079847
176.0916169884573
176.15965717731325
176.18189432143998
176.17484773228077
176.14496980152356
176.0704257784475
175.88861738987066
175.5645107433591
175.16694811067106
174.81306848847112
174.5258169842585
174.3878398532216
174.46142198452105
174.725569797491
175.1358598982091
175.6227475315452
176.09832322244208
176.45615905403088
176.65644378557872
176.80299964728948
176.9488857043919
177.0671742242272
177.12647328199643
177.10253101465017
177.03914370382117
177.01717522922658
177.05089436852083
177.1360836660495
177.27658645435224
177.51946138455298
177.8706358796967
178.25728515043073
178.55134633931405
178.71629959416043
178.776291017872
178.69661780019325
178.5173486802945
178.29047028237144
178.00817073218386
177.66807044623533
177.32373256394234
177.04277413873996
176.91792726623353
176.97076109353557
177.0666364232086
177.11538526964668
177.15874199488232
177.25797700588151
177.44943688322599
177.69576388436388
177.91476366371305
178.12651051980677
178.37368499631185
178.65578727229604
179.02842669035329
179.5273668661439
180.12813694937557
180.83258290641868
181.68424454910738
182.75057693392125
184.06805630781645
185.71067456990266
187.7341549882851
190.0953004277739
192.7131791470993
195.50354011089607
198.33964495023335
201.0935982085289
203.79374965521535
206.5226145708822
209.3983685401543
212.51745173628242
215.8433694656221
219.2618566889352
222.66620339620053
226.0234983471948
229.4074874537646
232.8494097461228
236.2393592346918
239.39691970712175
242.16798870279055
244.4900517530714
246.36072895753753
247.84057916347547
249.02519568735565
249.9575647749698
250.64466142815064
251.0992662498582
251.39769970026742
251.65771385758728
251.9988668754136
252.43272285532728
252.88009860289108
253.2498844025777
253.5439228806772
253.83933481107945
254.1376907100724
254.3481476613561
254.35574157035742
254.1478607993984
253.78838225785375
253.362241286612
252.9728210543964
252.69855143204538
252.58220957755805
252.60545603078407
252.74589413734088
253.009831165678
253.42775433574943
254.04160967125068
254.8023036523495
255.58989837548168
256.3001407829861
256.8822108540015
257.30085102160797
257.5873691014411
257.80402444300364
257.97580178497884
258.07281829573276
258.09999388646116
258.1823268063829
258.3962791179789
258.72108005961763
259.103235329791
259.47741426818624
259.7999378824919
260.030130008798
260.1715339585221
260.27287239838853
260.3453452213804
260.3720238505962
260.34873747145235
260.2900008070966
260.2203011421012
260.1133200912917
259.89003683838223
259.5459888456569
259.1934922900254
258.9623232789334
258.92014500343157
259.0196062355738
259.1116364797276
259.0816567492507
258.89352894895154
258.6251825588939
258.3777034209535
258.1942629473518
258.1034722539239
258.15752067062266
258.40234940079574
258.8429417335229
259.4270934368794
260.10100809828305
260.82221838626225
261.5132081830976
262.16717444309535
262.82062537405994
263.4775609744812
264.08049233516124
264.5243143128431
264.7385567825298
264.72841117807644
264.54979634331863
264.23795699373636
263.811396528467
263.3178573928212
262.7867393103409
262.2305866577825
261.6848315485707
261.1622531326748
260.6240926661093
260.0761704112854
259.54786724683896
259.0498893132555
258.6336045125681
258.2836591629174
257.94321442268955
257.5523814491413
257.06309297919864
256.46389417683906
255.797516268235
255.15817919634173
254.6476961953108
254.31589860432072
254.13024462575632
254.05793671075904
254.06629786061006
254.11026541238783
254.20290320685893
254.37729233234742
254.6700492606238
255.13763203407478
255.83367129452085
256.7800290438587
257.981666906543
259.35886925038545
260.7802626409508
262.12562325947675
263.3170283708189
264.2973997227043
264.9685672460244
265.2588547857982
265.2342743133829
265.02489258359935
264.7551643632615
264.528606311463
264.36305008711327
264.1968200121289
263.97304343914817
263.67644739101166
263.3067227895601
262.83532127045873
262.22005912359555
261.4550403767019
260.56976305203756
259.60706586533104
258.67697124892766
257.9105904259776
257.34204762610085
256.9698164009513
256.8181166621157
256.8455506450798
256.9707386009491
257.1200235172165
257.1839397509901
257.05721707364063
256.69579462069254
256.0735537242932
255.20329265522065
254.15915277829347
253.05965816266317
252.0770291218501
251.39970494387572
251.10941505215894
251.14563189400377
251.44463570592805
252.04182888758277
253.00497768054177
254.3695662527631
256.10634737143624
258.0876742350723
260.1813264524625
262.25235292166184
264.14920201943767
265.7566655150298
267.0218745262897
267.94441432916085
268.5423309275585
268.84106908286435
268.87026922512155
268.67917559022993
268.3512035334007
267.94397803605943
267.479263998021
266.97701457265805
266.4612794827503
265.97505520577414
265.5805864742203
265.27994711980807
265.016758351804
264.65186081733356
263.9336215611129
262.64402509322275
260.96074859292776