122.88283941709807
131.6276423403727
140.41110619479088
143.56422280379866
142.54534586966918
141.4737256296002
141.34390150200016
141.71275989318832
142.31198094336162
143.01298515608408
143.83332517718964
144.91915091759822
146.36564254643665
148.04851486295638
149.6841687573343
151.0412939907735
152.15291137399504
153.2287705187333
154.42724725096826
155.78343588523492
157.2699413318284
158.74536806068943
160.01885311472424
160.9116983408519
161.32987624200828
161.49584323804473
161.77156529810867
162.34809176616264
163.18304592719852
164.2195272742685
165.4684589119169
166.86905829226913
168.31281341277707
169.66521679175568
170.75803016303186
171.52325964536044
171.94973247816944
172.08034653251937
172.00800444397817
171.88242243685573
171.759169876287
171.51949233263142
171.0418762054201
170.33700861884824
169.56351487701062
168.78978782768093
168.10640946129303
167.63945141240072
167.39612167485126
167.32626667221172
167.2720853662854
167.1595762510451
167.07706022440206
167.08511212365966
167.14388660250927
167.2279693769748
167.2789304027577
167.37206589099085
167.5447986952203
167.72643969608959
167.90216431513429
168.1168975954289
168.46623591772882
168.9818981337105
169.61538474188882
170.31212800599343
170.9489321855956
171.3653744998843
171.46606172368027
171.34428313936627
171.1417080402532
170.89848495192908
170.63455576997967
170.40993668192658
170.26186010497923
170.21219961656607
170.33474534221526
170.64886192187925
171.0720209071293
171.51563238353452
171.925114904894
172.23218219775566
172.38434919337033
172.36949336666615
172.22580083321282
172.03672322562198
171.80412131810812
171.488768724055
171.15948196902636
170.93872331199907
170.92976733067374
171.15848726464608
171.5279285985539
171.9372985469373
172.3626137652423
172.73809205176337
172.93120877307638
172.89874128843144
172.67805999939432
172.34759663188558
172.0304449926921
171.82151215571068
171.74044146863324
171.76918462198958
171.8422754272832
171.93551196720136
172.03501558552148
172.1507010033321
172.27566809233082
172.35397915836597
172.35575403281806
172.19652684880674
171.8638905999399
171.5027115190113
171.2632863664481
171.21040268551053
171.3507298677933
171.62715206605245
171.91395413720676
172.0944979263654
172.11761165171131
171.98616492193318
171.77337571411724
171.5960450376446
171.5149922767833
171.51157962265472
171.56245689270207
171.65615087025174
171.75200742719508
171.83454214813025
171.90759217783477
172.0155228678018
172.2520082431568
172.67110115721724
173.1588282321082
173.55969281014455
173.7899527726386
173.8030260317775
173.64301919330308
173.4253696540411
173.2478125946909
173.100629930237
172.94628488229998
172.848166300795
172.8910221580593
173.0802534992715
173.3727244550719
173.6409853353436
173.76418445067964
173.794089792369
173.8855642343904
174.02218583391598
174.02287232950633
173.8466549689768
173.60259951783584
173.3568748578474
173.04971100356548
172.69437571255312
172.29873443711347
171.86890719737445
171.57670600584288
171.50504782005223
171.47662367317963
171.32747971837327
171.04747728800322
170.7484337184904
170.51519644371353
170.345952315488
170.22100730326926
170.07393062271814
169.91929188306375
169.89880820244048
170.0383045340449
170.2041426029106
170.29844786877203
170.28851391258013
170.25092544261972
170.29882933525545
170.4264435566116
170.56781414206802
170.67457639815706
170.77503684409203
171.01870423415718
171.41473953421058
171.9273236496438
172.52586691063647
173.23756957970068
174.147155267131
175.26200176063855
176.6148984262521
178.2326114059481
180.08564744838063
182.18788971242356
184.59668503064051
187.3957046441213
190.73368161446786
194.6719432851258
199.08935566537667
203.70023030090465
208.26037797434452
212.86904299528265
217.87703370534854
223.45151580396225
229.5322131939376
236.02824135335464
242.90294542460828
249.91338617908988
256.58012890791696
262.6600160450934
268.26526469353496
273.5305080538076
278.47170523203886
283.2528276195931
288.0533962214704
292.79932414344967
297.2151920613937
301.2007888631191
304.80593200641226
308.1704378995171
311.4355131052537
314.62128259294434
317.6642841829118
320.4802986233368
322.9966247661648
325.24619547892235
327.2927362943486
329.1727825201924
330.7963049716902
332.0530877048416
333.02066342386223
333.8516489239338
334.66205077618196
335.52961567145013
336.54543680562057
337.67985055565174
338.78130813564934
339.7680668738326
340.69999135555054
341.55582560758813
342.1887983097387
342.75488679292937
343.50004951916145
344.5068678974302
345.8686721698563
347.4431587512633
349.25624151128784
351.2364336784139
353.1278261472142
354.815620763803
356.2429898114436
357.3045317669947
357.9172595625806
358.0925444022985
358.0473270218554
358.07859481240007
358.3576985467992
358.8759865479185
359.3482562225973
359.4767548883794
359.1622706222512
358.5053926732072
357.63387972403757
356.5646294500719
355.40780140968275
354.35151312800565
353.4351119150071
352.5236385145381
351.3819402480907
349.99674501990813
348.61009404452903
347.51146623267823
346.9274973187613
346.82064581655146
346.96944182609195
347.20312948110694
347.3587115446114
347.30931108491495
347.01307350881666
346.50824131911406
345.90999344377974
345.3695168113223
345.10815838664274
345.27873402569224
345.86450969200644
346.72674321109497
347.69709127632984
348.6161094700773
349.3320375443417
349.7293538406292
349.7746163422878
349.54736230393183
349.3639424651099
349.49589351832975
349.97784830100676
350.6736744822262
351.2900908144521
351.66044826344046
351.82520036146326
351.87980116656905
351.8566105364216
351.72694204244783
351.42824181238956
351.04514553842534
350.74267392112375
350.52996591318083
350.38410524690534
350.2819829104587
350.22880928250504
350.391619846465
350.79188030986205
351.2404827092705
351.5733717388807
351.66884596391344
351.52407058295654
351.26449867149813
351.02695610304204
350.8314584912616
350.60612111523346
350.303169698898
349.99318524892436
349.7976287148315
349.71854396967285
349.70860045496374
349.70907127297687
349.6443235830067
349.45446231944834
349.12725438489167
348.7429742032854
348.49127068066514
348.5722583963475
349.0173520642958
349.71199369928473
350.4600953892452
351.03068190511283
351.3076436136838
351.37351821811455
351.2912796946139
351.2007568791769
351.30806661349993
351.6698935155846
352.11129005966455
352.5261695454027
352.89349731842105
353.12906214734073
353.1838280515253
353.1168560122431
353.02381190229556
352.93542399000535
352.823776979818
352.63451068530776
352.38494670189596
352.1250842690901
351.95321496760937
351.969377882092
352.2026844272793
352.5946932666878
353.01412984560193
353.23075129358625
353.068812493025
352.46561554997527
351.58572816144357
350.7455626864313
350.2543256185808
350.17807409328793
350.33068393130554
350.4524809664871
350.37524582565567
350.1124561400094
349.73911670062625
349.3125793308759
348.8428631847242
348.3257855790819
347.7463447972918
347.1696190996032
346.74592354686183
346.62702767650364
346.8897112461759
347.4797504079209
348.2375351614038
349.08226342045396
349.9724339450891
350.83477783161436
351.54082124176614
352.0174164449791
352.3216072795416
352.4323717338104
352.3430055626826
352.1818385752157
352.11870996736013
352.1811361667565
352.3392642304518
352.56053726292146
352.73687393091586
352.7656704849573
352.63194617024203
352.4286710612955
352.2499349295589
352.1712310019768
352.1968000067335
352.1357635217847
351.9307727919905