133.47028524058885
140.25725432108865
147.85304552000872
152.23390833935684
152.6328782015578
151.8876013043874
151.34774525105996
150.89588361131666
150.46625950244288
150.07310712904354
149.74153649095985
149.55637267302768
149.67966918173653
150.09599871833262
150.71961810922485
151.49473465299593
152.30704303012536
153.0788525006522
153.8547358339209
154.63871284713463
155.2928230376028
155.76441083101642
156.16751003204377
156.56655848967836
156.85987136985017
156.987039049869
157.0391952027217
157.11527615732774
157.23106515716566
157.38808455664093
157.61811044467572
158.00404731868116
158.60011446035426
159.35726311795693
160.1677258392727
161.00082472822007
161.911196914017
162.8671698588732
163.80853829019844
164.7858741344973
165.80744413889036
166.82950823157063
167.80911813903796
168.71794523235772
169.46542160214923
169.94155200736276
170.20431499877867
170.34053407492001
170.35964038031543
170.2094960921557
169.84979963198106
169.29593351153142
168.6583743363649
168.0113640489656
167.38919439417987
166.79890809338895
166.2956440692085
165.9533807587211
165.72994863140417
165.5720043755339
165.43296591490082
165.26983415721494
165.10399965216655
165.00305841153778
165.0220281349609
165.18658556229184
165.53990333366983
166.12535086398248
166.9036056755155
167.79203618733442
168.7327445670582
169.67493206880738
170.54898122662937
171.249436854279
171.74281918657658
172.06818198548325
172.18847691109502
172.06886759275858
171.75208296281338
171.27693442518597
170.76192466119934
170.26040662627497
169.7568776039709
169.3601260085605
169.094122268158
168.89901485250323
168.78327839520767
168.70628505818357
168.64814777903447
168.64820049342376
168.6498823616654
168.6403022645744
168.6651189334973
168.6398618231903
168.56906974569065
168.56878895327915
168.63354034453013
168.7267077049704
168.78883810618782
168.85153150555985
168.95950014387282
169.10807892318005
169.2892781647556
169.50457755623324
169.7754352459619
170.00819890995672
170.20438179874233
170.37335832733083
170.47840141135597
170.60352756847897
170.78496827833862
170.95863451590094
171.05336839407894
171.0655309703751
171.03017054636186
171.02011983300423
171.1137947619276
171.29885313226916
171.52802977232795
171.70184110153232
171.76514056985303
171.7853886067203
171.80186454001208
171.80333765174555
171.84040750274298
171.91881301342386
172.0365442201878
172.22603911629415
172.47154686073745
172.7319612211737
172.97905333127568
173.19600683605273
173.3444726530573
173.41120624597647
173.4469392882235
173.51702250505272
173.64137560603012
173.80029937378686
174.0028396419578
174.28798394851978
174.67008796616187
175.08656969648524
175.45205619127142
175.76292398457852
176.04981763485395
176.29356550137334
176.43867246011285
176.50903468336335
176.4914300298239
176.38291483132045
176.30813721976682
176.35404391273903
176.44696737698604
176.49504003100776
176.44982670303617
176.36821518486283
176.35938613190217
176.43744457632152
176.5412474819482
176.63450307933687
176.71999911838378
176.81835422328427
176.88809701771544
176.83960951527888
176.6826937309895
176.5037962438389
176.39657506556884
176.4264590847934
176.54214280020716
176.68618775638876
176.8376610421562
176.96663754022518
177.07763095346448
177.16819745068332
177.29548509699572
177.4755483919312
177.72420893517182
178.03243905772842
178.36469660835903
178.74862559489154
179.220794521299
179.79655551072787
180.44931900063347
181.13166870250137
181.79707633667354
182.45092825285238
183.14674583176011
183.96464157089144
184.9487532563648
186.14271939767295
187.5898299317762
189.35090855771648
191.41130644328007
193.69830164869683
196.11357026410633
198.56630993490245
201.03522376350838
203.58409464062592
206.29065119920514
209.1975170577872
212.31574861000774
215.65322338956088
219.21508355589572
222.97631610517425
226.89341681376018
230.94718811436846
234.99238375389197
238.83014391580392
242.32622119560352
245.41481616809142
247.971507627363
250.00959346506988
251.70304693777223
253.16874988003116
254.42358580617926
255.47003456151663
256.29698564466014
256.93350475398677
257.3719832236549
257.60474481349877
257.69490258333786
257.71764084271723
257.7209075896233
257.6115980653837
257.28144277752733
256.8228092805331
256.48207790681874
256.5195957727934
257.06872968372227
258.0417992363973
259.25638513206036
260.5477759669684
261.7566640069914
262.72155315896305
263.30292483953093
263.364859488816
262.8755371632045
261.9474291841934
260.8107578562214
259.7368673432128
258.8895407653927
258.33011613807514
258.0501532812697
257.9605291918847
257.98553825247063
258.1046088359017
258.31779887723536
258.5510062454899
258.66348457609104
258.65179551660935
258.6122041462099
258.56121605289474
258.4629338717001
258.38716877800584
258.50027987041136
258.80832577064535
259.14470879681556
259.38979636206034
259.5190484951988
259.6157165656547
259.82452841268525
260.18269060026915
260.6275197691791
261.04195417084327
261.2604660119023
261.2148253383671
260.975938092069
260.6504542460285
260.3069535471516
259.99232492957344
259.76694480759977
259.7360694062912
259.90786032676033
260.11130318824837
260.22191812294614
260.2216412567093
260.0552827229165
259.7336077465044
259.2617251790743
258.6374556434957
257.9824075643122
257.42194615419476
256.90566118928683
256.3451575973156
255.77190838366857
255.30638980955288
255.069727179336
255.1326601079128
255.4885357061284
256.0843610413915
256.81399865322226
257.6236122514876
258.53838958218864
259.53377158893863
260.5413923580775
261.51304232988406
262.4247432832782
263.26735385649977
264.06033087093317
264.78292797315123
265.38529011405063
265.82502995394276
266.08111997031284
266.14947705800193
265.9697266041575
265.5322503629247
264.8749789996939
264.0030030998503
262.99876187136044
262.05997939959025
261.3374803188558
260.83182250180505
260.47366974866225
260.12423055986704
259.60412827045604
258.81707598315296
257.8137568671383
256.7021175072826
255.56490732333316
254.4393153053197
253.326260402757
252.2259902472127
251.17400185631905
250.30411876224392
249.74996823102737
249.53935965032696
249.6031819555684
249.85880576041438
250.2179793764718
250.598602292409
251.02294729730565
251.62336865959819
252.50070882146937
253.6442678527592
255.01315445609245
256.6007257055247
258.4771256682079
260.7335868200994
263.2997826108868
265.858193341949
268.0838753023909
269.810907075778
271.0593366155238
271.8866517813535
272.23844600585926
272.2018974517798
271.8769348189349
271.3746678352323
270.8691745763342
270.4678637464066
270.13323844440754
269.75067766188124
269.16410048842084
268.18695286020863
266.7215877500425
264.87226265840235
262.8102653293506
260.6683477556942
258.60047215743936
256.75726721217256
255.206061796876
253.897167057645
252.77449594782556
251.89396550399312
251.34810042903752
251.10553610270478
251.05403874566366
251.09099200806625
251.1792757654446
251.39124994917415
251.87169266121677
252.73058006854066
253.99953886153136
255.7632448336417
258.1484345550771
261.1679781206776
264.5985119776079
268.03080419411873
271.0501137647183
273.4093482927092
275.08079708882855
276.17360977870277
276.78161646655565
276.9688523950137
276.8185790698161
276.36848898972505
275.64114687779113
274.73753965724245
273.78950688677975
272.7550881412883
271.4512134389695
269.72955168416706
267.562116382191
264.7538906779831
260.98885456574646
256.1334604141518
249.97988662386751
242.50216042750014
234.8826040502663
228.26761207538297
223.27511121719232