0.0
0.0
151.36877648329798
153.45375654662976
155.42729386616227
155.04549979119588
151.91021295908345
148.89970817701044
148.2778441351744
149.46734113777802
151.3210041281757
153.12733387960338
154.61107237006576
155.7692275972557
156.65932033938668
157.44633192485907
158.29232445020227
159.1730083348105
160.05221361138425
160.87435207505618
161.5889109592202
162.2023530781515
162.82390713389273
163.48256572836434
164.12588059819075
164.75321239598208
165.41695132294097
166.12336271789292
166.773030925549
167.2041458562691
167.33121618338922
167.19625804804463
166.94017481325426
166.71379357910084
166.58239717228486
166.42997545516315
166.25180036743274
166.11866957518598
166.12297258989872
166.36369461115243
166.8582569261153
167.5915060410751
168.44878210835193
169.28264446430887
170.04896760568067
170.77124677544185
171.4648587421044
172.1032312780116
172.62539746017035
172.96964873003694
173.1127919301814
173.0740004750071
172.9089878190119
172.6609280845454
172.3068963006192
171.95967898598252
171.69626358517885
171.52527259992092
171.47906622714805
171.59329129940622
171.818861346096
172.07872506390004
172.30426815205033
172.4745697467622
172.66625941422106
172.9048927858417
173.15626697073938
173.436343238331
173.73543080051627
174.14842759402526
174.70605864645313
175.40282906741697
176.13175613504342
176.80500264540655
177.4080914366103
177.87754336835468
178.2490531729372
178.43700635699744
178.49607742835863
178.4391876129979
178.26305288258757
177.99915923083847
177.65998744936505
177.25768001614904
176.83321982363748
176.47681969121916
176.2882060472823
176.27239006986343
176.31607177113463
176.29098587042438
176.19739164783326
176.10929864134306
176.0382680766475
175.90309449371512
175.66647030313894
175.42976140861998
175.23886519908083
174.98831240064087
174.62386432707413
174.18125237649053
173.72057499767496
173.4030984044148
173.29094467199675
173.27229176568886
173.31183972306124
173.41806729169912
173.54916810091015
173.64583894586423
173.68014594204507
173.64101747236649
173.55881774480991
173.43220973247355
173.23873374505314
172.99009909950277
172.85372650201396
172.99911234703436
173.31492849119587
173.5715467939609
173.69989250159978
173.7557953090776
173.77577395742665
173.728795016355
173.68458349230744
173.71411229712902
173.7097304593379
173.60083184840482
173.4651564012919
173.37313006001486
173.3171329557478
173.2081769737341
173.03604457511858
172.9181790448081
172.86185776571054
172.80952678435725
172.7046904105217
172.5658611242536
172.5299992988292
172.6978692333253
173.03500810233527
173.45403159089383
173.7973024799801
173.9556935624889
173.96836261751898
173.94749595766226
173.94262874984804
173.95496256546846
174.02058029899317
174.16736452211484
174.3732655961042
174.55447531948698
174.66404809940673
174.7142551454486
174.72570378145113
174.67450631998165
174.58782518007993
174.558907145479
174.55828711289632
174.53816821776368
174.5237605409995
174.53705637522586
174.59903578899574
174.73897619193886
174.9100460432677
175.01151958707655
174.98783859020358
174.91173014105505
174.88639107041047
174.89938702604974
174.97016849408396
175.18144597334341
175.45421587254702
175.61793914106855
175.51854391431118
175.2229988115405
174.89353069450712
174.61579467056026
174.46842948477484
174.42835908853613
174.37706759501003
174.34668126165525
174.402955306377
174.47057814190316
174.58453975277854
174.86620274140083
175.2774763639862
175.70903741460532
176.0713005505595
176.38573799980333
176.66704121123135
176.89532770854646
177.12835243618696
177.44169070527693
177.8286563547351
178.2696961331431
178.7870248246026
179.35660300972168
179.87498825466335
180.38270565318166
181.04061440812518
181.93444987573048
183.045124507509
184.34944059117382
185.8640210799516
187.72569414968137
190.16944221510465
193.33113380369412
197.08525691400936
201.15753567723937
205.3895796383752
209.86925843608446
214.85088720415263
220.60882626498437
227.1631491990947
234.33183532530535
242.0350807019064
250.07237249233862
257.95042908988324
265.30101552382587
272.2073015744582
278.84933217837613
285.296190751516
291.7401698567971
298.1037971515486
303.9162551902522
309.0142057237488
313.5346322197129
317.6591744159429
321.5368750826734
325.20395039423965
328.54489745851697
331.3880221503834
333.70367014460453
335.52369317158104
336.96674387726125
338.1383765248308
339.1095327795467
339.93047229803915
340.68659735506424
341.4995143901368
342.48511149273736
343.6490573166122
344.7791892943222
345.76646386620513
346.59205784702215
347.30557880630477
348.03307053295265
348.74591079861034
349.35018325406986
349.7402060660551
349.8860170179336
349.87796367243857
349.87338794549737
349.97582911812236
350.18414038470894
350.4249092814859
350.6564645240915
350.99911775338404
351.47817950586796
352.0032383732569
352.50487647101227
352.84534717968427
352.9014904370157
352.6360664645824
352.1301902541655
351.5001303108518
350.89181336245633
350.47073305433344
350.25444337808665
350.16409516476966
350.13737083090683
350.15909374881966
350.21125205633297
350.1680738185573
349.87193385480407
349.3031656753979
348.6206965324876
347.9802768214562
347.5385616066889
347.39293853668255
347.45811573828087
347.54959617320714
347.4787345372177
347.26123672878697
347.0285119057719
346.9116922902766
346.96184327820606
347.22948559823885
347.6122746947475
348.059934727703
348.56713298391617
349.02853498244815
349.31794841022224
349.404362426172
349.40834885183466
349.47596261573517
349.6656226097107
349.94027836749126
350.27771623515275
350.6165551084831
350.90566515187277
351.1899010295149
351.54785659232004
351.9479881189632
352.31367227860324
352.62670444837613
352.8840919285123
353.1350276875972
353.34601334374287
353.4469381996752
353.3782762402468
353.2347826638358
353.0961362063106
352.9193093599707
352.75543512949287
352.7029995011472
352.7534632596236
352.789068998373
352.7935863852682
352.84172965720757
352.9318466947375
352.9752622166245
352.97090187959043
352.9198693589348
352.75182586859245
352.5022914186606
352.36867405575754
352.4662013577064
352.80593948133446
353.31397533807205
353.7965417176915
354.11994505615905
354.20636419029165
354.09734548656905
353.8610585857488
353.60517907969387
353.4645552525201
353.36193241217563
353.24778815594686
353.1498581049121
353.0320923116647
352.9167807449325
352.9096546493632
353.09962531039974
353.33598341898687
353.4002315746221
353.15550120589603
352.69502471288615
352.2528307941934
351.992709999449
351.9645419798623
352.11554815172025
352.37649004176376
352.67819109094387
352.8858265040843
352.87543596106457
352.61070580133946
352.1799323683127
351.7676519040458
351.48702722563144
351.3790054199001
351.3679368797999
351.3421751398169
351.30123274645115
351.31646123042657
351.36601671208274
351.29387623358207
351.02320086312056
350.54409668009924
349.94491298776296
349.3362774403121
348.7487393881265
348.2659885834879
347.95327423079823
347.8653743340218
348.0514174299016
348.4919430708465
349.0731633772449
349.6307417074812
350.05097782042503
350.2473318008054
350.1042310373792
349.6472150328295
349.0719806006299
348.540132083375
348.110712584284
347.78893276293786
347.59238697903584
347.51905282523694
347.565952605132
347.73956505663
347.9492210092606
348.1250290322858
348.3301526773683
348.71478983497315
349.34725809828944
350.25975116452554
351.4314312230402
352.48966357192523
352.8268418326585
351.8174782603875
349.6271857022618