0.0
0.0
141.3808428406511
143.11959730062398
145.67243094879788
146.8680940760207
146.50515585794548
146.14206980583003
145.8311583442869
145.17118775293585
145.18164709628022
146.17255522412367
147.37785664880533
148.48010629713644
149.45564118783244
150.38219692468002
151.4064750026224
152.57830006118485
153.79337855983076
154.8663060254122
155.7052107691993
156.39911518451677
157.0734698549017
157.7048161797735
158.21994245721578
158.64924055404936
159.03852518792135
159.44126020005865
159.87908435283873
160.2844265007776
160.56533353919212
160.72602019477205
160.81439582754405
160.89890208324914
161.03328247036876
161.23716832049323
161.55299854830656
162.0212773846946
162.61462816727598
163.25210393015385
163.87902170466924
164.48277796129918
165.0382659897336
165.59788621075143
166.20395918205404
166.80088730113908
167.3259960918532
167.77870697045498
168.17960367664526
168.51328980266797
168.75866635497871
168.87485813728173
168.80268455456576
168.56156225557004
168.2346466991851
167.87144062120947
167.46044510801846
167.02319123361775
166.6645428041411
166.44030874677867
166.28443624782625
166.212058294449
166.33145930171577
166.61919260125185
166.91625435256682
167.11769718650757
167.1906490520649
167.20730455730634
167.27761003284616
167.47182563982983
167.79817926541472
168.18489092350083
168.51236934454334
168.7506922903687
168.97021988616146
169.20482241794082
169.39981750761547
169.4995513113351
169.49976336620324
169.38574267580964
169.1283961537498
168.78290186994857
168.43193904463232
168.09973812136667
167.80913101347446
167.60089923247287
167.49830529685877
167.49033213948704
167.55860989316284
167.70569339505425
167.9227962850505
168.13931674243813
168.30260988383202
168.4289807696283
168.54546698878448
168.64781645807113
168.7384796145631
168.85898140052092
169.0393898936565
169.23852040577117
169.4015862308076
169.52446763787881
169.65932886556467
169.8666887479231
170.12305370456636
170.3400808866386
170.46880669119798
170.51371872566344
170.4683080365606
170.32614151282172
170.11189493600472
169.8457971520781
169.55739634558546
169.26891371776765
168.98365401179376
168.7215893047232
168.51234350052525
168.36131450178445
168.31724150119643
168.4522710200021
168.75834245746935
169.14797210483627
169.53618314259558
169.88179721886692
170.1571427134651
170.3498582851315
170.48745414472137
170.62953747051208
170.8221349718283
171.05876480309718
171.2752402266379
171.37382157609414
171.3081802247797
171.12571415032374
170.91733611191142
170.75599768112176
170.66900662690608
170.63278883876123
170.60208464796423
170.54799662625643
170.48491137289793
170.43984906803175
170.40505893465655
170.37961546645744
170.3836151398108
170.42190572971015
170.48325561673028
170.55531082105426
170.6557123275565
170.8264365358695
171.08041821594747
171.3764330949393
171.6518443044128
171.83726970749038
171.9107397664005
171.91579935537098
171.89925430683738
171.87555173343122
171.8447242298739
171.82314219144195
171.81053880713637
171.759909619557
171.64300097052723
171.49134237202725
171.34813462083784
171.22273047189805
171.11909907226521
171.06381833666563
171.08738294242863
171.2187142936943
171.49194444781085
171.9122288157804
172.38435196955018
172.77232813765394
173.05058889816846
173.29397888792255
173.5394956815735
173.77044478227253
174.0089973186545
174.3030877737245
174.6651277138908
175.0884837491102
175.52706967334566
175.8880548317835
176.10746813204008
176.22161255777846
176.30288352074857
176.4239287608131
176.66919924951662
177.16602067387245
177.88654558811626
178.72058007940424
179.65017228153732
180.6618453489919
181.7203422140947
182.8159603892662
183.96445500267544
185.1646501847161
186.4110488972495
187.65027500602147
188.81952569965563
189.91412082804874
191.0838218664496
192.4757534428413
194.00894050023282
195.48603501811206
196.8302456875567
198.10923825986453
199.4634929925164
200.9886130327727
202.66765047205269
204.3888252234036
206.0926067335758
207.79760545560745
209.501461624287
211.2094377207152
213.02736279027923
214.9856786659825
216.9195166136345
218.70049859874663
220.3518966465151
221.8827271339155
223.19200162414
224.2976514392799
225.24557718222127
226.00953662806066
226.52758755707092
226.71162639958408
226.61169186257936
226.37488907115065
226.07930207161243
225.6965815529545
225.17980071992713
224.52044570275854
223.75293030984233
222.96611083999073
222.25945592803777
221.59366263244115
220.93492880021503
220.335027616373
219.805096356124
219.33731761187357
218.95713850995804
218.68566202324925
218.52345542263745
218.38095377390795
218.144580238438
217.81564974446314
217.45353490658883
217.11766529400109
216.83199668678205
216.55883913322387
216.3013746733223
216.05887652481863
215.78861122435757
215.43827618116802
215.03101187140075
214.6652023587672
214.40893273607895
214.27688379697955
214.29472785344436
214.42706469825205
214.60956499104222
214.83329522154094
215.14346903843997
215.53418893814677
215.99905000952978
216.54407789419523
217.12581443993452
217.7128902610714
218.2565260862399
218.65606131688625
218.88907245450048
219.06759906922144
219.28441214337596
219.54715225139216
219.8035310010038
220.00174406117821
220.11443105620165
220.1077013804039
220.00329700226746
219.84137163982996
219.60548782739966
219.28540512079516
218.93210259263805
218.55503625655825
218.1728584135091
217.7994569185073
217.49263818764433
217.36838696788027
217.48542356228825
217.79219763585323
218.1994159675754
218.59489520801202
218.93524330448477
219.20925078129014
219.3612172612288
219.364192128337
219.2324008485338
219.05896220211832
218.98106731386434
219.06283297548376
219.2895347497052
219.6177589599872
220.0032909590618
220.43854277109602
220.97876660147264
221.6035652402927
222.16634445081016
222.61475709623704
223.0059726370677
223.28208096004687
223.3886547264829
223.34089001091178
223.1984555149042
223.00820257485697
222.78532563278085
222.5943931496183
222.4039401180512
222.18682421729363
221.94278803853362
221.62172202131472
221.21271107201488
220.7708777785366
220.27468654990452
219.71271008305695
219.16443168460953
218.71510576572032
218.32922906404406
217.99559089256587
217.72964282647004
217.5190234957335
217.2986140761101
217.02061522283574
216.75646085265134
216.5575121828494
216.3942234450231
216.1868874714424
215.9317734679023
215.6510697317741
215.39254147670692
215.21090451943036
215.09402226955729
215.06149660617365
215.18090251777892
215.4417646682826
215.7892674058987
216.26349143298856
216.9150767016033
217.74937116837077
218.73343801805555
219.81212755095976
220.94077422445497
222.08054526561986
223.17162430867108
224.13700737051303
224.8321733034685
225.13889778988684
225.04342962626566
224.6544821695187
224.08149242239526
223.36266153225932
222.50651312618234
221.5474730637213
220.5722337245864
219.63347368346524
218.73848056044665
217.9362097742815
217.2983709688603
216.8684021386628
216.65781795268293
216.63218335398398
216.6988295326194
216.77458234666804
216.7839975500292
216.6958643420301
216.59216258673044
216.58888306731342
216.69927575754022
216.8356470442755
216.98654336726293
217.24246919735816
217.63404809287545
218.11545866651215
218.63697397086227
219.22058414698455
219.86546618845762
220.50279054346794
221.0528359337854
221.44553819145392
221.68561253302445
221.80376382674632
221.84169937341665
221.81978712771328
221.76915339874017
221.697884941995
221.54832124731212
221.22849279691508
220.58533921038358
219.49558354197833
218.19031871575558