0.0
0.0
0.0
137.90864594250522
140.97542073959826
146.0403684865571
150.56709450744347
152.44564836320558
151.89207908501854
151.07426452365166
151.71208936340753
153.36965313516788
155.32673759455093
157.22699404858656
158.84503768086802
160.14684211835717
161.23460903166975
162.20507392834438
163.07888061651664
163.83801614112593
164.49992062219187
165.1261919523546
165.7807327032804
166.54199584533538
167.43919115000028
168.34351650089343
169.07736640145373
169.59602261580278
169.9129207379885
170.0687849416884
170.0726959357499
169.9158659521487
169.62998969442424
169.26807371710512
168.91141942397502
168.5983086073977
168.30483394574435
167.98831487545624
167.64296694121748
167.29040017566277
166.94423111784528
166.6436538643397
166.40371810651163
166.22427778004948
166.14306913739023
166.1924105094746
166.33783873627544
166.5442673736303
166.76721457354654
166.98504598894107
167.20959177713274
167.45511553965287
167.71673586709528
167.94922388374505
168.14591362110843
168.33916626247782
168.496635328129
168.56748241558122
168.6043828791909
168.62909732042343
168.63856557227552
168.59172591437812
168.48453320810668
168.39684278901427
168.36329543840264
168.35360552184284
168.3282269698007
168.2932264605688
168.26959975964834
168.23762095199112
168.15430541955502
168.00203021746478
167.78023750823826
167.51034820747086
167.25982142873013
167.11253919290007
167.08249974063762
167.1070344642804
167.16095521264333
167.2574258238634
167.36959193426395
167.47222524003183
167.57168769883822
167.62962066923814
167.6307530609316
167.61806328526413
167.67003286442545
167.81578595222393
168.0057749208501
168.19391431894758
168.3402005604603
168.39773123696483
168.37326444339686
168.29939963906088
168.18689908100384
168.04471263384573
167.85343418858108
167.5978284601679
167.3023095847568
167.02118191333457
166.79286401269314
166.6175028686975
166.50295306929502
166.46718448993056
166.5107200701083
166.60043733648698
166.6903759658353
166.7671525121365
166.84518576150305
166.92710849258825
167.01830752798946
167.130997804151
167.26135011040003
167.38133868005343
167.43934700964255
167.43001566498535
167.41124960378392
167.41174427522145
167.42048318302076
167.43868701791806
167.4679491922381
167.50322260530692
167.52452366829928
167.52051651056354
167.50363538298512
167.49499167400796
167.51073692849627
167.55125859392766
167.59044734760818
167.62232170427643
167.67086351632548
167.75236554383397
167.87300311288462
168.01896249860164
168.14110168980162
168.18864424092527
168.1673468233398
168.13322059520527
168.11888049025077
168.11033569605678
168.07589250018202
168.03903318243067
168.0424181416064
168.08311233350537
168.1347954538492
168.15903200043655
168.15047702640663
168.12963418516705
168.10625825633863
168.04908920576014
167.91244144692615
167.7145433841221
167.50208722048006
167.30956051297204
167.14941140166474
167.04888222420422
167.03921806895266
167.09691750180744
167.18756827429365
167.29220748781268
167.43642793130977
167.62245353333736
167.80407314585227
167.95409647813352
168.06944127681663
168.2051722896282
168.3624841098562
168.486365841531
168.56586507698717
168.63387599094216
168.73217080777374
168.87171293044221
169.05904240522543
169.30053472479182
169.56927849056532
169.82771009602044
170.10219628091025
170.45989450188767
170.90398276888516
171.39948986775232
171.9633655461816
172.64286657355822
173.45938725235098
174.42822581800556
175.60401777549782
177.0814574725644
178.99097178717398
181.43547244207375
184.38413475758728
187.6729930946704
191.1604147559786
194.78637319878777
198.4875942625603
202.17901963384062
205.75834511923546
209.304944773179
213.10854558571702
217.4277954142691
222.26961005591727
227.49554114583674
232.9349890133474
238.37697297683346
243.60011709155708
248.54468232997706
253.23392290757468
257.59980929458555
261.481176703002
264.75502779286194
267.4315317596902
269.6533326619437
271.6330237039202
273.4643018691039
275.05802444705273
276.29701977178627
277.19658997573435
277.8418751554974
278.2874328120539
278.55545647613155
278.6129912306798
278.363042016263
277.7053280163207
276.66433905755014
275.4533143218558
274.3725672332074
273.6435419051952
273.2541667028362
273.07470949856804
272.98351507501144
272.8409925055062
272.5163572636238
271.9176488132824
270.9387666818119
269.5303495319787
267.7083757765044
265.5825468721738
263.36159172052464
261.28222174083055
259.563251813386
258.2461473425007
257.1874411715418
256.26223479504205
255.42983443339233
254.70278431544398
254.14647414379556
253.77262784631128
253.4843840094469
253.2114016106759
253.0031261574478
253.05971011854226
253.57310070220447
254.54372744339926
255.7500301461841
256.9178598596398
257.922508756438
258.7886926108485
259.56571020115393
260.26240251747726
260.7981593341945
261.07679115954903
261.0170119766614
260.6101694700573
259.95150290226104
259.15548174677735
258.31241489780336
257.49219450866093
256.7635942672307
256.1984031567763
255.85143583424028
255.74593748845905
255.8673808963974
256.13366382032814
256.4305241735856
256.66214875782305
256.8102316639223
256.8547463633053
256.8145503685955
256.7167777014723
256.5709283748544
256.430921382552
256.4125712045633
256.59084096527
256.9642320774192
257.5709648410231
258.4005501889552
259.3759943238849
260.4746334953064
261.6756195177257
262.896505487584
263.99568536581626
264.83673855455885
265.4306457632631
265.9517299234608
266.532818552367
267.1413134728984
267.64144096605986
267.91939225192937
267.9639601025741
267.80136154773027
267.4711891677168
267.0114525802992
266.34737724153763
265.5546152753874
264.80720214153905
264.1588446888805
263.60181310701483
263.1191095262976
262.69896484070836
262.3064108548728
261.8702728031647
261.350097547867
260.74552296124887
260.07646773809046
259.51483111657546
259.14836942563676
258.97526527707885
258.9363339907318
258.93889072389607
258.83190202851125
258.5623255309505
258.2321652168647
257.9648386449081
257.8408930737839
257.8620840776043
258.0010789725238
258.27207406790916
258.6914751784964
259.194103649897
259.8136637558954
260.6421157464423
261.68762031115966
262.7968793755656
263.81657967121026
264.6078282608429
265.03277348997574
265.0367772021092
264.6659558252325
264.0950990262085
263.50986529217073
263.05207733322004
262.7177842605065
262.4015273954426
262.08491599944745
261.84559466302346
261.7728685896385
261.77454591206566
261.6295474817777
261.2138872607212
260.5158495703281
259.5646411280792
258.4586338564931
257.32904821018707
256.2559098930905
255.33990462979463
254.67479645182488
254.35689765866482
254.4279306215201
254.79946985757732
255.234457580116
255.5108877609976
255.5043888277385
255.33063068565176
255.25686546568858
255.45696382745342
255.90348825184762
256.47547513164204
257.1314148129998
257.93212430411086
258.893087868256
259.9692728567775
261.06247079743696
262.0821587322881
262.9492423469063
263.6416720078458
264.1889867406027
264.59201932377766
264.8517124469827
264.97428586268745
265.00254442693443
264.93884914423415
264.78643372810393
264.59446914726914
264.4072140864177
264.19464040490027
263.9505366189685
263.6931136669431
263.3798316088118
263.0110808629456
262.61544577532294
262.2380125399315
261.9027214286656
261.5689037163962
261.19302973731976
260.7373924666103
260.17514774638045
259.65671926678846
259.33378482266687
259.06708281261785
258.34623107962517
256.2657034844789
251.94598996824158
246.13383671952127