0.0
124.1051227242923
130.72641636092476
138.55674781250622
145.15831872496477
148.8292365775514
152.5824120067436
159.01554588474366
165.65700530492904
168.95822873615793
169.844535778788
170.34816640473696
171.31988945112934
172.6277953083332
173.95901255317654
175.14464758866038
176.13890994454079
176.9760889491027
177.66830458551985
178.19766307522252
178.59004775269548
178.89178660529458
179.07554572265047
179.1483688445199
179.15056683654677
179.0147406395933
178.69668138055394
178.28699099179948
177.93753000241622
177.7526650102164
177.74837752555362
177.90044834197073
178.2049101155401
178.57455304304935
178.87505042647658
179.0166399346958
178.9829682350785
178.82611269660725
178.58242770385817
178.2552070205918
177.8791267490518
177.51307805273035
177.24475807271537
177.13661859836273
177.11376549544002
177.04281042361117
176.92484080268042
176.8892293594702
176.96233187660187
177.0716100208174
177.2273204713594
177.40387457810442
177.50458050255182
177.43455585430252
177.22903323329234
177.01005847706767
176.83938470907887
176.69318246283052
176.5307883472881
176.3340517021351
176.09029376007334
175.81537097583393
175.4850092254489
175.05963269916344
174.53508998550802
173.94431414016856
173.36672271871382
172.889377367679
172.58974665718995
172.4612714074845
172.48664043889755
172.60976404255337
172.72564558515072
172.8221679209282
172.94040865581388
173.09853647007628
173.2704979739092
173.38135129797632
173.3865279707491
173.29798138576086
173.15595188762734
173.03077213476257
172.98909938697042
173.0301155489937
173.11012646799497
173.21507180984014
173.3057594096123
173.37542355392225
173.49598174755727
173.680844809777
173.87678160787812
174.09030811271865
174.35246756883595
174.63820134085535
174.89663797810096
175.0609169502286
175.059878389039
174.88435510614298
174.5681661369714
174.23442385898522
174.02376007590846
173.99902951343688
174.11066307653536
174.25615897982792
174.35898523352037
174.39124041463555
174.43722552744453
174.59080303974412
174.82949406876568
175.10862293871236
175.36294517469503
175.46776189949338
175.38733455744514
175.18832102269923
174.96689118112536
174.77000750781923
174.5986112577223
174.47746917636067
174.44938176768545
174.5183998691614
174.6778330410589
174.87661038515031
175.03192467493292
175.04702521857706
174.90143100211395
174.68996566337506
174.50174408741722
174.36813945849318
174.3064147752633
174.3323557617903
174.41925991302946
174.51281894074154
174.5770880539311
174.57809822274163
174.44454391924054
174.17017180597452
173.85236827781748
173.53476949598405
173.19489707235175
172.8414592573603
172.52426501724375
172.29126564635607
172.16827816090893
172.12890013286273
172.11152364745493
172.11180821600945
172.20775009106623
172.45145286962344
172.76226166262012
173.07850416884332
173.40171479467733
173.6641879063274
173.86117391024564
174.02391739624275
174.1552663562719
174.25024550996022
174.33545883669726
174.4582292525081
174.65215187988832
174.89481702816258
175.12946049113333
175.3640103329459
175.64344279655776
175.98521388022482
176.34374763612965
176.6816793055353
177.02382087298656
177.3760987076119
177.67886823914395
177.8621557412679
177.93381489828317
177.9215578647649
177.80222467374944
177.57360072897325
177.27780954041663
176.94819862168112
176.6024614487843
176.20833817027372
175.79294638558525
175.4282295691011
175.14968360218018
174.96096833136073
174.86882875572095
174.86805497615626
174.95634086457596
175.16509140142443
175.4893770654373
175.93782656300942
176.5810120539194
177.49269372011616
178.71411498388056
180.24176903294736
182.04658797898304
184.07392180113735
186.26368719285995
188.63552015450995
191.2663659905221
194.22834466313242
197.53118623006603
201.17531497909206
205.17178174281622
209.49115481464258
214.1919743913699
219.34572956975535
224.84085124802544
230.51994326996723
236.3270516197981
242.30273354101038
248.27946202051598
254.0181049946083
259.40116435036447
264.5001504676333
269.24853396528573
273.4816042061598
277.38274276647286
281.30996553031423
285.36617917190756
289.3598102851521
293.1440709864661
296.55532747509693
299.64933674621267
302.6384987172612
305.5857428583132
308.36239045796
310.88292599926694
313.18553702720146
315.41817334133134
317.60654152449183
319.7540632110881
321.8404313728436
323.76743232955494
325.4619721510727
326.8449042814229
327.9830494902276
329.04447687211024
330.1315482986263
331.303041737983
332.5735989021842
333.90989943836803
335.2727514429936
336.6336461498579
338.0015347930722
339.2129549768816
340.15546626000287
340.8609721680738
341.3745979302417
341.67391863744797
341.7233400344484
341.6762817501676
341.7958595489561
342.14650722537635
342.600937515913
343.0890466642045
343.6404566331898
344.30271433507176
345.0371512462043
345.7381158251861
346.2777481777451
346.62903759704454
346.81273658707227
346.90478520786723
346.9613118712799
347.0067094570385
347.05161435923435
347.0789160946243
347.1422981543527
347.1745552473136
347.1358899768694
347.0929154904769
347.2889186644046
347.82005255208077
348.5782073047602
349.3953388264514
350.1274478404612
350.68851056841754
351.08691763331075
351.3515436459122
351.5871825666164
351.97074133540923
352.51761315137753
353.13556956726165
353.77989192484847
354.32667239547845
354.64826446051325
354.7076657198397
354.5118155961503
354.15799914638416
353.706313178717
353.166420502039
352.56715857182826
351.9937871046122
351.5971512143698
351.44294368473123
351.48787690965673
351.73321854228874
352.1604699581087
352.57126319323777
352.85614254759554
353.06512535706935
353.2481943435807
353.35295372348685
353.37715734329845
353.3689356587227
353.42417104767276
353.55040790781754
353.6944824375691
353.8404893223868
354.00940992402064
354.20174300541083
354.37489012995377
354.4080655905069
354.29230526649883
354.13629827955225
354.0613758231171
354.1458667162784
354.331884046143
354.5174923217908
354.5565289983752
354.33133053121594
353.9030892500623
353.43959843136906
353.0655596926024
352.8092646883328
352.633591369336
352.5203895098722
352.43301656378435
352.34109519121495
352.2243032784002
352.11131191015613
352.10584620049167
352.240757561383
352.4743455573854
352.7337140090861
353.0136015506817
353.3398739051246
353.7154368926855
354.0778874462044
354.248050875602
354.26627067483037
354.2922438009442
354.3041725788809
354.2011219973124
353.97882051382055
353.6344981660421
353.27359904461696
353.03701361643016
352.9302859393364
352.81208815996547
352.698920263123
352.53786616268326
352.31860925244854
352.1117960988747
352.0314763221718
352.05440252333756
352.11865218165735
352.28409474542326
352.5485064101338
352.87972723596533
353.18471380807546
353.37484594770075
353.33098266024024
353.15228291317294
353.0115339723775
353.00052972143845
352.99383684211926
352.896901614517
352.7057063696827
352.5027179644087
352.3514513813842
352.1991487387072
351.9719637172864
351.63291823398873
351.16156885825495
350.6178353164751
350.111944107813
349.7192081416451
349.525037773928
349.57226909859014
349.7548920487867
349.957994416483
350.09857841817046
350.09051369808236
349.84034126374695
349.41669785559975
349.0122477735847
348.73941488231304
348.6024785854188
348.49849531912224
348.35233975895227
348.1338942010136
347.8438434921369
347.53221571040746
347.1687899242343
346.8136226373173
346.57192039280795
346.5114852015221
346.6751552817254
346.9759577287932
347.21887606086773
347.15578503575614
346.7979026692166