0.0
0.0
0.0
147.2781981307674
152.37486210825816
154.2085753985116
153.13536503628427
152.11281941969494
152.31116900703793
153.24034375935514
154.29082325352437
155.15434003352712
155.8878860713396
156.68557456682095
157.59590057802524
158.5363640116014
159.45053663890428
160.382769929694
161.3698031138182
162.3807037345939
163.37459139814496
164.3201321485667
165.23375828081453
166.16476256156196
167.08591423506385
167.84206053566547
168.33116370651405
168.58467511159924
168.6665523827131
168.5945088828448
168.37793522445534
168.06881625237867
167.7765491124909
167.6308028947351
167.75615155737898
168.17589094966743
168.79325880029575
169.57231739862192
170.44273099966566
171.26979208164974
171.96780119821582
172.5300600135637
173.01731298478765
173.49966935852515
173.96013136941193
174.3753088743943
174.7549680926845
175.09765595597588
175.3912590586471
175.62897681691038
175.78266008623623
175.83962707223145
175.809117856622
175.70979320630127
175.5627243830489
175.38592902366594
175.22915954796517
175.13012941928517
175.01623538543146
174.8559766450012
174.7297690308174
174.63007345936876
174.4707358305363
174.2476697504835
173.99882774594158
173.76099532568884
173.56516420663957
173.415659851837
173.29871234580784
173.19705437638487
173.18248671333333
173.30798976496928
173.52711046752069
173.80045826915114
174.10245293443052
174.34876909321852
174.48853814818867
174.50792246688619
174.43112619246045
174.29445112324726
174.13835201631966
174.00284917590142
173.87683338316364
173.74060871248395
173.5947659126582
173.43758170661994
173.2595532458222
173.0484686915994
172.81553230066297
172.61313823736356
172.5017907095489
172.49459552025036
172.60029223488533
172.78522261404646
173.01480141794747
173.30735694615552
173.6483317505759
173.92640753213774
174.03747797237762
173.99923909665742
173.92449314150858
173.90749157101715
173.98486280049892
174.16685222183233
174.45293241167468
174.8117730029286
175.19016352028632
175.4930059377991
175.6964091790727
175.82402695181025
175.8303036430174
175.70165143670516
175.47011994246247
175.15015129800778
174.77359220772598
174.4101152154726
174.09832233409813
173.81398847592533
173.5594951175374
173.37363314738653
173.26794287299109
173.2531399380365
173.3316629816764
173.45135512914518
173.61592354568373
173.84169560253582
174.0913900021593
174.31654120945112
174.50168636543214
174.65918506665713
174.79437162198363
174.87401638934114
174.86695276291795
174.87280634866252
174.94296975639674
174.9986019362509
174.988533095822
174.98728835226763
175.14825673102308
175.4466598836791
175.73564123325545
175.91777988812333
175.95270786213106
175.85943568385517
175.68156042442217
175.49954777390158
175.38510009465242
175.3506853023647
175.39321152884008
175.4583893364129
175.47869560975272
175.49452115919644
175.66085945236753
176.04310419383864
176.46611266361398
176.75790340833413
176.96930751071628
177.2083628542942
177.48478616244284
177.83027377670516
178.2194620268547
178.4899395992466
178.6266897416755
178.65624404916093
178.49928798145982
178.21706966691062
177.97763097834797
177.67233105558566
177.2337808158266
176.88761729025856
176.77255072924362
176.81605163385493
176.89622048100918
177.03415140103675
177.41559212091636
178.07319178507834
178.7707337282933
179.3121653464811
179.75979026639624
180.2898201310062
181.0388991534751
182.02345871527314
183.13811669229128
184.33558552983635
185.66555444140522
187.12365166726096
188.72592341160436
190.59500309819626
192.69896655115147
194.80845202667257
196.8854352980128
199.06636346788682
201.3648831783943
203.78888319434506
206.40748485437766
209.59226448252366
213.8465433528928
219.47035832568073
226.4305667823412
234.35941621610863
242.78200051999949
251.20408086199413
259.02671518254346
265.9288823671496
272.02433109912533
277.52590138788116
282.58484306005437
287.39586343070215
292.0873936384512
296.67074337104106
301.2411356686292
305.8458186594798
310.41974522513965
314.8067080838371
318.7747269812701
322.0669624166509
324.5386816840502
326.24457531525326
327.23234645302205
327.7133399013935
328.0119041068938
328.3364130153549
328.8140519383318
329.37728897833784
329.9216309056725
330.47893572272756
331.046417332106
331.58069553883666
332.0289164925957
332.35553680168834
332.6865087459707
333.1402514232462
333.95610171560963
335.1856589223696
336.5933906318643
337.90894242506386
338.98713943976196
339.86842866943863
340.610839177753
341.27866436676527
341.96553891422576
342.785447534363
343.80487104891324
345.0255538189123
346.2858412784324
347.39668205962295
348.29665748301795
349.05779494244644
349.82046995744315
350.615527399906
351.3893912100492
351.99304703796486
352.3447597345321
352.5177109493469
352.55336652800804
352.3700783031202
351.9212573152605
351.2719746023907
350.51730100171716
349.7663442951217
349.127522589868
348.53358488608865
347.83447763526704
346.922122490738
345.8716754639522
344.9834967782406
344.58782727524954
344.7430310522848
345.3158764651197
346.0682956012302
346.82140251427404
347.49801590372624
348.10857164971856
348.62705572500874
348.96191864790865
349.0362304454417
348.81569256160174
348.43652760554386
348.1306720250538
347.9997100384535
348.01149662472585
348.0499508231019
348.0836504668183
348.08181845901197
348.11840471288747
348.3025686567166
348.64772924740174
349.013959807077
349.29513132722684
349.4580437493045
349.60699480290054
349.9045018542597
350.33086256524746
350.63771825744686
350.6140444942752
350.20988375060693
349.51972008687545
348.6766661512922
347.8742789526161
347.3328657253069
347.12711190852633
347.2258451534647
347.49797045288165
347.7867402361484
347.8911559283385
347.648768131979
347.09588228511456
346.4198909543656
345.7626385378022
345.20240106432766
344.8413386415772
344.884394007277
345.4684439341056
346.48833929068775
347.66635665194207
348.723033047696
349.4620240044295
349.81621440084973
349.6982858036406
349.074051087757
348.0433770780457
346.84072289421914
345.8388996490345
345.3345373349928
345.36715552388426
345.6818458402795
345.9469026502729
346.0434821317517
346.05641068123134
346.0332629891537
346.1103802120539
346.34027207076457
346.7819067209556
347.43877242171254
348.2897186605358
349.3221905625826
350.4579631441468
351.63058262341946
352.68374182941807
353.45502406478005
353.82956433520394
353.82450123639273
353.5119894927234
353.01495745442634
352.44042481816257
351.8489847392979
351.28756870833433
350.79468064035956
350.4175979543916
350.22013270185295
350.1686647295171
350.1775992748347
350.1658026139291
350.1006304350677
350.0189847317753
349.91263858112234
349.72186321237604
349.2841100043079
348.45331492228047
347.26453298300316
345.9007815348526
344.6255185500429
343.641362585456
343.01074054805383
342.6758674510784
342.5264783093236
342.48063863785046
342.61793346300135
343.0649449413548
343.74477370524653
344.50821324534894
345.1196362960382
345.4785009892912
345.79793346327017
346.4453931947721
347.61038699704983
349.22782490110484
351.06361965793457
352.83439636461884
354.3906829839681
355.699005957015
356.75247482766423
357.5598714258624
358.0985377903806
358.2751898970877
358.01658747531263
357.37701738456815
356.59394625348494
355.7552819511375
354.8173044617572
353.71216787002857
352.3921559085716
350.8263771601569
349.043078456141
347.07902224681936
345.0121250574034
342.9872124703718
341.3678067907574
340.80682803429164
341.95623710678376
344.6516121257994