0.0
137.26612736672269
144.58930326305446
150.4266920623633
152.37912280717052
152.32304521055465
152.03700385471106
152.0688552835747
152.56565070494912
153.4525064003633
154.5935286209566
155.8736510219934
157.14212803119463
158.37958071161796
159.65773350120443
160.94825200144055
162.18727085583828
163.38458655062652
164.571347140875
165.76671791683626
166.95518997705472
168.01604756789112
168.8156614206772
169.41899036773933
169.95707301466837
170.49639378198188
171.0400089174098
171.54898272165204
172.01642671983203
172.49832912592734
172.9740152567845
173.44000556452698
173.932064467778
174.50542059862875
175.1451427987255
175.79066704167712
176.46707611883602
177.08202228997143
177.55594792617944
177.92007930526887
178.2195938257464
178.519352286536
178.81032310372478
178.99676070000567
179.02607453496802
178.88955361770215
178.59283051600374
178.1414711242924
177.56621069923858
176.9512816054479
176.38476143416284
175.8852004099976
175.39591680531265
174.88832621626523
174.41438941371987
174.01949659923395
173.7023043474487
173.40317294743852
173.05596923932745
172.67646384772715
172.32845592561924
172.04058354272527
171.81807770450732
171.77105666291126
171.98209831785107
172.42730080002875
173.0042637321623
173.61741253547189
174.22547066544115
174.7421441287933
175.1430994906462
175.4343807652852
175.53050238265303
175.4001120241496
175.12981340623244
174.83224971544118
174.64483229070927
174.66875931553864
174.82927674690657
174.98510844086974
175.117826107663
175.26567222634048
175.4285578393192
175.59924581002994
175.76970172979935
175.91008885309517
175.96209275614322
175.90446058923544
175.71471210712272
175.4042680423465
175.05001518503173
174.76274565495225
174.6528616180231
174.67466160345884
174.6987672169594
174.7080669659347
174.69388242582878
174.63745428570465
174.5984548351742
174.69770116437135
174.99926332661659
175.4217125185187
175.87939246546557
176.2815086012303
176.50886608008673
176.51810123547875
176.35850549418427
176.1113440096112
175.82629920533972
175.5566735507445
175.33078506093634
175.0111666091314
174.57367664584098
174.2099047103289
174.04757282801552
173.99627641963474
173.95318479726166
173.94222342179555
173.98525310302682
174.01729228185832
173.9712979937081
173.83598103908488
173.61293547470103
173.33296201003677
172.99022304494713
172.52033896158838
171.9313154962706
171.2679317942258
170.5880337527692
169.98361803536844
169.5841343898694
169.4441870390072
169.50663755606968
169.7015187614465
169.95849392609466
170.27537928073716
170.6204295604114
170.91619697833272
171.1904684192856
171.47614014507138
171.68002244625367
171.7857326653089
171.8435787626174
171.88303676905778
171.93925733013361
172.04546383768076
172.2564328713296
172.54738790718633
172.86482243096071
173.2432552162618
173.72983003773493
174.24916199659413
174.62394540339068
174.7767909150757
174.81968675164435
174.84547744494893
174.82112661960778
174.67662413679557
174.4657522838608
174.3490402916994
174.38736200180713
174.52140165856233
174.69270413321053
174.8046029756277
174.82501310054337
174.85058126880665
174.89190626161638
174.84419146506661
174.68061408468782
174.45449273976263
174.18460117460535
173.9227938971301
173.69919719659495
173.50551802016236
173.3383522906737
173.15603237879515
172.88792217557346
172.5404834382172
172.15314928765955
171.77644518962072
171.50413937577497
171.4976426422767
171.74149135338553
171.98087616855247
172.14999853702653
172.396711819042
172.83892525304213
173.451977774593
174.16529767679822
174.92252175493115
175.7211959193922
176.6500989986628
177.7758372006528
179.19079737782425
180.87794996929955
182.722431595936
184.6063380325611
186.5103918413224
188.49558389131863
190.5189173501763
192.52761550209198
194.50958221422673
196.37501781129416
198.10442944781883
199.79893025764292
201.6021001074635
203.67200180557916
206.21014414994087
209.50035024019002
213.6825152697351
218.7783834773076
224.64267563442357
231.1214526727597
238.22557604744733
245.834618731901
253.44350938676317
260.411085658088
266.6059109582322
272.3096509159738
277.69188521613034
282.87284209666564
288.04892542219085
293.1634151921526
297.8618178502368
301.9378262380346
305.3284484259481
308.1692612986483
310.6553194657987
312.91059714533435
315.0057805107825
317.0190920066099
318.96354298613204
320.8054148485781
322.57627610992716
324.17934865707923
325.6561323038082
327.1481049604023
328.57886404667886
329.77064638192275
330.67892596576485
331.3984818029864
332.07756382184175
332.8544487220465
333.79084772123593
334.93238725192583
336.19845550467244
337.43436371343057
338.504117488699
339.3653283818916
340.1023023674577
340.81063244555526
341.525285781788
342.2729731254615
343.01603652531196
343.7793877851286
344.60908325791365
345.35005339990255
345.89163106121293
346.22132097446803
346.4513218500282
346.72074703334226
347.0685467124975
347.4252489587468
347.69990580430044
347.8901059367924
348.0182876412444
348.15162632589426
348.32597993044857
348.58088792061307
349.01564135397837
349.6524561375756
350.3527649610186
350.94669666455513
351.4580832750778
351.8908328740333
352.1123919636664
352.1323925969698
352.03828588450835
351.9148012106401
351.860101861429
351.977689864611
352.1958480642893
352.37308418310033
352.37893869227116
352.28394931327244
352.1646181695858
351.9636799212632
351.6429787055772
351.2446132449883
350.7735427839266
350.34935481843166
350.18259851899586
350.3518232725713
350.69786358686304
350.9795602554223
351.20288726398115
351.413437610977
351.58942345334344
351.7682325396571
351.95260153635763
351.9936237068996
351.74424753344806
351.3526581498005
350.9794560739259
350.68283797566403
350.5215363584167
350.54330495137634
350.66178871755375
350.7058092195108
350.5922616281789
350.3443471347623
350.0277320645097
349.6218690749882
349.18361089285554
348.86014002797526
348.6909349114385
348.6098062233001
348.53631011209416
348.4321311538608
348.3523577607981
348.28111753100393
348.1990397956854
348.22137666567215
348.4077538055105
348.68157950370886
348.88745998308804
348.9891616182264
349.059906515761
349.127209519218
349.1270441154279
349.1247905113318
349.38922711895253
350.0135940402926
350.85200896217424
351.71865696674297
352.59735103724825
353.4824331902505
354.215293555768
354.6757510188549
354.8489975782357
354.7854867445347
354.61905320651033
354.5203828171286
354.5560789875218
354.6542820469945
354.7497000900362
354.73518802518777
354.48069449744355
353.9554805773115
353.2360753053698
352.4728668127392
351.780266306393
351.25541647225947
350.90168329540046
350.69582935223565
350.5899476339383
350.56828836740283
350.7055077875203
351.00540655339523
351.36612725866104
351.71400164768437
352.0414973848593
352.2921071386296
352.3878294982718
352.2796660706622
351.96947412686086
351.5619212263243
351.100988927091
350.61072621644473
350.1455283385544
349.83506480551176
349.6429266591609
349.42179615523156
349.25515717332144
349.2578646085849
349.4212645462197
349.7181320607882
350.19722885541535
350.94854704233035
351.8736762595503
352.78154121940327
353.57335704494903
354.15551183404557
354.3848377552289
354.3337251808233
354.2144357612917
354.0913216706763
353.95558281203546
353.8220585411489
353.66195771459724
353.4247780097388
353.0547603580426
352.58258491412926
352.22774306171385
352.0758299425313
352.0787286364211
352.13959432310656
352.01648524231837
351.42481410493195
350.09642281782874
348.2335073581168