0.0
143.36362155014012
154.39176651932237
162.81389824040875
164.97647092266962
163.86402872181384
162.33510751394732
161.57822824930605
161.71025123086483
162.32613881414682
163.04376305570176
163.85340091684213
164.8929776143134
166.1603741023299
167.55247695667492
168.89618900891912
170.0917933426776
171.17241670445873
172.1980171339801
173.27097688103046
174.45776294431963
175.6638130939581
176.72242898905154
177.52172879752922
178.08309122067837
178.56954707626437
179.0842598899812
179.54862776991231
179.85101308970218
180.021750473032
180.0778223566685
180.04770370511014
179.98036338059617
179.92653264794308
179.92603074898278
179.94266439105965
179.8997316059471
179.7598599854947
179.53591125829223
179.28590588310576
178.99449884002343
178.5994716681322
178.13561822413422
177.64294368773264
177.13071923061307
176.66848311581546
176.28410822598892
175.94966918504701
175.62672314543204
175.32512379480463
175.05982178690257
174.79301261393294
174.51092906870448
174.18077717979128
173.7546846273885
173.21892226594406
172.59139831445663
171.99604931044047
171.5015128830603
171.06102525386353
170.66428188985736
170.34234544606738
170.1524628592678
170.17298784681464
170.40665708658685
170.77523149075176
171.19787840132142
171.6070065388526
171.9697940284905
172.366512150463
172.87078120079602
173.38486317947422
173.82227400894362
174.20233234107343
174.52105250461344
174.7944756785401
175.08711659169435
175.4283595768684
175.82217277390973
176.2264837234551
176.6675290820104
177.13504452002653
177.48747735616251
177.6409566334886
177.69423263969497
177.71030618368798
177.60905975367353
177.36764140216084
176.9942184850355
176.50260686644162
175.9680487262333
175.4676821959036
175.05642766225168
174.80269121809215
174.7018142447654
174.64564063738658
174.55523537112202
174.40350734383227
174.24114654208512
174.10496550476077
173.97538703738098
173.85898922622613
173.80901893605352
173.85590417870105
174.0220566356982
174.2558411654265
174.4740102794851
174.6307968780199
174.7295018579451
174.7693579099555
174.7906160967024
174.8264638428813
174.88499867559705
174.96175197631877
174.99683466889098
174.99933060876225
175.00990167847738
175.01808057905353
175.0329166132978
175.06221116166566
175.1222850809933
175.21847795854816
175.362506681201
175.57766676817866
175.83348483293432
176.03350227568728
176.11443242192703
176.07035480040895
175.98609341687967
175.93406756924554
175.92414604341351
175.92946221935776
175.94721579938928
175.97326330196842
175.92489358995894
175.75813947548573
175.50968307543138
175.20888201483405
174.9073725505457
174.6812566293504
174.53964421020308
174.43191487211334
174.34354702727197
174.30704589544865
174.31498285334482
174.38535205752729
174.54358389876597
174.7383707696556
174.87514386961246
174.8896321502505
174.78292269137108
174.69454351286282
174.75001146543156
174.922049398703
175.12453445781713
175.34115412249707
175.58679352237647
175.8069252603071
175.9412645981583
176.05206284761593
176.23573847994948
176.4460002335024
176.64917077765497
176.8031851929357
176.89078407418373
176.9672737253286
177.06802541790535
177.22326076316423
177.37132665543285
177.38144327195795
177.3023610924811
177.1880742150105
177.03807594849675
176.88278176398882
176.77957607437648
176.78707718864123
176.89175927794298
177.0650025374024
177.26088185529522
177.42573080127022
177.59105364889461
177.8697025623856
178.3182016491911
178.90734405395085
179.59993437735164
180.41205334751865
181.39603163996898
182.64203718381026
184.1916827547625
185.9971635234106
188.0369915011832
190.26734719635573
192.62973027571948
195.08691065631615
197.62435612362285
200.20604202368108
202.84860970681407
205.67455776286573
208.8645319761094
212.61581749943926
217.123075493385
222.54300434588876
228.93070197853658
236.06489555501997
243.58653496996683
251.27480431503068
258.89401544732095
265.9741537750045
272.13616989478595
277.25876903117097
281.68941242832915
286.14509629293576
291.02992907828417
296.1256794015328
300.858867715253
304.960461288334
308.5485334809556
311.9881944754661
315.43817634310386
318.6778055967234
321.46250493092634
323.62887274677075
325.03840139330066
325.79911711851116
326.17476736688116
326.5032356363839
327.0638376027759
327.8669051020433
328.8170956212495
329.7374412563263
330.5525294755477
331.2614778465146
331.84112546516326
332.41053606323703
333.11684730883985
333.96698914346035
334.9511059918888
336.1056359210289
337.5026740578015
339.07165184701773
340.6817314575959
342.2556479567119
343.7349290287098
345.03004866059
346.08828807821243
346.8695764200062
347.39685408231026
347.68379618644883
347.7934030593722
347.8559409564209
347.96622547319356
348.16485274043566
348.4193956946429
348.56772619743424
348.47127135835825
348.0521180128204
347.36124183428376
346.48807450114646
345.7273562262766
345.3383481302206
345.26586172618795
345.38680164299353
345.61635281205446
345.9477785179294
346.32262308056085
346.75466118135455
347.2560997186911
347.7104289657936
348.13433307677394
348.6729235641549
349.3139691221124
349.9057905759697
350.2928737858722
350.4801322867093
350.6327668170211
350.8736663585245
351.15050900877173
351.3949416773906
351.7051045089979
352.16057334760245
352.74270898250495
353.26842251360705
353.56226794372037
353.6089356247433
353.52925620814574
353.43384765188426
353.3259115872122
353.21977768767283
353.05736937354
352.7355570142927
352.1430784275844
351.2704978439476
350.2821398901041
349.44485485132685
348.976964679028
348.87264609347284
348.95597843411014
349.08256783876504
349.18460644759887
349.2083771160966
349.0789159745042
348.8389137424697
348.5319490409477
348.181578446792
347.84139678530227
347.56246340549177
347.4079387255642
347.4242829903563
347.5943759721473
347.8664493371657
348.25079565509145
348.74848979945
349.2934615750968
349.782597740979
350.1778935923252
350.53234752871003
350.9668462665492
351.4318183536663
351.8444300297318
352.05616193876915
352.0474172796137
351.8988553125374
351.6616626297396
351.45633139757865
351.4332835910215
351.60591641699057
351.8550239191246
352.1087806128555
352.3012434237359
352.3639925678916
352.1158663380094
351.27923120516857
349.7373857305519
347.7516561153351
345.70901500067725
343.9702513979849
342.75535386048057
341.9934409444161
341.5722090110552
341.3640956687397
341.2805386826437
341.24273378285284
341.22986950764346
341.28446092935803
341.5538911500247
342.0550852886377
342.71535975199095
343.45660487615646
344.1394377735479
344.7243561873313
345.2043069380121
345.66198659907155
346.2125216760029
346.89451971276867
347.6924451495097
348.48653633915654
349.2022895489561
349.7618622891221
350.13610905858036
350.3272883030499
350.38755213848225
350.4208199940269
350.44964046658663
350.3660689074699
350.07030998077283
349.5836512075088
349.04514231956307
348.5914368495022
348.22924006706535
347.87238267540744
347.43627630453375
346.84643648078736
346.0457777648014
345.02805214849246
343.8423056385989
342.57444802776865
341.3490707941764
340.264137095565
339.3912563065465
338.82985051392933
338.5901447106372
338.68760583801145
339.1185330394535
339.8131992722764
340.5765353524179
341.2318319063198
341.75537199485086
342.13464157267066
342.3957161549502
342.67392803575626
343.1127712530615
343.78615581692236
344.73479785522585
345.9611971880465
347.31229769154265
348.58247577565004
349.5600491025769
349.762581187636
348.22630412719786
344.03807194735384
337.96556511022544