151.60416625518448
152.46010299809384
153.41275419334468
154.43813489663023
155.48648660918334
156.35663367275225
157.09792130198565
157.89514562474608
158.80141005798248
159.76884846497234
160.60815410258346
161.2810632767785
161.89988230215073
162.46808559770034
162.897892665018
163.15691846698155
163.30544273148342
163.43224695711604
163.59665486425249
163.8105088590145
164.00563233491306
164.20321214373155
164.53105324092667
165.0067788534431
165.5105367566769
165.91816235183165
166.1334528089722
166.1797899244649
166.10020229547104
165.93438061497068
165.75797941494426
165.53474903820592
165.1577044496136
164.64373175990173
164.12908631350015
163.72462925260677
163.42586001828636
163.19821232841946
163.11436836642747
163.24075642563014
163.51062595273316
163.7827231891609
163.9832679850273
164.16638437159662
164.43106004412863
164.79751139239153
165.18074129718568
165.44414937637055
165.46641004708886
165.32562142788396
165.15347541000904
165.00554573331715
164.91133598237678
164.91004585806047
165.0572428985262
165.37940376817457
165.8764971646946
166.45683641589642
166.95177865873873
167.3183427052705
167.6311439127312
167.95261829437993
168.2679255438871
168.52220203501776
168.70099610364707
168.81064730314745
168.7800056212168
168.54420037337655
168.10469434316013
167.55062693303117
167.0874159906358
166.89302245900546
166.95289564717984
167.2092262659317
167.59052189707344
167.99258604769224
168.3327888420266
168.57646378383055
168.711037601417
168.71379077159645
168.61011468388523
168.42307376267968
168.1651276227149
167.8605483994531
167.50388900992834
167.16008683448274
166.90599103360262
166.789249056806
166.7848929366881
166.77220461886697
166.69739700301218
166.61648436186204
166.55285897827753
166.49932246674192
166.5025832898084
166.61798666183674
166.80166091131662
166.98035275474584
167.09117428752342
167.0843536365272
166.9720111669576
166.81884880377802
166.71502775090653
166.78816933654932
167.1131372893659
167.54420902696916
167.8538902621458
168.05578912457207
168.3186192032104
168.68062105661403
169.11640945103863
169.5482521035085
169.86497210280135
170.08332364536324
170.3183855719966
170.53239858970136
170.5916818732852
170.48830387692996
170.33391809694638
170.21316607287184
170.10749904001307
169.9422078517955
169.7278157719668
169.51939387776272
169.2620987781519
168.86291908015386
168.3648103407607
167.92571064609933
167.66957390168864
167.6442506606739
167.78874334696079
167.95600324015768
168.0648617235071
168.14449053744553
168.23869998206317
168.399029427151
168.6199861519001
168.8201168067561
168.9294079012354
169.00883511144548
169.23821468474355
169.73374324719995
170.35139173632055
170.87075956390424
171.23982566208954
171.5862050864126
172.0018874166182
172.36347964167157
172.5368482919746
172.4917517144495
172.32129919416894
172.1656310289181
172.05915433958157
171.9471708266473
171.80105549537163
171.62357556774177
171.50912676828108
171.49219310077842
171.49048516082263
171.43996137302005
171.34902776948252
171.27184765055716
171.25797218804766
171.20837291717623
171.0823443209016
170.9322629378327
170.76791287615254
170.60049643444586
170.45400756890047
170.33797774352945
170.28183890069076
170.31078731298834
170.4118073932174
170.54055230072368
170.71854272341105
171.04198003600334
171.5192863676423
172.16686169813852
173.10254421301678
174.45840091010973
176.2900882190325
178.5411211851286
181.10867559347903
183.92123563532792
186.858848823472
189.50341048026428
190.97128592720497
190.0763595383971
185.84293546799088
178.18359525946815
168.10711162212903
156.92722016550064
145.64337803884456
134.8761499590103
126.14736220903877
120.47258691736938
117.41656875539832
115.37484854014315
0.0
0.0
0.0
0.0
0.0
0.0
225.41897560654184
226.07291742790716
230.19194086233486
236.8768837093367
244.0581493289704
251.37806703754597
260.63242272973673
271.9482302942279
283.87429434371285
295.1367209598816
304.99262840679
312.8530435356687
318.56494068068946
322.64167395433515
325.7422870918235
328.24701376204644
330.2974808506524
331.9427738381085
333.26856652380434
334.4394704609818
335.5198896504011
336.4321303536808
337.08521134929157
337.564192356581
337.93935665435663
338.34007290670206
338.90834642268464
339.6702796311439
340.52247440970535
341.3100190130689
341.9131970983645
342.25011468759146
342.3606419397123
342.38024421038455
342.5276307103751
342.88297793224655
343.3646644900765
343.8034333655172
344.1228371136531
344.5901680983104
345.4465985105572
346.29611457240617
346.81681495321305
346.9949319178598
346.9379523787075
346.77277909493006
346.5959685795223
346.52617767872624
346.69446846940906
347.1556818771669
347.8875575096889
348.75633544587765
349.5370665760852
349.9226579012171
349.7391342903958
349.0157330006277
347.971684154722
346.9337109553995
346.2044999018133
345.90562438848616
346.0527935380569
346.537822126738
347.21666767928286
347.9381138690471
348.58284258176724
349.0626634612215
349.3539140652265
349.46340111513587
349.45103836273756
349.4902515188088
349.69857015057653
350.0309360094657
350.3786927493605
350.6670845702105
350.88504553865727
351.02513307077436
351.03318706456236
350.8948051998618
350.65609702518276
350.3861579636799
350.132130943157
349.92305533930517
349.74144448829
349.5453849485792
349.33829408245754
349.1376047870615
348.90584844834007
348.62962014821665
348.3158264005702
348.0050838664047
347.75997456460914
347.61048656780645
347.522852289592
347.36512218361287
347.0448802535827
346.612164159882
346.19362800186923
345.8754114132002
345.7028765712645
345.70511209230875
345.78946689524923
345.8412760625292
345.82052316206637
345.8084218965445
345.8669257527177
346.00420324819737
346.2813464952854
346.73715198985366
347.32782115594955
347.99460460438803
348.63897934081893
349.1553858506756
349.5457273151357
349.84826078053453
350.0968458434822
350.37928732402884
350.75862293658736
351.30485809861796
352.098041733973
353.1079797083734
354.19244103698594
355.1540251353357
355.89240845555264
356.3460813711033
356.40470030902054
355.96856195054045
355.0275604435527
353.70714890873865
352.223002211555
350.77217346601304
349.42507775768877
348.18165605751574
347.0402002374707
346.0327562670551
345.17916469505934
344.41879740194463
343.66677528234175
342.93465632602164
342.30644228615364
341.8846686677591
341.74289038549676
341.9302196364423
342.3791708322926
342.9395476818405
343.4822404721626
343.9609419101504
344.39866809264424
344.80545974198213
345.2125376546249
345.6888439651306
346.2706032076412
346.954234071834
347.68630178420926
348.35658028081104
348.8446555191521
349.12527032423645
349.24858247067294
349.2520571482081
349.221382826222
349.3007301713924
349.54420329408765
349.875082533832
350.1815021911209
350.3983309923797
350.5155753823425
350.5265545300189
350.42673207224925
350.2408547861514
349.97677421147364
349.62904527450087
349.1771052791923
348.6128340854448
348.0396779659906
347.606741460125
347.3243139241475
347.0913284806996
346.8768181061221
346.73891434107503
346.6591556630709
346.57287974885185
346.4595817416353
346.29060859329104
346.06973617689016
345.8302863430169
345.6428387841356
345.5814221262346
345.70443639672055
346.03655304067763
346.53068968323225
347.15484938903853
347.9358075054337
348.87026396684246
349.8690240381817
350.49505268748874
349.834888925991
346.9349768261849
342.2213975810628