151.3764534696275
148.74592377742874
146.8403825332721
146.17239839627837
146.350772395977
146.8797477981939
147.48698418469058
148.1200208853431
148.8418728357372
149.7130666469858
150.7020302710701
151.7119559825357
152.61767696982946
153.28539117008393
153.72218632377894
154.0113390967352
154.21709205708848
154.4055711174092
154.64328503845118
154.95202321009904
155.29758214565092
155.67120387958255
156.1860220478237
156.94255478117836
157.89583454871052
158.88789885478002
159.78818029245866
160.5817475568046
161.29533773114528
161.87131509993378
162.22644748087038
162.44178762650927
162.66450553926256
162.96690213266965
163.3071401158922
163.64161366622156
163.95493950571864
164.13688496223125
164.17519571419157
164.1850548070583
164.26781662276474
164.44638431997052
164.70195637463237
165.0319525949326
165.3933303389636
165.71380228304565
166.00603759766793
166.3232973737621
166.64122688833857
166.98452037625498
167.27857640212065
167.50271287935513
167.77046711998008
168.0720805408078
168.29854333423765
168.42453037307138
168.53519512069877
168.69764816618053
168.90236813894515
169.10896979413383
169.25753581154436
169.32101207855138
169.28523015214438
169.10371911654076
168.79163654960746
168.4826124006707
168.28059575906764
168.21830389347025
168.2578914265552
168.40465407858426
168.613123500096
168.76768780097996
168.8541000438047
168.8602036914781
168.78824724128242
168.73240950034463
168.73722529015996
168.73294439685492
168.61439654784965
168.32027324276135
167.93941338209618
167.57990108089086
167.2412723841941
166.84328953664624
166.41844022894117
166.1390534067448
166.02184583760751
166.06651815624744
166.25504499742212
166.53223907451647
166.85187404100526
167.17093982493896
167.525357875195
167.9045723403901
168.19986953374803
168.32306487247246
168.2997550254
168.19640805688803
168.02833772389118
167.8382923225298
167.66243704566614
167.5619289133399
167.57450158200547
167.5854428339712
167.50219274778712
167.4218789980531
167.46894975558536
167.65380836534
167.86155556389542
167.9760023347177
168.02110672658398
168.12969116409238
168.3587039491054
168.60517135583532
168.81468561101445
169.06632969166031
169.37315478668341
169.643777305819
169.8239499594721
169.95164476404634
170.05566667962012
170.12003271588162
170.13169739943822
170.10306066532206
170.09031291934699
170.06594558881642
169.98073197607923
169.85024273263076
169.6723994107964
169.43871029928553
169.2070805225635
169.07744101644678
169.10180832783777
169.18851550721865
169.267512047193
169.3712313616453
169.44934627856543
169.49159497439888
169.51598817707637
169.4951109397704
169.40510036896652
169.30353061941872
169.2594982757924
169.303720916129
169.4533410579907
169.67208893572104
169.92155649728164
170.1826612418296
170.39165980011285
170.5391019374844
170.67539708805498
170.77386646804135
170.7385707525772
170.57892964521199
170.35522858410872
170.04706714691915
169.6862617159054
169.34827482812852
169.06092861875374
168.81174861825838
168.6131916942318
168.50415140110823
168.494536506431
168.5750824873971
168.70656110158524
168.8656346339655
169.07801515155475
169.3338531621709
169.6029056119656
169.89815295233907
170.22230992387134
170.52074949448323
170.72527532461228
170.85867801124311
170.98077126026854
171.09942380945614
171.2400388938573
171.48255838147765
171.79016743821674
171.9873347198988
172.05647296406832
172.20512166397066
172.5881484172166
173.1359051180627
173.71445652581858
174.2396690080426
174.64624391605912
174.9017912536499
175.0781323095669
175.37134138208134
176.0196065553231
177.24571101706312
179.15659318967232
181.49546242125848
183.80322996525493
185.80431785518348
187.6307136188772
189.50513208524885
191.4324949634062
193.27200752717604
194.87799974737328
196.22777629068668
197.4424075605214
198.6958588820597
200.0629562797378
201.5064172594271
202.9155655728982
204.21039673301283
205.40675295749224
206.5112164531053
207.53038202249712
208.4724022047098
209.32962617624088
210.09261150457368
210.7197997944106
211.18470180373873
211.43731296774723
211.45877995652097
211.2914082626726
210.96632168321622
210.5363031119801
210.10313395710017
209.78247257281083
209.619076793957
209.57838702248227
209.6377891508862
209.75368965228034
209.85496844300891
209.95623728336258
210.06760161225577
210.16645890438323
210.24740833132967
210.27798779001105
210.17794779681213
209.9684575733503
209.7275231157579
209.5050407679646
209.3769372127173
209.42425654112384
209.6960415815324
210.21239112066667
210.9319351245319
211.71082760273657
212.40935889326948
213.0010532507405
213.52627430726764
214.0528864805852
214.55186384724584
214.9623098774445
215.2829366136972
215.5749757204127
215.9145268720447
216.32188054949305
216.7440073246564
217.11200846203695
217.38443250020143
217.5554939728509
217.6136064593164
217.5433199693756
217.34425028766069
217.03893247904549
216.67345627205296
216.30164322685357
215.98298699705072
215.76011709600513
215.64772092244033
215.65449529100994
215.72180448150348
215.7865510370932
215.8308757101271
215.82927199607133
215.76679527024737
215.6906787496203
215.69374749457842
215.8002514333525
215.952310820862
216.10907416980365
216.25578819381346
216.39101918493807
216.52275608120985
216.64952200905816
216.7875018402941
216.98610693031895
217.28990797149228
217.67817980265238
218.13996025420994
218.64921369785006
219.17515889189252
219.65357021319755
220.05187030459672
220.41345679491627
220.73311804260155
220.9773189871217
221.157133194263
221.32476549160157
221.49859291406443
221.69865346438144
221.92352951381696
222.1485635357693
222.37794504630207
222.57286617580095
222.71075715667024
222.79500329817625
222.81560168862813
222.7442669464291
222.621290502932
222.5221897262516
222.48382789323423
222.49924544597923
222.51634773696452
222.51382814475252
222.49184113845675
222.43826184378608
222.38146007495817
222.33006592310738
222.23695665918385
222.09915155144205
221.9380026872466
221.75903177523986
221.586867131669
221.4193856562498
221.2383929526697
221.10075418390838
221.01931996530786
220.94738937849692
220.87985554250972
220.80551633187306
220.74563611844331
220.74074127469922
220.8113483169616
221.00691710749948
221.31399918257839
221.68168226381906
222.04692383206793
222.3953415579445
222.7465035321391
223.0845635570568
223.3981753554319
223.67761812243324
223.9043423625491
224.04169299880004
224.07494996814467
224.00108781279096
223.80267969242942
223.46702713499198
222.9946776679303
222.44441701200014
221.86080154304761
221.2919584915187
220.80151094379693
220.38773241306637
220.04756125680632
219.74468351103616
219.4653573484745
219.24879761930544
219.19719052386108
219.36169209306357
219.66850768769547
220.01834790859297
220.3531885802194
220.6737488951761
221.01889661634792
221.38297684303575
221.74478627222345
222.1490669269598
222.62564408155322
223.15434802736405
223.6837031032936
224.21702523755874
224.8232902756444
225.53805590767612
226.30197618332429
226.9748285799283
227.46373854012148
227.72668127772982
227.78864338090006
227.68936300638794
227.43652500276636
227.02853783193578
226.52774308575204
225.95381459853974
225.32211073626414
224.67804974189153
224.0773921067077
223.54367377639022
223.05030184200064
222.59866423629552
222.179261308226
221.80968347994434
221.47845000297528
221.15124493366142
220.86487846919513
220.61292289049203
220.40712800897705
220.28276116692314
220.20981424547708
220.17708400864555
220.20293115123025
220.25854395278003
220.36759680824986
220.5293867950721