175.29438899088717
173.87331116641212
173.17671513670481
173.5400057010849
174.52039695318996
175.44987972284133
175.9693208699658
176.08695720144925
175.99479135131708
175.9008778433018
175.82158320344067
175.68738700876477
175.48586645752857
175.34335765910018
175.30880456054442
175.2734288637435
175.29346603785376
175.43391404284
175.82802015635434
176.30376382382826
176.60839778048444
176.83210535911226
177.14781505955358
177.54951581782257
177.88656698721195
177.9423530092783
177.63090160818558
177.1142662026107
176.52919885759258
175.8825582573586
175.1755300656203
174.45672359732572
173.78592390903552
173.1909006939449
172.6785215921407
172.1952350972378
171.59351471185605
170.90112043251852
170.2694960722359
169.76289784839594
169.48287028708816
169.41256061118202
169.45716643907812
169.48714277002222
169.38208622005223
169.18576665377975
169.0964737299356
169.1781374552961
169.33492900533787
169.48775248805154
169.6377373853282
169.7937511947191
169.93883094222218
170.03833317779294
170.07369573765385
170.09609475084613
170.19380592893688
170.3751466363447
170.53293860834586
170.53728744110722
170.35618235366786
170.09202101208822
169.7831433661841
169.41473057667844
169.01792830464655
168.65961555500078
168.3603805630148
168.07365315707005
167.91310994755264
167.86885166736369
167.88372414519205
167.93567444479086
167.922976523179
167.88321171431136
167.90696169598831
167.92559873531502
167.9393757677342
168.040196242597
168.180336526801
168.28687677416906
168.41323035663265
168.5646533938909
168.7173259534364
168.885805758303
169.07158991473506
169.24326500275257
169.35789279996354
169.46555296336157
169.67273408219936
169.9221651876649
170.04632605879954
170.01699851675176
169.86935659099026
169.63516206696977
169.3920115068918
169.21496868479755
169.1417261364721
169.14143567422906
169.17782275234487
169.30937417774845
169.40547927762518
169.3403556246909
169.16301811327097
168.93675013067391
168.7060447259047
168.552963389679
168.46291298146252
168.31697379724613
168.17588630481134
168.16745026848207
168.26606446582596
168.41215003941835
168.55013446634703
168.6614604692286
168.81916905020293
169.03805128362393
169.2737243007169
169.53934168172435
169.79591159522113
170.01070747148168
170.10313763966317
170.05452572792075
169.94690720747565
169.78935501913134
169.55063182661604
169.32485688052586
169.1414007480593
168.9336385322128
168.77065368219
168.7480136705374
168.78927834830984
168.8411019530645
168.8979421164823
168.98847945474418
169.15852042901082
169.3543124545819
169.4384484566594
169.43044768477458
169.46788751723253
169.5244593379907
169.53047352419142
169.47020544790874
169.31546694136856
169.1039686564281
168.94808599794774
168.84428165185642
168.71545687696795
168.59918214343122
168.5597716168046
168.59191707143793
168.71279007759782
168.87556564983478
168.9896144918348
169.08664276368438
169.19324633289506
169.27386300226354
169.33233226748206
169.31414422534957
169.1751564179255
168.96820322307022
168.79292138249951
168.68166175617273
168.63495258430132
168.68989773928996
168.7307293108979
168.60544514916117
168.4613475128154
168.44192051967227
168.45097442043368
168.40781092270652
168.28021707649177
168.1754867193915
168.11698861977155
168.05023183370622
168.03947856249766
168.16097715393607
168.36308143831528
168.63437130955606
168.93446093617789
169.2087773918091
169.50457854323753
169.90130046237852
170.44816501888695
171.2385274756119
172.32267089191188
173.73263566522152
175.52898247710561
177.7481130247299
180.4585798590289
183.882128395979
188.18966789591613
193.26488836462593
198.79310987231918
204.5533166494018
210.5137777987351
216.79626998484497
223.44515200431235
230.40353044293096
237.32548427042428
244.06956859014136
250.6837685462624
257.2846598401674
263.98567313153376
270.9218266719303
277.9609912040522
284.7613635202041
291.273605215286
297.44702072729785
303.120470919103
308.3119669045191
313.0396852281757
317.28806571953294
321.1011774229727
324.53657603331425
327.6375198929893
330.46584462756005
333.0326131083788
335.37228893476316
337.5502261504053
339.53285314301087
341.2072616601712
342.4566339889721
343.203321005133
343.5385552429772
343.6210122974197
343.51535003123587
343.2579949626042
342.94441175765036
342.6463347636584
342.47503355631295
342.60246474763005
343.0624818675471
343.83410285737284
344.83632537864304
345.87690569689147
346.75094572169843
347.32312616636796
347.58636801726453
347.51003675019615
347.05043771695586
346.2588193292698
345.35685858545924
344.6076127759924
344.17625976582997
343.9849940145357
343.8430177553845
343.6473750060019
343.3799837382444
343.07368849478047
342.80274800285804
342.6615808556641
342.7525381308716
343.1128465261413
343.66588354991586
344.3117952396532
344.99023508211144
345.6594977132282
346.2952559795302
346.9415761888944
347.6335620363313
348.2778351211243
348.71383351226694
348.8627711202738
348.7627869759194
348.52871872269964
348.31100089815334
348.2426586411563
348.34833330165566
348.6132537174109
348.9300505662618
349.0858688824672
348.9562659080987
348.6180352518651
348.2641527641933
348.07825924137245
348.2014605267647
348.621262469053
349.1711885596572
349.60513657801664
349.67886723848164
349.3294573023142
348.73287007045195
348.0966844756145
347.5653312490319
347.2262053948692
347.0965373870299
347.1292852293095
347.2919679260899
347.54794442631646
347.761661956593
347.78835877431106
347.53837792515105
347.02068318339553
346.3111533771438
345.53015644418025
344.8208679102128
344.28446199662267
343.9450660072333
343.8167260512123
343.89708797967205
344.13162364371254
344.4318687633503
344.76008473355216
345.0942471980271
345.454680209186
345.8544479746004
346.3062145782506
346.76222416327437
347.12457964942547
347.3534721816253
347.52006981395044
347.74576525464033
348.1729903417868
348.7956198316357
349.49331286673015
350.1584262785107
350.74353744545647
351.2291599428026
351.5745075710461
351.73261832736995
351.65978230476264
351.35057832559863
350.84053051126057
350.22923158266605
349.61634985280244
349.09867751627627
348.77893751588806
348.6376759038711
348.6500337384292
348.7805535666211
348.90715072651824
348.7960134041602
348.31917673273506
347.5395506403526
346.6220588669139
345.760125987367
345.1132511316468
344.73606259741734
344.60262969711886
344.5659925465854
344.3668449117339
343.9001409374109
343.23481712084345
342.5548132714118
342.0458486032113
341.82870942058656
341.9942880480436
342.5757248941576
343.46970686161774
344.4625165656824
345.3554160143006
346.0739690907709
346.6717452684441
347.21151670276373
347.69100528021204
348.0615375240428
348.2893589323294
348.41044301404133
348.4916287988964
348.5997793364928
348.7833163616591
349.005576318409
349.14386863573594
349.0966534963838
348.93114098354175
348.72963555946535
348.4654419774763
348.12926851174984
347.75348492879135
347.349351831523
346.8800947808175
346.2989642712071
345.63997261283794
344.98339838582467
344.3920092192842
343.8914287631013
343.5007692043737
343.26923550093784
343.1903590976524
343.1766270381912
343.2246955342306
343.3845298835555
343.68108717498086
344.02754500229264
344.3154104789419
344.4755175949563
344.5030828198745
344.5161323111378
344.69307417848194
345.1180868270641
345.7549380174045
346.57531951908413
347.5658206383687
348.70876229081125
349.9553559676652
351.1185060050573
351.9548548776772
352.0692621976
350.8392637716556
347.67626219285205
343.20283700896596