148.99438283932108
146.37077109623527
144.4668870215776
143.86872604920126
143.93492514021347
144.01854771862594
144.18206069504959
144.52499889101708
145.024118007026
145.68022296484693
146.43708239638457
147.20564456231446
147.9488417001379
148.71773250577053
149.58707958082664
150.6040389307036
151.71591015265216
152.78242944166357
153.75696321402313
154.67066609384153
155.5310744920136
156.3447826667694
157.15071877970246
158.0192664005205
158.92083267873713
159.72571130709477
160.40879266093194
161.0268987589601
161.63530900721992
162.20952459492048
162.69405835831435
163.11638402935424
163.50794653611263
163.89466881145404
164.33813062557434
164.89017125500789
165.47297429677798
165.93559576708668
166.15148293415646
166.16782596018322
166.14080344221088
166.11409438444332
166.04050919258827
165.96914468817405
165.87099166063288
165.73139164131032
165.59079650959265
165.4549018917112
165.39640449507704
165.45560431981045
165.62580255268526
165.88490201486314
166.2108565943617
166.56070490963813
166.8636969384119
167.10507402113075
167.21667477471408
167.12095701463636
166.91019041583615
166.76322749202237
166.73835569947914
166.77978148748238
166.7900721380513
166.73357317046248
166.6391311212965
166.53459303821265
166.46885926600282
166.48047181327084
166.5386831842546
166.61325825412473
166.72119706975735
166.88612756810898
167.11029150626626
167.393748271575
167.73869804761068
168.13175829142463
168.5193009220016
168.86403543806148
169.1804740072076
169.40868293991207
169.55800251635696
169.84524470693614
170.37250305934353
171.01705730153893
171.7184947034381
172.32413339044967
172.6466576079663
172.672959515727
172.55514072534925
172.42755520816178
172.3304083146677
172.2303008766358
172.045159140471
171.74693794696344
171.34272774067853
170.8381631089111
170.26468408389826
169.73676798967446
169.30637244343916
168.8209063955194
168.32277399610683
167.92856779346806
167.7049662365193
167.6969950911832
167.84764344552437
167.98528055788773
168.02019596686
167.98380174975182
167.92648211104043
167.9133399956782
167.9996407327613
168.1703858165872
168.46766406449902
168.85634362463293
169.2221837260785
169.51243580182592
169.7111187898999
169.7924624043105
169.83315165921672
169.9459106107155
170.21582459476429
170.69863296578563
171.38570727888285
172.14902239273778
172.7786680669194
173.10694121161265
173.14515597212673
173.01676130580407
172.80574116880112
172.55116907705093
172.27216383387375
171.93256345391444
171.55255828295358
171.11414060372692
170.58213330916877
170.02847181082862
169.55423154395913
169.17197836392438
168.8256736221237
168.51424825007695
168.30292631301396
168.23908862747402
168.3422327228791
168.51900937578316
168.6378138648734
168.76392138792815
168.95281361246919
169.27636619889915
169.72669289035244
170.17021598894618
170.59982064784197
171.1321715785239
171.6835689255215
172.20369850659512
172.6799324040579
173.08887747548332
173.44856564049576
173.7330904559136
173.8932595141612
173.90727672533237
173.7783630298345
173.55504207505905
173.29175424020377
173.05251213096486
172.90981788002694
172.86810465115872
172.8812822718984
172.90346763937225
172.83641770013742
172.65760953103018
172.55948400877938
172.75768326950316
173.26311601093508
174.02659919347101
175.0153451779529
176.19829317672955
177.24799938998729
177.4179541888452
175.88413769902684
172.26405407977157
166.94107485456757
161.11339794963584
156.8761843949394
155.6661456827938
154.42646888821915
150.97727216242967
146.79872732508332
142.1678460859998
136.77119131775748
134.58874997801226
139.25664262567096
148.11275830815754
156.0899388961836
155.0826779351198
141.00803180279695
122.66463022599687
110.6179391466465
109.19452607306218
120.60298098940471
144.62061345199993
172.33610415622525
194.14194777636533
207.99652847255805
213.80579678317994
214.12145804357488
212.6191317136687
211.7626381371647
212.1897544888163
213.4812141148539
214.98007317486957
216.29305622024324
217.35895655384758
218.23921761600167
218.95948419524038
219.54909834738714
220.0598764886033
220.50830751596268
220.96020282636022
221.47045181993877
222.02653334950534
222.62051691719682
223.23856767633555
223.88173671688523
224.60843811098096
225.43951772717662
226.2776317263991
227.00511658820906
227.60825375808395
228.052635840763
228.3046956782967
228.38065975560116
228.27235668421338
227.95784039573488
227.43202988200136
226.68870621651888
225.76569563473893
224.78395977951374
223.8490459487435
222.97674628167456
222.1613446158276
221.43001944176717
220.84199293990838
220.49584895409527
220.41164226192555
220.5259915387538
220.7130767841649
220.84486320026892
220.91799174806408
220.98896042596948
221.06488597590192
221.1155836538823
221.1071257036313
221.059453144054
221.05805766565152
221.15634601407675
221.35715606128934
221.67992911540665
222.12255527529047
222.62078268011226
223.0401715380612
223.31767831371252
223.4764466879858
223.5155386165053
223.4187232479694
223.18793307996515
222.862051939261
222.5314695669165
222.22173782167218
221.87540576288131
221.5087221415227
221.22527033483294
221.07156283551532
220.97297697326712
220.81679586296644
220.6227357673706
220.4448983017854
220.271194123254
220.08571321823234
219.8836741759677
219.72129870644807
219.6678321670081
219.6991819808631
219.753813605284
219.75493627964545
219.67173828012483
219.51725694839706
219.33863553968925
219.2470452640337
219.31266967896818
219.47006411892346
219.57885314603166
219.58292661188347
219.5912946954939
219.79466049956875
220.27293292339493
220.8967598750932
221.47975237422003
221.91312268177984
222.15081291401407
222.20407992299326
222.13208001156517
222.01105379541463
221.88914794566887
221.7769023222679
221.65532429535193
221.4635306620924
221.14104812620133
220.6694879944543
220.03598637365565
219.29095092938377
218.5468186241847
217.92988323291368
217.4808718965285
217.1412701804528
216.9004019529721
216.78162427191955
216.74948354638516
216.7215194787223
216.64546721405574
216.56221264627112
216.56404248438702
216.68446630284893
216.87536553730104
217.06318485626304
217.23156016365485
217.40314750548458
217.57517961551218
217.7885277407671
218.06855783418246
218.3875957103392
218.71856080824168
219.09843749350497
219.56218840772357
220.076999110672
220.59654656005623
221.04617095548397
221.33251373793112
221.44960218836297
221.49373828898328
221.54831329836895
221.6548703198233
221.80205105945998
221.9577080741754
222.07284230692258
222.09857517959347
222.05126263743165
222.0059976115802
222.00218905454247
222.06651523513884
222.1378151935769
222.0752226683539
221.76369853083662
221.20277851113988
220.4903071631006
219.73610530073358
219.02940381067137
218.44010052043038
217.97608346617545
217.619414149471
217.38073201412345
217.2867455997966
217.36124267529624
217.64023894210575
218.08674457629252
218.55784312956007
218.9541628999827
219.24339711279183
219.4164911287795
219.5700873895556
219.81422924824034
220.164493482519
220.59038294964338
221.06547166251048
221.55056900942608
222.0392152953102
222.61346036215616
223.2923427571689
224.0273013068299
224.7899297189681
225.5160120034261
226.13192365326975
226.57667788479475
226.8392628720373
226.92077980886614
226.80793248983116
226.49788160278504
225.9724702017097
225.17324812930934
224.01862396143213
222.48394813803722
220.65734590566657
218.70748516575352
216.85855801399498
215.30265492196273
214.17414965716503
213.50321821343778
213.17122244091655
212.78583637637297
211.70418122755353
209.363674457978
206.0092441269917