0.0
144.56591616752962
152.22757015081197
159.84560402549113
163.49518613967703
163.31750140929427
162.07866931466017
161.86011671863457
162.90557994299917
164.56358939465582
166.11766654643264
167.14522149341997
167.567197566737
167.57752985177308
167.41829732454357
167.26216897604172
167.1725123219217
167.25948701267242
167.62866832582796
168.1543863161467
168.72197131507124
169.28692321413476
169.82075859274522
170.28728648932346
170.71278205165206
171.20655020424732
171.78833929971682
172.3671925221088
172.84626892321023
173.17020429658405
173.32268268303858
173.26663932172366
172.94140092649775
172.38228769462066
171.73771202871512
171.1425508460315
170.64934760579507
170.25006196736297
169.91301790068354
169.63510587290335
169.45915162098538
169.4038742763156
169.4797838460675
169.6815990740314
169.95966332910905
170.22488407217696
170.4028495250432
170.46982667866453
170.38319067026177
170.16739536368706
169.92120113367451
169.74191144178732
169.68158555292212
169.7155616014462
169.78580085924327
169.8590415591525
169.9145444455976
169.95343827739788
169.97163674901861
169.94063068098555
169.8731931541015
169.7952352337629
169.7259472582281
169.66960833971405
169.63385718661254
169.63531426706717
169.67482452562356
169.76416992460116
169.90362536633913
170.07720100291812
170.27201459698682
170.51913156463462
170.85587319865067
171.24056530819936
171.63444156015765
172.05689403755622
172.47668726986947
172.79579394303994
172.88514564370803
172.70029782979591
172.35269589680178
171.921530829028
171.48612733022628
171.12418900226484
170.86949961816794
170.68413507811889
170.48554677408185
170.22579048579036
169.94750827084283
169.76272685640492
169.68570786061719
169.6630070270406
169.66422985191485
169.65442617503257
169.61086109963892
169.56338749003106
169.57556596362477
169.67076313395427
169.83133820807228
170.0055417327686
170.13383219847293
170.2596687634637
170.47320362994714
170.77398348238978
171.06720854182757
171.26487536048595
171.3558334949944
171.3763606061068
171.3214194038592
171.1995106218958
171.04458479903562
170.87414793380486
170.70858239185793
170.56654391216372
170.44975632330974
170.38789890563817
170.40301177364364
170.49498370246164
170.64829924506125
170.84472252441955
171.0687658927353
171.29777695867608
171.49517311510726
171.58972294663909
171.55704144832393
171.41263121386586
171.19570058339792
170.9638453566546
170.7274505308381
170.50742582721827
170.41735036985875
170.50013847266786
170.642272434544
170.7470910259416
170.83167189132504
170.91365934944596
171.00392042456366
171.09183529111868
171.165344669545
171.23086591316306
171.30081154247637
171.38526038550512
171.47888748409343
171.57896275486144
171.68583370436954
171.7872265020203
171.88192757972172
171.9772601645761
172.06764695819672
172.12577388837852
172.11257931829576
172.06837504329295
172.0570612259224
172.09686597218248
172.15821690466356
172.18494579589847
172.16613791338045
172.14494908204017
172.15345057403968
172.20003906383096
172.274039554439
172.3593230386853
172.4486642010048
172.53905175320483
172.63101782198584
172.67573213850054
172.65542508949943
172.56797704186113
172.42802814055202
172.2633281518748
172.08854460032478
171.94867932513148
171.86634105325155
171.83500681883004
171.85533251167317
171.98390341791622
172.29663943993572
172.8369276636817
173.68501522796353
174.96089474210123
176.7546572044067
179.0350125194451
181.48303075717183
183.2923309227397
183.13243682178464
179.45360660057003
171.10009447542134
158.25905355352563
144.05553467156298
133.05202258918547
126.98536316244095
125.9512881211466
131.29316254798937
145.25658410729304
169.9037007832763
208.49874029514598
254.66316995694064
286.48030637821853
299.2288208568935
301.14295048418074
301.8947474753946
305.21452364097945
301.5288384705644
278.21293093887266
242.88395810818113
216.5647695650168
206.4420790572089
206.03344725565515
208.2995990101578
210.9715927057993
213.66438045068224
215.90654206330265
217.51946173042708
218.6436296167016
219.57794791288035
220.39081222332345
220.849691825354
221.07046334549247
221.42516126385476
221.9836590861188
222.69693544773978
223.56288705132977
224.53458280588035
225.5182505500845
226.4183035559772
227.13964902021252
227.65074742240967
227.96893006921272
228.0059700291532
227.59991260591772
226.74095670976783
225.61453417608752
224.50226331246964
223.6195813833054
222.9487852432948
222.35613996463726
221.80078583309677
221.2927027857534
220.83657072001665
220.38568501740798
219.88522218485474
219.35157741674539
218.84432208593668
218.44550297691396
218.25686695088038
218.33595993838665
218.61013970469966
218.92230201376722
219.1521049587484
219.25994248460256
219.2253474281764
219.08232717921396
218.89857676691327
218.66400463887382
218.36531538808822
218.05283396219215
217.7429390229624
217.44380024527615
217.29812697750225
217.3679030776472
217.54261175520844
217.7499832430293
217.90447773462478
217.92475399254573
217.85898046656928
217.76402889461372
217.7093622895079
217.802646898826
218.00310442420485
218.22075820024878
218.44851516466707
218.67624106323888
218.87147657369513
219.02731990344682
219.10067488883016
219.08244767533623
219.047498308323
219.01173535231717
218.96114624014695
218.90555719775904
218.86929651808111
218.80960823159134
218.71270399150913
218.58364669135938
218.46291558172697
218.3668358275157
218.29871273819245
218.21123168897054
218.04824555079094
217.88430926670569
217.73958924549237
217.61666661892062
217.4988089556918
217.405351711155
217.41567966633596
217.50843387009888
217.65242192999696
217.8884337117974
218.18152701928807
218.4643058454971
218.76592243077135
219.0796007100735
219.34481890957323
219.55913194754135
219.80143740284217
220.1084540758188
220.4435058041792
220.74679642102865
221.01538249247557
221.34728345018664
221.87438582489904
222.6437982690064
223.5697577835755
224.50442300343715
225.3279581758584
225.98553361897032
226.433168986325
226.71595058514907
226.8749573171443
226.89123088659576
226.74185659977618
226.44790735028548
226.0076586183149
225.38647264126809
224.69590741951774
224.0627721021903
223.4895682985573
222.9494461972189
222.44969149688123
221.9999539960495
221.5750689568288
221.12683115599052
220.58969242847587
220.00867375321758
219.56162221501745
219.30200752449363
219.18016116641402
219.06314469996073
218.9176500555824
218.88445625094724
219.0647933612415
219.44430819894177
219.9522608204184
220.51298020499422
221.08112258756705
221.56705990808445
221.90276353449735
222.08113608194685
222.12381999119066
222.0675716468009
222.0168488788127
222.10515051457313
222.32300681853866
222.52686671973458
222.5993915369964
222.5084038210147
222.19717440749173
221.74105936097146
221.31531537441282
221.01335882081918
220.85785573539124
220.82869525494715
220.89453811577587
221.0107554826425
221.12958261693834
221.19880525737153
221.26018135473387
221.3925079310458
221.76700719494139
222.49799740356528
223.47804018307437
224.50589726524305
225.31155811769642
225.74270934758854
225.81947695523334
225.57546726357532
225.1296784071354
224.5450300546989
223.79074129776612
223.04572049463306
222.5863637255947
222.4085250841194
222.36148887994338
222.37304962220992
222.37613524729636
222.31098196266768
222.1930184879944
222.08438972399716
222.02698864997421
222.0662707768887
222.19907984962285
222.39324580386977
222.6810011327147
223.05944711353357
223.47460454491278
223.90680176892607
224.27529886518502
224.13748353575568
222.7663778987597
219.64698258874546
215.6551064367244