0.0
0.0
0.0
147.1138328976607
149.04934449301155
152.33698018739685
154.64449380763213
154.78675082467373
153.98657252016295
153.58668148488943
153.64198122834804
153.73049734299934
153.78352672735465
153.9557967560259
154.35212579145167
154.87806370068256
155.47616693539487
156.20138229414945
157.0211962265675
157.87746516384146
158.69602158619884
159.41351641660384
160.0349493733203
160.57490632898106
161.0395128964472
161.4546508514984
161.86156294273383
162.2596714892016
162.6562239007962
163.1644573595171
163.76381918475084
164.27494451886702
164.56291013644386
164.62694534500295
164.5409725071095
164.38124307323395
164.1820029474622
163.96743780068542
163.82562129743312
163.8952667148506
164.21073175117573
164.7097586644141
165.31611868972414
165.93261826451678
166.45777740970385
166.8817954684738
167.27725883990217
167.68773487441106
168.08862447389856
168.46003319862533
168.81044569574212
169.10354744193376
169.25998304250174
169.25537662303458
169.1856697866836
169.15345766448186
169.16611584812236
169.16204463626738
169.0876830949763
168.98504012000546
168.85131629612675
168.6532660422546
168.43995690252632
168.30026323590863
168.27108954377312
168.35418752492416
168.4995606243802
168.65793739085998
168.83124286042468
169.0273818784989
169.21567049415862
169.36586998772552
169.45875114219194
169.4952549455604
169.48873110889608
169.4476123201441
169.40324450586297
169.40353994411396
169.4035083994189
169.3685024826708
169.32506938077998
169.33162542384852
169.44233105259173
169.67320315046624
170.0048412970956
170.40311931188825
170.8219689003161
171.2370797685749
171.62997277093217
171.96390211405168
172.21250715090633
172.38345614109048
172.5314959434676
172.67563392122085
172.77924035999928
172.80366400864878
172.70574560665327
172.46312034999994
172.14993447842923
171.85108259102992
171.6200440825226
171.45596652857608
171.32714099985165
171.2359635112095
171.2148389754563
171.24651515623822
171.25899358711524
171.1944747533728
171.0591127815811
170.8946282732981
170.74137562680372
170.65006202626174
170.66544480275178
170.78701392336035
170.97161865327968
171.1766692302819
171.34584503592743
171.44095681617117
171.48445293465483
171.46781487133617
171.37192524880834
171.2401554339768
171.1508964762152
171.11957214112914
171.08732058492586
171.01582555901857
170.93708661834054
170.88263062683825
170.8506289688919
170.84382418953408
170.87653676669635
170.97067021812273
171.1707170971294
171.4971197312635
171.91910751221616
172.34619049328975
172.6532052065796
172.76814313858478
172.7157415844192
172.56681907995966
172.39286554284445
172.2545269151248
172.15127897980437
172.05552981927428
171.94700243245194
171.78282122000644
171.54373278325002
171.31519831244907
171.18422139460645
171.17257443897307
171.28130638583332
171.49076254288514
171.71889844110032
171.88052041684068
171.96580978264058
172.01006895822383
172.0404230864534
172.0716954728344
172.1227697733274
172.19977100857488
172.27366893042316
172.30473270639823
172.26485169033728
172.1610498447672
172.03194482835914
171.90349697233444
171.79522504189126
171.74232274384767
171.7359127833684
171.73700221719176
171.7358866796806
171.75506292158514
171.80681504651443
171.87777795993242
171.96315233270695
172.08370481816257
172.24482163444344
172.41467911017378
172.58904779729863
172.82549588802627
173.26482562031376
174.10695920815095
175.51105145258168
177.53419858699436
180.06248716639692
182.6902213617614
184.71548969099524
185.25356198092715
183.60498555786944
179.82635020315678
174.99875582458566
170.47151106390632
0.0
0.0
0.0
0.0
0.0
0.0
0.0
0.0
0.0
0.0
0.0
0.0
0.0
0.0
0.0
0.0
0.0
0.0
284.6108206711154
290.2354012686273
303.165619847116
313.82362785925056
313.6134862706898
305.9785343608361
298.3473344967988
293.62714498646164
294.0445885049513
298.110644338894
303.20658735594
307.5270219872136
310.703527733804
313.0448883871725
314.9606923311558
316.74499267959965
318.5021226981594
320.1953615341496
321.70003800588677
322.94417059320784
323.92545031554005
324.65148669424934
325.1366608617883
325.4834532724938
325.7119658874427
325.8004717949996
325.70541665592145
325.5040937172194
325.3288298884329
325.250373967804
325.3004435052186
325.48121943107896
325.76981350510306
326.1887400952556
326.8561775296564
327.84853706464463
329.0868598393748
330.3987758471227
331.6270418170675
332.80618079189725
333.97402935143975
335.0618620031649
336.0871113440201
337.03259901637773
337.83974152199426
338.5673555008852
339.2411156974868
339.8629735818331
340.59728203259806
341.5971812344891
342.8932681868271
344.36481013632306
345.7256469034674
346.64153914248095
346.99330276118485
346.8775989835796
346.5166223565901
346.1361168434811
345.82172493610597
345.61826333123753
345.6032834137077
345.78976874491775
346.1184746314617
346.4327026424282
346.60940691825607
346.6562078385002
346.563846328911
346.230972883453
345.568913627745
344.68939805370485
343.8810307173908
343.43451832199554
343.5190469892554
344.16779121679934
345.2135783616523
346.4326587797573
347.5924825555602
348.5106925527125
349.0964567595132
349.3365569614665
349.3537694095783
349.324796147157
349.34970113196806
349.49562337826467
349.73335524739286
350.0087388718691
350.3518747399901
350.73032234601726
351.02693173267687
351.16000159417433
351.0992445630368
350.8443452580648
350.4256088782732
349.8755666430468
349.2593823855592
348.6740441141252
348.226078151935
348.0033577535832
348.02008420929275
348.26691422858335
348.69031056889304
349.13483142184003
349.5172662375391
349.8828488103423
350.29173889398544
350.7523121463807
351.21731489448723
351.6164664089445
351.87235994357104
351.9388276379681
351.78164066953644
351.38235191270303
350.7496993848545
349.9963351205774
349.3565385967481
349.0720213370554
349.2114133445499
349.6891164391889
350.2873001498481
350.7878862846638
351.04768223129906
351.0226946055895
350.7639869990202
350.32896859170035
349.81639827561594
349.27970899031095
348.76292637586806
348.34375277720403
348.0588016337729
347.98241697516613
348.1734672218974
348.5454484694883
348.99015482100504
349.3963641237915
349.66560198590037
349.74441053028175
349.60480591439614
349.3539298152757
349.1508282461046
349.1214036516076
349.2800636789948
349.5324446822491
349.7829641547863
350.0068336243004
350.2147430144388
350.45923957429113
350.7765137424355
351.16477082568144
351.5621761636478
351.8521535859256
351.925807891208
351.7388202664479
351.34325187649364
350.8451234177991
350.31831902212525
349.8093631048274
349.38118489428155
349.0533730790674
348.788868442224
348.57655989100004
348.4170185052634
348.3051716548481
348.1749822008701
347.97771087783553
347.78142225187713
347.65366587639124
347.6128794836185
347.64591569507365
347.719859920248
347.86638285750973
348.13069329561114
348.5530026037842
349.1021776998964
349.7412622081684
350.44185848139927
351.1760769103515
351.86928974906635
352.3439052413066
352.4469862590905
352.2119755719302
351.79441503989426
351.32657870216656
350.84492591799454
350.31620900825067
349.6838264693994
348.9024440919769
347.9666966729849
347.22514036595356
347.5423760945947
349.96930507083204
354.5443916137542