134.36201127102103
139.2176155167854
144.78390993032417
150.86503492080635
156.6449549954032
160.79679965066185
162.31854612487507
161.81125480044815
160.21004009928146
158.47634943585751
157.42456072106046
157.36530344753479
158.13073356435697
159.40178111357193
160.81328066859186
162.02814072962508
162.9059420344367
163.5405293804565
164.10959810191025
164.75269733843285
165.52240904838249
166.44341423441705
167.53931681971937
168.7570258834487
169.97480472015096
171.12784747969056
172.20276488668551
173.19721489243912
174.1029660194953
174.9118383572822
175.5908855392998
176.08153309417168
176.3764763078414
176.53929099417277
176.63987426217
176.74125031434704
176.88957403310337
177.08195238620098
177.23666148114285
177.2449849730338
177.06557058774726
176.70606777355206
176.18600636134323
175.5054273276117
174.6923484311571
173.83551859720276
173.02166959576994
172.29718856246018
171.70737440346883
171.29545379223433
171.02915878709425
170.86785488862733
170.82750500593102
170.9209597896393
171.11240728571553
171.33408931814617
171.5083721800952
171.60994972032313
171.6723470824425
171.7139798840612
171.71855915759528
171.70450070403413
171.72182441281632
171.78692269051888
171.91118645303766
172.07980667753185
172.23645560369465
172.3251647561624
172.3289531211539
172.2767193641249
172.20093107259527
172.09016018002896
171.98694331943065
171.9706568389153
172.0828219075809
172.23345560959092
172.26808135375737
172.19531779420035
172.12608891331996
172.1491989466128
172.27088435881416
172.4394066320056
172.6086267000589
172.78759398309336
173.006464666373
173.2535786941587
173.53468727980314
173.82395327494
174.09060733850055
174.31341206737787
174.45500300802928
174.4735682174808
174.32179325362134
174.01967769279258
173.68514450682252
173.45140115727517
173.34429501063485
173.2931699921755
173.24757082949515
173.20507603006786
173.15876839125437
173.08887086114717
172.97183338627718
172.8410713164357
172.76734330402397
172.7601194286499
172.7352329145681
172.6019333348383
172.3115743040213
171.86208465368037
171.29856374992278
170.71065854865532
170.2356937737629
169.99661407989953
169.99947925182667
170.17400843299868
170.3897960241688
170.56082834302856
170.7120560981013
170.9066782461154
171.1439760547341
171.32757842976844
171.4203884629934
171.49902332257386
171.64414224426577
171.86588123224087
172.15961903201193
172.5296230955317
172.89940515923007
173.17696560481107
173.36046418828556
173.47606202701542
173.52767240862002
173.51800539572966
173.45524353034472
173.37457778344822
173.33360856919688
173.3583898530731
173.4431744665912
173.53550008304308
173.56789498046732
173.51922133593632
173.42150916253118
173.3402364350471
173.31358061013452
173.31522065439952
173.29393783605266
173.23669834427866
173.16655352729816
173.11171173778587
173.103023779095
173.13606741722964
173.19713300319773
173.29805062908073
173.4719497952587
173.74564015512777
174.10772162953623
174.4955476018842
174.80764309275457
174.99380371528676
175.05537983236601
175.0362323728341
174.98765315981547
174.95064317676577
174.91690665685792
174.8317298009132
174.67857926704676
174.53450459187403
174.47875506633054
174.48538822388275
174.52962509410472
174.6372065791762
174.81507605231118
175.02529314211785
175.23452840429437
175.4351242334189
175.62266242273873
175.83512845293387
176.1157385845624
176.47443992793845
176.90172888972455
177.3616513484281
177.81086494609528
178.2638025451684
178.7571989519908
179.33782788232793
180.0819330583977
181.0194130708382
182.05050881880132
183.01350871266283
183.76649695920915
184.06168404443636
183.4011926779839
180.93791325401304
175.61701188447086
167.04706510548482
156.07869149738593
145.37878579146502
139.03305874212148
136.79049043242694
134.9179240552794
132.1849974213659
130.5394333814302
131.50923920170396
0.0
0.0
0.0
0.0
0.0
0.0
0.0
0.0
0.0
231.15473751182802
225.24867667499313
219.25975055160978
214.45019112891248
212.78381994426047
213.63125954847266
215.19688816676586
216.6882354443224
217.98587981636274
219.14043126080742
220.16407466376887
221.03862274530272
221.79445862832395
222.4661949551513
223.06200443205182
223.56934735887003
224.0102484556631
224.49998089823492
225.15217211155823
225.94342000032285
226.73132610115874
227.45161864156577
228.14557778465286
228.7771174746701
229.2388893978245
229.44661069241772
229.41146926664663
229.18943513634457
228.78830028381682
228.22376671584647
227.5681433863257
226.86836402411868
226.1571361946763
225.45959862247008
224.79004449426995
224.1406632028951
223.57941850175433
223.0895573124666
222.6418703734112
222.24332082144394
221.9611072172258
221.80603134917868
221.741697127438
221.7512052241853
221.80017808566635
221.86126630921214
221.9411779468447
222.02561065096612
222.09315206560817
222.126740262131
222.15969367588008
222.2690793526135
222.49393879429238
222.81313221730022
223.14536669613315
223.390598349792
223.49886120736858
223.46251892741628
223.26157139490755
222.89632244221335
222.4490309079832
221.99616958223143
221.56919479645543
221.25022501044864
221.16345770725508
221.30465580602404
221.5856845586521
221.91683168094744
222.21594101014122
222.45805303317854
222.64250880407457
222.79111951136883
222.84620071742233
222.76293133790065
222.5700023001866
222.29181007697252
222.00088438302123
221.74171170355476
221.5307529789291
221.41906159396223
221.42506020880853
221.51968461106154
221.68060460661036
221.89292624886795
222.14562845621685
222.41560465444599
222.7192174197184
222.99552124237897
223.06662451711156
222.8226580988405
222.318484649401
221.70364060888073
221.08392253289577
220.50434934736336
220.0005089210465
219.6180872951166
219.41127250221047
219.3728745108201
219.4410921003547
219.55540619070842
219.6404138821214
219.67184277419315
219.69181108812623
219.7449478385302
219.80166439732344
219.7736949055153
219.56550284362848
219.1636043517995
218.65408971789014
218.15064536925385
217.74737024551573
217.48941904566385
217.41507124928881
217.55496060644126
217.86019057462602
218.25875317347283
218.68738199291425
219.15534258455227
219.63229107041604
220.0114803639666
220.2797262249739
220.5100848430924
220.76839410034157
221.09720782493565
221.47117845020907
221.79508231945366
221.96087432672556
221.90933748949405
221.69366376889053
221.42010098647881
221.11419559157466
220.69292356610882
220.09352207652768
219.3445699084128
218.5094976747365
217.64250988659646
216.82131450352597
216.11361875186086
215.5778579780698
215.2770155821986
215.23480102295588
215.413838635999
215.7314183737058
216.10807185127953
216.50995525415038
216.92537119220611
217.30987753512562
217.5745230432605
217.68981398426223
217.6812724992459
217.61978951237376
217.56924005474426
217.5964841630775
217.79468876934789
218.18652061674914
218.70660734243089
219.33614861538848
220.13092198597604
221.06793533647468
222.09019031848638
223.17397480476677
224.25536387500227
225.2560064215753
226.0941962896374
226.7042426237243
227.06310104882755
227.13994058506256
226.91841218599586
226.44295453292392
225.75102277515026
224.8030103097081
223.60490559435416
222.22242986260602
220.74150209879167
219.27278880572996
217.8984459109614
216.69505439827196
215.7176195523715
215.00557378526378
214.5915659813798
214.4365537492758
214.4879228326331
214.7175387491818
215.20635086661213
216.1876123972117
218.07035924928087
221.38649986080216
225.96581736381646