0.0
0.0
0.0
145.16408801009683
143.20925491515538
142.7918167441732
145.92022311384818
151.34778733750562
156.0182704915808
158.10257037189373
158.13563905336196
157.49484826277217
157.08219472843155
156.94528394546123
156.96245653174697
157.07521102271244
157.23660863407827
157.42752616790793
157.62796733690143
157.7523378410361
157.7596689622286
157.74279653285157
157.8203664533507
158.0443055887541
158.36860796606368
158.69041495013255
158.96438504070588
159.24141929364137
159.5390440786911
159.81552881270653
160.00845257801404
160.07326105101367
159.99143528132257
159.75155722236383
159.42128390887476
159.1449726097401
159.03561203998146
159.08935537713924
159.24665227381809
159.47634546420187
159.78450091185204
160.18100788632705
160.66176367927181
161.2240971134712
161.8490505914341
162.5478773861439
163.36274968118965
164.26241244280345
165.16803018760208
166.054508655375
166.88799833250522
167.5834916123715
168.07042418852313
168.32935972530873
168.39157404483342
168.33420355871115
168.25676472165426
168.225983073586
168.21586882202877
168.15635795292184
168.04638420490252
167.91192178040038
167.76109011187998
167.57478047152492
167.37081010102642
167.23373924469902
167.17406341935313
167.09463191036826
166.9502645958005
166.75595633407437
166.54799964997903
166.39831121104922
166.34573947284363
166.3958259051746
166.52358335749884
166.715204949746
166.99128803827725
167.36396483154547
167.7940257970735
168.210544830629
168.58992197346444
168.92601504141723
169.16306685777235
169.27060823883158
169.31776314763772
169.40128739767283
169.56381582375394
169.7499300404071
169.86246984100524
169.88095116175597
169.89151332897598
170.00122380272853
170.23846801514904
170.53205983314444
170.79386459849417
170.9715582688026
171.0517345053774
171.07093692558675
171.0495452072829
170.99115181825886
170.886725791148
170.71353183497789
170.48189917680418
170.248372897799
170.03217441653337
169.79086369226764
169.4939413944224
169.1518539279203
168.7821958008151
168.40285021364315
168.06903661959046
167.8632080465552
167.8020110299343
167.8781952253484
168.0630863873961
168.28954943888255
168.52483373622047
168.79809929012927
169.09831485556646
169.3807746914229
169.6382661751399
169.88312252674262
170.10989678915797
170.2831032658024
170.34993081276247
170.34445022719473
170.37784867916395
170.55232327970774
170.9053122473047
171.36849767332808
171.77563632597284
172.01821115364226
172.11458954640614
172.12157827848515
172.05172596998094
171.89669809677702
171.66202216866614
171.3903068609819
171.14790452776788
170.90519954844314
170.57495876634817
170.1480903870731
169.73173629458353
169.46244401868992
169.36181792957439
169.34473147240902
169.3735853333565
169.44094465626415
169.5782713969609
169.81861446042615
170.0782410342799
170.25484252191256
170.35099361420245
170.42641728340755
170.48414544808801
170.48812752132125
170.40175625031577
170.22492689822434
170.06181367992212
169.97848631239648
169.99306884375568
170.14652287200926
170.4416831294425
170.8093648164597
171.1850514505855
171.50485668749147
171.7624461597865
171.95850114564269
172.04036779557686
171.97808332606036
171.834130531043
171.67493568820464
171.51406829931423
171.3476991944674
171.19125564557902
171.07567911076416
170.9969960767764
170.93580128337965
170.98026558602632
171.23892057194388
171.62000415621458
171.90529875523146
172.05158815630517
172.15505132684365
172.19170940167234
172.08896585591702
171.8917853034956
171.765469491876
171.7773700321867
171.8781581300916
172.02988931635025
172.25246584379715
172.64023374380656
173.25721528610933
174.02500422248534
174.7693810290215
175.40722754788365
176.03638079235478
176.86243079601599
177.97869869264494
179.2867144979174
180.82956136052806
182.7982458388624
185.40756997733217
188.87788214935006
193.28104236450528
198.4035159225294
203.81790186436658
209.18245734907404
214.4489234087515
219.8396130052371
225.62984764532015
231.71911897823736
237.9341845728759
244.36875988068294
250.9153234714181
257.20214883386416
263.1913094513738
269.0702854511355
274.86263433201987
280.44686334029836
285.954100308255
291.48483296007004
296.9448126488692
302.05994955867806
306.73337828859434
311.03728361364995
314.9002358604547
318.29303593986987
321.34119139475024
324.03788352474993
326.38358974262917
328.42431904516974
330.1937660983389
331.7421163835831
333.1599574050017
334.4572234254524
335.585740909691
336.5728288255186
337.5015257885882
338.476962103143
339.4772469336892
340.3844027544037
341.12325484853733
341.70680427872145
342.1598160901483
342.57756757222086
343.00791525208103
343.4773102584842
344.02534099303557
344.5595456113939
344.98912401813027
345.32746871465713
345.599459199947
345.8256672927897
346.0440167229911
346.2824677439858
346.42870394308954
346.475623642506
346.53909565605755
346.6434110863739
346.7709728247859
346.8579335452678
346.7262252506961
346.2672225793645
345.6230049987854
344.8841239744374
343.99239107509766
343.0615370834017
342.34788016808
342.0596723757037
342.27429855988555
342.98974452294294
344.0483314576419
345.10007816039325
345.83744029477276
346.15718573311415
346.1457467337167
345.9547997588393
345.8296993265743
345.8647559805586
346.19104202385483
346.9645381726696
348.0629337672771
349.2455677587141
350.163120249882
350.6229954326036
350.7463942649654
350.7564710065721
350.74012930493484
350.61357003509136
350.34803628347356
350.1584946964486
350.10664695744606
350.17423092936326
350.3521360848144
350.5148282811767
350.55802148981684
350.4717965783709
350.3134278731288
350.1761226178628
350.16630592879517
350.32633529440756
350.5893920692056
350.7899799560682
350.81920784951495
350.6871021931243
350.47591778971747
350.2630812517318
350.0903604749804
350.0774581392023
350.30983663119565
350.77196268022124
351.2667972871377
351.61828909512116
351.7768999269806
351.7827890775391
351.6570056643042
351.43777240692623
351.16509472090144
350.8354739413345
350.558990850183
350.4428845552728
350.41484604101566
350.3047770260311
350.1245464488705
350.0551992412602
350.1584812449486
350.34245217533197
350.5935110004923
350.9243270914681
351.2830132068646
351.6087992860374
351.84677638530553
351.8775751914201
351.6954506840277
351.4823480171982
351.3841319574464
351.296376195306
351.11299077393625
350.928126175809
350.90142727793534
351.07986676572466
351.3976257745512
351.76542098302286
352.08201299285594
352.25286691481824
352.30072733800927
352.29785682681
352.26101284749416
352.21323592077874
352.21453151640435
352.30143434317836
352.4635207474503
352.68359162734447
353.00713113819734
353.42193319627586
353.8192264854306
354.10074326581946
354.22338059398385
354.1633162727731
353.9950943488192
353.81225801319727
353.68807047107936
353.6899249724908
353.89758357963467
354.2907708404538
354.70538035120757
354.9860751077349
354.9670562546079
354.62859241074887
354.1459381669668
353.7258409158031
353.4653256668696
353.3657558689536
353.41365320898956
353.45594040912306
353.40563255079906
353.29914521433756
353.1960910698086
353.18636736030214
353.3016262861849
353.38418714138606
353.31752112853474
353.1309086410795
352.8413434828205
352.47819492428494
352.0913937301052
351.71910715893796
351.34844236074304
351.0310394090331
350.8050586819033
350.72809617618196
350.84360756982625
351.18078949946414
351.7313710556704
352.28009980241274
352.39276874354124
351.4217702200595
348.8659024892023
345.2220097375664