106.11123579102025
99.25899775192313
92.83144137347361
88.71874383292558
89.05843034188631
96.73834990480982
112.07484028112953
130.3238296527985
145.13729622695433
155.10359549439033
161.05872517127915
163.32156971810338
163.3085633515512
162.69391684731062
162.57761732794637
162.9989175420219
163.71343634190922
164.51852028146376
165.19107220753259
165.6053256312096
165.9011566949722
166.32060885605094
166.92944015662644
167.62199066310086
168.27515703960475
168.7529777908005
168.98158598325205
169.05292313012842
169.13343226510278
169.2817939051135
169.4238695114874
169.43786121371204
169.2420146503602
168.86774531338847
168.41665341479728
167.98898369580618
167.60078716274495
167.24988367733528
167.007184447415
166.95641424550195
167.10561860533915
167.4218996198317
167.8415474745157
168.31323407208473
168.820896568463
169.3380254537278
169.82349761410407
170.252557483619
170.62948828707775
170.95028683221162
171.17167476102833
171.26758488031268
171.2794384343243
171.24201219653634
171.10359624078782
170.81829719733037
170.47268502338727
170.17712703175155
169.91588700089204
169.61722322105294
169.27436766240697
168.94019300048453
168.65988789768633
168.4342034888577
168.2551969140802
168.14759218121995
168.12704989550133
168.13748432440545
168.08712151809166
167.9653697188887
167.83220123814516
167.73857467374802
167.72716868216733
167.81679447931856
167.99314109899373
168.1906370581217
168.33526698485377
168.43296557541032
168.54147113532483
168.65804979221315
168.7684582610468
168.89953206614018
169.0888841373927
169.31865385226175
169.55433259284425
169.81765605253008
170.08676450045039
170.31517121110818
170.51673526643216
170.71063199714376
170.85276965381567
170.91430911302018
170.93824880507157
170.9750295966513
171.05697379796416
171.20503169164868
171.444462917149
171.7705169801019
172.11666861787114
172.41713768195052
172.66030198334894
172.8570593303749
173.02093834046156
173.17346362439417
173.31380191358397
173.40312141088356
173.42261795428973
173.42182679999286
173.45521850948063
173.49221520681985
173.45683866986988
173.30273546110595
173.0409618094973
172.72759008995166
172.38091974784
172.01376549811312
171.70172211698446
171.50534703197422
171.3999468637671
171.3563724838897
171.4005262343075
171.5507782675673
171.7864111065397
172.13547310350333
172.61058766902613
173.1432113617651
173.69245308793268
174.25355150943574
174.77860166059622
175.19788735681612
175.49847816632
175.72225135849467
175.91761170116814
176.1006955750461
176.24610990863408
176.34230437241575
176.41610359174823
176.51966371541369
176.69280415404256
176.87795833989836
176.9583344177377
176.85613173391198
176.57333183872544
176.170247244083
175.71822034453223
175.29814782806824
174.95901461018175
174.66496477319174
174.33249557688518
173.9433085774129
173.57124191181936
173.2836491621845
173.0927706697525
172.96469434315088
172.84429773199062
172.70156992610862
172.5567587289027
172.4167318032467
172.2649795771209
172.12991120103663
172.04628382123792
172.00799644717196
172.00401537067785
172.03367549206297
172.11566215130927
172.24722153644336
172.3591179088768
172.40249161235622
172.3912665277991
172.37798305557152
172.4120593616995
172.5343083095818
172.7600981053792
173.07385307077988
173.46729622272161
173.98925968406306
174.7170039936676
175.70353569439817
176.98057722217058
178.61046241761284
180.64006516196764
182.92717980319614
185.01532248046783
186.1318884126742
185.45005241705556
182.8767817571338
179.78263117783723
178.6986707023751
181.7853223616768
188.0292604988046
193.11466545446365
0.0
0.0
0.0
0.0
0.0
0.0
0.0
0.0
0.0
0.0
0.0
0.0
0.0
0.0
0.0
0.0
0.0
0.0
0.0
245.4694594361366
255.54014968206064
263.9097986512245
269.68794853544557
273.75676067669366
277.05987052431215
280.9612610311137
285.9486607594114
291.81416266965573
298.1929266094755
304.7451168990688
310.9895931074367
316.3795878407335
320.6587368763167
323.9517903526912
326.50441593370266
328.5255505061139
330.24567476143517
331.94908396621895
333.6959762681443
335.2074121169934
336.41938627162455
337.43148249507726
338.3549659061226
339.2361567760503
340.021061568399
340.78570970302303
341.686563154505
342.76542995714715
343.8726942932111
344.79195614577264
345.4995428750296
345.9415244133259
346.08778705269594
346.00064085751967
345.7216607594309
345.27412252881896
344.7017456355462
343.96618718774624
343.09182502403985
342.13592693846226
341.2912499230134
340.7511544507554
340.6006120858383
340.8541057812215
341.4611319194526
342.24729516744827
343.0548962516309
343.8426352988126
344.69413206307354
345.6396224436196
346.55739485138724
347.2555887258121
347.6070728237971
347.6221162932349
347.34223654100106
346.8636239185228
346.34904465278595
346.020792163334
346.01463185450945
346.33419298289334
346.91283730493745
347.66644936282296
348.4415855649031
349.09020885955255
349.6148165700478
349.96447552864805
350.04252699366555
349.90499548905245
349.50093815365517
348.7916185674759
347.9486368539229
347.304262468932
347.0266857870859
347.0757053233713
347.3867273187012
347.9203505030181
348.71914221780094
349.73388316026796
350.83769144816796
351.8831196588211
352.7311427024751
353.3190113957841
353.659114605032
353.7623155999719
353.64037316962447
353.2634067013594
352.7403635126061
352.3099177952229
352.1535131594503
352.33547633507635
352.7487011941778
353.24015716358497
353.6681774307262
353.96954632565166
354.1426231493247
354.24133924503326
354.27042842459787
354.22910948217503
354.07528132120956
353.77304754499346
353.367076250838
352.942971704869
352.5817982177693
352.2762880782852
351.92828935342993
351.4914840101552
350.9428888546647
350.28986882534304
349.62387656573947
348.9251967139381
348.12567877822613
347.30256307933564
346.65345300987195
346.15242744762
345.69538863112064
345.2517085328627
344.7841509586406
344.43973386164146
344.4025666200986
344.6997643440528
345.1843945900702
345.6667342266472
346.0757274387551
346.50841346595485
346.92494313175723
347.25863428962236
347.5182933266973
347.7418113649944
347.9623920172598
348.1533518727017
348.31754921052936
348.46389740995346
348.59390025538085
348.6596590836391
348.55310106172465
348.3358669523383
348.12433702357015
348.04326829498245
348.0808179029261
348.15143298112343
348.21452522613504
348.2337786862327
348.20647878532117
348.22103184016623
348.428786784967
348.95173125200444
349.70162703733456
350.3500323215501
350.73297991364245
351.0182263981868
351.33217946350726
351.63589934198023
351.84376212232644
351.80416582379246
351.43388507288086
350.7962384033094
350.0277881489802
349.2884180567215
348.6161679101133
347.9305360681065
347.18711296644483
346.42968579466583
345.6911321675284
345.038799985167
344.5394832762239
344.1421289795093
343.7157913206642
343.2722295914343
342.8790428087261
342.6194639569263
342.4751375180683
342.47455212663243
342.6274496693152
342.8516304232711
343.0391951225065
343.2542733407787
343.590917693684
344.008409404158
344.4004364856328
344.81043473731097
345.36951305123046
346.05326387160864
346.7829560229203
347.5519859597438
348.4048036522816
349.3617053580241
350.4078148344058
351.46950612509085
352.31663502727224
352.71942438973906