166.5217507686832
170.23883340992836
172.79038290572393
173.5544900407845
173.08387699110642
172.05586056955644
171.17042074356226
170.7682334715378
170.7564021909876
170.98449702095363
171.30562484877564
171.61473046694124
171.80343888461158
171.80641825362216
171.74928368299805
171.78338182048688
171.90683440278644
172.12071635110982
172.32253856309228
172.40253618874345
172.4361762742352
172.52382707985112
172.63565727036425
172.695845922713
172.61294465221485
172.4132903903354
172.35920476600137
172.4916994709804
172.59442671412944
172.60630060593087
172.51313387920524
172.30548961913533
171.99797548244197
171.6234013326373
171.22219612743638
170.80633052604205
170.41735720500003
170.0654716855464
169.73432599083242
169.4624574920038
169.26059064264086
169.14759189951627
169.26971853341172
169.68484710834602
170.22728156470498
170.80537550355217
171.43244328275233
172.07073510535673
172.72045192159305
173.40582750052906
174.04203839913393
174.50974378400576
174.794044975195
174.98046372617253
175.10873171019733
175.20811305508715
175.29204292405052
175.32897215268056
175.34031236657756
175.43482872038933
175.61060660131596
175.8465796078328
176.13867077396787
176.4443230033385
176.68527603141357
176.85952551629182
176.97600559206933
176.96770210835115
176.86996968844386
176.74903120651342
176.61935784001707
176.48259122989808
176.29493954876355
176.1086145497325
176.02771448007627
175.9922864976265
175.96307421041035
175.90457734248028
175.80328207575485
175.76805984050398
175.8020184115079
175.81920701967348
175.81606344000937
175.84926888717249
175.985231511469
176.19000345531992
176.38562708918658
176.54160068646695
176.67583283184098
176.8335940180126
177.01323677751884
177.15108920995937
177.25678097422147
177.32410486950394
177.41735584837681
177.5561780880614
177.68390922149132
177.7589594885877
177.78836536695485
177.7512143720843
177.63539951740853
177.4928914209554
177.34944176463839
177.17813942523264
176.89118066169746
176.51732993528583
176.18164762016528
175.91715828071852
175.70923256720047
175.4941727176273
175.28239790360527
175.05200383368927
174.8195187099183
174.72612473995446
174.8128431660939
174.90681059148272
174.96815978396978
175.1221332264878
175.39951886504917
175.7698150305455
176.1381713651664
176.46386770628524
176.76146880924182
177.0471573930214
177.35741490772398
177.68131316949052
177.97773553142974
178.19081832126778
178.3322933114144
178.45503538219802
178.54674512974103
178.5896900296097
178.57243315804155
178.4996114104565
178.47871027093828
178.4497258671653
178.35220724333598
178.24662103180725
178.10263444115958
177.87878033999107
177.6447077070902
177.43288033834395
177.30574284527862
177.29591184191145
177.3568157417362
177.50888917121526
177.686150582043
177.8415331261352
177.953256856209
177.99461279879802
177.96664274580837
177.8436075976773
177.63518344916702
177.41928999193055
177.2443319262337
177.12643415016083
177.00437052594918
176.8972587748909
176.88267887209946
176.90906846466558
176.91634668806694
177.02909410486546
177.36187815348558
177.73291842858052
178.07005037331106
178.4278095530259
178.90836965798084
179.57409705658915
180.39688532569372
181.3116283530418
182.3032326719514
183.46259656087204
184.86156399682602
186.49197595462402
188.2082550263979
189.4878419565762
189.5438510389625
187.67145947161498
183.55541504707372
177.39237854115103
169.3720842873759
159.29796114310668
147.7510915341139
137.30666266615663
132.01182118168234
135.00057558721105
142.9744262815368
148.99100732633718
150.90568909985979
149.19483806528737
145.40554731878893
141.2463666720198
139.7312156265746
143.69614577951614
150.77641918263694
156.4722899219345
160.5204475993121
164.33292182534
168.08257593179542
172.1133795318488
178.0040584715699
187.35846616832495
196.6926572368392
201.94816383385114
203.55897441108164
203.5134351019258
203.18887388919754
203.19808454500327
203.6248173751843
204.29260871672687
204.99960196999746
205.62194005034456
206.18522402802284
206.7826289628269
207.52670029579863
208.48226723296304
209.57760373164047
210.63317174197024
211.59270039492236
212.58320615327642
213.6754342924351
214.78496864197479
215.8376526433919
216.82560927568036
217.71510145826824
218.50639377653843
219.19906522444933
219.7737122372722
220.19329747934734
220.4347704005918
220.50867471994582
220.43932012423844
220.26521158636652
220.05071634454822
219.8549189798541
219.68571206897587
219.5561710955893
219.44988699813695
219.3478631526945
219.23844582645614
219.12908957800633
219.00162398680197
218.830537427668
218.660110669942
218.52752487487572
218.471028275916
218.48523322656615
218.5750684480741
218.79900879527048
219.13531620020834
219.53193581774002
219.92228527176167
220.24380413769765
220.4613074924396
220.57773859395684
220.62533270584106
220.6651829583426
220.73573268727594
220.83150508333216
220.92608077760437
221.04658666625159
221.1628377326045
221.19368769013198
221.1587011606082
221.12303398684105
221.0992925717071
221.0769277910342
221.0504541912161
221.0339240063933
221.04385215736013
221.08002330574666
221.1667779867023
221.3221132368887
221.54820006182112
221.7944527885919
222.06536284227764
222.34684871365852
222.5591957101377
222.67446747631107
222.7142332317174
222.7020282053712
222.63800506440316
222.52702545640426
222.42339341512408
222.35484139326104
222.33379634315276
222.3726340725156
222.49214090672834
222.66673008368662
222.86654903962017
223.052519480495
223.19654201275682
223.2794105646944
223.26156548952687
223.1280523152052
222.9287341113229
222.73967595827168
222.59109125335692
222.494570200025
222.44489213506185
222.40305554118902
222.36213051575808
222.32499109019
222.26368985768934
222.19035217167047
222.09790630297454
222.00591496530524
221.93154704197238
221.891487568265
221.88002635076958
221.89419771736658
221.98204129215628
222.14845572387318
222.37840937116172
222.693001536921
223.0995378960437
223.5601266845058
224.0124110363635
224.40012749236004
224.66443998703642
224.74289471239732
224.6121082572464
224.32263360124773
223.9555973158246
223.55335970123636
223.16621881445644
222.79578517671214
222.50744911009875
222.39749764430616
222.42966655971287
222.51926467268953
222.57063159293477
222.55147558318677
222.45761551971117
222.33677563812373
222.22636094725536
222.12302719632476
222.01545155433897
221.8509347939301
221.60866587572804
221.34992264290392
221.12035407610944
220.95677142430003
220.88837129929368
220.95362066703592
221.14420769473702
221.433504962287
221.78290628357826
222.14449515142624
222.48689255209553
222.81456848457404
223.1592544682962
223.54880367275982
223.97564973819152
224.40426129226236
224.80726345489046
225.1678068643228
225.42688219729857
225.53052141448651
225.45045158488992
225.20458130451473
224.8776445580196
224.58884057012057
224.4004636493023
224.2732023385425
224.16641376110636
224.08770131718006
224.0578653182999
224.05921572189573
224.05168051527642
223.99090599081993
223.83922259107976
223.6309777548844
223.39899024646576
223.16605688426162
222.96267776252614
222.79637615925415
222.67839821735635
222.6175527296562
222.60762855772523
222.597889861273
222.55790506996706
222.50252174590955
222.47196617491318
222.43761708457265
222.38712598624448
222.34114599212535
222.30094523194708
222.2665287324782
222.2484594282355
222.25553387015003
222.27867822078707
222.3488415590092
222.49516371564556
222.66768430232975
222.77716535307144
222.74898418168928
222.53617163574313
222.0845782368229
221.40246043011055
220.74852420365355