157.0783298202049
157.98709696481092
159.00525669077106
159.60693957751002
159.81901505714313
159.95112143394743
160.1698100164785
160.44416420569326
160.7528336175111
161.2022343126853
161.82311788933384
162.53713328513828
163.2288231637459
163.90048732883113
164.6377321749711
165.35681690815724
165.91256480741418
166.27452421080233
166.48207151225478
166.54376690325225
166.51063795227753
166.50934254306222
166.60513105759597
166.79515649930295
167.012193643936
167.13291984208908
167.11444555571424
167.0167520610026
166.83657945078653
166.555859782556
166.22361723169456
165.949841028894
165.87846767198863
166.04575217220176
166.36217141445758
166.666765743572
166.89820330254176
167.07625504107415
167.14871707769413
167.13203129606205
167.11608713979606
167.15355890372547
167.2872524076824
167.57593306076492
167.96435047632184
168.31922506477486
168.63012362312023
168.84173265825396
168.99453905343958
169.26803670837654
169.6426912427876
170.01320451191287
170.41292849928737
170.83236881120953
171.2180850768259
171.5049451502964
171.6502603234263
171.69728271259532
171.665954434809
171.5571282965709
171.38496952364142
171.22388865410932
171.13802068789087
171.14644067536508
171.26675481066005
171.44554402942003
171.65040629497142
171.7884267357646
171.6853195620807
171.3498008452418
170.98711744705477
170.67282123907071
170.39584137982473
170.11924102677213
169.9050661886172
169.72604043144892
169.5254413310558
169.3783503898824
169.29683995955236
169.27574234435883
169.28561986679472
169.29635643174507
169.4216422179661
169.77617194631353
170.2786628178173
170.8398015956423
171.4069994823358
171.9478675785201
172.3218999074404
172.47702476881852
172.54142902212666
172.55377758379237
172.5474505554428
172.55570516218532
172.64066141555577
172.79011642822275
172.93074862628254
173.0595921745704
173.1828553905658
173.30998366274747
173.46343224125258
173.62442630878647
173.79059593290745
173.97451287725033
174.11919148184072
174.21085459029098
174.3215090246107
174.479551720345
174.72627349951648
175.02972377541215
175.27818411316528
175.42109681533844
175.50069135852078
175.54211493296359
175.5473965073509
175.54459113828642
175.56959861845309
175.61682429790224
175.66247641652376
175.67622278342077
175.66529215796947
175.63779938926956
175.58762635167898
175.5470771749254
175.56806685776664
175.6656696999542
175.7894381486741
175.9201642704777
176.05725087197467
176.1394713507133
176.11350610354293
175.98814164358055
175.84370699804333
175.67930399461088
175.48961366644258
175.30877093493507
175.16918010706522
175.11225674729135
175.1682730774314
175.31720700332704
175.54275791866377
175.7758074874721
175.94788910583
176.09352111710047
176.16563061279467
176.08520910949554
175.9494798562075
175.84917962618613
175.76552649877152
175.6680993017904
175.51140981016198
175.30245910170586
175.09631910356543
174.87258409226732
174.62422564368757
174.4390000492016
174.32078148671556
174.25176358966053
174.24189812789285
174.28841618996006
174.3394613397075
174.3846784538659
174.46973017338976
174.57344287235586
174.71147204449403
174.90651466496925
175.19453258596025
175.73368888479726
176.68054002717918
178.10289965128268
180.0029694929378
182.39272085616307
185.29158984554192
188.44920203697706
191.0866548125926
192.0211726256699
190.0553513189557
184.82275816377455
177.38143463526774
169.03543615106685
159.8074150765335
149.33083431772405
139.29411858092521
0.0
0.0
0.0
286.71154093624574
305.04141237659684
331.2713920727898
356.72991633453785
374.4305123596319
381.5595546436789
380.92090358668094
377.5700083127001
375.559972681246
374.7715181578379
375.00142805523575
380.17595301030275
393.07291586387544
410.16476395750357
418.63888936168905
407.1668814785594
372.8048156195105
326.1675277539316
290.41247076241973
274.2596331069702
273.2816306174668
280.29457392245286
289.9460868131045
299.12731433841
306.9091199230869
313.4192039973982
318.80005725688324
323.16913382794183
326.7558907983989
329.68093283046056
331.8927332456913
333.44945299105046
334.63289524857515
335.7475259704801
336.8865567328349
337.96679845937365
338.88363795239854
339.5702149081201
340.01159533177645
340.2568711583894
340.38688180857304
340.35204564197534
340.0932525759054
339.70264237273364
339.3188100460668
339.099410946964
339.17643794094334
339.56416057955346
340.1182159550092
340.622301456023
340.9770872429675
341.2357629819052
341.4267647086452
341.59135789171324
341.7583277363115
341.8673428883571
341.893196874255
341.77848919714813
341.5535969005151
341.26888262412865
340.94893101050445
340.54510441427533
339.99988190596264
339.32483781702325
338.631166937819
338.08512680689773
337.8142314611453
337.8758239618139
338.2022476086842
338.6828553460215
339.28051871841296
339.99860037567146
340.7986945238567
341.5898457473881
342.19057229010434
342.50627625065306
342.6049175707795
342.6336525697354
342.7294621512539
342.99255530012425
343.4557453604871
344.14131621084994
345.02009266568865
345.98327780438035
346.9756310724679
347.95450015850776
348.7781425620749
349.3694876064644
349.6809500583562
349.66297096388564
349.4406346681635
349.2728466474458
349.4106623209973
349.8579189656889
350.4268954766053
350.9857997324882
351.5394623466005
352.1386578306523
352.7513894962931
353.27335990009476
353.5774021668727
353.52569206001675
353.08307592956845
352.32371221777134
351.4082520428072
350.5529615151479
349.92325590767587
349.5527286888416
349.30731769571037
349.0633025800072
348.82187837103015
348.6323055285396
348.5505624687943
348.5905766597425
348.7178643822112
348.90349053478917
349.13682640293814
349.4065967853835
349.6861025856754
349.9303165035291
350.03980050603207
349.9355093793455
349.60414389805993
349.1127032126868
348.512904676698
347.83596793819623
347.18005078874035
346.65356855639016
346.33395323175574
346.318833240637
346.66630005260254
347.28702606672
348.04616280394185
348.818040941221
349.4779443432973
349.9939180540207
350.38899767552016
350.7251800042772
351.0126074736328
351.2130323382861
351.34211838619194
351.480464761192
351.7050824593996
352.00136489987074
352.3180683304048
352.60290138396834
352.77937797476085
352.7699346510565
352.5974000957411
352.32822863874367
352.05507583984013
351.8907781383235
351.84234347337525
351.7935794241098
351.63846157198316
351.2150451576045
350.45380503642355
349.4154582050186
348.1921823863766
346.9225880831587
345.7473681802002
344.86747251128133
344.40527612901855
344.33918196980943
344.60931180078506
345.1454064370729
345.77224671936204
346.27586656643876
346.5589998457757
346.66600111103975
346.74619010212575
346.98736382126197
347.4767457144984
348.16634448198295
348.95497813473946
349.8062905660859
350.7439188304802
351.74700745947786
352.65052775548315
353.2511775282302
353.4876533151667
353.5193607353872
353.4833386745416
353.3727679112006
353.1911074631885
352.8856743567736
352.4172148964248
351.7951625329339
351.07820563630617
350.3978404094304
349.895032062256
349.6383665837199
349.5468414206015
349.3653656559051
348.98770411940313
348.492881356597
347.91608534015376
347.2750296042024
346.61400936402185
345.9507205815659
345.2895120468563
344.70751686582474
344.288242489759
344.1225951644776
344.26050284817245
344.65367610750184
345.2242609763916
345.8700600432552
346.57706113845404
347.33075852511854
348.08239463202733
348.88417136304315
349.96074820034437
351.70963517769576
354.23694376962976