160.70189850623441
161.80608740262957
162.32352417434234
163.26014710060753
164.99357333786767
166.5688722713486
167.56299011275598
168.05979560489163
168.34061301334296
168.54907488191054
168.6823852541483
168.85529626734214
169.14915194850508
169.4668850910973
169.9089097637172
170.71692744353098
171.80789509019394
172.86241424497956
173.7725932785627
174.56184888937813
175.25419156203571
175.81669989799963
176.2288876845133
176.5649727718664
176.86993376853306
177.16503138830706
177.4571602653885
177.52449728745603
177.28300214005998
176.85137177573068
176.37851667911042
175.9694526195807
175.6957403620101
175.61090927787887
175.66428226732415
175.74685083944772
175.85775842665527
175.9996694037011
176.07164292082942
175.95185054864257
175.66516318875875
175.2570448988847
174.7652829998064
174.30661206314645
173.9534127800595
173.75901456190908
173.73896879423856
173.9347927535581
174.2944849355212
174.66639229576336
174.9600751690781
175.15470727324555
175.23461316237157
175.2054814626407
175.15996016813338
175.14646037772113
175.14149068186026
175.16046014302668
175.17538415307263
175.13917883344925
175.0919606951727
175.03611652974112
175.0252645325046
175.07106627215376
175.06653094653896
175.02237923919367
175.02719192890078
175.02308960976552
174.98251035689663
174.88467745626923
174.77339839375009
174.699456049533
174.7145547484314
174.8465306992371
175.04027223651593
175.24472448540277
175.50732874662657
175.83849939557328
176.1804286828355
176.46707437509951
176.60290656425457
176.59794058174307
176.57076914908015
176.5433179117521
176.48133096398976
176.36123413494343
176.2357620636874
176.16237045849823
176.1108579862556
176.06724026816696
176.074670766901
176.1458709955233
176.2710475783832
176.4214927201112
176.60656533297555
176.7944572760828
176.981013380773
177.11845338357764
177.09562171706676
176.9827151242781
176.85080324758403
176.60157963549776
176.25783275899892
175.89938325733502
175.62467443200467
175.4691053165443
175.37368961315656
175.27238991659794
175.20906810421542
175.28522152875254
175.50284952147888
175.78582606531518
176.03083603708558
176.22274899068617
176.38896989666915
176.57599107955724
176.83625121773696
177.1066329451173
177.2969614561768
177.45881670639466
177.6158118695154
177.75303711981056
177.91908321039887
178.0714420551921
178.1058130439258
178.05653885386607
177.97173284449565
177.8034405751
177.48103777402298
177.15410699291095
177.01815159766218
177.10364344893554
177.42898714875045
177.96847154181881
178.52795484463252
178.90668312701266
179.1313653762231
179.28042199752295
179.3441371486642
179.337154792104
179.30291695765743
179.35317178972352
179.5010981543493
179.63314490109576
179.65671859557438
179.56271417323433
179.38995386566847
179.07234224731624
178.57514580921412
178.02482590685662
177.53235797321358
177.20181517922086
177.0792635306114
177.06653008992592
177.09693668825648
177.16421167462295
177.23998282523394
177.27363973667295
177.29212251758022
177.28505394628326
177.20087887708763
177.07883440982357
176.94950983033377
176.8351284518929
176.83778245803632
177.01092872396936
177.26528650827152
177.48140560969887
177.68235782592308
178.00242467869433
178.52022979442646
179.31892009920963
180.46442851023204
181.84367623436967
183.14418623227343
183.89459018350755
183.67256892155737
182.28642290225537
179.77436604767817
176.0377736893005
170.68220454905588
163.42951425361363
154.318752069125
143.63124535338144
134.0653269932131
131.61883841235579
140.4604301182545
163.24916286900896
194.36231839156022
216.7488005592515
226.92129304848538
231.45438188344613
234.68449935069194
239.0676919375468
244.09595681200082
247.16082389166914
248.26352668952725
247.78474073819467
244.3351470730484
237.04232320165252
226.33731951761445
214.70131188475995
205.5569525226777
202.37214127318683
204.5937435924729
208.83703630090463
212.81673831944894
215.81229944895563
217.65976374566435
218.62409720548098
219.2231173501714
219.8535577817052
220.58649908726233
221.28617156042523
221.93913895225657
222.51539829917553
222.94570875340972
223.30052522102193
223.6918947460286
224.14376053765068
224.52721083680228
224.74708585893785
224.80173963749814
224.7187821195505
224.54532107336345
224.31167598542024
224.0084732645716
223.67523891336424
223.36663377642736
223.1693079748447
223.1272961440181
223.133241776264
223.06462236860656
222.8256732297872
222.42822986389575
221.95718357577675
221.49293029258712
221.068865339974
220.74168147237236
220.52818873162911
220.445629895873
220.46682618660864
220.4837529347315
220.4649890821808
220.46011952796817
220.45142756402515
220.44157757770404
220.46693797474225
220.57619055575125
220.7478536112239
220.82206447193104
220.67997285756292
220.4029813152558
220.17257686127965
220.09276596152569
220.18654878745807
220.3383112225735
220.5069080742028
220.6333377127626
220.6416404066435
220.51329515915228
220.274363670723
220.0433680848435
219.9280355833613
219.93759331027402
219.97480619582583
219.95331274160097
219.9745176990955
220.1412534381482
220.35663956126825
220.59025837564835
220.8688027122392
221.15756741144088
221.35172333681072
221.39547913096817
221.29318014352197
221.0962793277696
220.92530706133266
220.87228646914775
220.95775770507558
221.1371472975729
221.33568688851784
221.47055857097368
221.47029692359501
221.34833727935214
221.10783697340588
220.7859273978612
220.32372559285722
219.74541196329187
219.22094168833672
218.79450803766574
218.36409556351984
217.9131038568695
217.50433476842775
217.1874914622844
216.99916945153115
216.91733972994098
216.85300326702034
216.6938736797663
216.4705738716871
216.22677721544096
215.9538071155015
215.66454543742958
215.43108359644964
215.31091346377696
215.28924705288017
215.34621282738863
215.4790898741698
215.69068316877522
215.94411611972282
216.15123779001104
216.27416221822074
216.35773663300466
216.39430113572377
216.3809128649126
216.44513374328443
216.59853429775887
216.7880059523003
216.9573860105101
217.12429036536457
217.29684350165982
217.48119903575736
217.64828872250857
217.75661525229452
217.95411641665896
218.32132062807233
218.784087557804
219.24594455977706
219.619570601327
219.95036292673552
220.28586621346665
220.6018390296664
220.82822897524343
220.85793292242957
220.634602589235
220.2395898071105
219.73586005073093
219.1816408943576
218.55243322807766
217.86171330364533
217.19071700254938
216.63503461513702
216.20615745826072
215.93420994849123
215.81995104135885
215.67188332406135
215.28806222075457
214.8155487965634
214.44140098391188
214.34174490563396
214.4485182228972
214.52493923106178
214.56413775042483
214.61182842210295
214.80166156014383
215.13791941701768
215.53987275846225
215.96818020332606
216.5037315843245
217.20182619493517
217.98974500195143
218.7969899936201
219.52538776449484
220.35208978695528
221.37161634060703
222.51604173014437
223.7397533217245
224.9609969932253
226.08150465408247
227.02049289958896
227.66826422090782
228.08353538229926
228.41407892409995
228.7908697492348
229.20702151644196
229.5247418570786
229.67670115249567
229.6405562032101
229.4738474201475
229.26055226191502
228.90457511218656
228.29101630040395
227.39170056213007
226.2604184551322
225.0044832742212
223.647306122119
222.2377258847578
220.96164118270923
219.96023593996495
219.39407894831407
219.2203458540242
219.3055618537506
219.53270853484472
219.7150771976302
219.6922417061551
219.50787575524748
219.3557148450872
219.64879828640073
220.87997926374322
223.50714911497977
227.0004601337805