160.71732254064358
162.32905838533625
161.27230878669025
158.81065431565793
156.8748750640578
155.63635355026148
154.78017366689613
154.06672633908994
153.39645307760603
152.85861548546706
152.4440153948479
152.08359934508997
151.82298007486173
151.60239254130227
151.36496914853788
151.1403702968143
150.96368312219323
150.88204153738124
150.93625699263777
151.11675160624065
151.35664636565826
151.54650395618174
151.59885226939338
151.54747429253274
151.57370887556448
151.8616185175385
152.42213212578906
153.16460479700496
154.00274831852613
154.88123886871836
155.7779365057689
156.69339227034567
157.60869380890352
158.37757677732625
158.93424048742256
159.32181349351947
159.63682727034217
159.97447328385175
160.37490207280376
160.9144543186441
161.5799319917927
162.31873691831566
163.0228487418034
163.5306495687276
163.92485692737904
164.30526495133654
164.64355943329898
164.95603220126924
165.33404735901914
165.7850234312214
166.2541652514985
166.8029086036247
167.47203311310344
168.15265490821875
168.74933472245502
169.24445722338882
169.55468593719817
169.674061534156
169.61751708816968
169.43123283109628
169.20752674195978
168.90913463792066
168.5438249800252
168.3085132369235
168.31691808873683
168.45683244105473
168.62122424284564
168.8243160307832
169.0769538188107
169.31135616599175
169.47248912517523
169.52402751679824
169.48866825813718
169.44864466186812
169.4584957984195
169.52325992186627
169.63507814266728
169.67513216277854
169.55266463886397
169.39825616999997
169.3621572469594
169.39530324962504
169.40203445178176
169.35827787909884
169.23834024991118
169.07318434680195
168.95987566399037
168.8793263364007
168.78404070793562
168.66541012454744
168.44380432037988
168.11950156602413
167.82208606218666
167.61611488926314
167.45434249641673
167.33786883639252
167.3066551045358
167.28557357350564
167.1731936826959
167.01400543504658
166.85434421239546
166.76760806372144
166.75211275297644
166.79912468266699
167.0493123534992
167.60290216482505
168.28302807441483
168.80093127402057
169.15596354524783
169.35561215702572
169.3931307191466
169.47354300758153
169.6854421314115
169.903192838227
169.94958534194177
169.88137964206314
169.86315416549863
169.91694178660666
169.99787910594918
170.13134985410827
170.27881347367762
170.35711153080734
170.4770328494269
170.629084749146
170.7230334238326
170.876698853056
171.05058486209026
171.17211082784493
171.2505554892449
171.37281472317488
171.62611805227783
171.9456413836652
172.23299755727862
172.42441709742405
172.51333026295006
172.3972717251949
172.12527775201713
171.8465544630912
171.60730862436844
171.43448089544106
171.2514420709997
170.9201129548852
170.52532393060363
170.1698129968629
169.83307213981794
169.51759183329636
169.26526814266126
169.0999289051527
169.0039847303321
168.8932719096885
168.85751348613206
169.0038715739441
169.1914052630736
169.25991736073814
169.18132902881393
169.03789984886305
168.88637910622907
168.77197017837045
168.77777746999948
168.97917180097255
169.3687164944853
169.9152876315099
170.6294612052763
171.62199936865326
172.98221922478172
174.72509873067307
176.9159591462393
179.51233512322548
182.25661307446163
184.28657546185445
184.20572526618432
181.0590632434822
174.7201574707758
166.0993755285851
156.7486370279884
147.9467684289766
142.03423540813213
141.22887259396293
143.83523987278397
0.0
0.0
0.0
449.371521337985
462.0605905880076
476.6377421246388
488.99446450807466
500.127864995556
509.83688550225315
519.9969708858928
536.9102549441441
566.5396947300669
597.4088462218544
595.8533768247415
548.0136384820779
473.7572284293285
399.10595547420104
341.75123642564995
306.07698739109435
285.61088759889554
271.5209320369016
256.72407442430597
242.2099726416254
234.19694863551837
234.83486150164143
240.83339666468095
248.4490550248693
255.48830540771695
260.78022856820326
264.2823469404816
266.63520215122793
268.3562952898675
269.6212594779035
270.37215683023567
270.6042051624105
270.4413374730297
270.0019685420959
269.3580377150754
268.54298849664633
267.5127790502876
266.2083509946363
264.884908578181
263.95271856951854
263.4703805344279
263.2624098142493
263.11525123797094
262.90343268664265
262.6055553883456
262.20376070576225
261.68841435118753
261.0701867669725
260.4043453126528
259.88683219348104
259.65889091179986
259.7964967471791
260.28088564968255
260.99476041648444
261.75914329797314
262.468934189171
263.11557332681855
263.6861007078322
264.1435834589666
264.4987495061903
264.81925769011394
265.1407156929957
265.39353369631453
265.4805996791843
265.3612116648471
265.1512874751534
265.0201783967056
265.0613555289983
265.26317461468875
265.55206522199444
265.7997927690409
265.87503541161044
265.76988189166775
265.64044047574384
265.6129102288562
265.7145072631708
265.9163695217979
266.12183881071087
266.23491086872525
266.19891579035897
266.0842372114008
266.0113713203199
266.0542823907606
266.2710569665021
266.5793744708559
266.7796684224469
266.78412663101005
266.6483896189342
266.47071185731113
266.23105691442004
265.93319609053214
265.621163388633
265.28789912160283
264.9938438749174
264.8296804836025
264.8313454950454
264.9609906289869
265.1923953409387
265.46680774574395
265.7357638055607
265.9664260296972
266.11220707248674
266.1583902516061
266.17233693036314
266.16438400626095
266.1515009918411
266.20041631090567
266.3004525578304
266.326562768832
266.24927905757426
266.08178160827543
265.85718281943844
265.61576162055667
265.38937491272816
265.2980796686304
265.525848538528
266.1140722044219
266.88192578492067
267.64406239021935
268.26356928229234
268.5861182586453
268.58234671814586
268.3446886981596
267.9714525297348
267.5961317479531
267.3450471319576
267.2513416333887
267.2725703533101
267.30233208833357
267.21769968939157
266.9907694668442
266.6286714375515
266.15566932863834
265.57628611213323
264.8912819046618
264.1124596785984
263.261525730343
262.4025217134571
261.64557279649694
261.0956334474238
260.82257845939205
260.8295815810857
261.0042604058099
261.1669224018504
261.2565984981094
261.35447928213705
261.5881188062846
262.03294995596656
262.66305062522486
263.4149223637814
264.2127602662485
264.9433955282359
265.56407373635204
266.0747416841956
266.4251238705066
266.575989475675
266.556440820033
266.38208719267095
266.06854346929293
265.688864503997
265.35968860014947
265.1480167702015
265.01609749246876
264.93508205918846
264.94339275384436
265.0557253279377
265.2379741937399
265.452392429128
265.63793710617165
265.7220357588353
265.61162034149925
265.32823781485547
264.98708486343514
264.6942218770889
264.47771020880725
264.2517295301629
263.8418676133846
263.1613445519488
262.30946808501835
261.50899460089494
260.93496160306404
260.6390577448409
260.57589559962787
260.6767143636997
260.9186372197013
261.35353010707377
261.9817356759487
262.6885026504065
263.3548958737794
263.90692562939176
264.3911593635325
264.9438599921684
265.64408160759376
266.48148623990784
267.3846117991713
268.35218137142533
269.3885214721697
270.36234612033394
271.13378397466
271.6502918372639
271.8956158213163
271.85263284825913
271.52002898505873
270.95769267230264
270.195268869875
269.2015513155932
267.99970241494435
266.59990528792304
265.0159537644362
263.3825169186054
261.8335751293624
260.40121419721305
259.05687447820065
257.7854613648453
256.70581548910906
256.3080226156459
257.44224455710696
260.7328915831204
0.0