134.48200659482893
144.16838106119587
153.02710898609172
154.41860046897463
151.12336322709848
147.77683584695077
146.23069525304282
146.70738065343863
148.5377977712676
150.88622020166412
153.18507461404081
155.25095200602735
157.10418309208902
158.73584638354848
160.07553456725546
161.09893258141057
161.82317373010238
162.29387624587534
162.64501888507834
163.0237579394749
163.451383181449
163.92952754031793
164.52798660411588
165.29487057896145
166.25944027303817
167.39804952001566
168.6405575148824
169.95991267027114
171.31691182835138
172.62119823120184
173.8246789887922
174.9267216974898
175.9374616603039
176.9004729374826
177.79728700112366
178.51796714782532
179.04194389303711
179.36733779184743
179.5068691291284
179.458727639335
179.20891213509083
178.79546156630082
178.19411570856545
177.38075600153493
176.34317560988305
175.05326459690335
173.51976940500873
171.7797634358146
169.8713216380899
167.8885359657038
165.9368256090491
164.09304057356417
162.4415725184165
161.04627581468353
159.97291890489157
159.25326634110894
158.86879787364518
158.81514391142906
159.10946792219278
159.71432255858204
160.57741612401958
161.6632703701256
162.85908260901329
164.04188561289135
165.16419469558326
166.21241001024308
167.16128802741468
168.0617139883529
168.9963334809472
169.92299925856705
170.79860011108534
171.6435150652274
172.51305094590947
173.35799284767978
174.07787831267086
174.63124727047716
175.07578246292547
175.52981167174576
175.98311579980944
176.4355964832846
176.91860153498658
177.41634461023187
177.89085624882784
178.24834188469583
178.4423928776735
178.5051524614695
178.45371856215002
178.334598813441
178.15377571738483
177.91671508587802
177.6455353497727
177.3605660775272
177.12740283954946
176.94398180265802
176.79521005010292
176.70113498769365
176.57719701665758
176.39928040875122
176.22689483605888
176.085995614431
175.99710232165032
175.90767634404227
175.77860241965692
175.64947622478374
175.54566196159115
175.54047386330518
175.65363636985202
175.7954291055824
175.85440153963668
175.79306779637736
175.70822396726737
175.67257209925754
175.73834719917937
175.953829506862
176.31140526566122
176.7299924719635
177.12247477452695
177.44935617070968
177.7249412236698
177.94347840240968
178.10841630931498
178.27891246041776
178.4553054740751
178.6175659275946
178.71418017922883
178.72982879147034
178.73572411728065
178.74662140047525
178.6769904979192
178.4742680989962
178.15167098644727
177.76718940608103
177.3293222378876
176.84124435397504
176.31626442885639
175.73316996094468
175.0665000942363
174.3035737848486
173.49251094301894
172.7424008450845
172.182410853099
171.87511779077812
171.77908725229088
171.78728210865404
171.86187801993577
172.01284007865172
172.23389513186982
172.53084115958643
172.89018187843078
173.26240661176683
173.6088057058434
173.96445342191316
174.32960865175667
174.6779636196145
174.9897890054907
175.3235577206492
175.7243509092834
176.14779828011368
176.51765438198757
176.72776307658634
176.77317778389332
176.7359894932007
176.69243348249972
176.69888040675772
176.7626939082022
176.84076879116347
176.8889375493225
176.92378914979008
177.0049410726123
177.1210486447533
177.22938660508413
177.4072621158501
177.63837192002165
177.87161645799932
178.0912587019011
178.34450499346266
178.83877355915948
179.57743815754938
180.3333491085475
180.87216307281437
180.8695571582918
180.0910591919211
178.38738202633903
175.7787533692496
172.7251351721703
170.070669012414
168.66226290181993
169.03227769855988
172.1586962091531
177.9245555695598
182.81971627928007
184.6217917667566
190.42636454073408
207.06642886874445
225.81834027728848
236.16108822661784
236.89603868459403
233.9533439700558
233.9445521121226
234.84418736830045
232.1331835410681
227.47132745793283
222.9708561603132
218.91721544746554
214.23853459539373
210.53102637289808
209.90398910001412
211.59562795753226
213.69122130408644
215.19120749935297
215.9733813874418
216.35809288931307
216.6417192920198
216.90582524166916
217.17671204165057
217.4841810796485
217.8249719637955
218.1729749892458
218.50357503756953
218.8251620458089
219.1652236701488
219.53974759963094
219.94577607527538
220.32268104992474
220.59051101096017
220.6814700702356
220.51930612787226
220.07943432842904
219.39410688943838
218.58371936868272
217.7650437921705
217.01730852860365
216.34691935534636
215.70820632935323
215.08743300678702
214.5115714002997
214.06700377043046
213.82507375912965
213.7545034019104
213.77742283795553
213.83713602322825
213.90970173926232
213.99786434620023
214.13205607828698
214.32408209992755
214.54033546234558
214.7220017887247
214.84780174241214
214.9676510281841
215.15851155388074
215.4953543204156
215.99214083611494
216.59484455112374
217.20878738936008
217.76821875703993
218.26557452345088
218.6938190594149
219.05932904728604
219.36314037672292
219.61104080673016
219.81389369810296
219.9717015829416
220.08032958186192
220.1541188532968
220.2231729234396
220.28652893079536
220.35433612485357
220.4204951919671
220.44687153952978
220.43270506271602
220.399505205281
220.37089672424642
220.3839399003802
220.47697707583498
220.65847303247895
220.88384435725885
221.131868795915
221.3790852823056
221.58897710006676
221.73832827146964
221.80673753220944
221.76910328388465
221.6547849462819
221.54157217884506
221.48859367579632
221.51919122698573
221.61780014233022
221.75263936971731
221.8821100833593
222.0136311764113
222.1807462601707
222.37841382016575
222.56432049447346
222.70276171818585
222.76624000888498
222.762971435541
222.70485430487906
222.58590435383599
222.42153590455388
222.2377664408997
222.05652962627784
221.8893673353679
221.77277707657998
221.7587257686757
221.86143857568
222.06937092351467
222.37024034271636
222.7094965619232
223.008913432396
223.22609427820305
223.37396864146416
223.4797402589183
223.536755888518
223.53017619788156
223.44502783764318
223.29058072540025
223.11463771332888
222.95918891534347
222.84788363423627
222.78427581232407
222.78643220107844
222.84547480739235
222.91651584317032
222.9704988823608
223.02605131566713
223.12041847594114
223.25945563002256
223.43176860680043
223.6104898343716
223.7646027220835
223.87947962648033
223.99314868987705
224.11224602748817
224.2020362679507
224.23896939513747
224.21498971439573
224.09947217558775
223.88499323485672
223.59440923055084
223.26026860477947
222.89520476101026
222.5017856662152
222.1060852748072
221.75110050564365
221.48230531318356
221.31812807647486
221.20514318191388
221.0529036973622
220.8293033876094
220.58655260208045
220.40868486715192
220.34380291483342
220.4007468980459
220.55541857351233
220.82845679982137
221.1996654785334
221.66128956098444
222.25193986476768
222.96702613022197
223.77451856146055
224.6413924569664
225.5103715439277
226.3355444050696
227.06409885336035
227.64227280332818
228.04383798306762
228.32668172838376
228.49848509305627
228.48748995831295
228.2382859997772
227.779444790006
227.19355335012136
226.53040075644196
225.81987502371035
225.0842078779572
224.34785435905906
223.60798906234533
222.8491427945479
222.07650343478025
221.3656031932183
220.77176652836314
220.30447266073355
219.96238868243483
219.75357397640624
219.68733156294059
219.75118619224511
219.90473899822257
220.0928989047277
220.291198211692
220.50440144116718
220.7440871513161
221.03491790268873
221.42931519483687
221.92806532074204
222.5005888428928
223.0815429821075
223.61697528175108
224.122162497147
224.65915361221482
225.19577075928524
225.4903796999041