151.32605639669816
155.4992026489341
158.6619653503925
159.88252938978388
159.74606426728295
159.6006750070227
160.00851783743423
160.76491771748067
161.46814307304157
161.90170742076873
162.10552708452883
162.25861205048227
162.39678803458497
162.45450898061912
162.44226354857472
162.41075700131276
162.41556264494295
162.5037102671547
162.64090250723078
162.8079138911516
163.08517077341767
163.46788176383612
163.77928715481528
163.84884882192196
163.7009936230909
163.47178311058153
163.2382841298741
163.07055880079622
163.01008209152235
163.03816055016605
163.15935195289768
163.45522254751154
163.9604554396722
164.56919864028993
165.1261290277966
165.47768796138934
165.5260349451055
165.3591589189874
165.1890237265719
165.13260081361125
165.2099578026308
165.38388770827174
165.596557121354
165.8802320569873
166.29712701111282
166.7735086616546
167.17393963274537
167.5185105902167
167.93355265046935
168.42843077625898
168.96546837045688
169.51982187217445
169.98754798490828
170.3774625843648
170.86453834320494
171.43955699773522
171.92142495473175
172.2338046618199
172.36823345216374
172.2849700887475
171.9776110733505
171.58643440111172
171.30323059553848
171.1318883736422
170.95712897388563
170.72758115946573
170.41133733860508
170.00944273569252
169.57450400795466
169.16334199083923
168.89813423276686
168.81420272923447
168.79383534388356
168.82358847783263
168.98073549545967
169.21787758723372
169.47088656486503
169.69066137681932
169.8596669718242
169.9296914999727
169.89026362559582
169.85978152897087
169.948255778514
170.11650141539687
170.3040400086922
170.515888564859
170.72924420239647
170.8954862236307
171.02824465976795
171.1728387292128
171.378542403639
171.65836572162615
171.9079467630406
172.09280315166558
172.2425895446969
172.35496608481208
172.49175708983967
172.6179426688781
172.66553989996368
172.6425597125658
172.60801358667098
172.55941119201785
172.46837829531881
172.36707109588747
172.27721154988393
172.1947954415247
172.06967265965042
171.87518152192095
171.63928935142098
171.420102550079
171.26416121288486
171.1401363645258
170.98695872724574
170.78275243749812
170.58594068161332
170.43155368612796
170.33138516668703
170.31236181344696
170.29249515200524
170.27728301726876
170.25177470292851
170.22653066724976
170.2799497776378
170.4218036246629
170.5375806688519
170.44071106773734
170.08126307850586
169.6426239374446
169.4042888844599
169.47005064182335
169.667543294039
169.7982420131807
169.82553281588682
169.82646226619312
169.9138833063146
170.16768011225966
170.50669523891068
170.75162522608272
170.884752123753
170.9903708458104
171.13767723885184
171.42416113825288
171.78813236243602
172.02151972925537
172.07453222974442
171.9803216658025
171.87948675400708
171.9178092699065
172.1301736611008
172.40522166130341
172.67245241030696
172.97406632255945
173.210408199516
173.28210479402722
173.29315882279454
173.3003471622222
173.27371369787022
173.21997509328398
173.1371006642272
173.05497511939456
173.02299931471526
173.01530998009713
173.0034241816392
172.99515611175195
173.02551697651134
173.0925575008683
173.12236558772722
173.0854465330712
172.95840599972496
172.7224538056604
172.39857530701335
172.09076427672068
171.934739208872
171.96103848393642
172.06708728960223
172.1303594200396
172.1411506715723
172.1437644154527
172.2011406493945
172.3534854515374
172.5505420372457
172.72689541525816
172.8447851603254
172.91947775097364
173.06478050944003
173.28423400339094
173.50898346757566
173.81641058742434
174.33832919096528
175.11980878013892
176.12534242048213
177.27178109920652
178.44233184655133
179.5988806199345
180.75444428283262
181.8650977215138
182.93373293806266
184.1032536081152
185.46419342054728
186.96731964772778
188.50114517040134
189.95434854717016
191.2841133875932
192.66049461640722
194.3576038139094
196.3768398617936
198.4008419422495
200.33398505056726
202.22352883249386
203.92796899118753
205.47027965105474
206.97893481032708
208.54373619622763
210.2571442235989
212.30051592646086
214.84529226907966
217.9152675231611
221.3660816397387
224.98145824165863
228.5931033612151
232.08636297221062
235.47947266112396
238.82551708552558
242.00991700832358
244.84931209566523
247.54238195887726
250.2819167637097
253.06991347501358
255.86537125620288
258.4960922910724
260.83198516265236
263.0977888571127
265.6060313604487
268.38853233640583
270.84195692017056
272.5877607268082
273.55950416604526
273.87479947866046
273.8106271774314
273.53017908788365
273.12459334784376
272.6742257720074
272.16464201995717
271.5727147444767
270.90890676478045
270.19403357508145
269.4007265396465
268.509237286872
267.5683382278586
266.6487090132425
265.81248732040615
265.1187999186861
264.6077251872364
264.2794229649229
264.13375302905376
264.07294455176157
264.01612360659726
263.96477612074466
263.9319438931164
263.8928978705668
263.8584690835725
263.88014225939173
264.00271209576283
264.2266271012281
264.5234626525826
264.8409259034428
265.0926241537716
265.2068824558886
265.13145957201533
264.8625312591648
264.4749797266676
264.09077975241246
263.81314054453753
263.6597075426512
263.63445832324834
263.74580599069793
263.9026967271158
264.00340323327805
264.0653039831119
264.1163081972919
264.133661143831
264.1514466855397
264.2079400829153
264.2591093286365
264.2675129223693
264.2801755140297
264.29798122518577
264.2890763170147
264.2645991499918
264.2771641330347
264.264041345932
264.1216386720731
263.83537686398614
263.4701135534227
263.1895144279082
263.0637071533992
263.0236428517853
262.975869855577
262.9219559871825
262.97087179523476
263.16235525034193
263.4502145392497
263.7422898685111
263.9781902126921
264.1860382988995
264.42031853283385
264.7009442236384
264.9827056166488
265.24752158964276
265.4518645849808
265.538174329745
265.4655013011325
265.2297009581806
264.92543916262304
264.64543556322695
264.38382590309504
264.1046277809577
263.84497943260584
263.6625940066483
263.5566923461173
263.4969838857273
263.4139643059717
263.2465153037202
263.02452784863857
262.7898811522686
262.53265956623954
262.25382461171546
262.03040086546804
261.9054041862371
261.86544260120985
261.87360926658295
261.88564013270525
261.9201703112102
261.9825046716905
262.05006252978546
262.1083640241013
262.12285785502974
262.03554437291996
261.80395495691573
261.4853259925335
261.2648954541431
261.3490296513984
261.8695315895311
262.75135328387023
263.77087624486825
264.72701820621114
265.5046575480384
266.0710321413701
266.4536031488212
266.6765663314326
266.8098347178163
266.9973331469677
267.3621062781312
267.86559156808164
268.37066363613803
268.789767217084
269.0684171098332
269.16366435912767
269.0677543608358
268.78655092194253
268.35598912215335
267.8429606771224
267.3236826777011
266.85096290388344
266.42180368717277
265.9584524715545
265.3817783742586
264.6655863127996
263.77432092289484
262.6804692821107
261.4275998948953
260.1296937234206
258.8956390378862
257.85561542648645
257.08307527925797
256.5750005677464
256.2820883287076
256.1017096022138
255.92548859036526
255.71501306548728
255.53669617577157
255.47336519563436
255.5736162614427
255.84303129467548
256.31190493557
257.0070799324724
257.9224863639273
259.05375018544385
260.41838788798503
261.9877102291441
263.63910750213574
265.20578931605314
266.62722961606613
267.9569718624077
269.25452162692534
270.48267505031794
271.3972559888737
271.4353016281877
269.67579948493415
265.3416431522611
259.39748403427035