0.0
0.0
155.03775374103293
160.5311813193683
164.54267790894707
166.1273731475431
165.93944968114704
165.15422926252973
164.60948964302523
164.6251743240594
165.10271852591737
165.79837615133727
166.4909446061752
166.99662124168253
167.20592523474298
167.20362533841416
167.16288003066353
167.14914903024484
167.19710898704827
167.33099258406577
167.50905030627268
167.66610505154256
167.82352426484897
168.11577028270125
168.6466155371585
169.3231693569442
169.92034927500364
170.33474601921176
170.60711816504306
170.78499445444996
170.88503284558675
170.92322191194805
170.93913185115883
170.9750964491173
171.0288869957325
171.08888549785863
171.17251058494492
171.29451427811645
171.42275069582968
171.5270900096435
171.6051696553571
171.69419380779348
171.8568122118779
172.1301411325084
172.4971243763946
172.8850139936606
173.18790363826602
173.30722673954295
173.28579626893372
173.2074050277581
173.0852114639329
172.93810207810063
172.82506805048465
172.77137126701996
172.72786223975055
172.64544656444798
172.49909155359666
172.29359470769504
172.03449945078654
171.72738441993346
171.45417534924837
171.30319539327675
171.25017851135084
171.26152686955407
171.35068399777245
171.47627169852046
171.542053086333
171.52442191282336
171.48868012006005
171.4833943765096
171.57877856047932
171.8270568400555
172.17660889771184
172.48917319711643
172.6120583761343
172.5418162254888
172.38945652389728
172.25783664706537
172.1590323488775
172.063147980628
171.99809319968824
172.0098930241849
172.10540528235535
172.25540003315916
172.40016896661038
172.50612190000405
172.60119643212846
172.69970182388377
172.7471542384721
172.71232251319884
172.57296743476462
172.34874015987359
172.10906642178966
171.8901866944511
171.69350364584108
171.54608206836375
171.46299542605806
171.4152478065856
171.41316692412119
171.44843597521128
171.45401281661802
171.41311002872803
171.38459284481755
171.40346402254306
171.42455028400641
171.43145600228044
171.411037464056
171.34897936964808
171.25712559129715
171.15311135352454
171.13111965288167
171.21184757281986
171.29158539993526
171.2766240403224
171.16461079859255
171.01109808673516
170.8885967145811
170.85672555780144
170.9043752589767
171.06547590196837
171.3458454100718
171.7130903688314
172.17908492861633
172.69172789473006
173.17072507514993
173.5651919092571
173.83306248294696
173.9667009327339
174.04267058781812
174.1081268076132
174.13376924641653
174.13283666256797
174.08046026354558
173.96927310813726
173.86415226479437
173.80673004897668
173.78904203781104
173.81577543025122
173.88016557153995
173.96308940276288
174.06275121192317
174.08765727919058
173.96606799577188
173.72492089916102
173.42082292223319
173.09863021420512
172.7911869185567
172.53803662860184
172.377444752132
172.30993239997076
172.29253456366897
172.28615392637522
172.26554693418188
172.2198960730695
172.1820809468021
172.16209534434813
172.11723106522763
172.02709896767124
171.9156786064512
171.8058756025239
171.70524017257148
171.61149640093765
171.5204714317686
171.4671503896049
171.49275734034075
171.58660564605452
171.70395154592998
171.82600280596563
172.00744214847626
172.31214670350502
172.7421569748196
173.26024868014656
173.8760048204452
174.69296234943832
175.82088822058074
177.29994106031546
179.1684932637326
181.4943440294041
184.29357397232553
187.39963249662054
190.36950433812683
192.53633569695646
193.08580439886651
191.18729804518887
186.54871600683674
180.02955028544056
172.65119581665516
163.98023280549054
152.43092372036102
139.00595874188696
127.9820522998065
121.0989186160403
118.86768884009797
125.60699964621409
151.1617621704468
206.48899076943414
282.53905630039355
338.9826571917759
366.0538779591782
375.283882875586
375.9443931871575
373.2396313153017
372.1633459858434
374.7002768032918
376.95034154397115
373.04199134352564
359.62217461022703
341.62070930222376
326.1924303647827
311.9973972176954
299.12594426795863
292.6511671576253
293.1827774666375
297.6381208507932
303.33579237526334
308.974115781353
314.16134578564
318.955997723349
323.44845945531404
327.59317572671375
331.4038153720636
334.85492287879566
337.98585049268115
340.8416845039796
343.46439261920744
345.6532565340498
347.11998137729813
347.92267805988047
348.338521798624
348.6123565454732
348.89493884805205
349.19930619775835
349.4395959490387
349.4207261149845
349.03728728105443
348.43864827849256
347.8858545638264
347.4666521984325
347.1727277836784
347.0511221288706
347.0755003227691
347.125156326421
347.1111151593495
346.99157031622514
346.70423860655757
346.1271995701422
345.13292289051367
343.86633112070416
342.6013315715223
341.54242859671524
340.78396184684914
340.270238069205
339.82768567195353
339.2688480388192
338.6407799355189
338.0599835593129
337.6756868104687
337.62458751088707
337.8931985786405
338.4984010189486
339.45504305981143
340.6387565078285
341.94384174227434
343.26737792709974
344.56143462668945
345.78310288554746
346.882585422562
347.8091284458633
348.5699132711843
349.1737711068668
349.65193209633827
350.0884955771731
350.476545878879
350.7793083435059
350.9092914889832
350.7181037234351
350.1182774197276
349.2280796723279
348.27858386243213
347.4316637284345
346.8215148740834
346.51180265804265
346.44835656396447
346.5553982446846
346.71010363632905
346.69164920365733
346.3140295801825
345.649682356826
344.8662556451711
344.05992327021795
343.38266595788474
342.9254105591242
342.7515902062913
342.85792955563784
343.0997042245933
343.390432804203
343.6043772811024
343.57976674958184
343.3715098812703
343.1164396794596
342.8004452310216
342.58315298192986
342.5978441185834
342.8821409325345
343.2626168810855
343.6221129137549
343.9698264660146
344.2888619631515
344.55808510903324
344.83392457532807
345.0953443635278
345.2134144485698
345.15300320628944
345.112953303846
345.3055021923815
345.7027175119276
346.21131632307106
346.67561910470454
346.9505505269633
346.9618339808366
346.7564572300048
346.4836139303361
346.3274058263852
346.4304274872488
346.7524533889643
347.1214661540399
347.3573600883551
347.4599209828378
347.42657178352107
347.1312456931924
346.5379208566933
345.81201608393644
345.1865507229376
344.82257049635825
344.681467505163
344.70722295754365
344.7632578955461
344.74433651082023
344.6659426644143
344.6478004662156
344.7533089549022
344.93191248106564
345.10490150671285
345.2970935866666
345.51102230620234
345.6925753098626
345.8603327867461
346.0522607145615
346.3859329128304
346.91330778692276
347.51703861021986
348.1204092218281
348.709097768176
349.30025294961
349.89555556353866
350.437914869153
350.80655867511547
350.94995561436616
350.9269460239838
350.8081371800358
350.7442672550782
350.78785561238345
350.9361161908504
351.0530328172058
350.9672966290132
350.6487096975368
350.01434950063486
349.07651119788954
348.09145461247255
347.1333271167964
346.1629555835712
345.17004440880135
344.1408398616847
343.17172678444695
342.27972507453876
341.5301863549967
340.96717276354957
340.5978775046276
340.42125261030776
340.4485434220942
340.860454749866
342.1731742799292
344.7896815368759
348.8569582504217
353.8831853208919
358.76317663184545
362.59769785326466
365.20141522251373
366.82038961338634
367.6500547984547
367.83586972032526
367.4573272819697
366.40751509139034
364.47669271366715
361.5890570235563
357.8479572299243
353.69273416632734
350.18499563271666
348.35827841337715
348.3232476295025
349.3778196434407