0.0
143.84949749698367
136.94341526339275
131.23545577583087
129.10564244959306
131.2084411768879
135.3548487983652
139.70433832032853
143.07889412531867
144.06723827972218
143.27123722321517
142.21170135334592
141.56762693665436
141.4244198184274
141.5812140351145
141.8211451080125
142.0284486069505
142.19720635777236
142.42532916418548
142.85074329837363
143.53650907411162
144.40859048125208
145.31691561626457
146.17542153336825
147.01351342551447
147.8137161564197
148.51467206472086
149.1957639135985
149.88597419022182
150.5421918922637
151.1818841894419
151.830108402842
152.43314230770375
152.99134586130333
153.59885863554962
154.3017132208133
155.05404581115974
155.76369326938354
156.36492768316975
156.8520679766075
157.26707615999356
157.62001080382996
157.86222759093036
158.0135692258956
158.19534388865046
158.4628448287687
158.90111454505623
159.61598518461454
160.5790926893184
161.67194557735564
162.73490868729385
163.6712809412701
164.53555190959096
165.39097655444243
166.2110309227288
166.90920626813286
167.48186685030845
167.99458376022886
168.46346803289845
168.84293568172345
169.12627018129336
169.29052573061284
169.34573431638532
169.28375373899067
169.04066911874506
168.6519348516597
168.19367203547722
167.64502554391632
167.06640500426624
166.5907217940423
166.30891739032688
166.24870429313762
166.3673076244721
166.62659163554713
167.00032373781895
167.39460335121953
167.75921630967537
168.11062399287175
168.42634110370955
168.69021165249177
168.91843385019007
169.1020114920592
169.2320177483881
169.3441810142039
169.48244455949822
169.69665009203302
169.9694853996762
170.16332642213462
170.21918383109664
170.18701774867014
170.11100286934715
170.06679985108542
170.1115653307445
170.25649089592957
170.54343090459466
170.97417526997341
171.44022138508828
171.86194913217219
172.25777686044313
172.6054915067997
172.86808009273471
173.00488720819214
173.03376284125767
173.00301429263664
172.87045916746263
172.64388385201488
172.37254930531014
172.05130951992157
171.71017844806562
171.34152235203223
170.94783341761087
170.58572363657575
170.31266974975432
170.17842079035097
170.21035261845753
170.35702423360152
170.5510220892716
170.74384915524968
170.84036930902548
170.78489192368835
170.64448088587477
170.4915228826681
170.36992320691184
170.26045684466158
170.1617371788893
170.1509423892298
170.283258593533
170.5669732462338
170.95647194221362
171.35201459460356
171.6869662392508
171.96395518890452
172.2133872755119
172.4552711220703
172.70692953817132
172.94055520896154
173.1456443080564
173.28130595321488
173.31088407130122
173.24189884459616
173.0687086880739
172.83515764945682
172.60854494079857
172.4394008221555
172.3089660595159
172.16006820744246
171.98700307763818
171.8724104848432
171.8352096876783
171.77560642517957
171.65777407132316
171.50025330050343
171.32706415658205
171.11338820256933
170.8377934502887
170.54264187100594
170.23091426389945
169.9146265515304
169.64035169999903
169.4567488909699
169.38949964539015
169.44863652602297
169.62023259344178
169.85424412718774
170.0863339306639
170.31117548624385
170.60011552977045
171.01071504415174
171.51851099904087
172.12454134441555
172.89591872924402
173.92534463069947
175.29910611968995
177.08589045414192
179.4003616989512
182.37985983715575
185.86134623058308
189.11925077904488
190.85472299497604
189.69258017641468
185.04279601830814
177.56953570592398
168.7377776079548
159.43229582205632
149.93838481058162
140.93228919413448
134.0507457260072
132.36458499229514
138.75392490728925
151.64072705133268
166.3658413482678
180.2194324300803
189.80479975468234
188.93439826048836
178.99236499235508
170.38536558586912
171.04986191469968
180.84234632305947
191.7577312028713
196.5786555120191
198.57564983765002
205.98173394881266
216.89364960280759
225.38677680638125
229.56014234985244
231.46611142310775
232.96563479411816
234.76602356357944
236.87082602747267
239.0455209292268
241.11170527396806
243.00415231768315
244.7024612585795
246.2578522950618
247.74980180998782
249.2701296388398
250.8695741043715
252.49428941526673
253.9056564040124
254.94243512271328
255.69634244773752
256.2863255907039
256.7054105703063
256.97906718958666
257.22125892661404
257.59121193735746
258.1581947720083
258.82259443558826
259.49395569142797
260.0637915262479
260.44528314628997
260.5828876111066
260.38046436051263
259.8089506284389
258.9349715530579
257.81937208128477
256.5821957843495
255.3717136947578
254.30544668835887
253.48522105551368
252.9074351243255
252.51661693068826
252.28051473402041
252.18523435254474
252.23821712417097
252.44154042013926
252.7262515738065
253.0113662481569
253.26755730278083
253.5192646859583
253.90286116917935
254.46852035395682
255.14858093173925
255.82958549647793
256.4891603068592
257.103447783267
257.6206542396966
258.02589285928593
258.3036453515917
258.4700394224678
258.61162042578934
258.80121346636804
259.0173120115516
259.1752573729053
259.2918585557453
259.4867588509477
259.84633693511074
260.32718904632145
260.78988974764667
261.1529217650726
261.4002028687197
261.49766688889713
261.37248433946957
261.0563670539618
260.59210019065415
260.0651405148195
259.60593918962127
259.2726522481627
259.06725921310056
258.9450478241514
258.83756311621534
258.6695094909893
258.4344609307394
258.22214381670307
258.03869962660167
257.8089558141028
257.5063967167063
257.1840723888597
256.92522060152504
256.80363613938744
256.8084989172989
256.8653151534527
256.9646027452015
257.0870319780371
257.2489353521002
257.5089640752531
257.89083096235163
258.46297856832547
259.2139654178462
260.1400183727593
261.21222151315254
262.3985718194739
263.62454729922536
264.770157209079
265.7385575649439
266.398327752463
266.6253506899148
266.3665457453839
265.72884732998386
264.90655669381295
264.04747211114665
263.24620045037886
262.4689649735599
261.70730893266955
260.875446216207
259.8853868673503
258.8477735641078
257.94108368192775
257.2656950709305
256.80964606670364
256.51563350545973
256.3412356579952
256.29649886327593
256.3590167925521
256.462460786384
256.5436223464332
256.62276735644
256.7046805466748
256.7811102734881
256.8562303154482
256.938205469777
257.03768035841404
257.1923319235339
257.4603090440381
257.9136670961051
258.5533865732611
259.2443293278199
259.8065868575527
260.1589880507456
260.35580138154427
260.46792153554014
260.54028754725283
260.57463500462273
260.51082203742453
260.33431690247426
260.0949134896811
259.84164726443197
259.6379758528851
259.44785436459904
259.17082522231544
258.82726227716216
258.39356985667024
257.8841224587525
257.3635243078136
256.8779785983114
256.5163238067662
256.3460658481269
256.44212856354983
256.81500141755794
257.4040489030498
258.09482857582174
258.7732326835659
259.35854038632874
259.8062530502963
260.0969560778195
260.2303090866316
260.2382550473037
260.17031204691244
260.1043707276487
260.0898706506216
260.083997857455
260.1151775605293
260.214440244866
260.3836481779462
260.642658043677
260.9716504550384
261.31928228232465
261.60246334524436
261.7513923265049
261.78272891041684
261.71251029844615
261.4967585714008
261.10920700181356
260.58197231066293
259.98928370684257
259.4196897465857
258.88425437306637
258.39750580085274
257.9946520901376
257.6953761735658
257.53882885976964
257.53701955522007
257.6706114822575
257.9362033275735
258.29724892993124
258.67061953037876
258.93039118062194
258.9157118416874
258.3390483861627
256.97084925480874
255.19203362156412