165.91976214530237
166.98617805549353
168.05061314994876
168.67629776993738
168.93524085410903
169.03080527974046
169.08608402457338
169.1897159055875
169.40112113337253
169.74045635426964
170.14289079748914
170.4363057026029
170.56396745366274
170.5921179367606
170.54497302323435
170.45191010523857
170.37781843806283
170.3013499794427
170.21782863878252
170.11210875377864
169.97855746521208
169.86371655006334
169.79252343563226
169.7699968529213
169.83649432840957
170.0594266984313
170.5010960045219
171.0842574820468
171.60335576823522
171.926866617303
172.04311153098988
172.00466888126826
171.9306476352458
171.89940229261998
171.91730796790068
171.94414625171663
171.89827135938856
171.74506457966942
171.48893132733605
171.1739814650191
170.9037298484401
170.75736190283456
170.7143050702251
170.75588474981882
170.90365205281654
171.15210463771564
171.47749711498653
171.7986906438684
172.043639510805
172.21474260356044
172.34236953092903
172.38233475450477
172.30724602903624
172.15037694700186
171.94017299774617
171.72070147390787
171.52716639200992
171.34618653547022
171.1850746663212
171.07721165300103
170.9985284982856
170.9356238605833
170.8590187570151
170.7339101183196
170.56488884665197
170.33522156414716
170.05747432953964
169.79377672117488
169.59589343996464
169.50134667796516
169.50893295178915
169.56916221051515
169.6586039046246
169.80944955870515
170.0596576144649
170.4567214791587
171.02826759929928
171.71036592972914
172.40536019246366
173.0445980251941
173.63772744365957
174.17436597150243
174.64485428994894
175.0837656627587
175.50840939117222
175.88719649258542
176.15554278802665
176.2638065204153
176.26413331890745
176.19596953088848
176.0344880484325
175.77740709524326
175.44672809978275
175.0881327872949
174.74907468272366
174.43252705426903
174.20631730236224
174.1581695514434
174.21746781503438
174.25492174111403
174.2261768174469
174.15877882553184
174.05561412979733
173.84317125580102
173.49133874168723
173.09099236112488
172.74341056319722
172.52487175612578
172.48572141220188
172.61728618922783
172.82215106267736
173.00578347861
173.2168651374208
173.5019044823992
173.8399023072185
174.2338995549448
174.67896557093297
175.12929225356453
175.52686975208172
175.85445495669734
176.1038898628587
176.30184853573738
176.4131241141657
176.35454721198363
176.10425014474248
175.68143679887544
175.18269438903405
174.70599542297728
174.30005067540628
173.99673154908552
173.82466526669
173.76039914408383
173.75960897905867
173.83594707321615
173.9158912470693
173.97208609192953
174.0613009676372
174.2331440157783
174.5113123201137
174.93902444602685
175.52715631925255
176.2132833018397
176.91325434354593
177.55695072374658
178.07421207338516
178.45265943635965
178.67389019750868
178.73491017930266
178.65249157409448
178.44531551816812
178.13030826497317
177.65721992902246
177.07600111602162
176.40859122340743
175.67694972927274
174.9021783210013
174.08177891845367
173.26287055209565
172.46668744437397
171.6296523885698
170.68958807042864
169.70071177378324
168.81165912546106
168.12172488489477
167.6616579460385
167.4338448199156
167.3743016334278
167.44469294208986
167.63164980511763
167.92166876351945
168.30378018410852
168.75017671117263
169.22961512493885
169.74674848012495
170.3308381576148
170.95026100011773
171.5784587687624
172.2808649978654
173.10270916673005
174.05821367931281
175.17542067211647
176.47056873210911
177.94528456953253
179.69512098977773
181.89497897190378
184.6623702474364
188.03540169910147
192.04426928810824
196.65044080819368
201.4678020768355
206.04666506057785
210.2791682620124
214.4838242097145
219.08513798979303
224.31733993707766
230.26749656835185
237.00494713542216
244.41211874312287
252.0129190462019
259.16888913533865
265.58039780534307
271.4471165013095
276.9579829783306
282.2046013948379
287.3956940497423
292.6423118566346
297.5576801682365
301.90608417490245
305.7545296531398
309.36704399616366
313.0775765977594
316.9840356456817
320.8611927282876
324.47329866169406
327.70932161595977
330.49282790387844
332.8291591827166
334.8104735444027
336.5631790773323
338.1429048801855
339.4981515153009
340.5517323622765
341.2561784169252
341.5960822704523
341.68722297140215
341.77267681962235
341.9607006454503
342.2104227083054
342.4650805566315
342.69326973305493
342.93343952768083
343.3059198559128
343.89685778401366
344.59625259652614
345.1041557238043
345.35077729272484
345.4032302083366
345.45040810789874
345.64960465223766
346.1536958312074
346.97341764990176
348.00614702667
348.9847397532115
349.578691938016
349.7085115291617
349.6231206459034
349.60739369186496
349.8127700914467
350.3017077762649
351.0127107864379
351.8307800179073
352.6374025976637
353.36133077955355
353.96789144405744
354.41243393772334
354.70593852417346
354.9821332865131
355.31834996719766
355.7135234113215
356.13381366504905
356.49888799370115
356.6555654834026
356.5308226618697
356.16591476415715
355.6924842125567
355.4051933746522
355.56182136121276
356.0863328061712
356.7073033184175
357.2330834118243
357.5962457708493
357.75051715401764
357.72753039947474
357.54316496900947
357.27021961787597
356.9011260956783
356.5247653090191
356.297104562391
356.32728708687995
356.6960044992945
357.2958157633549
357.8759426943163
358.21398973491
358.19891227663385
357.8365738419817
357.207760532719
356.4284332438801
355.6564963852669
355.07716983949126
354.80367797850613
354.76425107260644
354.9189485665761
355.1863173276828
355.4793309846436
355.697106746708
355.7054098444477
355.4211834654763
354.89610945583513
354.29167324445564
353.8196558096512
353.66705283101953
353.8115273264842
354.08987393077234
354.3708454878912
354.5773322941764
354.57669873397884
354.2861173083972
353.77766128408894
353.09533587178186
352.36498152910076
351.7751823732507
351.3835015472776
351.15946197948267
351.07342540360503
351.10916697128886
351.2328867853938
351.46505946609113
351.82076077412574
352.1819854529022
352.38926954853
352.3611578618997
352.1085200285666
351.7711843784455
351.5071274754474
351.30532104375004
351.1176027422912
350.95862879355354
350.9504886676418
351.2170411431808
351.7284024706862
352.3447871939572
352.90653619910347
353.3244981511242
353.5805367194746
353.68347112443126
353.65979031003906
353.45269290388745
353.0362151533674
352.58210002680465
352.3015156409482
352.23788711719305
352.34913035733075
352.53439197714977
352.61713722856393
352.45306458948
352.16081939063014
351.93266317803267
351.8018484943509
351.7570462094113
351.7963172116282
351.88527695488284
351.8645352869479
351.6722971921708
351.393034634102
351.17958841444784
351.09101231137316
351.1055706938322
351.1318349795022
351.07906187813603
350.96816623220604
350.872090510261
350.7804946602804
350.75299697467574
350.9502534328572
351.4349177432199
352.0804594626297
352.6879200907369
353.1346629114627
353.364156170882
353.3065031805771
353.0099785011445
352.6616622475611
352.4938117432733
352.5312378316713
352.66173838284533
352.7558171089524
352.73308878276714
352.58765216871393
352.45071954057386
352.38477147617886
352.3736812452214
352.3358095242005
352.2032058103556
352.03611205903746
351.8597253118563
351.64764300439197
351.4329114632577
351.17971831786804
350.93510474195784
350.7752098725334
350.7368686739504
350.85366175049927
351.097171249778
351.29221781659334
351.2930313976709
351.1172560232776
350.7715148635315
349.91598459010856
347.75584293535655
343.42076753705055
337.6195450018273