164.58338697606266
163.08868574848026
162.25901495802128
162.33836751380892
163.00049569812555
163.81734667523173
164.4865354162392
165.02347302974925
165.56528659147912
166.06305337340697
166.41094591131304
166.66845993291057
166.85424392401544
166.96906954966374
167.02234184251824
167.00371618793386
166.96164769870444
166.99246919647942
167.1122116162706
167.2694634405409
167.43510467454016
167.60502750571703
167.74970077532004
167.83389758135385
167.83483484580316
167.71429461782796
167.45204704247425
167.13229765943476
166.86087142996604
166.66255140910604
166.54648434965958
166.44500806014122
166.31812637756468
166.2042785415731
166.14634121710048
166.20638414156787
166.41560720417306
166.76283258047332
167.23078732711792
167.77755796961907
168.31677969428046
168.77029764217775
169.09476187260458
169.3122173557895
169.49400233884364
169.7085095101745
169.94456564670384
170.16807286904245
170.42368643960404
170.70402830260647
170.94172942032318
171.12104048047112
171.2599807249849
171.36326655893583
171.47458755267846
171.59888614025337
171.67827217005092
171.7013154355653
171.69277643540025
171.69564633599884
171.7440252865172
171.80038004524542
171.82781044253838
171.8229975113663
171.8210350949209
171.85587326065328
171.8970216443064
171.89569524498185
171.8669953334499
171.82400436528656
171.73958842845752
171.63075443161884
171.49302030409746
171.26742426656628
170.924135383342
170.51169581932209
170.10641082011648
169.7333232383036
169.40728232856506
169.14632205361391
168.97094439965747
168.90817804174242
168.95273524955707
169.07928450382738
169.2901948322975
169.53700226405005
169.73547585174597
169.88987143678878
170.03440322092627
170.1428435642955
170.1643273115627
170.18812379296472
170.310810491959
170.5308269304858
170.81597275408913
171.13991022567103
171.5104267173278
171.93633292682728
172.45990243326074
173.1200744579093
173.85341852702933
174.57081722880815
175.2290057771013
175.79048818267822
176.23412659015798
176.5482229389383
176.75969079992302
176.856617151448
176.8281805940293
176.71250238483248
176.56025635181413
176.41064428259972
176.21928430412873
175.98498646639666
175.73817785282625
175.49902078026162
175.22539107128893
174.87904695225936
174.50868959822137
174.11844429887628
173.6819823699919
173.24166496414298
172.82509127541962
172.41453743045847
172.01668267805002
171.6609484452016
171.3964372221908
171.28911201483862
171.273017653362
171.25357058480228
171.23956211270556
171.2379198958506
171.26569213655404
171.37031926730972
171.55042785768126
171.82196002995363
172.1547096145321
172.4861598646686
172.75978328998627
172.92960820379767
173.05499744257028
173.22327046240116
173.43179963197537
173.71201583866969
174.06746436568332
174.43767988474374
174.74128870890465
174.93163266211462
174.9943676180823
174.94719244429788
174.91189727301963
174.94887012757783
175.04207151197895
175.23560952518665
175.66011581120648
176.49542475942508
177.87099632372946
179.84989972790265
182.41474560019452
185.06960507555692
186.5937023083514
185.42242739168117
180.51207465033343
172.31457653699616
162.07129747016293
150.64200786212044
138.91943914243086
129.29391756133876
125.11615874763248
127.45359328325111
133.09460936548285
137.1532189054384
136.92241063426331
132.36166020854336
131.11795025155558
140.73862165280946
158.58889780360778
172.19297586413285
174.30367926345798
166.46704271961704
152.13032680712743
134.72019879149417
120.55210311359373
112.71025908232
0.0
0.0
0.0
0.0
0.0
0.0
0.0
0.0
0.0
0.0
219.06480123448375
225.7159654078486
230.82116302853007
234.04012544116338
237.06480759724417
240.11160826175706
243.2147771470761
246.13775616785824
248.63228804250133
250.73604940083038
252.59781436132494
254.34262665366344
256.00478707673693
257.5225583469226
258.8333863268847
259.89374535552514
260.67591536220175
261.22978378895453
261.65451704333475
262.00070959791174
262.2859165759907
262.464907552622
262.43377584484415
262.10396332281
261.4960431786692
260.74810772379914
260.09859390012423
259.68273523802543
259.44918679883517
259.3255186760041
259.2941928830968
259.3705166066118
259.53710786796853
259.69288052636574
259.76124765535815
259.76820013476583
259.7881800886344
259.8993491901774
260.10572185187294
260.37282906436997
260.68994984315543
261.0314611178736
261.288987501239
261.358900234111
261.28658368645506
261.14949398864013
260.9602366131285
260.6847216277416
260.3266454580728
259.9841522474135
259.7638013431273
259.70750202735053
259.7867399840601
259.89931269031274
259.9577046395194
259.91236004565405
259.75075270688467
259.4609741106895
259.08574433197
258.73414346308454
258.5148756627781
258.45054835185897
258.4824754816209
258.51241327428306
258.4631449654765
258.35806134771417
258.2902325087966
258.3276772312237
258.4543335415448
258.6293758396164
258.87220107174096
259.1767522421477
259.5032583198316
259.7903882169858
259.9814421202101
260.0279167189135
259.9368602162368
259.7667707475517
259.5453734550244
259.2998822610227
259.0619798628751
258.8549774401872
258.76048610615123
258.80203971520393
258.9013999624946
259.00727386348615
259.12357838200586
259.2619066702259
259.4426301207578
259.67402975770904
259.9348457027885
260.145251273469
260.3099844997257
260.5549811300487
260.94711581707855
261.41748141439194
261.84456880001244
262.1645672718538
262.39661232588577
262.5510026667423
262.62946907574906
262.66100691626224
262.6675309014237
262.6583517704061
262.62243700954593
262.52883182663516
262.33210672907376
262.04889736395575
261.74156111537945
261.435514447371
261.1783055435384
261.0060301289814
260.88668939190404
260.8048876345527
260.77149380437834
260.77617420992976
260.79254701950566
260.83044340419207
260.91628537092436
261.0981553256236
261.4107990333149
261.81210060567366
262.21928118166034
262.5738849795853
262.85826207136387
263.0696038896822
263.18554279795217
263.17985220113974
263.0729356044017
262.89859459675614
262.6744466931889
262.433202091457
262.2436151477011
262.12947112835747
262.0876703834434
262.0957319371638
262.0749194194902
261.9200967666683
261.6717025499964
261.48580660735456
261.4364105960192
261.43093753419885
261.3997637550308
261.33318110706347
261.2006908073119
261.0285571125605
260.91076880959065
260.8522883098679
260.8086893943786
260.770513103746
260.72125182017976
260.6048498714829
260.42022989920423
260.23574628845427
260.1112528898748
260.12244866441625
260.2744467653833
260.5050296280291
260.78192883029556
261.0986628593483
261.47864785920945
261.90894641189414
262.3776075474961
262.8759198557581
263.35173198346774
263.7336803057784
263.9910109425738
264.1001499973394
263.9968968422452
263.6585270548203
263.1329980823483
262.46186308441554
261.7277753780746
261.08933836593803
260.613440578513
260.2018499138474
259.764771575712
259.2655506241756
258.7350896110444
258.1309788268696
257.46584350902714
256.7989893999674
256.25847052325736
255.8534368820999
255.51400553489006
255.22484102251795
255.0249005050988
254.9606996636838
254.99134633390958
255.03630872846648
255.01948734426583
255.00359730164757
255.15496380776844
255.57794971904798
256.2298585366375
257.09013924611145
258.22329492412064
259.6582292346285
261.3342626019084
263.16692591992285
265.01898077283977
266.75347485066845
268.2724480615705
269.384512971849
269.7755649454508
269.274217314339
268.2297811508986