153.83299701820332
154.43741541518907
155.04558004083964
155.3568809268316
155.46086882254545
155.67650999573124
156.01831359172363
156.44106007421394
156.86810099484697
157.25449668293632
157.60723269238562
157.92435262518222
158.2932665895123
158.7742755855231
159.35916356905645
159.98133503257878
160.5044001992336
160.94195241184448
161.36085499433983
161.72737767222804
161.9698968175743
162.13028097794611
162.2207943077857
162.23463557009447
162.22289735879605
162.24560308239282
162.3585804797108
162.61375172663406
163.12967678633922
163.96739776654178
165.06649876684764
166.29978444461867
167.51194498311503
168.58265122959094
169.46741175728022
170.18059899108596
170.73623089384165
171.10243436879864
171.26513477243506
171.21950389378034
171.01204320449943
170.72597241415775
170.4829116443052
170.42747358394058
170.56253575498573
170.7593387107176
170.88171582445466
170.86071901765763
170.71224110987575
170.52316241009655
170.35945356457418
170.20325433015248
170.05330111146066
169.95031866694586
169.9378171802461
170.00221769898374
170.1104506543924
170.28112030997968
170.52538582618854
170.85123067662562
171.2485389409676
171.68637707319775
172.08813456363856
172.33072904752504
172.42306588003333
172.45153120903313
172.46242065663338
172.42834683893832
172.3280259939907
172.17411519999274
171.99035746463727
171.87233262898533
171.93339191219673
172.26556468294774
172.79753342445466
173.33702280763856
173.77554112885986
174.0811400683965
174.2517233477014
174.3625813247133
174.45188950308565
174.46172017977045
174.31469461378083
174.0029056760251
173.59632946267243
173.19635167639893
172.90201939620022
172.68735382059486
172.47074209878252
172.2592611546774
172.1088161009021
172.03763452938554
172.03056087041452
172.01815989235467
171.97562556018661
171.9640146198609
172.05147046700245
172.23577395906398
172.48114145980952
172.77605739140748
173.10283064773085
173.4559855192411
173.8322311632303
174.23970132328049
174.63477474230928
174.9675422196195
175.22145167679463
175.36940887628393
175.39622166565226
175.30388611566326
175.07270602483223
174.74343020678265
174.3921369912133
174.13018785903364
174.0408702615104
174.0990025712295
174.241259126171
174.39341472420494
174.54896566806343
174.69156205065667
174.76452604938876
174.7961648934282
174.91384943597114
175.18155797126568
175.51772975529985
175.80243571491226
175.9887454609434
176.12794919784525
176.30027651422773
176.52455662193387
176.70080613371212
176.7452581627289
176.71353858624025
176.6713808105726
176.6631252403423
176.6336022219319
176.5128314315907
176.3079479580939
176.05833777484133
175.8039986196916
175.59322265437692
175.43700213209186
175.31036164597086
175.2598820908089
175.2637766918852
175.3272432243149
175.47345247429644
175.66272793871343
175.90075790498855
176.1500660836178
176.3455303949454
176.501772888271
176.62729250797048
176.76609301946138
176.8931705337006
176.93559326695427
176.91805447381935
176.85766077897696
176.7103361261556
176.44253874439414
176.05970613993128
175.6344564647419
175.29730479057258
175.15683812248596
175.2062936550309
175.33730476041404
175.48176821019868
175.639650494043
175.83060304257384
176.12125388006046
176.49756393529444
176.88759963971734
177.26002520213427
177.6073840850761
177.97016393796483
178.4033701674276
178.89688340347192
179.3410082338562
179.74533152921043
180.17853039787525
180.62163321226086
180.95624657586674
181.13409923617792
181.2879841767516
181.51230511520941
181.84261573185546
182.35071780303178
183.011680338008
183.754395034258
184.63582598021412
185.69247243937102
186.9955583220305
188.66778349495854
190.74907302140684
193.19538882301734
195.93465251708642
198.84216582466883
201.71248619753644
204.44971196679438
206.96381119749424
209.17561314150075
211.0550459407789
212.61156083246973
213.8355851678443
214.74582682930114
215.4611658726626
216.12571634217994
216.84194766027895
217.62958973112657
218.48454119930352
219.34085555390087
220.0197179442889
220.35134002526488
220.35835021471155
220.13618707179506
219.77065982954366
219.35112683019383
219.0135371179855
218.83452053281198
218.77136859711095
218.75883611799748
218.73268216405
218.6843616670869
218.61285567386625
218.57552455763226
218.69033793561033
219.00563837306092
219.45396791572017
219.88373281096656
220.13600351659045
220.10484876521983
219.74347163885423
219.08191384399254
218.2614817168742
217.4311337451078
216.69960707598113
216.13438060595263
215.70194075583723
215.3091624085402
214.9548062486591
214.69876892077497
214.56406625432413
214.5342471095222
214.57044388719038
214.6358966974435
214.71688061348925
214.78941523365353
214.81603838135493
214.75418436066562
214.5935992329047
214.37815723148853
214.18687645118905
214.12400909469562
214.25426013216583
214.64064459367515
215.29024807558625
216.12089186912735
217.01731611828887
217.84505407500387
218.5676218518765
219.14798386042003
219.5233501232583
219.7131690569133
219.7955887701595
219.80475162211576
219.71822312850637
219.55074699721908
219.3707085861585
219.2073571934136
219.0547790440313
218.89129064741851
218.65569571529858
218.32326872299447
217.97942733420405
217.7235894356144
217.59793470784325
217.59045372872964
217.62267678128723
217.57236096941034
217.44115050957046
217.37014362820972
217.50306726024067
217.8544917383533
218.33125465714804
218.81770282788437
219.20637707739962
219.41002693536802
219.42203494836195
219.34590288763653
219.35730845598533
219.5557526979396
219.84221887063555
220.05964095711602
220.12301268454675
220.04320008422374
219.91156360516817
219.843316339703
219.86022803973276
219.87529201867645
219.85118972805307
219.83286035381695
219.8431826973561
219.86267408805077
219.87621583723924
219.87732334591308
219.82141164585107
219.64731018675715
219.36487308680222
219.09867898393884
218.97544850912286
218.9503861580354
218.89788936445999
218.79977374253215
218.71716343274164
218.7243876615559
218.8267198794963
218.97345195154023
219.10350364320612
219.16185267806415
219.0975944843874
218.91537323799966
218.685153168268
218.49180376447381
218.31386967296135
218.05911121728906
217.75252949637581
217.51979341828394
217.40712546487362
217.40427425870254
217.4937648141224
217.64075491628745
217.82951058035937
218.05103056260856
218.28817529240408
218.53931208707078
218.77600128669923
218.98810047572846
219.219370895419
219.46680589065275
219.66393529458057
219.803116833219
219.96167554718252
220.19820211244027
220.51092146310535
220.8518238592004
221.198624384057
221.60692187479486
222.12713639362698
222.7553182473646
223.4375808895381
224.12230047208095
224.74652036073195
225.22130613840878
225.4488387889836
225.34749273485818
224.9270849109337
224.32734821442244
223.7242722298568
223.23707777155596
222.92045752115672
222.75137039509227
222.6537812943851
222.56115270135587
222.35905010975623
221.90264988200673
221.18532858707172
220.3489367145037
219.52979517627767
218.78584137322898
218.09697470477474
217.43537882566463
216.84859989648464
216.3644545037809
215.97228627942724
215.74301333093658
215.72189276840217
215.79282904646925
215.7682509705307
215.59138720936045
215.34396138691892
215.09598011840077
214.95086258588182
215.08001853093484
215.5896783180432
216.47511802407553
217.6488323332817
219.02291415086833
220.52486842580228
222.0444338658734
223.49953095529136
224.83247226761074
225.9426961597382
226.7759715266823
227.37361024348212
227.7669310119419
227.92718306327518
227.7516499093304
226.97005957299578
225.1287267013746
221.9545647559948
218.30700795291966