157.6519930211461
159.6908553582369
161.6203887123674
162.8333891504437
163.40376502058214
163.63384318587794
163.77806334089144
163.99216007329898
164.3913372666366
164.99445444308822
165.76688181755483
166.63257644570587
167.46880655634618
168.23480085052353
168.95409800804453
169.559195125948
170.00862320728862
170.2479461104068
170.19620958944776
169.918452729222
169.55589947814696
169.1932031257641
168.90238711933472
168.6875704798033
168.55699498389865
168.55373364339115
168.69893312571492
169.0219174038576
169.53140103651685
170.1892778109766
170.86395784245568
171.46773705863063
171.99481813981248
172.36254193414968
172.52073431712577
172.51481517162983
172.38654457790892
172.18159767697557
171.96083958581065
171.75451986223024
171.58440425730896
171.51394679004233
171.55728397279643
171.72090757455885
172.00917973066157
172.34162248088325
172.64459057001426
172.9427137269494
173.21281729308822
173.40651377137607
173.4583481270135
173.31952624340593
173.0628014892253
172.84190229654598
172.71695334270987
172.6633120813393
172.700167540074
172.81334459352783
172.95125245820856
173.09458582860597
173.22615312291845
173.31044216868827
173.33438339352688
173.31080148069213
173.25933345384456
173.17553536188248
173.09527484626852
173.07107352354146
173.08295791304295
173.085451865919
173.11408349187417
173.19345829092674
173.31175712879536
173.4356170000293
173.47869818265127
173.35378443951134
173.05592779970107
172.70011139193343
172.4159107258966
172.2272429182727
172.13706657042374
172.15449978294725
172.2709715886546
172.44294121052562
172.5861681898314
172.64125998967995
172.59204812264989
172.4615245677987
172.33132018560127
172.2718259969342
172.2438426977393
172.19522834924265
172.17618461162192
172.24181851664156
172.28879913245925
172.24875034100234
172.1981567231365
172.18749681008043
172.17241851222298
172.13751034652796
172.15521321073317
172.23391357217122
172.33662355669537
172.48109183416958
172.6692346778091
172.83839784594693
172.9443737751314
173.01428255616938
173.1034665708585
173.22318781740447
173.33109583580793
173.37574802084595
173.3244762530309
173.17672522433685
172.972674948738
172.78864190385082
172.68067977938858
172.6590823334315
172.6965602714625
172.77897917636813
172.9002493430338
173.05876869749096
173.3020379215479
173.65060943031753
174.03318962494535
174.37582677916726
174.64040609609145
174.83073384601997
174.99879990909187
175.13660212948417
175.2292078682735
175.2686126622632
175.18087755129454
174.98975739909756
174.82061500671918
174.75469672459687
174.78461419513246
174.83064005653696
174.83557172560512
174.79692650208483
174.7593164478418
174.74544620428745
174.7245794683413
174.65377257529423
174.51581259071662
174.32183575051744
174.12251860645637
173.94946889533242
173.82110151653347
173.76318746355346
173.746806130396
173.74109495673665
173.74086241229506
173.71509078091267
173.70179993306058
173.73743503703764
173.82795395391597
173.99218211274524
174.20911881519658
174.43674592185027
174.71523276188168
175.1647806863889
175.96159526673836
177.3168152407419
179.40655426972967
182.31936454827192
186.07335740079367
190.43064121770652
194.70383349830777
197.747467095502
197.97783236625065
194.35288849267684
187.54826630514896
179.47871839883058
171.79640519031358
164.69155917364446
157.73782612746882
150.27875511483936
142.06176065037175
134.49682310945119
130.6509011036614
131.70574494318257
133.9690534250098
133.41290615845816
128.53332199258338
119.84390447817303
109.25285292435818
98.45333058390284
88.58815791298534
81.5908712565797
79.15880537676357
80.34554364569763
0.0
0.0
0.0
0.0
0.0
0.0
0.0
0.0
276.4965185540034
286.11998915720415
293.6125134216053
296.4101189717836
297.8673075371501
301.0660293067041
306.12634824653077
311.87122296687363
317.1046837147846
321.10192000909615
324.2503836762156
327.0032607724729
329.56129338568667
332.12476199422906
334.69281704440493
337.01989190675164
339.03251855731105
340.62686903371736
341.6841080975744
342.2982654130234
342.68580325007696
343.035495331412
343.4860265851822
344.07350588950845
344.72964494487235
345.38082825096956
345.96345332665487
346.4340506936637
346.80160934509394
347.1251507376947
347.34685120812094
347.3411125722558
347.0587617504507
346.4941116554437
345.67454558032705
344.77782340727424
344.0455682325439
343.5981529694445
343.37999497441865
343.2247801428259
343.01091273036604
342.8218649967081
342.7921138435101
342.8798804237022
342.9627571353773
343.0007102929935
342.9859424780831
342.91405754281857
342.8505833518424
342.8971310861896
343.0759478306841
343.4229132276732
343.97009798106967
344.65604676816633
345.38290172110976
346.0608535947049
346.5975480416889
346.8596536750326
346.84408920194494
346.7561174842912
346.8712387622054
347.3763874365747
348.2895009710446
349.46513207835085
350.67226294960483
351.69172890541034
352.39901461515785
352.75091212591997
352.75035773702103
352.4117041062352
351.7781753639431
351.05879182365595
350.5413960770947
350.28286949473
350.23492599302637
350.3097889577599
350.4423908977023
350.59317045858336
350.78880235766144
351.05731986018
351.33855298546234
351.53724041945435
351.5143111082939
351.2284603343629
350.6821658059509
349.95200335502165
349.2129485403135
348.55606374458176
347.9545116959504
347.28984417865587
346.45339036555765
345.39247440721977
344.2195021689807
343.23573460984574
342.71679604153434
342.75502369741116
343.28008871710426
344.06328405635657
344.91708740389447
345.7142057279441
346.3735428745952
346.91647460691615
347.45194861393884
348.0670874327965
348.7825411744071
349.5377280772343
350.29274261330903
350.9937919387604
351.5129741963697
351.7306905881783
351.64242433227236
351.3495921426342
350.960643770132
350.6238630295236
350.51764297240345
350.7170621365879
351.14600420077676
351.60473198318675
351.881152543063
351.87091774544473
351.53527611032837
350.9333195942702
350.20899759702996
349.49032142720733
348.7697477563975
347.96327990705913
346.9877632426068
345.7805800359925
344.316090989482
342.75381729458144
341.3874295653129
340.42575878952835
339.87111969250276
339.6327962959198
339.5986303518917
339.5836527891362
339.4841748551555
339.3321514381222
339.35962609764374
339.8184065436169
340.7927656189579
342.127481647673
343.5066221918406
344.7143381236914
345.7303705264703
346.57377156488593
347.30990978351053
348.03624820181074
348.81614296163565
349.6446268706734
350.4707468449377
351.2344486441199
351.9410578976693
352.5784214217753
353.00491215485624
353.05911051104863
352.6575933320613
351.86448043031584
350.89845116934964
349.9358264846034
348.994003557884
347.9712659355514
346.8089223285523
345.5923336922745
344.4756775447055
343.5940651925023
343.0061648152195
342.6789761158645
342.50403964735904
342.3938769720921
342.30452288851086
342.23060095794915
342.2564732366156
342.44716896067916
342.76761055247084
343.20714140106077
343.7545071184563
344.3234578486546
344.80378118345266
345.1149960787642
345.20180576649307
345.08800737168474
344.9144340720818
344.95201803390637
345.37700230006175
346.2375991729234
347.398826949419
348.6312317868668
349.86060433837287
351.01529727389425
351.8831377025643
352.2077940124993
351.9592077580545
351.36580171532665
350.7124079990723
350.22402417889174
349.94799588868614
349.7116329687174
349.11470941174446
347.7655688904225
345.78301621802467