161.84113967189185
164.29535533253497
166.57133598772137
167.90692681002196
168.4149923339034
168.50251508001958
168.48399238297114
168.51458573963927
168.62181912613377
168.7865061064387
169.05074073935668
169.40421375608744
169.83396902795792
170.31336059133218
170.7415665241559
171.0138518469227
171.09914426271845
171.00331530122344
170.7618337771438
170.45340286650853
170.1813074203444
169.96681563516384
169.76198800153315
169.56457654586737
169.41187944173856
169.38193682714962
169.43689944383874
169.46176174927228
169.4048092461245
169.25036261488415
168.98574849667904
168.62097879321752
168.19052056717922
167.73836408508308
167.3711193462962
167.21203446230814
167.26215763918555
167.47908216210328
167.8102072147693
168.18804202875233
168.5554706888589
168.9159885459932
169.31595360747514
169.74819821286638
170.16205623516714
170.48588135735943
170.63425797138893
170.5937161400097
170.43691769111405
170.21772422600304
169.98748194651412
169.8127729060324
169.77973840137554
169.88623474726745
170.05611943980426
170.2697435675211
170.50717646748052
170.71310682950917
170.8278924156563
170.87138256821686
170.90157054142225
170.93246393367318
170.95776077426643
170.9558015493975
170.90655039326228
170.83419742665768
170.79383524009316
170.83062356351047
170.9580309907664
171.1098842261423
171.2071237928476
171.28633399462544
171.3754065576411
171.43896056663544
171.46376358099232
171.47531046799173
171.49879984800313
171.58121156530302
171.78530812696607
172.07541165704137
172.377265975296
172.6343527323113
172.8515039011049
173.1107427300427
173.44201724952148
173.7921655293953
174.08331701935612
174.2635728094175
174.29418234297296
174.16859389946936
173.93641923226156
173.67303368020762
173.42778515293034
173.2193674385084
173.04131712140006
172.89333472617142
172.7625758187928
172.60864924580085
172.41903573538988
172.23538322895436
172.0697340266375
171.95701648050903
171.88771253033423
171.79903504355678
171.6947127132728
171.65182016387843
171.7206239998463
171.87055207950954
172.07837019269272
172.32562551867787
172.6198963833042
172.95652080026565
173.30492881887548
173.6252665618715
173.8231971409298
173.89932774841668
173.90783366483885
173.89347932939452
173.88212033800474
173.86757717765397
173.83700517465985
173.75612218707653
173.64787754716025
173.59148623618137
173.61068644747198
173.66861729316506
173.7295965354138
173.79249650584703
173.87534827944305
173.98218897700193
174.12823515702476
174.23673805929974
174.225319013974
174.0830346933765
173.83537307912394
173.50925939527562
173.11969368888288
172.66262670376952
172.17328996467415
171.74649372018033
171.4335223018081
171.2356718020227
171.13900320491717
171.11084327408912
171.12814783720393
171.14458291623612
171.09109293799816
170.9354121215966
170.75519761240568
170.6926200791034
170.80493900509083
171.04375088215087
171.33050913242798
171.61032068363116
171.88491472601146
172.21574596000156
172.69484495632975
173.40686371661207
174.4327458892907
175.90691602490753
178.00786151820273
181.04485355044093
185.30718574326568
190.64007395233975
196.11793406886696
200.05738616414416
200.46938133120383
196.15551883116663
187.84225831444525
177.6044657618937
167.2983535107204
156.9221996839703
146.76940312401194
138.2914669372724
133.67082830761706
134.24807216397068
137.71204408151291
139.7286375736493
137.7812440141633
132.65133472602912
127.40502955396232
0.0
0.0
0.0
0.0
0.0
0.0
0.0
0.0
0.0
0.0
242.50713458993874
278.74996287812354
319.74699020540095
352.04571760633416
367.7477688647496
370.2492025341082
366.25267040314765
360.3359845108688
352.89597328576065
338.6347994138006
319.23856673059777
300.9880137430932
288.44587384703084
281.02947457982333
277.8415089787214
280.7224639938284
288.2628926579332
297.0193888649369
304.65285978032335
310.46084801648976
314.7431917272161
317.9918917138381
320.4705588687692
322.3538479391158
323.8889538055829
325.34513371498826
326.93527703505754
328.79206575309587
330.8568585617994
332.9145990745923
334.8986348550271
336.78132574905874
338.4730255427569
339.8728635469176
340.9144633237514
341.59920445885973
341.91354223348264
341.8668599614489
341.6104846053053
341.39889441131606
341.3124373944312
341.3118458348872
341.416513631189
341.6061125401865
341.81112890602805
341.9243750360956
341.96259717268026
342.07178776713033
342.304432182426
342.53839448340955
342.6452991911477
342.5431429408074
342.25051691131046
341.8936558495644
341.65635080474215
341.66895683585165
341.88729411236767
342.2071105903452
342.5167476391579
342.77246203373954
343.0092341844422
343.2789197147698
343.53906891064474
343.6705876019101
343.6546928496678
343.5484566748669
343.4485783468379
343.4835921332491
343.72367391431897
344.19014318525825
344.8272658229602
345.54627289824464
346.2787482292182
346.9343437165121
347.4907335118801
348.01028751683504
348.49138375629605
348.80842297479325
348.9140698074775
348.92698931914623
349.0179518359493
349.2567535169602
349.564790341003
349.7936460969971
349.81027902262963
349.59247894866866
349.2125469441365
348.79170272352036
348.476871683763
348.3428751777916
348.3471071402214
348.3811246976129
348.42546210802857
348.5225251924681
348.67514670729724
348.86486251463594
349.0303672334704
349.09437621855744
349.06446341242685
349.005307344659
348.97799884695365
349.0224317339254
349.14432074450036
349.20287404484355
349.06193957108945
348.77984750870087
348.5393482082992
348.4325668262462
348.4085502448054
348.4522387862923
348.6165948990502
348.86906840685896
349.10502440661736
349.3094404936401
349.45623525310566
349.4853828565319
349.37714444309495
349.2025637497318
349.0330515938365
348.908633562205
348.85623162708924
348.86226794800814
348.85218969804475
348.75062401506887
348.55811696782285
348.360731992084
348.1808170759126
347.94555664760287
347.61365764888114
347.25714491383
347.0099554993814
346.9625839517682
347.14404775255525
347.54335286836283
348.099561347815
348.6944794834941
349.1806998063629
349.44574534921594
349.3965914743293
349.02113015265684
348.4047312464878
347.73725018746995
347.2254550795616
346.9473959940548
346.90050363252374
347.061078102316
347.37026622799044
347.7258349055404
348.0141982039035
348.1795292867688
348.23000274649075
348.1749330605935
348.09094656627815
348.0231991526756
347.9866133036145
347.9892394084388
347.98575722571405
347.9046058287316
347.67624647968864
347.2614986496815
346.710209084256
346.13962469442447
345.72068667847316
345.4944940669086
345.417115609004
345.39295719122794
345.3559064744718
345.27214313543175
345.13733292105775
345.0570472695168
345.1404686384307
345.38305446734836
345.6604793418603
345.95952399436874
346.3400378909842
346.83981934325806
347.36531211867185
347.8114109404361
348.1576099944464
348.4433247975554
348.63762598347506
348.60106567488793
348.2217058633373
347.5633330795465
346.8348228569652
346.28187314085596
346.1294845189223
346.39390041968045
346.9087771072329
347.4855001961728
348.01503052559684
348.4551593448127
348.7658469882131
348.92692908916337
348.9200633232669
348.7609976829849
348.45874691418425
348.082975611028
347.7014624268538
347.31669125390255
346.87876836141527
346.41050479132826
345.9972554708905
345.7010453977664
345.57415508380143
345.5971454251834
345.5811881334878
345.22818562036616
344.2310153050057
342.77050618263905