156.9129307064566
160.183162017403
163.2563123711646
165.2851656471074
166.3869622707623
167.02954211506483
167.56251021611922
168.09817205407217
168.65481442300458
169.29724816052988
169.98825725905434
170.52349056043832
170.78896722161136
170.85294796433564
170.76835216393377
170.53254285621222
170.16505283805185
169.66048034240555
169.0473926638037
168.42741246405132
167.98428652793598
167.79989505993012
167.78744887557195
167.8739529865369
168.01986062672626
168.18930224484336
168.39159807107157
168.59681159519164
168.79376958978239
169.03227691078354
169.2833580155471
169.46587620060433
169.58623006423466
169.75993641569016
170.06614872889602
170.46383777825548
170.85480528593564
171.2293981572539
171.58744731076678
171.93444028463801
172.3083141592738
172.72250601312973
173.1362166638201
173.4864506843077
173.71357713584595
173.78165991163252
173.70982219306202
173.5591040636427
173.44327287707642
173.4114035757295
173.31057247593876
173.08441211138253
172.9154120476997
172.81369045439504
172.7606244465135
172.71213674935635
172.6833855343998
172.72161101265038
172.74805195478012
172.76950570418546
172.8311981962821
172.8478299727051
172.78922662398998
172.73264856542647
172.7209980884593
172.78560758362912
172.9355622424966
173.08849047456417
173.18616739685152
173.18976335760743
173.08568599523142
172.92264068113596
172.77158186000682
172.68285151704015
172.7195666390195
172.8725758517819
173.0986641776153
173.3862781881748
173.6826491046295
173.9319792623877
174.14819284391098
174.36565796731378
174.57474117065505
174.79324306926708
174.969752257862
175.09104421428728
175.16838543348615
175.20223969359685
175.190123025085
175.05884925848918
174.82397761754618
174.5894637668842
174.45577354498064
174.4551456797616
174.4942377781458
174.54504459984898
174.6726678464714
174.83582234106234
174.97941873334634
175.0929426473533
175.15747477248664
175.134004476813
175.0268827896101
174.89582793477996
174.76197349546277
174.65280945972071
174.60859115087493
174.61245896846663
174.62311368459913
174.65615484614864
174.67713112365558
174.66586896849554
174.66803131485565
174.68501008113364
174.6567884378456
174.52664242230867
174.36787850734467
174.25378217616532
174.15456730888755
174.04082311386736
173.92137598224087
173.82214761050176
173.775356403852
173.80072721971072
173.91743530022958
174.10047146748906
174.30145823815386
174.50263613343586
174.66835782783306
174.74450806271727
174.7440152824554
174.7057402582593
174.64295375693888
174.52521356071836
174.3492942378355
174.14546357450456
173.91528545816226
173.67248712147102
173.47186457030065
173.37250074219872
173.36193378257798
173.41081545178218
173.5150506349894
173.64638556065788
173.7647344921562
173.86111184308285
173.9315258766995
173.98790682926418
174.05125275238765
174.06948579696567
174.01570857096038
173.9726888907143
174.01266723426187
174.12094258018897
174.2535540324974
174.391314290819
174.57621313092818
174.86237670729952
175.2598261109564
175.70844796374416
176.18167785340563
176.65609745373837
177.18334474242508
177.80383911491666
178.57308315990554
179.5749345988319
180.8354816541211
182.36863744432299
184.0396603388409
185.45393921155627
186.004654578185
185.0429641494634
182.3178700309253
178.19293363895378
173.03001453253825
166.84451714270264
159.29993308840812
150.18441107318225
139.87506302764186
129.7391917947271
121.91213572004874
118.25202554116126
116.80500152787802
113.92443769539524
109.47498900815572
106.78166303725786
107.01866112625355
0.0
0.0
0.0
0.0
0.0
0.0
0.0
0.0
210.52354293767928
214.20515824824713
220.94170336802472
228.2827349710702
234.58063349268866
239.1247985656201
242.16131811958877
244.14605698578475
245.56546852413882
246.77791285499677
248.03627109983677
249.3467733442813
250.53936048783333
251.48284409009017
252.1120332548842
252.461057144274
252.63842165199793
252.75732047119158
252.8704351315652
252.95425091802014
252.9809958658634
252.9409561023882
252.87685581355504
252.84176014688373
252.86787689418674
253.0747315286252
253.58272425555856
254.3319096190212
255.20757099653216
256.168657658004
257.1667910990467
258.1647197333032
259.215499889506
260.34943848556526
261.45365169096755
262.4469632362464
263.2750471760477
263.9555503042546
264.56574520176264
265.12510945512656
265.62921979121836
266.09382752475955
266.4692119078908
266.6621510191608
266.63860615490734
266.4929967233224
266.30585525403484
266.04409092258214
265.6696920285869
265.2141317996404
264.71932524474835
264.26214069437714
263.8828818275547
263.59467709335144
263.3899370542141
263.27415267540846
263.26174180829776
263.3545740833006
263.50742235019663
263.65360410302503
263.79629912695714
263.89230382342487
263.8517861547343
263.6885093099416
263.47341680600346
263.2844555145308
263.1701030188792
263.13951720971875
263.20754511244087
263.3310561472904
263.4201246435232
263.39115415387414
263.2765733595845
263.1495733495607
263.0700211365576
263.02005178555305
263.0208907330102
263.04533716028584
263.05256785705905
263.05633055798637
263.04259085905153
263.0345383533733
263.0303018195893
263.0620626695132
263.15232940578517
263.2790971983725
263.4231743827221
263.5562950145601
263.67228953464894
263.76874100951574
263.81670487750443
263.8054793748172
263.77088662718893
263.7336786791844
263.7092673672525
263.6769860147106
263.59846672445457
263.4767123172454
263.32939777546903
263.17791012827547
263.07086468205716
263.0918103386966
263.20982378629736
263.349314789294
263.4919203414332
263.6254307717903
263.73131577036577
263.85287435380013
264.0446592123451
264.26049388214307
264.4381727380023
264.56028879091923
264.698029799812
264.8885027659534
265.0585721447769
265.1680368607706
265.1893236466647
265.110624704594
264.99273540343376
264.86307179501034
264.681777860063
264.46809807750435
264.264079697306
264.08689048784674
263.8925664353699
263.66013553899876
263.41935544817744
263.20249554085785
263.03214518152816
262.9599785526946
263.0237483027442
263.1670565654237
263.3087399345276
263.406165028263
263.4397745097359
263.41731219828034
263.36410597325954
263.30589738217736
263.2590803034604
263.1660800703435
263.05953154706526
262.94794485530184
262.835157012841
262.74763597705214
262.7113957579642
262.7359850186181
262.7475861136716
262.6715045354415
262.54723059042476
262.39783317841034
262.2671341511883
262.2311402884459
262.268150993077
262.3362425094169
262.37084153228176
262.3416157015054
262.3312788028911
262.45873397868866
262.7527820083558
263.0990012462178
263.4173439060553
263.68498556216684
263.88583349570393
264.0057254459868
264.070078789566
264.0962455065809
264.07992916864936
264.02830175702405
263.9774275622738
263.95869341853296
263.9702025085846
264.03999419873344
264.17006096327117
264.31300177833833
264.41953684321584
264.4839001125014
264.4785473455576
264.3828698355836
264.17633460210715
263.87004376375535
263.4821741138236
263.0478112743066
262.6194953294972
262.22443629481654
261.8622814991661
261.51452296628037
261.17754524234437
260.8506848045711
260.5544075215399
260.3105047697222
260.1536793241115
260.1245731479655
260.1606556611942
260.1649237878685
260.14017047986465
260.1607488541153
260.3057635483134
260.5899111567082
260.94859750234053
261.2769233850396
261.5718494936948
261.9093558853678
262.3577497062658
262.8992401385336
263.51424252048673
264.2970811455129