217.61536993120515
215.3103476653248
213.66730995412348
213.01986927307513
213.06710725756415
213.4411784429356
213.82052685748678
214.1421726128795
214.3853524022756
214.54717353838606
214.7908429638956
214.9461844548141
214.85485241223364
214.51640466884382
214.00335871107535
213.36274240004275
212.66446106005213
212.0767766780408
211.73797496375823
211.54263784150479
211.40938476253655
211.2814400432614
211.21783719356162
211.17855026750442
211.14463245778336
211.062957411466
210.939837661858
210.76948824825658
210.59142199331993
210.58363127322326
210.8159746390192
211.118829397625
211.35520899324487
211.4914700455643
211.61773187485954
211.83768765010996
212.05263962764928
212.19303285921552
212.27304124071185
212.34883713734197
212.47071521522253
212.6692160697508
212.8744049365988
213.03451184491172
213.10226802765627
213.0708327052744
213.02554909634165
213.00009435079895
213.08879900139053
213.37047924115654
213.7705662336935
214.13021156134073
214.32665694980182
214.34852966232614
214.2772887222194
214.24717849856398
214.3256222528756
214.4533508735978
214.5866987952781
214.6842123991491
214.78157804993327
214.95548733708875
215.19300065158123
215.34654806112536
215.28597158201774
215.02657577923145
214.68095630293965
214.38949529895996
214.24037258131023
214.2336262535792
214.3151196091486
214.42169483535406
214.4934862157537
214.4825531421397
214.37860535132535
214.25633370037238
214.18638819361107
214.18490262326225
214.2632889057537
214.4062900679431
214.53552922999626
214.54697321245152
214.38585762522834
214.09370255350981
213.74055165497654
213.37274906073227
212.9977536642985
212.62896669696363
212.27249056482685
211.9843617627869
211.84800801396375
211.8001563564615
211.71042917186546
211.65079917507995
211.7046403490342
211.8099323968828
211.89900789503693
211.99664238924538
212.15851579992204
212.43926844116726
212.85102062285102
213.33096320386403
213.82116257902882
214.33170545244914
214.86483176414092
215.40957121875698
215.94709725978618
216.45742910630457
216.88111874433736
217.23364242181256
217.5573354586176
217.84683838222378
218.07231367452408
218.22845992824432
218.3118665475093
218.37486266419035
218.46581371615085
218.59518414909044
218.8040519184461
219.06747774696015
219.27959037547632
219.37943786685955
219.3584963533806
219.26035228620705
219.17087808417784
219.17995976126366
219.24212540213196
219.25191600176305
219.110862809027
218.75587452529462
218.2420165151489
217.71436612635415
217.2674522338319
216.8318029624211
216.36868172994141
215.95212077080564
215.5869691849886
215.22325756970713
214.81221827276943
214.37441045119868
213.86999500605287
213.39178807570812
213.1009299085693
212.99751226858967
213.01817520467372
213.07113489387478
213.11099363418816
213.1874936745135
213.38244522417006
213.69643158457313
213.9380260451474
214.01730914174215
214.05363619961184
214.14617586354092
214.24270726688434
214.25644359473807
214.17641783009734
214.0218208908092
213.83508638768734
213.7277580750429
213.77522902538124
213.87914505101898
213.96300438976087
214.02299454900174
214.03546075577918
213.97321246548856
213.85425160668785
213.81002614897312
213.91621192129895
214.13474609622267
214.38208451513617
214.58307031809431
214.6591694265968
214.6224513834756
214.49029699300988
214.26162373331
213.9526959301581
213.5178999261878
212.9665169589005
212.33844696965534
211.55974134922636
210.50710837500935
209.10859224192245
207.36061078334387
205.25529379303035
202.78708238975966
199.8995277875886
196.6085060686001
193.077485145752
189.4457699106846
185.83875115240605
182.36253040146644
179.23343201974006
176.6416391228696
174.41253382751276
172.28779910576418
170.25237230873057
168.39756588863855
166.91633653839708
165.84735744501148
165.1076403465325
164.61267878081702
164.32342260578105
164.3421426389749
164.74317247195117
165.2185205060985
165.5948882496007
165.94225412165784
166.270969763891
166.55164403666743
166.77779604188828
167.01561332976695
167.28769999055962
167.59328427078344
167.9153245586337
168.16331281362366
168.35300890458447
168.55284536956248
168.75393217219946
168.9083969769737
169.05285273103325
169.25328333157006
169.42743829969604
169.53452778899202
169.61982022745616
169.75406509011663
169.87532389305366
169.90031235080994
169.90040000149418
169.85774886539662
169.74811184401602
169.59592094640232
169.507174429524
169.5029768951617
169.47365446032654
169.4000058005749
169.2632979135127
169.04838370642634
168.8761291689848
168.9308437925524
169.19709043000532
169.45812376489468
169.63138071220962
169.78053208490502
169.94814065854678
170.1034692948881
170.22708971157746
170.3351907330694
170.4486366129433
170.59037380684288
170.65560616508265
170.58409382994765
170.4424410921166
170.33568948247503
170.33642113215632
170.42191243959812
170.5380285935654
170.59587883953606
170.55112995710996
170.38303885776696
170.1207039412208
169.87824188207446
169.72234846243856
169.66313904159307
169.70591407374627
169.7734920727104
169.75796162219163
169.66853180388955
169.53521594580863
169.36693245885004
169.2492545928524
169.22214810561405
169.25000929391476
169.2962307106146
169.31370472720886
169.2867837935541
169.23360636039635
169.14008583307148
169.0195036023019
168.94845801662026
168.97362457923117
169.1042161613193
169.32283254200217
169.57491175317645
169.83252483142857
170.01088944669578
170.0551893064232
170.0484952706408
170.04977647099417
170.0880721925264
170.15570245856543
170.24464356192544
170.3185024720055
170.38916807527323
170.55668893369636
170.79794796097843
171.06422056358184
171.2647168691434
171.34055185690775
171.32259174633037
171.23901749152182
171.06593181497573
170.7702972497563
170.3977868696012
170.01099475678205
169.66071383653718
169.3998552198832
169.2311636168497
169.11937102307488
169.13089633466916
169.31897578484703
169.56697902134886
169.73801781770396
169.82465418557166
169.84815530458664
169.8108500606932
169.6865616081571
169.46088359829653
169.20265217380677
169.0457736925236
169.117028197004
169.4726259647351
169.96469892571275
170.34051983181618
170.5387102550167
170.6260104868372
170.70455592178453
170.8634580892049
171.089942766174
171.35757170793863
171.62226502833587
171.87397195940196
172.05134039713974
172.09426842593817
172.06325669891532
172.04370615293925
172.02779253296768
171.87053814352203
171.56363996528975
171.1521255797653
170.67877886952041
170.29298648346304
170.00163059228004
169.6855352670927
169.32587411379097
169.01955353331732
168.8132872457787
168.67933693741008
168.62743092768443
168.6841193401931
168.78001292675827
168.82409284843607
168.80104725546158
168.80454444410373
168.81226914356364
168.72504421659474
168.7790798197566
169.00670500246258
169.29615088547655
169.58362721899437
169.73061175599307
169.65371878949466
169.3894472666758
169.0395499114903
168.72617310518785
168.40681894988654
168.04814778025062
167.77440676474123
167.5424919599108
167.36146619214298
167.52500917648786
167.91986867110523
168.32597713038507
168.77158322393782
169.08456820233016
169.15608640091315
169.43067628660316
170.0732597281965
170.81249358205682
171.69849184874738
172.79843705652445
173.8361721222547
174.5795266366499
174.83005302857424
174.7729011971395
174.71684578074348
174.43652561314707
173.86647480385793
172.87130145573602
171.49601840403847
170.2151813434906
169.12060424792912
168.3447481361925
167.58531803865284
166.52895511941784
165.2914073600728
164.5089639694078
164.62110326055384
165.80566440900407
167.75712671753075
169.8454748598225