231.4501527381105
237.00258745072415
241.89119412242482
245.74989708712172
248.55882252240045
250.21067935258685
251.01335018397413
251.3791656354299
251.68340048257244
252.09446712902167
252.6703447747005
253.372149175914
254.09255297245838
254.75189527980285
255.26912016468125
255.58699732937004
255.70983626680504
255.7745173369604
255.89312433816613
255.9399386119577
255.76982260851474
255.4242323890851
255.05098620318822
254.7464005700042
254.58086407205042
254.51043265068674
254.6676224465545
255.1106927116177
255.73264641780855
256.47137964988553
257.2096769645333
257.8035951516775
258.18786071595287
258.33142160990406
258.253481371829
257.9998647272919
257.5714285323743
256.87481204963785
255.9473103195134
254.95047309846186
253.96421396771444
253.04377141361041
252.2413935114343
251.63657368561047
251.25945855343969
251.0797142919479
251.03762822058215
251.0476727063808
251.09665363345383
251.30124165054127
251.71434911969618
252.37623101886007
253.3046143589253
254.37528228700992
255.46057263162692
256.45089524625604
257.16859238900236
257.5581097212548
257.6059128348336
257.38474646009416
256.99370635511247
256.55843028350637
256.22671562719654
256.0593705543484
256.0154982300517
255.95445479723148
255.76563633515255
255.53069310311656
255.3112226779233
255.03184107162238
254.64752104834025
254.18509670072942
253.68881935847062
253.20366989880426
252.78805563488865
252.42989753246638
252.09740130071827
251.78869574184827
251.543617661124
251.37857542640882
251.30178503526713
251.4002620696926
251.73398007262458
252.2695911272808
252.92276950501798
253.52094323736026
254.00973340960502
254.44078430114445
254.8467831665036
255.21793826263587
255.45591284203843
255.5121369102801
255.42729824524213
255.3075952979507
255.3156179312361
255.48828824777345
255.76467248518102
256.0264741891249
256.16907999524193
256.15592231692915
256.0146513448247
255.93160109455107
256.0594468890175
256.36048993710176
256.68802726255103
256.9023996535712
256.93478918219483
256.8514377870089
256.69145949639915
256.51170659521847
256.4200047326556
256.43190779905365
256.4803819369765
256.5321603306508
256.61147357423
256.7307889164178
256.8944366335697
257.09626614862447
257.35439281579465
257.66943990504103
257.94686764560015
258.115743251708
258.2013163905645
258.16758476177415
257.98129030770764
257.6757554743565
257.2884581408165
256.8629085731684
256.44754413291855
256.04549377175255
255.6944082183526
255.39589135484508
255.1424823061303
254.89629794583578
254.69886733658234
254.5523510903971
254.41437378886522
254.29140813488576
254.22287592451636
254.21306433176818
254.1705415745217
254.09933710976273
254.12082393296154
254.31486652947237
254.60817554388348
254.87157345950178
255.01725965267275
255.00231833934814
254.87939571756328
254.742624309514
254.5633694590024
254.31537327047232
254.0576823956319
253.86290246622977
253.75499942774354
253.73415168223931
253.7953993349662
253.9259160923683
254.05497088900938
254.1216270690742
254.06088836024085
253.8034728581564
253.42906926049739
253.1030559201584
252.87711762812705
252.75105026564842
252.69412170856174
252.6411899594795
252.60209278168054
252.52099585860051
252.32211338943927
252.04781773040662
251.7260686451976
251.33220972530484
250.82988628446242
250.2110939642243
249.41130353337724
248.2760389783199
246.74800857177678
244.87438126048846
242.6696701282476
239.96969690173557
236.52093046370376
232.13054819842523
226.78500797122123
220.75901546795714
214.47092335370542
208.19434066562263
201.9984729265759
195.74322961873642
189.1431627861219
182.4093619274808
176.24188550361663
171.7931047511022
169.11537692753396
167.15765083466317
165.4908033409606
163.93884427418294
162.40046144277335
160.8838268513507
159.6421601351653
158.97275087515925
158.93267479121982
159.30768369029437
159.88698257293805
160.3658186111785
160.71266939361064
161.1484429690358
161.6317669300306
162.16252126253346
162.69927409444477
163.14627002556273
163.5363557204151
164.01046894876154
164.54368685272527
164.93109517633917
165.24258395754666
165.67022968744692
166.1212776303915
166.44378574898218
166.5802480122741
166.49439683120465
166.26160229620666
166.14703651216587
166.2882482530963
166.51831116254533
166.6913476622951
166.69152188738457
166.5518518240438
166.37723778172196
166.18678812230397
166.05429941030673
166.00323609635035
166.0005192859063
166.01311150503193
166.05306449936592
166.14380065571322
166.25992125007585
166.3954147434709
166.52530939575536
166.60629348777036
166.60824686703023
166.54266181878887
166.41780288380986
166.2246880073509
165.99990407293592
165.80157483708024
165.7111308571155
165.75738849198487
165.86068711343705
166.03461315172706
166.23696032043978
166.44865083261612
166.750728646779
167.08970049595627
167.38292766890692
167.6472743246147
167.8944230057147
168.1012212376663
168.3049208589049
168.5316135825235
168.72709073814178
168.8598666263299
168.96391034826334
169.0530953034235
169.1230494012606
169.2331583658643
169.43752861350157
169.67009311843844
169.88405326730717
170.11699893726566
170.35123544589428
170.5497206971226
170.746378809275
170.8546383062448
170.87876697583204
170.89370604997765
170.87032470951362
170.77615822640422
170.6668936471521
170.54252712044152
170.3504434856317
170.13361363237098
169.95275204204034
169.85792220898117
169.87232210897125
169.95026193377748
170.02820697063362
170.06165577547335
170.02763982702922
169.93597380183405
169.81921800169778
169.69623477337163
169.57777799011097
169.4839863608234
169.44727705390125
169.44550440003874
169.43711909759836
169.40379217853715
169.33985631111335
169.2797341750472
169.2923022962642
169.3718656201079
169.44219960661223
169.4533910004553
169.39905770626515
169.3069067434025
169.23701723851508
169.23794839878187
169.31103354875435
169.47147940961344
169.67137393736758
169.81296046467025
169.92254098892533
170.10377596497364
170.3894823797217
170.71820640698135
171.03367927841273
171.3176357165239
171.55677105268504
171.73126109615535
171.83769343609586
171.85473134097649
171.78630730019512
171.68888569693945
171.61344587084196
171.55345550433992
171.52517319729006
171.4814542884847
171.35494837906137
171.18239797320237
170.96223353808853
170.6386241542081
170.24322688960092
169.79975409376874
169.28000749873556
168.76629575838362
168.2586173937401
167.68287294836892
167.07059977799912
166.60446519520383
166.56020803066698
166.986963274353
167.65443853625942
168.3576689000909
169.0300989050137
169.56530392240666
169.8923786424997
170.18007301161384
170.54427727867343
170.90807653750386
171.17596893727722
171.36110388427517
171.5288502984856
171.69755745891322
171.93836904950348
172.1760168733644
172.1828714837324
171.95849631307166
171.68489078269718
171.33387417073848
170.76143123686757
169.97721196641805
169.10523057292284
168.2571544592257
167.46497526808656
166.7239596906249
166.10631259415675
165.73604507165908
165.6878254198078
165.97391890718578
166.49735923508064
167.08224444114586
167.79684258785642
168.77538564369905
169.79519402666824
170.65535138737272
171.35943295996216
171.99807748426565
172.78791536762964
173.8541487904738
175.15831819772976
176.6071908578458
177.77928573649228
178.4079302650709
178.4810084545381
177.91267508326487
176.94721795526593
175.81201070706138
174.53130546028973
173.11406651888987
171.28187288567275
168.82431700962215
166.0180339386497
163.33188271889034
161.3507623734664
160.20264325247308
159.07304145182135
158.21088767085038
158.70496254243943
160.46125982982028