0.0
0.0
321.74836168585625
324.5522655608785
326.68318915569876
326.8663420027025
324.9202707991136
322.6086810189536
321.9874324716791
323.2480691311548
325.669451307335
328.3667628647769
331.049204428302
333.61473782211135
335.90227873798284
337.76652447136917
339.2547242072161
340.5799061458915
341.7688908519808
342.861309526566
343.9443609298926
345.0567646028877
346.26456303928967
347.469031938449
348.3989025057251
348.93614557270257
348.9945222878204
348.5399112053437
347.72234714632725
346.73517598466196
345.7541367914509
344.8761022958042
344.04361886513095
343.1781239916214
342.32505690735456
341.56732184378586
340.9614002186471
340.49542421407654
340.0341353854842
339.5055216106508
338.9332488421713
338.2968800181037
337.673697858325
337.1842319355304
336.95815465918497
337.11883013522714
337.49005834320053
337.7455003023804
337.78915254278735
337.7101849687864
337.6102793884962
337.5116723353423
337.3852244950862
337.3048496057106
337.402187441514
337.72121413999133
338.14478244457274
338.602015193751
339.1034380095474
339.57833235369014
340.01687492364476
340.4996504136143
341.0593186967209
341.67131047567705
342.30402457687865
342.8224027994884
343.1071409163626
343.12263203449527
342.9857234316531
342.90791046413995
342.9575254158741
343.1274709497487
343.379610430736
343.6311094417411
343.76368072931143
343.6847173483519
343.3817802418586
342.88312232056006
342.3157982030423
341.8236569127217
341.3905851048514
340.87832588239274
340.23989098124184
339.63148101706406
339.1594686559487
338.7850276051018
338.42344200746345
338.08707847788025
337.88636513605377
337.88802164728475
338.16390971964177
338.73559200762844
339.5129870730169
340.421938466042
341.40201937631065
342.3879372482279
343.3447712982845
344.2825862662195
345.22115135417107
346.13207355138593
346.91924392912233
347.4670810397974
347.75946877437536
347.8949740780555
348.0320094778421
348.2188432149814
348.4230858561635
348.619288034302
348.818335438462
349.0690006240004
349.3542390255467
349.57747831191386
349.5872860408357
349.3285962727873
348.9050139443792
348.4212844554862
347.95175314000835
347.59925699408615
347.45121529303157
347.6325899895386
348.1524288870917
348.8171952342152
349.3843605642927
349.7333185912313
349.8655751148521
349.80863657371845
349.54293431292604
349.0448372546301
348.3668584248096
347.6974503901279
347.1542460441215
346.73282075681567
346.37365792749415
345.9963815399912
345.53797894722953
344.97881755674564
344.4001956737616
343.9065669889914
343.6382482369344
343.6147802006151
343.6832177752767
343.6471955440047
343.4568196647499
343.2106116675828
342.99374048999096
342.88409749227685
342.879560080415
342.9290460414428
342.96920537950916
343.02718924639834
343.12029681136374
343.12045778545587
342.92913361184435
342.57952614135723
342.1427939070772
341.72847401511797
341.4377480295718
341.3439127257214
341.4332076579175
341.6352348993914
341.86384715541266
342.09502678790136
342.34029160799366
342.63008426846284
342.9354532804307
343.23887582147887
343.57254123777074
343.921486753387
344.20585658911796
344.3438940934284
344.3319886886445
344.19033749390627
343.98240735553605
343.817402568402
343.74972576156443
343.75883833005685
343.81266193248047
343.93237833944784
344.16027949706813
344.3916820952319
344.5108508640302
344.406362754944
343.9660760151506
343.215267824847
342.25012596894373
341.1229649331477
339.7304641729378
337.84840662863604
335.29692331863896
331.88481661423003
327.4542847622339
321.8060711403133
314.57510056795235
305.3255581738122
293.89552830201353
280.8801340110655
267.2878769874346
253.6395457036317
239.71656047943816
226.3079419260937
215.5374461863342
206.95363431625248
199.26784665199568
192.26973594135112
186.4039261429618
181.89613293829075
178.7680374351675
177.03804072708797
176.37936713003046
176.24694147221763
176.24628637122163
176.29389847808045
176.48734697412542
176.83376958604728
177.0991094664167
177.18583198490586
177.09246404560665
176.78071981676865
176.38528671306256
176.0755076571832
175.84127083864672
175.68194062286045
175.62354197056894
175.62323275755722
175.6881003429105
175.83654779788992
176.02069408576028
176.13957558987846
176.12322161473116
175.98384113296143
175.7420729457478
175.44869559119076
175.19637741147218
174.9003749509134
174.5569934240074
174.24785623457407
173.98303646304902
173.68776362798357
173.3505196125493
173.05788674894973
172.86743825382592
172.69081778311238
172.41227776492445
172.07364494229836
171.80906831965035
171.66106232230334
171.5499055867798
171.36547073895937
171.12212503578758
170.8841446165162
170.70242514918158
170.5937834285758
170.5568275348275
170.62159366870907
170.7827241365543
170.9308057824618
171.09449477243277
171.30622893761807
171.4740838985507
171.55527227189205
171.56987682334014
171.6709530708343
171.95301317656669
172.31373384168987
172.63470602664935
172.85988911755902
172.90740472917685
172.7786762696395
172.60863885729015
172.45414567829667
172.365200039739
172.31466608752345
172.27914554979625
172.28978013145195
172.27855622452537
172.22857513937433
172.15256347978112
172.0044990352693
171.77417119070122
171.5071481699294
171.25011768163682
171.072360190874
170.99435040355812
170.98353663933602
171.01518367996678
171.05293077664186
171.08775823753197
171.1552118117881
171.2804437634898
171.46370552974028
171.699013492265
171.97003533400562
172.19451366076203
172.31602023031465
172.35151450731945
172.344560131966
172.3482491691273
172.37835525469347
172.4777359475939
172.65446585231345
172.8521901449385
172.99826765983573
172.98834976457582
172.8174755456343
172.6430553836534
172.55353177947143
172.48120878729134
172.3993693145369
172.33200625735643
172.25195060175963
172.12478759681065
171.92103280706692
171.61819743440677
171.31740872567735
171.1204619670922
170.95472891668422
170.70668410227975
170.36784360360417
170.02542762955025
169.71899581582193
169.41310231154947
169.05589328892665
168.62973225433572
168.19996165549196
167.8604649900867
167.66757604944058
167.5927964475529
167.58097250619699
167.5680500650795
167.50259522579685
167.4265722601065
167.45348080124003
167.59002177999776
167.75843094209003
167.86786163608207
167.8861956595961
167.9016923761452
168.04313427876806
168.22789543680824
168.40886326386857
168.64143119779672
168.92229407881453
169.22832974992497
169.60701463736658
170.16266149399954
170.80936161251125
171.40917564379725
171.9176137212301
172.24046669444914
172.31427761443985
172.27897865602273
172.26990310457415
172.2550208543206
172.16078183854904
171.96851824381164
171.7154031466742
171.50397275278746
171.33188448438165
171.136192705547
170.97230396061548
170.9645989686664
171.12074284235698
171.32337389665898
171.46340109305464
171.55361748782815
171.69730799393142
171.86767440720763
172.0122426952657
172.08210519678013
172.06563839102856
172.02651008778366
171.96715830453206
171.92878181574721
171.89813435670342
171.82525456152047
171.74642299413622
171.70073532312867
171.6643205731845
171.6060674136703
171.54896285927754
171.49338447659596
171.41269195451116
171.25242121480474
170.95696292586257
170.54698376576954
170.13772081590034
169.91716859390337
169.909763513607
170.0937708472323
170.30536034739742
170.3802943218585
170.4817972935426
170.5547991047825
170.52670184069356
170.38949276155182
170.21150370044447
170.03135883932262
169.69616057025183
168.9331416048542
167.71322665492139
166.44359206252366