0.0
206.26621991684289
203.59178519716468
205.18143488592818
207.95533939954242
209.5631722019249
210.02817365214503
210.3093781774078
210.7828606333668
211.19674306579992
211.1210010190765
210.37858223600836
209.06339949254547
207.4401843046439
205.8272219871534
204.5549737472203
203.80873054163985
203.53113358821142
203.75513056156342
204.4573551071058
205.5882297624948
207.09520467213736
208.99723868889495
211.3284897148411
213.9854004405799
216.71657304993894
219.31324597564046
221.69298992265803
223.83136958800998
225.7541853661549
227.51920590885098
229.20631466374988
230.83761259710866
232.4578543605116
234.10252220766006
235.80009589556204
237.47584250625363
239.06489229127823
240.58799287279095
242.0523138924569
243.42983972467474
244.7295111428233
245.96408747731726
247.11769370146328
248.21309100723374
249.27665179651976
250.3405498735578
251.42525595108333
252.47501405896475
253.45810959635656
254.3639615132804
255.18451396598616
255.87220241403293
256.3266641751255
256.4060652939917
256.0598843320429
255.39705345174804
254.65955235685104
254.0605811043939
253.6120879805344
253.19519403524808
252.80288948772196
252.49556734348147
252.27693320476052
252.1297618879983
252.0746369116386
252.07181218727789
252.07887932339338
252.1205483364228
252.16583832160183
252.2174724940931
252.31921240154443
252.45607724549825
252.64502249086394
252.95903318725036
253.40968771856927
253.94566516819464
254.4905101994951
254.98891431720207
255.41182185105603
255.75392374954146
256.0663903462569
256.3450681825724
256.55713252828355
256.7010059038438
256.78364380171433
256.8632726179252
257.00331891851823
257.2060057734826
257.40034808734663
257.5185004254124
257.5526560821396
257.5385100976936
257.50107705282943
257.4117180053375
257.2796132672213
257.1513624287066
257.1048772475009
257.1803151730085
257.2871187031055
257.33989933409055
257.3666194024175
257.419128196557
257.46549552009924
257.482962120177
257.45403091678753
257.3904559370979
257.35978278215094
257.3910844048418
257.45226167815906
257.5253801811558
257.62637272180666
257.7556695813762
257.91280386439075
258.00331695804243
257.9655031405369
257.8421779793145
257.7413054897155
257.69802403885984
257.68581442912046
257.72183287799567
257.80024796994627
257.8242577903268
257.740975398342
257.6166378616444
257.53194880386985
257.5065932343689
257.4885855056551
257.38538569242735
257.13963212808375
256.7391191164406
256.22063007874794
255.66931837507497
255.12779047938602
254.624670873377
254.20955995445757
253.90682665261073
253.7290378686993
253.70992872383223
253.84004560276304
254.07440987073352
254.42695363476392
254.92516280317457
255.517851631982
256.17370448087445
256.93228919005037
257.7873113867593
258.6767417347693
259.5233704353413
260.2933513690497
260.97538492414776
261.5478048413169
262.02470971790115
262.43708231816737
262.7732291274475
262.97183553214717
262.9711285320515
262.7722522402047
262.3657392786125
261.7559125003671
261.01773173758863
260.2166586563069
259.4013689325427
258.65409326130333
258.0521020542637
257.6233865097041
257.284339952977
256.91625334103315
256.4791494755035
256.01825073091305
255.62169943938443
255.33469929457704
255.1641046052583
255.10600948905562
255.15674734306845
255.31272178906107
255.59066419507263
256.0318044919711
256.6691988005563
257.45692246878275
258.25187193962535
258.92133732239193
259.3632339879663
259.5213739561145
259.3754319028118
258.92413422201366
258.1578683186698
256.9759019620019
255.17353986144397
252.52233033875714
248.8039954188674
243.88826891729917
237.81331400636685
230.80965487459926
223.3174871581831
215.8944596672215
208.78318324045676
201.94302358633016
195.50140155563162
189.65495731203825
184.71026949898902
180.908842669489
178.07683581094963
175.6937162851019
173.22088925421602
170.55545267192457
168.10284022880433
166.12434288205426
164.86999165944718
164.2815435983364
164.11585667076733
164.1436325943853
164.23171968510258
164.5221763510727
165.01600945891727
165.53172401747923
166.0662875559728
166.73085209943517
167.4427850447269
168.12487337926063
168.7146973296293
169.17036605573173
169.4988907265028
169.7189824515514
169.86147156834437
169.99493620217024
170.15692311407253
170.3285490128265
170.4076843893302
170.3925669585895
170.39077536243207
170.42140528703874
170.46028852488774
170.46996271670594
170.51858673549683
170.55914412796992
170.42862558011075
170.1697591558779
169.92407447422784
169.67861224064467
169.42231470714796
169.17026263186926
169.02902812251168
169.09774211495477
169.28574092359287
169.49646778807647
169.68069310578156
169.8031420718304
169.78084627134498
169.62106278346778
169.48439637957816
169.4554894734213
169.48420032809298
169.53484070315307
169.572130121007
169.54980367390436
169.46980578767162
169.38477098063373
169.37326727523455
169.48583423776066
169.6104894472653
169.6929507252364
169.75619516064938
169.7623860993551
169.7141289488129
169.64545936065144
169.56268757544152
169.50134258148933
169.5061936040285
169.54174007795086
169.50917882932995
169.38386882704555
169.18048906396794
168.95851488725629
168.75779623239612
168.57600446137823
168.39603984736925
168.20262614658515
168.03266334864162
168.00680910389136
168.16254729903474
168.43312741733268
168.72852872880372
168.95024001584704
169.0777434806808
169.20577634112436
169.31432504355385
169.38762983836756
169.5074573036178
169.70775225539234
169.95860470852847
170.15522002538114
170.28807309813357
170.46375817248128
170.75224672680025
171.1232083353575
171.52238639519192
171.8572705816444
172.02831678867997
172.12626566612516
172.25611337502272
172.4034107068422
172.48626558901603
172.41420427811977
172.22766244676768
172.14369839375524
172.10850906291162
171.9447264802247
171.66262662600113
171.3003403790015
170.8664854434658
170.45336918900978
169.99794896430654
169.55951752041975
169.21561122745845
169.01735891453484
168.97141415092818
168.97735280513643
168.93105022749202
168.71916078054633
168.38118772817595
167.99495967544178
167.62670181102646
167.37283899841097
167.21949538301465
167.1172079168661
167.12735344499006
167.22133728392012
167.2931556828349
167.32114403663778
167.28389219161662
167.05860215080028
166.71640399623948
166.4072202650898
166.2594091795134
166.35525853549197
166.58704392707205
166.7769424247956
166.86209936623692
166.9308805934341
166.99219186853742
166.95193348620754
166.83061804523595
166.6392162029612
166.42960909531672
166.2883469343246
166.2504459407734
166.31286496352834
166.45092542157983
166.65481851653232
166.8741519177426
167.12248884607757
167.46990918169212
167.90441937104384
168.40128020939213
168.9444656072207
169.63342267621297
170.510523928667
171.52083439114818
172.61915678171997
173.74079278123918
174.85565178302542
176.0222523508962
177.0042990412329
177.56996026477208
177.93774690623653
178.27378950240404
178.45277302561584
178.43996623930414
178.20043271396918
177.62408326453166
176.73122258980425
175.74708310454514
174.43138301912654
172.4053413152648
170.168238517056
168.40744235717463
166.97117348387758
165.6854038106157
164.1741240171235
162.15444992058474
160.05492172335946
158.43851964190915
157.3306970786131
156.6108394524776
156.08258017157945
155.7327304612399
155.53723503083086
155.26143003759995
154.61488104701496
153.19868695180125
150.8388268883007
148.69432045624404
147.30322146353961
145.83966754611322
144.10982177921557
142.7441326250521
142.48967028574504
143.95957789561396
146.53303202138937
148.90531449337698