0.0
295.5563662813589
301.84842131339565
310.85676105693085
317.95642812343783
320.1956340149535
319.9298547837107
320.12897287112105
321.93757856202916
324.8659623893999
328.10665270213264
330.96448970435654
332.9914827156034
334.1627400965955
334.72484792166387
334.89333651927325
334.8766230689913
334.9199845555269
335.06463811253775
335.2385642942754
335.30560701879483
335.2686687224919
335.2049096226318
335.12033152760034
335.0087789785067
334.8470091825307
334.60540894952885
334.33220311231025
334.1042761328741
333.92211482458333
333.74279123488446
333.5210662817661
333.24924411174027
332.9543174816192
332.6417016704768
332.30961133614545
332.08847572720595
332.10787572076
332.38037596008417
332.8804718983583
333.53547001809727
334.2067436845869
334.78936083734163
335.22679485939494
335.4838787670488
335.61413592036973
335.7398186768488
335.9889443173323
336.38841893696923
336.84857880996213
337.26044898562
337.6277656359248
338.05638619748737
338.63122093913023
339.39106027491516
340.2930403114168
341.18472370882824
341.8976207362517
342.4509120655855
342.8853460443669
343.2017705122619
343.4447677818734
343.7455618040743
344.2537315492002
344.92021967365116
345.5985954825211
346.1839820736159
346.69562252691003
347.15212204567086
347.5031148528591
347.67203489082
347.68300112931826
347.6297880753371
347.5525260914958
347.4312597726239
347.3226166985173
347.33067441014305
347.44111376480373
347.49827067825186
347.42746510720457
347.3391309008449
347.2963562384307
347.21895643510265
347.0590264828329
346.7337004231774
346.19851386899904
345.6224813784341
345.21070297799525
344.99036224673523
344.85881964752065
344.6770090846353
344.48872104658653
344.3725483672318
344.34065358192566
344.30756810732953
344.1893429640998
344.01400754096886
343.8183283114984
343.66292327419205
343.58379352531074
343.5908513851414
343.64770460647435
343.68819737620197
343.6618196100459
343.66053505856024
343.763641320865
343.90719654805326
344.00650149518947
344.0240773641961
343.9516315026193
343.80573326296286
343.64191523698344
343.51851881323876
343.4624137476677
343.5339090492687
343.729528687932
343.9576947276515
344.1838531291244
344.431875994783
344.6695797443165
344.8264985103576
344.88016662030697
344.8234373306232
344.63425413659184
344.3901151373215
344.2485109915122
344.2704795867217
344.45297093718926
344.7383788636054
344.987293863061
345.16764338214495
345.30246499284533
345.34425022338513
345.2648152240532
345.0677991580149
344.79195985513206
344.45546607401116
344.0883149399657
343.74797239837744
343.57679582517187
343.65175046743866
343.8833110079859
344.19700459782996
344.53372472009534
344.7953189420108
344.93158354984735
344.988845278943
345.04101459115464
345.15632161338544
345.3614489452454
345.5991058405573
345.7712895745743
345.8516816949059
345.7893618917309
345.50515741285085
345.1311230995497
344.82732457468313
344.6813243398917
344.689709528206
344.87722049623403
345.242737299811
345.668962463673
346.024077252787
346.24798140128746
346.33613855593603
346.35120937670894
346.3276295035863
346.32963712088645
346.38332401750205
346.41097680470574
346.3815803821537
346.28446671888
346.20583108347324
346.19162198691976
346.2222768790951
346.3458652275819
346.5406189088468
346.7916375005593
347.11441740626987
347.4352375171832
347.67905060007104
347.7796347390956
347.6740685271682
347.3929100579698
346.9895357686634
346.52380710536966
345.9492202084946
345.2153081345704
344.2341741388566
342.86278292633
340.91526485439624
338.10673110822654
334.0930096230913
328.6193488802003
321.5488576895148
312.86274496744886
302.7942916002245
291.8639610353834
280.5729040230136
269.2277887502612
258.160776065944
246.68530783151925
233.03726390151382
217.90360722142327
204.36929845727028
194.1915325513573
187.10741456841546
182.4792354749119
179.49897940753965
177.41128459728282
175.86596934888507
174.73897434678847
174.04079444121228
173.74274242797242
173.68583054407014
173.7307102183588
173.83492094186425
173.93714521834102
173.96230636786342
174.01804781739733
174.15126246624146
174.22980244499996
174.13742690030395
173.7562791983148
173.19506287571994
172.77810849718972
172.68065483968522
172.8614074777729
173.29448208070616
173.8871571562849
174.38268225577949
174.65223089343476
174.76947222511865
174.7820527313682
174.70493320213964
174.53209558268316
174.29992446169257
174.04247162588894
173.7661031287439
173.3912373130822
172.95958768556204
172.64172305204602
172.50717995056254
172.52416878986728
172.60034696893632
172.7291247715497
172.89559244354464
173.03445154221635
173.1369640591984
173.17821629835962
173.0782833034871
172.90644905907462
172.7411798740846
172.554876481098
172.35250883429842
172.19332596577303
172.09990050937853
172.07392275545192
172.13928800755116
172.32606566132958
172.55795310510035
172.6829319582376
172.651253014837
172.55017640464644
172.45490822805345
172.3501313290272
172.25349328798475
172.25114660875101
172.28206119780242
172.2188844238007
172.09728504789416
171.97157203087428
171.79102966172823
171.61965862772936
171.49813564035588
171.40891607272556
171.32632636128764
171.2137171101829
171.05242515272877
170.85019040963937
170.63341558306126
170.42067798698992
170.27682781834295
170.21305265757158
170.16975025520708
170.1434620310811
170.14925731425583
170.1485404154818
170.25365740662298
170.54017227618903
170.88064260917335
171.12431961391684
171.23559367203254
171.27899980696958
171.32792569751822
171.40549904883363
171.5363824031286
171.7257438561942
171.94318893920115
172.1738911765644
172.40581417230095
172.58313709401645
172.65148926787145
172.62646310350672
172.54226250651823
172.35980418217105
172.0570020917495
171.78102824369398
171.67938431552813
171.7101667505768
171.7648362350893
171.75950668942636
171.62818881724257
171.38260118465612
171.1209082232943
170.91875502365252
170.76498205079915
170.586633931743
170.3055160915067
169.89196940022038
169.4260948607777
169.03801379936286
168.8004434902761
168.62158188843657
168.42554079118506
168.2083698757524
167.9708148931637
167.73892632839727
167.5498214864822
167.4132933496025
167.3606952309774
167.40007923893688
167.45900097258374
167.46715798091986
167.37651006443625
167.1895435969375
166.99118407177565
166.86641736568512
166.83857580730256
166.90156913403973
167.03349280321044
167.25984777719106
167.63499985301013
168.09465306912173
168.52382125393635
168.9043911895575
169.23968879310337
169.50912885711153
169.72939406801197
170.00583885823866
170.35608782888977
170.68135743972175
171.05307905718172
171.6003863641487
172.3036923675519
173.0678059536316
173.7924140264765
174.34043531189235
174.65059423288614
174.8292094978343
174.94499687444403
175.0245035216027
175.02460066853547
174.8667922397865
174.51443721170318
174.03723789406703
173.56921977972328
173.06351327123718
172.41630974050582
171.6496294764289
170.89007718472192
170.2102418001287
169.60171218817865
169.04712298467018
168.50425914512832
168.0114927827232
167.6580591498592
167.40929524774646
167.23828044472663
167.20981276843432
167.3510526804402
167.62787527196755
168.0326558723749
168.48981966161165
168.95958966047291
169.48101243613232
170.05748235404704
170.74592462331015
171.58508749267074
172.46460891854704
173.21248271161122
173.69956147851718
173.92464314352543
174.04084477538578
174.1774268351696
174.2455409105472
174.14673990545097
173.54893953362793
171.86504557876464
168.79470647831795
165.11521226469117