0.0
0.0
244.1308843358004
240.49718023360487
237.12086818118422
235.51738675974406
238.66664954212717
245.19692028918632
250.68695439737866
254.48563123289003
257.3406002166836
259.7811369939919
262.029671271348
263.977119999719
265.51869209490684
266.5582855714031
266.97303510972705
266.7840504414998
266.29643710333045
265.8164539318178
265.42634553527625
265.0859631752707
264.9433131110187
265.16306483585583
265.57673361396877
265.98808519611225
266.23417618521603
266.27574264613094
266.20885835633646
266.14657450548816
266.1504298707139
266.13515204344145
266.08193028991116
266.0188978292585
265.9037794718158
265.7600480885051
265.66386425905193
265.44847525730336
264.93853899087327
264.1096876653148
263.01193560054156
261.6632709706057
260.1281723107828
258.4568818014702
256.69708197740187
255.02204813182954
253.64063437513323
252.72422851654966
252.32533022927737
252.44183643712975
252.86654173990507
253.3597425583671
253.7617609544869
254.01025637663744
254.12338118120795
254.14100676374696
254.15883958124408
254.21642314930637
254.29246761420035
254.37542661419786
254.4836292709132
254.59339402847743
254.74908837578167
254.91970032092263
255.14137180649072
255.41842608652223
255.71127140250286
255.9232361714388
256.01283593160736
255.99393373382873
255.84048469876814
255.58658344627958
255.32784465811687
255.219262252593
255.33851460619934
255.64440267386806
256.0367464136377
256.4527307254557
256.9081462515918
257.3980342205431
257.7903171262297
258.02187640815237
258.0619715965449
257.95559884383624
257.83806619449376
257.79020369084117
257.7936311313224
257.84364707412965
257.9436441283827
258.11262325735527
258.35730013747434
258.64365163663666
258.9354554202719
259.23072516632647
259.4228439343109
259.43354254773755
259.2915628884558
259.0779285454398
258.9112020001527
258.8133604074377
258.78134683533517
258.8106720346396
258.857255319086
258.9492509412983
259.1374579231625
259.35376184524716
259.50836376210555
259.5252203184401
259.3493116125166
258.95506804298674
258.4359038051164
257.85630478288033
257.2734777272368
256.8100931123085
256.47344118820064
256.1737841200153
255.93333791582836
255.85253213362688
255.95856140351194
256.2177878988469
256.518709131375
256.7676974332062
256.9467368186178
257.09242690939243
257.15546910639154
257.08806073783194
256.90417260181573
256.6782824159309
256.5296917808587
256.51929706280686
256.6509585045028
256.8060383307286
256.89473525626045
256.876293459345
256.7450751537946
256.49716692444616
256.1093386136815
255.52319152536103
254.80034536833818
254.09086222217607
253.40410559198304
252.81060832534524
252.35527472263018
252.06575749905622
251.96300120286253
252.09265450042807
252.44863150852132
252.9628395273304
253.5391613306487
254.07857227193858
254.61010627247805
255.10451143019498
255.5125636431772
255.7676365202666
255.90190358819314
255.96344131957179
255.9017170299062
255.85530517244305
255.94087735569346
256.23201515167875
256.62619295076144
257.0020811677516
257.3149300708692
257.52179208329045
257.60679778870906
257.5576658123913
257.3786286947551
257.16903882882144
256.95072432543725
256.77991760485094
256.6993702281161
256.65844743482853
256.68292139648327
256.7591879317188
256.87817168738843
257.0208206855812
257.1296762183581
257.11936355997534
257.00706845076843
256.8099251971384
256.52048869914836
256.2042491487586
255.88895507569322
255.57258034035507
255.17854972313805
254.6251449999903
253.8245825932846
252.7417364776981
251.32164572914877
249.52988272245483
247.27286698306568
244.40996541634092
240.7680040224948
236.19166591364717
230.60439471397393
224.1304983823711
217.0483912889392
209.48807229447124
201.23008497632708
191.55960829406877
179.978149823573
167.53645587822967
156.91639078965332
147.78906989075563
139.1590757850666
134.3982352685724
135.92711268803788
140.21432622984617
139.25943421273323
127.82667678081994
112.85332478390839
103.78020284891794
106.06417439260089
119.19401691581504
134.68127233319836
145.18024030606253
151.65048731532292
155.72074025695846
158.23246592359848
159.10326364570636
158.43958106839978
156.92945507491095
155.3723735410229
154.26586133120898
153.75018749934773
153.75185074113017
154.10650042120673
154.62775552813696
155.19384400191606
155.7823560376272
156.40607503446455
157.07990804741897
157.79936473949587
158.54740602054608
159.28349727847828
159.97753071446414
160.64282734686833
161.26846727643857
161.84943510100047
162.4521225416417
163.1468257206373
163.93924392415045
164.74305958041737
165.4561623589039
166.03617537094004
166.53120221235014
167.01263130078934
167.50374823194545
167.955362617049
168.34232344422136
168.67768281776523
168.95156695536355
169.07110479464245
169.00371544295604
168.84656045825173
168.69098659274613
168.57717938154644
168.56260472470618
168.64749123567543
168.7744420772093
168.92843147053387
169.10441752254917
169.33292270192115
169.6509878100199
169.95109093969623
170.16798439453936
170.32964655570746
170.4407464364711
170.5365898870125
170.63995597751216
170.7410702173453
170.8793614363722
171.02788585950208
171.11661111011097
171.17154452732706
171.2109331758723
171.24019060826612
171.3327002132154
171.47178368675898
171.56109319599022
171.56174759736064
171.50623781630307
171.4593934606077
171.49057406187927
171.60045141356355
171.7173229589032
171.81195122597632
171.89325856195788
171.96700294135766
172.00422450307317
172.01576217804876
172.05579253171518
172.0883927341039
172.0131015077779
171.88933689887395
171.79477654591858
171.6902945752483
171.56568871307422
171.43450257207155
171.30197641061744
171.19471060866607
171.1550333100065
171.20904490176912
171.31635947086613
171.4165263129901
171.5105700517124
171.57447551550203
171.6054211097014
171.66069246548966
171.7719730976034
171.93744278428693
172.130372371062
172.34387115980255
172.60885422031748
172.90996535568806
173.16594403107132
173.33537700071432
173.41591500599102
173.41092633194978
173.34293707986885
173.18760952153653
173.01373640975115
172.9122186206122
172.88300276700983
172.858725492572
172.80213968713235
172.72205693080062
172.67715677539445
172.70761672459693
172.76848609861509
172.8790214588314
173.01648484718535
173.14170271395528
173.23582591264312
173.22009228069567
173.05207732523837
172.7928366919304
172.5217379910057
172.29824842554785
172.16287149760956
172.154873668873
172.28384519394714
172.43203013802673
172.51017460008632
172.5761400683657
172.6538874418568
172.74497082824843
172.86383772562326
172.98137892768008
173.09009942329195
173.2156121065216
173.37804618075592
173.5911473548341
173.83929476993438
174.06295861755424
174.1781730083062
174.17309360056004
174.1255151627319
174.1053050196982
174.14548381133795
174.27415454500536
174.47995511716204
174.7237986737175
174.97092494370173
175.15083921882876
175.24746946156222
175.27348665098765
175.25082511258353
175.25442158922428
175.3015497715336
175.37955504401924
175.48609169622452
175.54516709917866
175.50966419507301
175.33985270702482
174.97789290464507
174.47282456492275
173.91099970418438
173.35195649676234
172.82378107211554
172.30613239388245
171.77311462278698
171.1943514852135
170.5177740436678
169.73583353411226
168.89457603552256
168.06783236998922
167.3338128754347
166.72167307396725
166.21589710562074
165.84050291966244
165.63579404833098
165.61205520130494
165.77955107149788
166.1473342935791
166.72136272666273
167.53718199793724
168.7287226101295
170.57244415698437
173.28455113983998
176.42677082219697