0.0
0.0
0.0
0.0
0.0
0.0
0.0
0.0
287.4933515714188
270.2937262246683
251.68917098554428
240.40227643487637
236.47860000602253
236.59275193995086
238.37064687273045
240.23638341421258
241.48647107566657
242.1089559318025
242.36265580382644
242.4612121943556
242.52919098858456
242.6916812421469
243.04847007575665
243.60190669877838
244.27657068430324
244.99603252272817
245.68527194540368
246.30334702069388
246.8874066573345
247.52418968789476
248.30303601020321
249.27445696637767
250.40233978416924
251.56375507726955
252.6412979988698
253.5345544992436
254.18304108697947
254.55447730785653
254.67291362721832
254.58159422722932
254.32465763596292
253.98764498537597
253.59429453033346
253.13995007481387
252.6983527680701
252.36635840239148
252.17640030989207
252.13801277630714
252.22831990971838
252.35750072622602
252.44079320328274
252.4630353131537
252.4705051133507
252.45257654536593
252.3613908375487
252.21082268877217
251.98196951369826
251.69792325121546
251.46157971508583
251.3193800201103
251.25570106306253
251.3036285476301
251.50706737474832
251.81217590381812
252.1294645183787
252.39180512953925
252.55816684471483
252.62165317680393
252.62323340801265
252.66823753379228
252.82541813876148
253.12230222073205
253.58362202633992
254.18817055636563
254.8441431310356
255.43721572638495
255.94771963992787
256.4487408586647
256.9620936544409
257.4689948148376
257.9192684998629
258.3016588704577
258.6635596174423
259.08318815457494
259.61927412856346
260.1855777747767
260.669285275448
261.04318152337925
261.27722799254104
261.3222724736739
261.16807672434163
260.8208470016931
260.32380687383
259.7573090889705
259.196614495567
258.737961364209
258.43915879390363
258.29412773634135
258.2957616318931
258.44823706440536
258.7477951597625
259.119209469872
259.4427395821593
259.5959251792383
259.5882473304398
259.5143457609452
259.43264473942395
259.36694305528266
259.2561776183747
259.037369845522
258.71348871532365
258.33591201362066
257.95132226117096
257.60060190474735
257.35348126563076
257.20336829655275
257.09818713962807
256.9610793364624
256.7425196570977
256.4860751669609
256.1808403429607
255.831864637757
255.47412466523747
255.1545623510953
254.93244563682197
254.83436241311895
254.84913930435485
254.94695987212307
255.08117256068937
255.2318999687289
255.41090492023108
255.57877963419287
255.72927920401503
255.89805987397642
256.07304372491086
256.19191303617487
256.29078836570926
256.4769648271724
256.7821240193453
257.1428938751476
257.50484858374796
257.78398100411073
257.9496193133456
258.0214523613624
257.9906464948649
257.8580892153184
257.69056217308355
257.53491575262547
257.41337961233086
257.29023949040146
257.1245398849243
256.9931928526215
256.9716679708531
257.050014377229
257.2072740320301
257.441883986
257.73410303125735
258.0086519617532
258.157834207508
258.13413904136394
257.9756328027037
257.7273244459921
257.4598493775953
257.2380960987963
257.11038028799413
257.0730407115245
257.100159596402
257.1506404405422
257.2463630936111
257.4565322428286
257.7967335773873
258.23710928094476
258.703937907468
259.1028240329215
259.4149530209136
259.67218377754705
259.92551326240635
260.1951801150828
260.5357395814796
260.97850752656365
261.43271888570575
261.78891417079416
262.0209093344735
262.17328995345224
262.2782089960407
262.3085980944827
262.27647834016375
262.23952972143013
262.2339006962973
262.2692461273401
262.3152129345669
262.3271296456052
262.26618697135194
262.07173643085224
261.66929718900735
261.00018352128217
260.0479711111266
258.8190771997397
257.34215282779354
255.66768121459722
253.91732597238615
252.17621955242754
250.30835745887046
248.15364125186136
245.6195651814243
242.65759194595077
239.2682535673231
235.44793116347103
231.13234850239223
226.27013556760616
220.87662193050275
215.07663535960734
209.06038756959427
203.0816545195062
197.2901397232984
191.9455880394732
187.47146929721367
183.90770683345602
180.87744978481095
178.04255231919132
175.38540239905802
172.9748487302189
170.9922194112267
169.60539739924647
168.76965479700263
168.36007817720704
168.28322860355686
168.45586366791565
168.6935649673002
168.87617697678525
168.99020462327172
169.08689867878203
169.27932438657567
169.518114340663
169.8021754243294
170.11926102893364
170.4226462099458
170.72429196331092
171.03942586237022
171.35055402430933
171.58417681116185
171.7373749467611
171.8493442514641
171.9549959462889
172.09322055717098
172.25657440415574
172.4077251173926
172.52088817775555
172.64019316291336
172.787115490126
172.910806773179
172.99488906456634
173.09684794987126
173.22941633280863
173.348392767938
173.39499828332043
173.36935708681108
173.28801255892947
173.1473841098757
172.93201754530392
172.66202789463563
172.44724291649626
172.35616093767447
172.35062971523416
172.38049103663394
172.41364934493075
172.4092617273453
172.33840232679682
172.22093326390865
172.10547350502523
172.00689583065426
171.92429243854474
171.83494526287546
171.7263944250507
171.61980493623432
171.51201393854612
171.3775348743868
171.20276518354237
171.01482096359157
170.88169883820163
170.84607491202746
170.85984088725235
170.89116282432815
170.9601945350019
171.05742445637804
171.12192627408493
171.10728663704424
171.01957574351775
170.90699318070776
170.82484330995914
170.7793874885838
170.73845794289096
170.67281702796856
170.60991415984108
170.63714778963433
170.80796309184777
171.07812056512574
171.3971153304175
171.7636768052154
172.2051222084055
172.73410753797515
173.3077242103328
173.87689895787838
174.42365331302437
174.93778529219946
175.4177283473657
175.86818481240704
176.2444796760804
176.4746477987873
176.56363625984878
176.57054813335031
176.5188911788653
176.391789005786
176.14930458988482
175.7463358803237
175.15140344495802
174.38402387308778
173.498785338915
172.55804549970202
171.63593900407392
170.81479550094372
170.17693062284735
169.7663211380713
169.54285539929688
169.44471001682763
169.43610029149994
169.52217925995032
169.68334705707073
169.85725560341615
169.97446543998953
170.0560829147562
170.16625747784363
170.2720126934979
170.32806794285636
170.3401935249817
170.2966118753097
170.23912485137268
170.25480494049538
170.3867548723802
170.55331199623555
170.57040561825374
170.33200339961675
169.83981108018241
169.1966350269669
168.50803660251609
167.94811997298564
167.84982252085658
168.171456237049
168.60119399606066
169.08255391742802
169.70461446405733
170.3733893620069
170.91791287318728
171.29393636495234
171.5730241618985
171.76452033925395
171.7974322598277
171.6194900081503
171.2131526300302
170.5548001369666
169.6762432993154
168.58567009825325
167.3030357957531
166.09853055762977
165.1482802285958
164.09740660219168
162.82424384983688
161.863490449917
161.31514719453406
161.0611505218801
161.3515443063834
162.2415567787833
163.3633123348535
164.43854223582392
165.43972611057217
166.45397149375674
167.5193413657012
168.56026640555393
169.70230567246227
171.19138521001312
172.97925542843382
174.65426463133872
176.03038043973208
177.23715125004765
178.395826563261
179.58949039746432
180.59893288895017
181.243603830109
181.3404915161578
180.73164194222633
179.62097558854413
178.275126648169
176.73756055077385
174.96745493810357
173.01171439808076
171.03429754987013
169.0498646735499
167.26397475321457
166.17033894913908
165.81556251203892
166.0229591132857