0.0
0.0
0.0
0.0
0.0
269.18134227690575
257.7652434868292
249.04231610479903
245.90554770325588
246.53258733131568
248.56262889995708
250.36079245327943
251.429007000337
251.86233097181076
251.79681027051583
251.42049269159418
250.817034517211
250.0450597803689
249.20292100415608
248.42186799649866
247.76654801107918
247.2872848516341
247.07994718231055
247.13598433392326
247.39041535322502
247.72037235269923
248.08601712570373
248.5435158330566
249.07371436503283
249.60385775387806
250.05108875935852
250.40032896028566
250.74983004901202
251.17042170790714
251.73477150752512
252.50827334859926
253.47734308220998
254.5487408307156
255.58098428247933
256.5154644467197
257.33744552197766
258.0856989587594
258.8160499516412
259.573008235554
260.26064531579607
260.7855468272114
261.1190909491968
261.24134804641517
261.23165727752786
261.15122731713956
261.007832322225
260.86417237208667
260.80989665148996
260.8793060016788
261.04682035416096
261.246616009626
261.41034535097504
261.4780740258411
261.4111329004529
261.18195164853114
260.8237867184499
260.4511714736042
260.1566198276005
259.92486238707073
259.68574575733226
259.420344246951
259.1778141867927
258.975967659001
258.76830529024835
258.58438058046414
258.4353914185722
258.2918990643576
258.1291468282349
257.97767662541196
257.88025360204773
257.9049325641457
258.0928715932753
258.3586497916419
258.5904508843435
258.73240364450317
258.80384965610756
258.8299507368968
258.7878786142104
258.6439123717925
258.42195451878933
258.20572564399606
258.041193141409
257.95739726935483
257.92469918380095
257.9477682508541
258.06068862296223
258.28959223464653
258.60755248920754
258.9101495884246
259.13163400288903
259.2773663986918
259.34601065082165
259.31617530754113
259.18369499065074
258.99215461410193
258.7672569062929
258.5284497458278
258.3416079837477
258.2212364805332
258.1541332801602
258.1354173692878
258.18177396392923
258.32637169915563
258.54892140520144
258.8305167927639
259.15897198354764
259.4618644032339
259.691632771768
259.8100082085515
259.7703695152335
259.53713095699356
259.1625719013199
258.7477979570786
258.3744812476509
258.1074556853306
257.9863028064975
258.0089361590354
258.15683257756524
258.4078548896332
258.7471812583989
259.1087340379382
259.4233999287873
259.66041028501354
259.827763052514
259.93206146432533
260.00934012072986
260.0657869054473
260.0147005671117
259.86080089342033
259.67094509932406
259.4656084900031
259.25684898005215
259.05975153065555
258.9132083099916
258.82836005781417
258.78624642767784
258.7837395335331
258.7936771270771
258.73171608278733
258.5847045717662
258.33713384785653
257.94603307401474
257.4594594207281
256.9604586165613
256.5027156364084
256.07594724302925
255.73433222277853
255.5541880459296
255.50510152728387
255.56854952826058
255.71294321954184
255.9198835967233
256.15588664500416
256.43256858101137
256.7637422236572
257.14616390110257
257.5862957865163
258.02318895296423
258.4254310813476
258.85267407033405
259.31143062502707
259.69174186849546
259.9081960204319
260.02677835205196
260.2100213437439
260.54605475138544
260.9314486223361
261.2004649017958
261.31153864843384
261.287903791817
261.1515928385752
260.9502008756436
260.68043718644986
260.3173178799824
259.91718428237033
259.5738843979078
259.3107735912309
259.12112129060336
258.981979893803
258.86504000913175
258.7646405641004
258.65818098518787
258.56754847680924
258.5290463139419
258.53707893317727
258.5701572208349
258.65193594127004
258.7435320227904
258.71483083507235
258.4824997140664
257.96220868281006
257.06988114509693
255.8246673158481
254.3031905197304
252.51117884897474
250.34531553879435
247.70872770725813
244.48330393612414
240.50930651661002
235.68263710901735
230.07886003161929
224.06621590862375
218.0536077826836
212.11023831197505
206.3354703918624
201.01208146393083
196.4261938535181
192.3985182224083
188.62028127105225
185.03616374385166
181.71120384148082
178.84374695130407
176.58631474397185
174.72556079678324
173.0717068769115
171.70187977791093
170.50162817671
169.40995549222032
168.43035343603557
167.48938609924866
166.60186591871923
165.84460002993944
165.2509480300216
164.89807605176975
164.74813565204613
164.64597138361313
164.51279289234031
164.38230234342427
164.32156776920775
164.34946611091758
164.35188585293977
164.24306460840648
164.1021586177113
164.00927490062037
163.96136863996784
163.94325932850035
163.97284469223672
164.06727393263415
164.24060525993247
164.44704767068208
164.64674396482036
164.84532285308123
165.04611008482294
165.22630194606148
165.4248874262335
165.6676798592072
165.88938309025013
166.0144520805517
166.06572808506857
166.08252563424853
166.05793206223422
166.02103453260293
165.99835400577456
165.97870301236637
165.94605397271442
165.94697009415378
166.02106730020319
166.14227893448214
166.2796343627569
166.4369656766906
166.62394912246225
166.79895538944658
166.92937255868668
167.00650463255192
167.00538315454784
166.96102860869755
166.97227962380103
167.0738479567696
167.2524547182413
167.50310690940896
167.76495792419914
167.99541200363936
168.23541370946356
168.48816545159323
168.76337440426175
169.08715110366597
169.38128358436907
169.62263492274013
169.84941338768112
170.06261816333335
170.26646863488645
170.4661031789467
170.64540933482004
170.7645054153898
170.8045308266028
170.76284357238694
170.6762288786328
170.58820884294934
170.52766257173045
170.47943246481
170.41929215543155
170.36180830890058
170.30091814750034
170.20191736972902
170.0849134987522
169.9469994037744
169.785049811831
169.60536402114016
169.41822852853903
169.23937626680168
169.1157903632611
169.07756005283213
169.10819219121186
169.20869478517773
169.36787136364862
169.53183968873986
169.67221142547749
169.73242003039616
169.7052145574381
169.68488715419858
169.70857563916798
169.72688637247376
169.74946433324953
169.8210438181838
169.9370190076477
170.10272487430862
170.30135128258206
170.50405503876516
170.69728152134633
170.86811177876862
171.00474061620764
171.04876351392969
170.9430840451066
170.71566638551036
170.42316982800023
170.0808189391576
169.74902496650304
169.4900528968584
169.32460227788323
169.278055165132
169.30798483004088
169.3698330884713
169.47619689807692
169.57712156338442
169.65799530560622
169.70841373444443
169.69946379914282
169.68391509954785
169.71020910211362
169.78000796983602
169.89203221174893
170.03570158098506
170.19048559313518
170.32270160150875
170.38530620522533
170.40686319144325
170.4373362922605
170.4512825230178
170.45982734917988
170.52591381749482
170.6545919594009
170.78971931225567
170.94286031718042
171.15133627146844
171.40463141874935
171.66522671193155
171.87906798478411
172.03304015151173
172.0990059765704
172.04981175536585
171.93139347142005
171.7950509610776
171.64624612411524
171.54171639191594
171.4903471661201
171.42269731662773
171.33623705872938
171.24827768748668
171.16586936097474
171.10418306012411
171.0710435652945
171.03858388134432
170.95397498349337
170.8232484635132
170.69155042516823
170.56859392630412
170.45802511931174
170.3937125957303
170.37674913521832
170.37673235636504
170.37821012130402
170.3965619349336
170.4036957429842
170.3572842364179
170.23523897188466
170.0905541620288
169.96448388244312
169.78821616211295
169.52140411264742
169.1594807009512
168.688667944786
168.26261418417673
168.33506796257467
169.7566377663598
173.4450163878851
178.9275204209391