0.0
0.0
186.7372457330858
179.10272389257864
176.58968134601338
180.38507048012463
186.73995781808716
191.63640219731718
194.36347566177636
195.78905396972291
196.84704764742577
197.86192863222186
198.70519052991946
199.2372514181899
199.5400848510955
199.79629732287435
200.06049029231295
200.3022816342308
200.47082658696104
200.57240988992618
200.6955203109872
200.89739231563152
201.2893100699118
201.94859011998258
202.80965314260905
203.79076570017654
204.8487534235092
205.9025885957104
206.9015823764999
207.77105969680446
208.42681711958852
208.9159469551921
209.37065199552407
209.83567937391032
210.35338952926116
210.87010820653384
211.27146043143858
211.53494592677694
211.64627138970644
211.6170853185479
211.4751139781177
211.2645640479017
211.0497447945423
210.9226226255463
210.95970074343512
211.17785262513257
211.56614871971402
212.0933341210317
212.67087989014013
213.27861582390395
214.00401843123223
214.87172077520535
215.8653429572053
216.94819697339452
218.04294069216095
219.02809025123102
219.83187168224367
220.45179428601026
220.91710950280688
221.3500675041833
221.87107896418468
222.56112772559658
223.37725765511115
224.1674547354164
224.77048324696747
225.17228389254615
225.47505944639306
225.66896683000948
225.6775971657827
225.4705388872403
225.08870659908118
224.61661903615922
224.13837033465302
223.72188321776417
223.38598656782932
223.12868688365137
222.93833275476302
222.7881793765206
222.69146972654022
222.635278131234
222.58013889492562
222.51357937237117
222.41808811666482
222.2762387189527
222.07654139781437
221.7883368894577
221.45834199983477
221.1623431816103
220.96421109326712
220.9110337300982
220.94981595625424
220.9884681369076
221.01007191272421
221.02157499089236
221.0309362445616
221.06185912044805
221.12845544945188
221.20831689318106
221.27393179593207
221.3310388101765
221.3924942221378
221.4120283834587
221.36625460136463
221.30854285131005
221.29470853679769
221.3117979470193
221.3557765913672
221.42470250171448
221.54895925823524
221.74281284847356
221.981555869373
222.21241565495382
222.37564025642774
222.43972038956707
222.4234885857827
222.352686262202
222.25426381436372
222.15695521910817
222.05657687633095
221.9575463379518
221.8446613764789
221.68244667694256
221.47804500515582
221.27936109108026
221.053910926898
220.828520816287
220.65234633290254
220.54320235366708
220.50939977193826
220.5475057053184
220.63518579885454
220.739770836564
220.87521448643756
221.02795246152672
221.16032736776293
221.2788084273537
221.38385714500544
221.43900823665217
221.42825345422227
221.35407696745352
221.2263162718474
221.07347271843548
220.93125712134145
220.8290045206743
220.81200083795864
220.8950928698371
221.05221434800836
221.25155958359554
221.5035347060923
221.78541348899267
222.09631785167147
222.45046966464164
222.78592715524758
223.04300293817704
223.22056592490725
223.31378124239964
223.32666995256173
223.3028603264678
223.34078910329242
223.45280559792138
223.57832745643512
223.64889138270124
223.65872443549966
223.67716164912162
223.77267628972731
223.9960338104682
224.315207638115
224.61335611079068
224.7987006863076
224.90344156220402
224.94367693060443
224.96440565169897
225.0554892928918
225.23535020660532
225.43694550587244
225.58654732602338
225.6419967830451
225.60037158158087
225.44834248773947
225.25662682670682
225.0617454625272
224.858360962651
224.6215017022817
224.3343006982707
224.0077023172197
223.6228059817899
223.08933467733652
222.3367168100567
221.32874925044356
220.0707399081791
218.55843522933176
216.7659497434362
214.71511652080113
212.39290896427354
209.80412505327985
206.98721814153362
203.9377054575354
200.65909763900046
197.19699726709047
193.6075799684475
190.00539022002886
186.50280512002493
183.04730741843048
179.1659806937515
174.43341484592997
168.85868744784602
163.10548811215904
158.37106100084188
155.34896435609485
153.60338984290618
152.54253293417452
151.78961127376334
151.21836397077078
150.89030576665053
150.83316752111406
151.06053233812725
151.53686852523822
152.2215316201843
153.10182277307982
154.14155591196348
155.28378674590016
156.47931448547754
157.70474081670977
158.94998139046982
160.10205838674844
161.04444381970822
161.78814829007186
162.3610676481794
162.74154193093992
162.971309100751
163.15155434020585
163.3505969272058
163.56676039001803
163.75426583779526
163.8872434204784
163.96173927528994
163.9824219675914
163.99612254457762
164.05022588421735
164.11943394294343
164.1800149426543
164.25980847605825
164.36655622082603
164.43358662968095
164.40434951655112
164.32099814091495
164.25333485224513
164.2443973742677
164.36872537445447
164.72388461538293
165.28488126354506
165.89706776209056
166.43533384897074
166.90395319500928
167.34369870868647
167.74142152295903
168.07842990332753
168.3299162937808
168.44846471369078
168.44464642956217
168.38315228054788
168.29404763934707
168.19841523062405
168.1575066409962
168.1864725676872
168.25362722772516
168.3187280804697
168.34483603852794
168.36610709472433
168.4206350146641
168.4366392385981
168.35636327757146
168.24183868229852
168.14832936540637
168.06472016693988
167.991186637274
167.92082094477922
167.87669651698025
167.85866113611516
167.8189614530182
167.77390867587349
167.78940153837124
167.86046425197168
167.94854978056435
168.01820817797943
168.0534867435626
168.08965124552284
168.12106397369755
168.14050514534475
168.18563639729925
168.25298051732736
168.2848672863915
168.27943642741025
168.2368197232575
168.13487172622982
168.04189723105407
167.99091828686971
167.95588109264196
167.94449845941386
167.97459596882769
168.05710192223435
168.2116975291304
168.42705718898685
168.6766108093554
168.94427722315692
169.2040089413442
169.47384561045328
169.77892231878465
170.08374256510993
170.317400802974
170.40002543165826
170.28573281755126
170.0442472188635
169.8008189651261
169.61318090825557
169.48174091585008
169.39010556728738
169.33800541734252
169.35448863150634
169.45255729185763
169.65030624694634
169.9305514512322
170.17819874537477
170.3547197943484
170.49555003797087
170.56178423443927
170.59037910880633
170.60337276901146
170.57688425125113
170.47261443311862
170.31239093038897
170.1841974095951
170.1246635615764
170.1387530954039
170.15029672944718
170.14673197577437
170.2264597764044
170.43543400375802
170.66044928235857
170.79105950486863
170.8565108441225
170.8361383241267
170.6789178797777
170.42339368590106
170.1805256029558
170.04147119346345
169.9958362763208
169.93842310945087
169.75482896182956
169.48743508567088
169.25645335448644
169.09949335464333
169.0338619260521
169.05393115770062
169.1386474562853
169.2610817636617
169.4009443963862
169.54680923115268
169.68984121081576
169.83585082128036
170.01111347638732
170.20865990305694
170.40502770225268
170.58442928162071
170.75027714523472
170.8946334237274
170.99426252286668
171.1016550031742
171.2041703828154
171.29719337568437
171.42434658077812
171.5669413831496
171.68502469554738
171.75389943410514
171.7796372135364
171.8077579851874
171.8123207542463
171.74904882504956
171.64360514106403
171.47502678436686
171.2441492181543
170.9607832046019
170.64955715416397
170.35269428275356
170.06985018493242
169.75544664577234
169.3886880281368
169.01295141688544
168.67884329996315
168.37235752257428
168.0722871817751
167.81180581208534
167.6078312887616
167.45889269758288
167.43858536202373
167.53686410556216
167.71653206460647
167.99590395182474
168.39667022977807
168.96072363436122
169.61687754127036