0.0
0.0
0.0
0.0
238.44029388820036
233.889015364675
221.59358288976702
210.05809596334578
204.79441670537364
203.36666689307899
203.04571562697265
202.79828404196343
202.1747037041759
201.27625078647281
200.43236874212528
199.79221448525757
199.40466081825284
199.32781975118309
199.48767302113964
199.81362606384397
200.2826336983096
200.90383524114665
201.6028471220529
202.2357688917683
202.6819910101321
202.92167673291377
203.04156329917774
203.16453819239987
203.30677324039289
203.49549528455145
203.77264757395346
204.17026225645444
204.730676163406
205.44485474279466
206.16313757861386
206.76994604940487
207.31252073057266
207.78991292864183
208.2190428370118
208.6478172657996
209.16159191498858
209.68467054632524
210.16050857850146
210.60559976783782
211.00460485104833
211.34865992386244
211.64909398256356
211.90890794379976
212.07976761139818
212.19471132126193
212.28222572290366
212.3443381271569
212.3535943672813
212.373060835064
212.46733381291915
212.6274502897935
212.77640124232138
212.88915413534366
213.0144270800308
213.17427854400734
213.40167211552213
213.66575807947868
213.98508651913693
214.32013529899558
214.6223384857111
214.91781469517224
215.20863135972633
215.49329776197283
215.76951969148936
216.0287265213293
216.2762286493532
216.52125385899157
216.7239984569994
216.8737863005163
216.98441053223303
217.064501927038
217.1291420644263
217.1761082353181
217.20817721019716
217.23668794805144
217.27916928781363
217.35164000471585
217.44338685594795
217.51446999891147
217.54872431688972
217.562257736918
217.58140274727842
217.61728001397753
217.6784408658238
217.75935990110318
217.85759957844846
217.93582311099038
217.99730647584573
218.1023753320821
218.23863580774767
218.35997961318628
218.45263565950765
218.51650248324148
218.5084030972031
218.44873898360203
218.39257754103545
218.39358113449333
218.49036818475685
218.6747082566505
218.8862296665707
219.09629031462262
219.25828227235206
219.33637115717346
219.39574287212548
219.4792604555635
219.61488372668015
219.81542985065687
220.06972372936292
220.38632459569854
220.78848937816332
221.27894085901664
221.78169957063292
222.2134945295839
222.54005811138524
222.73382379888477
222.78335914635568
222.6784961381066
222.45133171980797
222.10611867783848
221.69740442586038
221.27441108347352
220.88729853382
220.52629158664746
220.19921812952674
219.9226521646529
219.71562792149697
219.56472562628076
219.45952040694004
219.40988972659724
219.35906795172096
219.2956274545384
219.23300872468099
219.1966285975809
219.17756306379323
219.2100763155071
219.32142210944605
219.49883225801315
219.6879639292926
219.86567774725165
220.04252791476074
220.15974040971588
220.20365366297335
220.15029529437837
219.9805095478578
219.68197006016783
219.29121681106744
218.9033524590755
218.65390580333167
218.55639392776706
218.5547451975811
218.62545248893073
218.78804820155153
219.05886292759544
219.42718728938445
219.8486412183733
220.20667151236557
220.44956550927571
220.560652993139
220.53327321623001
220.4244256846756
220.26144021478328
220.0776752117253
219.9493355471312
219.89619209710446
219.9172225704095
220.03668340904434
220.27025486583636
220.5556573747384
220.7874055805479
220.98298322129318
221.18557010374
221.38706476738673
221.57142848135084
221.72242678333077
221.81481904411646
221.84989525041092
221.7771455616636
221.6107413371381
221.36239719992508
221.01643778378536
220.5208487472617
219.78255092339782
218.6858737128965
217.14889045580776
215.1140992225319
212.5452254908903
209.4202989918014
205.75607168290196
201.58970533443463
197.00034456926093
192.2100081763591
187.86504418061907
184.50534181292363
182.08477868788185
179.87336196160499
177.16577866377386
173.80279622058134
170.0382023406929
166.56302135845075
164.0504007312025
162.46622663187358
161.27456377466123
160.15190705551782
159.11504815894304
158.18451119817215
157.49856325403036
157.26060519792264
157.4633125547848
157.9754177022354
158.69917799782158
159.5631072809432
160.4786858119892
161.36364342618413
162.2308682397393
163.15328316327697
164.1043636061404
165.00951805508214
165.87189799151298
166.63486448581443
167.20169586665799
167.52514339567688
167.64975052233754
167.6615878343817
167.59503554597933
167.46979790666617
167.32880473122913
167.15802379817538
166.9588674300123
166.76328403624933
166.52696979223373
166.25051637510686
166.06095790281336
166.07553946870348
166.24670376840885
166.45704960003928
166.61904057013876
166.6594105503449
166.6021146810175
166.46803082917566
166.32791992880868
166.26814761464172
166.23923110506212
166.20118333628463
166.21202378565314
166.33635495911656
166.53776837459486
166.76421268041076
167.049050345375
167.36914422022514
167.68676666827668
168.0032189220979
168.35534844560223
168.7944168695736
169.27796589322338
169.71685391506537
170.15506143299498
170.61143736453943
171.00501697427103
171.27819514056773
171.4153199979827
171.45025462023625
171.45555159727203
171.41987301143843
171.39359887073638
171.36339146565203
171.18428401679182
170.8764223426242
170.590561821391
170.30757996381672
169.98374971430258
169.75698041639305
169.71440533250595
169.76745384266525
169.84024449963596
169.89015954213164
169.8552138843271
169.8010114265387
169.8713607913992
170.00889151633402
170.03903642963095
169.95200892290035
169.80251055729508
169.5936496370166
169.34713707673671
169.14011968109654
169.0356311254525
169.03897975500468
169.1144801976437
169.2069597331934
169.32618082544903
169.50819792986778
169.75333437991293
170.02258204553613
170.2943545038254
170.60307872716388
170.8739229617549
171.08582508274873
171.28569201434937
171.44473702268607
171.51362380869983
171.502368623322
171.43931715367913
171.32259429075717
171.19355094794915
171.11421165931753
171.10536467631493
171.14198184988396
171.16283411799617
171.1323835747599
171.04645230331982
170.94634971312792
170.88968398518975
170.82498818924086
170.68104000955563
170.54215307583513
170.43769239671806
170.3222435219827
170.27304002485783
170.3636925549387
170.5594548892431
170.82463424104284
171.1515334122379
171.47738414875013
171.7045471283518
171.75026364601493
171.6757761608103
171.56418293538425
171.34970443533226
171.0212195484969
170.68529247881548
170.38883383421725
170.13909034539947
169.90187477284982
169.68506572099898
169.5746815947714
169.53968896407133
169.43634367001363
169.25930590011524
169.29148442635292
169.7273953980729
170.4095941172074
171.03710184240495
171.42369101778138
171.58796788722904
171.6042488855798
171.5497579183376
171.6271455662436
171.96933351135576
172.41023379923445
172.7808063536752
173.12735429401567
173.5126046462575
173.84782579036602
174.04925822256118
174.2132360078785
174.3774850496477
174.4259967017376
174.38709473623078
174.25231721873456
174.05705512899152
173.8054345061623
173.56231963212284
173.41144883182062
173.286565217809
173.1408563750048
172.98538692045926
172.75321487959278
172.4617383186646
172.2753232324669
172.35758140150978
172.5709375291247
172.6472650736378
172.5133610039686
172.25892428630405
171.9525719715081
171.57731898364852
171.07143633241333
170.34488510685316
169.3619769959338
168.31560910584938
167.47765317351252
166.7944144890674
166.03777270596652
165.3733073645207
165.1024737343927
165.0804540761514
165.25125486169418
165.88983151945183
166.93689847430306
167.82409371694283
168.25392506944675
168.17337130991564
167.80882039631854
167.0641026677842
165.77971754863398
164.70333198864245