0.0
0.0
0.0
260.69799449393844
268.3128900477095
263.8234979374763
251.24597120330665
243.2139837632683
243.64628210886409
247.66923655782426
251.90819428067192
256.0492929809179
259.7131493340977
262.3696866387136
263.822525206441
264.3942646962443
264.5412051679688
264.3731093341954
263.91895984573506
263.3546980555614
262.7575670203498
262.15977665408235
261.5916210099362
261.08463199319397
260.72242468324396
260.63870395001106
260.8164843584765
261.113078240776
261.44330330778877
261.71583129866605
261.7722134933119
261.51523463862145
261.0274787815064
260.4552157554793
259.80912695736555
259.0469292908455
258.1901788914323
257.279219366902
256.43339926986994
255.85485577107602
255.6529367063918
255.692272018059
255.77192936775066
255.82655478879178
255.84741565776304
255.8770026288749
255.92280679881037
255.99611013405064
256.2292823142335
256.636442024041
257.1533913567079
257.6352503989859
258.06448355812773
258.5283529934342
259.0503615296302
259.62296267275576
260.21072683312326
260.8114915938838
261.4047522881307
261.92934292960723
262.35264030042697
262.6801802864874
262.9470493228914
263.13873849285494
263.2235044604545
263.14553575668975
262.83834600263583
262.41168281117166
261.99025772961426
261.75504176787314
261.76318892271297
261.9147996753877
262.1598646179894
262.4312838746722
262.62840140406297
262.76205315510737
262.907721355276
263.1369609000363
263.46120887542963
263.8069184056826
264.1687601888438
264.4951790458807
264.6715658444058
264.7671673832756
264.8945074095567
264.88464152933796
264.68033401327176
264.3475768828446
263.9649642277833
263.66416404710066
263.5282685656721
263.52584209453704
263.51070753625356
263.45092966144307
263.34749074624506
263.1855506700523
263.0808650741977
263.05601740361845
263.08649322663723
263.13316976388114
263.13095983081877
263.03970108159655
262.8182208173803
262.48266251397774
262.1069370761836
261.7565096918101
261.44330054480463
261.1015227963998
260.6925583902629
260.28062378419565
260.00043996239776
259.84730513930265
259.8072942062729
259.8693815973046
260.0188998711733
260.2576506698584
260.5702229983426
260.9748021868752
261.3855493851651
261.7012288708751
261.8836508532769
261.9434064952706
261.9264448168127
261.839430585956
261.68854826777454
261.54468782967956
261.4446793907215
261.4039934184335
261.44503702609165
261.508207537822
261.4868829675147
261.29752582955877
261.00574897545454
260.7162314566319
260.37265218897926
259.9832463246147
259.69692214103674
259.63394469554237
259.6195103332073
259.5415163179972
259.5021589655421
259.5335370725701
259.60754549665467
259.73250472990594
259.8554777752046
259.89844819754035
259.9273411016155
260.07121933867677
260.3099129563849
260.6194496303415
260.9552152137548
261.23968214116275
261.4242706645925
261.5312314132344
261.6166564262261
261.68342809431886
261.6988330876264
261.6980663719014
261.5984389484099
261.39602316856644
261.13786598881364
260.91202513297935
260.6779677879752
260.3991437823902
260.12953821140934
259.94969655726334
259.82900748618533
259.7608210002326
259.7600334439167
259.75685313582034
259.69625611282794
259.59798267334907
259.5252179309962
259.5049008371389
259.47962152402863
259.2941977454493
258.91689119412354
258.35628370618906
257.5992666835233
256.7223369830598
255.71484725041762
254.55313979826659
253.24443871989487
251.52826406347197
249.1033701844256
245.47635011273442
240.43700934471357
234.11163776156613
227.26953842903396
220.7462993504047
214.48095573929032
207.9313435177017
200.50164432602472
191.53656537230162
181.04123949400963
172.0344639804319
166.04802530005242
160.21510525334094
154.2418593427644
149.75484498426547
146.50751789014151
144.29865617353414
143.44082767474893
143.67566390862152
144.3393904882496
144.97769821935893
145.5494368400042
146.27926793529107
147.0706980384278
147.7280528744506
148.11927365737807
148.15014274458028
147.8793706491465
147.5281867362928
147.3317989984095
147.40838778165573
147.7374114934297
148.30123555101824
149.13383671341222
150.14258801619667
151.2569120222683
152.47711732863536
153.7186289813321
154.83293431363086
155.76577369390034
156.54131500076062
157.17783432121414
157.75726843633075
158.35331072162035
158.91869662547725
159.35728357778913
159.6510728388739
159.86584809198118
160.06364412444591
160.26469939259582
160.48526582238495
160.73572474157243
160.99570836346658
161.18857731175967
161.30738319672093
161.4111906860509
161.48550545407494
161.49854393242856
161.47577006507836
161.43109958203087
161.35560083194287
161.27209628749927
161.22965420274758
161.2710653452023
161.40583206390232
161.6133542740039
161.85948147020753
162.15481850829312
162.56288329656266
162.9917742135899
163.3427162528043
163.68463144434145
164.00399968624083
164.27883077095365
164.50592128714172
164.67847094437315
164.87073723389776
165.14188527220674
165.45052743970348
165.76717885635884
166.02518975878257
166.20373875677436
166.3351980680982
166.3908943197443
166.310061969664
166.14980700960638
166.06729732099234
166.09610119877013
166.15108632584662
166.19877702448738
166.28926192264967
166.37576827901108
166.39446095013014
166.40192302638667
166.47966996589568
166.6425763745023
166.8570701165823
167.0417032736224
167.20241246318815
167.3734446729566
167.53133827876172
167.72289414040011
167.97721670503017
168.23011097388962
168.44194592637555
168.5952057351741
168.71322160505724
168.8745488272698
169.03096781358238
169.18018305754833
169.3681782094149
169.55714030496245
169.70693911601256
169.7871952957488
169.73674288496335
169.5534782694422
169.2864781564762
168.99077596807723
168.69054933784474
168.4050391805131
168.14384736322583
167.90392636686408
167.6674504414642
167.46490098484398
167.3322272225365
167.25660594455763
167.19922309654325
167.12319135898682
167.0791943404507
167.09978295845886
167.17819820193685
167.30461479172126
167.4156589691489
167.4934389221467
167.6112436535905
167.71732443185516
167.7340271806143
167.68481341835556
167.6393320438777
167.65780269705283
167.7450275199423
167.8400075777458
167.8866088382337
167.92976219679846
168.02349179132923
168.1397139362469
168.2411166608278
168.3146402638624
168.39376105328938
168.4535154568431
168.42473666197117
168.35486452832296
168.3624412047664
168.42228671154845
168.48933640238766
168.58605163614814
168.72868620369348
168.91708521110598
169.09418598680983
169.21217717387728
169.29437681057152
169.32136752021518
169.26958769240161
169.2078798916894
169.1996471130699
169.24169982537862
169.3160046574161
169.37655770627072
169.37101753938276
169.2918099170377
169.15901960253026
169.00350657953203
168.87006486076535
168.71431850791572
168.53441482225685
168.37471715108393
168.22393894494758
168.06284849748675
167.8316149907018
167.56726552121472
167.33931670228304
167.19947443100114
167.16565805229408
167.20844258253712
167.2799079398739
167.2937351931192
167.27594815865814
167.31208722009
167.40341613730862
167.47332511121095
167.475203227306
167.4623102984321
167.4732678279558
167.48804026430068
167.47827340132093
167.46359550402994
167.44107013653098
167.37752681347956
167.28154804589383
167.1756560745338
167.09308966990025
167.0939069306452
167.2206456269048
167.441966943441
167.72803945692908
168.0420888435361
168.33642572283946
168.60968215496322
168.8390788734088
168.97703385951786
168.98841916936104
168.93492243228184
169.1227434266045
170.11618509170373
172.42985287107325
175.77410431888535