730.9136748770684
680.7774135940496
590.1974414809009
476.2915102914043
378.08577802956285
322.2261167680607
304.3472813126612
306.7229320107584
314.00411107108323
319.39857924921904
321.51864035340634
321.4463291669525
320.68440300314717
320.0535965903987
319.7136422087658
319.34665455234176
319.0462618880324
318.7586913912826
318.33690674665024
318.10295237181776
318.6074362918613
319.67496276982183
320.9662662097335
322.17916114037655
323.33557261784773
324.5848159379461
326.11289097870645
327.9987001556259
330.0775535826477
332.15111895851214
334.1223473037262
335.9398016517952
337.63842013204123
339.1301602131767
340.2862523103545
341.2062845248139
342.0980595253942
342.9561902337722
343.6639875899615
344.1429764197353
344.421254929818
344.541926685259
344.4999993903239
344.3862401454603
344.35784819287994
344.4267740174611
344.5605427927044
344.72639138948927
344.932781640658
345.23628673988685
345.5950028783986
345.95094258202425
346.26767029908035
346.5411127641006
346.7366796599629
346.9082898313917
346.98850883049505
346.9322340584537
346.88887056964086
346.98512740209645
347.1753779810384
347.33811701350396
347.3526876913801
347.1856799985875
346.9317741539405
346.673575444236
346.3469166868583
346.0300425277978
345.78698253724417
345.55458560891356
345.42531733899546
345.45934011585535
345.5729192686219
345.55923390625037
345.4561309546499
345.31508849446664
345.23193494228707
345.2128351224702
345.2886006869946
345.4008538461586
345.534409195124
345.74191782854774
346.10088196234955
346.5037906965521
346.8134745357541
347.0265890048675
347.23131163739714
347.35052084968834
347.26804089261145
347.0927663338871
346.88576480031116
346.6785619084276
346.53849364809463
346.52924048374473
346.69634322347207
347.0187843015296
347.3493575854306
347.6267802411645
347.87619112248154
348.07092851090067
348.2462336899024
348.44869890172805
348.6726968617343
348.8703240148973
348.99815589708584
349.0174983720161
348.9495871124691
348.921068662519
348.9240786978205
348.7937423016679
348.508755615248
348.1633144792283
347.821324786898
347.47403416155646
347.1939327187753
346.9797679234646
346.73038705538846
346.42891637441414
346.07299375472576
345.6876964653102
345.3988497043585
345.2648349172846
345.3118591948383
345.44647946229736
345.4856977500103
345.41106123811255
345.3935761752836
345.5862421708109
345.96572690326065
346.3722014977441
346.7081563809314
347.0135560481435
347.3311389943278
347.637041927291
347.9798435906941
348.4001446996883
348.7252394365867
348.80867908163555
348.6303589400104
348.22820291490024
347.78056523803394
347.4515356661957
347.2623020232362
347.08374987054253
346.8372411556865
346.588278427267
346.3937444486464
346.22049575303106
346.1131757150731
346.0880814122176
346.1853371940753
346.31769959869683
346.4037041113886
346.3328616228463
346.0510700455861
345.6361265612949
345.16501320394013
344.72405825951216
344.45153830364234
344.4011135998919
344.53432198909036
344.8007372575032
345.13538923368174
345.5598463737973
346.0466661413117
346.43442565689736
346.6190846177999
346.62597672804407
346.4926114139645
346.25601013855
345.9612628087852
345.72000356051916
345.59475091616736
345.57769954366864
345.6997043187538
345.93521526571527
346.20620574469484
346.4656506425996
346.70089547166594
346.9148792818592
347.1139534947673
347.22573188104843
347.24173015890415
347.27194257721146
347.3655735248677
347.5355744874203
347.82450431639955
348.2012675323633
348.4916655130139
348.560200925872
348.3040574257441
347.68618304625227
346.7154041830293
345.4870611865112
343.8948729265717
341.77967600994805
338.9632372080428
335.13008988145566
330.03612800326044
323.53281390645776
315.35109538983613
305.1551873168763
292.6975909398377
277.6879623984835
260.86805657509154
243.63411827924975
227.52212624823923
214.5721007718115
204.816717084017
196.50131956354727
189.07262256016926
183.09914759931468
178.9842406808126
176.13219765142233
173.436985906671
170.42901123237553
167.71717142431942
165.90076480121465
164.74282838144705
163.82174272567696
162.96990812933532
162.1502149891556
161.4175298157378
160.93382278202603
160.75100983938063
160.82677192723992
161.09523761533987
161.4411702494796
161.90696369762196
162.5855830027271
163.29023931762828
163.7229739488939
163.87897876177323
163.95885667122675
164.07888615708367
164.25075788679888
164.40160234432702
164.45737790155755
164.38736756185293
164.2196895820385
164.0962220658178
164.12855488429327
164.28492323930723
164.49010652084527
164.64680174981282
164.70058642255023
164.73103925102436
164.84158894095305
165.02578602888343
165.19740248535263
165.33328701810552
165.44545977981102
165.4610399342399
165.3611118596089
165.24589576898848
165.21472460250322
165.31046146502493
165.52045563667048
165.81389570698016
166.1737107370303
166.54487769254683
166.87141316713928
167.2039193737678
167.58543959491598
168.01073674933383
168.4408503584019
168.84071957155408
169.17330318786134
169.4910470786446
169.8384301841494
170.14620161399094
170.43250593828193
170.73878663358357
171.0695522065615
171.48995812847127
172.0124713764707
172.5170600806304
172.90732770405845
173.12287618880205
173.1797327540285
173.14346142948816
173.06004037160486
172.919302278389
172.75769262347194
172.61295699145725
172.5497158425746
172.5834188918413
172.64981886375602
172.78013494342366
173.006447198207
173.33081019967767
173.71318867401084
174.0652967071671
174.36690799779927
174.62682419766122
174.7816712685925
174.7532608156613
174.54854091393952
174.2241739371533
173.84530850884326
173.4394463012146
173.0500444926511
172.73493990302813
172.47714876259457
172.29383422917883
172.19898843795679
172.19836382963882
172.29919290060252
172.45267640172693
172.59647613170193
172.72149308276738
172.7977943514437
172.81360919525548
172.7935465900228
172.7379044567948
172.61957846482846
172.41446980671677
172.16574111635967
171.9820697255365
171.90419003936702
171.8733934206184
171.82446697391305
171.70770809596854
171.55322388981514
171.47692301090407
171.46914447126417
171.50819903127928
171.5945248083542
171.6858680450746
171.77335784009236
171.89027965924916
172.02278169264787
172.14166280876154
172.2001354447603
172.14242728305248
172.02218525042153
171.94606853380807
171.9555622211659
172.01800297255295
172.06693881813666
172.09876451716775
172.1941585551654
172.35811765267601
172.5087206266313
172.62279411976647
172.7413510058125
172.87370625934832
173.0086848705811
173.1569208515305
173.32978817962936
173.47299375171366
173.56374864738376
173.62439877603148
173.64164857866916
173.5873062987153
173.42432161119018
173.13563701639893
172.77541708567745
172.39421782770452
172.00633045784997
171.6339156614167
171.24804414906757
170.81443533813845
170.3376600305143
169.82406694851147
169.31473749234175
168.84620483458224
168.45202572946278
168.20563912703847
168.0992342319885
168.05560102591772
168.07745670632647
168.18276863737032
168.35844953008544
168.70033006882696
169.30241144632035
170.0121169056237
170.56567628273189
170.9005766519371
171.07941466340492
171.17319391334652
171.20606665714078
171.2558854908856
171.4195196347361
171.6730295294494
171.97590671423615
172.30394640364975
172.6245558283483
172.92201319995854
173.1553058267013
173.27850311900804
173.3641459510688
173.50704758839439
173.6959107922908
173.9186314938819
174.2063466792327
174.54759905235738
174.81575874231166
174.71734669669792
173.97861725866488
172.7257365501258