0.0
0.0
451.1884507895407
440.1766079102558
412.06341294504585
375.09966137499384
334.585588048627
302.558313944593
291.4278670226515
296.58196855224537
307.6972880055215
318.1626281118694
322.8880767385411
320.9800476673032
317.64090043873904
316.6707063656348
318.2770283642881
321.02093827687895
323.5900758337162
325.5471137972223
326.9465653926672
327.9220847709947
328.59727872893507
329.1175302568638
329.5060525968876
329.8814570233612
330.46021623127604
331.2758965264174
332.1295687926821
333.08668991872173
334.1357393772764
335.0840826438528
335.9026765054474
336.50311169643487
336.82670164023193
337.07761004991534
337.32137064256824
337.3828392128561
337.1978515106032
336.9006069090573
336.59737168492774
336.45768957096607
336.52694127232274
336.67271607375244
336.87805876374824
337.05794850467095
337.12546616570535
337.1169470671303
337.1624260192329
337.29186186830617
337.5306373480271
337.9346381888532
338.3592364641655
338.72334494482203
339.1062463072997
339.5018763951239
339.86302007522795
340.17023899214985
340.4963723386121
340.8490799122569
341.13536240941676
341.38530710678896
341.6025402334896
341.75826194118935
341.91825544864946
342.32902811325755
343.0381456432093
343.87659066561207
344.6802488803733
345.3653512100139
345.884257113561
346.14395000026013
346.122529158342
345.9457110321553
345.7720767560429
345.7320774448146
345.74239996048544
345.67595738460795
345.51973212618594
345.39106099624934
345.2991273575614
345.1979575411431
345.07750465482724
344.9869940006409
344.97765310081303
345.0990518343425
345.34776845694233
345.7625627459753
346.32913955303565
346.88658595930866
347.3147584748096
347.5825401848541
347.7216449388227
347.6773713693932
347.5239004981032
347.29045709610443
347.0414200195884
346.846082703273
346.7325680988543
346.6786702389247
346.73321684335826
346.9120343057707
347.0732164851977
347.0396454853319
346.7575136458633
346.3555201586728
346.0871018029497
346.0789675837391
346.29780362134295
346.55271374123373
346.6970240587144
346.76424821622294
346.7911530161314
346.823328039363
346.88091342299253
347.0060700573599
347.2057409672449
347.38315868417607
347.4245730442875
347.30451849754064
347.0482238797659
346.72946421634464
346.4064898879462
346.0892358522585
345.769469984033
345.49421197872414
345.34036791988615
345.2621556553201
345.1267878286576
344.93939939932386
344.8063386291284
344.81202228408483
344.91964370710645
345.0930467875091
345.31981320482987
345.5968501724153
345.84807991147295
346.0116552542083
346.0163065573655
345.8173610141238
345.4379996327417
345.0457815711444
344.7586187011009
344.6502294230364
344.7410160833927
344.9925441913425
345.3136249574929
345.65021627089914
345.96713443547674
346.2349059127826
346.3978320594603
346.4142992841536
346.3414692536018
346.227822421941
346.09339958141913
346.00163628437497
345.9548669330939
345.9184440235457
345.873751340461
345.8417775581247
345.84180253050835
345.90445444372665
346.0773568038178
346.3912800016533
346.77084510786204
347.1047725264861
347.372131809399
347.59185020506965
347.7572693018801
347.91814743770635
348.1204501210691
348.3396544384689
348.53856853969495
348.76000688317043
349.087573243463
349.5696599242466
350.18454525967184
350.85122990612354
351.4746936889046
352.0178596667922
352.5268830518411
352.96076431286576
353.3144592582636
353.47044441750774
353.3964904871775
353.1762439671253
352.9251176013567
352.736813668318
352.5044624375661
352.08619789083565
351.4389098747159
350.5773430001766
349.47375502163555
348.0590159451222
346.2844849810877
344.05265091548586
341.4666384367892
338.6675433037244
335.85437946290705
333.14153785099955
330.1231053231859
326.05296678871736
320.5451890726586
313.46621342161
304.2064464484313
291.8412582156465
276.2103686231744
257.9953729968372
238.673405073144
221.43635438212794
209.7000251598181
203.06932180395188
199.50278207652025
197.24649049226701
195.26847248378084
193.16405066383598
190.97819741470158
188.9549316374253
187.38328009961134
186.18868939122254
185.15596278450911
184.13085211288876
183.01642154684427
181.78352688346598
180.42308992131046
179.02981256313922
177.72471656350194
176.64919692778238
175.8251330576233
175.14598807242857
174.61935170225973
174.33876474378383
174.27753290517404
174.2213589208357
173.99504146402126
173.66139438159323
173.37175893168808
173.07571476474058
172.7371141939023
172.52141863281315
172.56121458501792
172.8312474222088
173.05117170743762
173.10747778374832
173.09420533447584
173.01151863425926
172.82851563165968
172.56410610781424
172.2457407290955
171.94298390527345
171.65525765804327
171.33600349541757
171.03161657717177
170.76259716122962
170.46631781236468
170.14033418370033
169.8834203565345
169.82958900890682
169.94075969840893
170.085839749543
170.25331606855147
170.41261214352792
170.51044914959354
170.53234337512146
170.500963155261
170.45764318056044
170.4338036211799
170.44288826398687
170.52401012659158
170.70050097244413
170.86664270051315
170.94620671173095
170.94374580397292
170.87081639643907
170.7725741238669
170.71896395776895
170.72085418120227
170.75106065971278
170.78775403321217
170.83600008892455
170.9848939344236
171.2688034439509
171.56654746841863
171.76998304652835
171.82355654584077
171.8032412776475
171.80425930268774
171.75095145080107
171.5194565398688
171.1694217045022
170.9104498614338
170.8766506714054
171.01911260360532
171.26663707037326
171.6060405867584
171.97520370823545
172.31907021301842
172.60498748911147
172.83361134920307
173.08826655243774
173.41777415981045
173.74128505600387
173.96507549816454
174.0746526581898
174.07553148934394
173.98526560771268
173.77484538136235
173.43825067619466
173.0587750032673
172.70413525398914
172.40839610903683
172.1697167729527
171.93405116597822
171.65727251836563
171.33890602500736
171.00696594656472
170.6847812589478
170.3635681686126
170.0043958941008
169.6063058219348
169.20413560725123
168.8524177807701
168.60568670065095
168.47685306812826
168.41738957341587
168.38445404309977
168.3649957026788
168.3674966548992
168.414680181213
168.4687149091303
168.5045003557339
168.55027554126872
168.59158456710418
168.62957229944698
168.6886844759374
168.7505227609613
168.78825272562398
168.79417909620133
168.76988064179747
168.73875206867152
168.72836053094036
168.75115630056646
168.8258540958952
168.95435196414346
169.12031710892347
169.33170460802012
169.55684959134396
169.74741260068052
169.8936156870389
169.98976839124094
170.07027080562673
170.19154576294164
170.32135945549516
170.40354878704977
170.43212606126684
170.40943584077309
170.36747823723186
170.36431475936868
170.37889321246573
170.37192719904118
170.34664681265986
170.33807645180093
170.3972238653675
170.51801406076817
170.6559596476299
170.7771945463618
170.83969337405165
170.82677778305737
170.77245160818796
170.7174006021495
170.67120132685366
170.55874490245952
170.31056582765208
169.93269070375624
169.48208034007823
169.04893633431328
168.72716905888456
168.53828222013095
168.46287552276837
168.50051950954258
168.59010159576886
168.64583582916023
168.65005268654124
168.6049098106251
168.5670502199429
168.61252085805214
168.7100549677553
168.81707298036258
168.92429588782227
168.98493813858533
168.94902708526786
168.79436838838163
168.58517004626967
168.3999529091697
168.30738022402798
168.32966437310475
168.3061781520677
167.96287484017734
167.0184112298409
165.44451179907858
163.91025632105573