0.0
0.0
0.0
267.88591497083246
280.90800217583217
289.8164900212564
295.73721083851154
306.02924358456715
319.8902500535954
329.66218668417594
333.9707239389842
334.0079319595432
328.5726499120749
321.10080710462023
316.2000461774985
314.5584268335318
315.17582900826244
316.74915978638535
318.4412434243027
319.93858747614615
321.1746057901729
322.1687746388675
322.9847023327597
323.76660937915625
324.67033199239563
325.7478584121694
326.9153226574431
328.00588605815625
329.05099599928553
330.0943225469996
331.0814850747565
331.96879421721223
332.6803417436565
333.12385589464134
333.33028486737874
333.3793471684726
333.28776441786664
333.08220053627144
332.8990051469117
332.9183634481736
333.1726562929087
333.6116417705284
334.1172823245547
334.5706305096421
334.9242004189533
335.18945655878633
335.39852095673706
335.5977822118091
335.8473870462726
336.16698189832783
336.4721558572157
336.76772838625544
337.1570765135182
337.62108691554533
338.0643078566611
338.4547880302229
338.80041990879675
339.1369135047349
339.41811599052653
339.6650641784713
339.8588065185557
340.21441919463837
340.80233770685857
341.6934226140527
342.72811445163944
343.6523175760888
344.44601991867273
345.047805533333
345.38041713595436
345.4660467581399
345.4028033888079
345.2392377519417
345.0957950731879
345.0190584293939
345.1024479144932
345.36333687150284
345.77324307293
346.2463647385558
346.71451182188827
347.0506885059215
347.22012295347804
347.3242085129689
347.40676630764125
347.4989443268307
347.68024977760587
347.94216869123716
348.19102428866444
348.3890701604558
348.5699353811443
348.7778549986258
349.0114578298572
349.2324317260638
349.4084837036031
349.5177775550928
349.5396985300341
349.49521456877073
349.50160288121685
349.60278551403593
349.78589192680295
349.96048142891783
350.0540090430242
350.0290850258513
349.9099794520858
349.7203144266093
349.45438013822616
349.16918157840644
348.9105427342927
348.702203378935
348.598067296782
348.664735213569
348.8985083895562
349.18838190443745
349.4204670466263
349.52816374047154
349.45302469189477
349.1733152960769
348.77544567204086
348.4056425416935
348.1300633219331
347.9916561960158
347.971538333347
348.01430654328396
348.1308914610901
348.3359005862679
348.57728257231093
348.79917807383487
349.0551431184374
349.31568180745086
349.51220389987355
349.61859188154585
349.6188976349728
349.4511442422289
349.09550627181807
348.64300363277516
348.19510069867357
347.7789820786312
347.3850341725871
347.0477721131791
346.7963004461967
346.6890004660373
346.79870300405867
347.0790309143451
347.4218799054954
347.7858993465755
348.2176768543784
348.7578149878766
349.4190211084882
350.2473854898773
351.2598029987962
352.48040600109357
353.7145420482358
354.5277814999488
354.7287678581157
354.52755995198476
354.1733561159655
353.8696565248815
353.64486891871934
353.4905808928689
353.3747996800783
353.2799394511472
353.1557423124174
353.05924226376885
353.037118545956
352.99324916026444
352.9046193529771
352.81907263290145
352.75103013589626
352.71191685694123
352.6990860509678
352.66686462637165
352.6348003989312
352.66745384642473
352.7206982314413
352.6473248459684
352.370016386483
351.9459905528172
351.4452388043387
350.97463834281746
350.57659849961607
350.2950653805171
350.1369719486346
349.97433673814515
349.8436900662112
349.87910619717354
350.1113717888725
350.38297076910715
350.6029270593059
350.84263790134696
351.08042147352637
351.0338779751146
350.6327363809243
349.93913499715944
348.92962449327933
347.56054220724826
345.8403653197103
343.8355804543621
341.4888210346948
338.6794365167104
335.38013197360937
331.4922236067757
326.88883992938185
321.3211296822811
314.3972084402375
305.6045138529367
294.3492897513218
280.47830144848984
264.8009837836069
248.64491584035824
233.36956307490368
220.53995312955325
211.16919736679165
204.69010032432823
199.97122750434107
196.4285058817414
193.8475521936821
191.892826826952
190.4309255759614
189.45602829812793
188.82712988763265
188.3158603356379
187.8356477786585
187.49932592431523
187.50468622453303
187.8390134078656
188.33967554261034
188.95974889471688
189.68663670841937
190.47468800927243
191.21977223556806
191.89685775001303
192.49201383262883
192.93386109638323
193.2135230830888
193.33086503140848
193.2834014365214
193.07082397462526
192.63291629266257
191.97226116368682
191.17382734235946
190.31150810122003
189.4097671296542
188.46837463900715
187.55557546378012
186.7352255881405
186.0084950748141
185.3151996176008
184.55539701454768
183.6901248447316
182.7408876895857
181.7390067435091
180.7085062336713
179.7248969999199
178.90142674007205
178.28870187471477
177.82533612456783
177.4462023888068
177.1448575692162
176.86509016896997
176.57287308637893
176.30507377878135
176.09513526418772
175.94679354474502
175.84607219056306
175.80093017642162
175.8094317689302
175.8094879619569
175.77450016823175
175.7345032065541
175.68340102088018
175.64590303880962
175.67227486038425
175.74414634296463
175.80516978067607
175.80563267862146
175.75667316502046
175.6851990518152
175.54820396561144
175.37051221129337
175.21524045932514
175.0828369273216
174.96702044562153
174.88625106929743
174.83955944738798
174.8435571305164
174.89562314374712
174.96479758789246
175.05175568967746
175.1618136712895
175.2841056721175
175.44803622687505
175.64305018608542
175.81176298455185
175.8908949933131
175.9047041434954
175.93763744557407
175.99488115028103
176.04824507643357
176.0744960490248
176.0371040340327
175.90531681904508
175.67353412158658
175.3901335821274
175.13745700648752
174.92621593352317
174.74386267976138
174.5621644729503
174.3674123601881
174.1982978323114
174.09031848538297
174.0900663562419
174.18372523615378
174.30036074015368
174.4160133624007
174.51238486767662
174.55426635901838
174.5283841254676
174.4344686766736
174.3118317121703
174.21853665301393
174.14927999312403
174.13145365622606
174.2089195593908
174.36591787662823
174.55909462910734
174.72510494001617
174.83208223171198
174.87919601718164
174.8475853777717
174.75969374104895
174.65117620336162
174.51625031188775
174.33381947034735
174.08581554466235
173.80428587176633
173.53972021731687
173.28712290196958
173.0656893889156
172.87571511454036
172.69706586673854
172.53065487167186
172.34285811227826
172.16427869290936
172.07231923290738
172.05387622287245
172.04696355912918
172.04853317586216
172.0474950147328
172.02763070992233
172.02122887420097
172.01510771256727
171.98977126110665
171.92450852773902
171.80447617616653
171.69765044619533
171.64584219657587
171.64256367873807
171.69289181744028
171.78463145871376
171.90853195400157
172.05183483476432
172.1990528217189
172.35884457585666
172.53591314176995
172.6982571670122
172.85252822500948
173.00363977273332
173.1377208673885
173.22999365522963
173.2414712337043
173.1944275951326
173.14435761937898
173.11055955575927
173.09654674706812
173.10929584991743
173.16430079693598
173.284809499233
173.41802090317813
173.52284621367218
173.6108000048311
173.6630664663503
173.69016013874415
173.7035562834064
173.67428424813937
173.59100458931243
173.45111244259687
173.3143993103044
173.22442653119094
173.1139320900233
172.9659103127661
172.8218287002333
172.68517612056837
172.59855612450195
172.5706444556817
172.5558787520049
172.56263851040572
172.58161679483206
172.5273406314324
172.12804460023713
170.90267468605145
168.5775466293479
165.76198683941513