198.5336710990408
201.36546641563714
203.12794461252545
203.51423395717424
203.35759045967058
203.55446846525123
204.39149193230895
205.68418476285194
207.20576155274222
208.86666510416936
210.58082602002247
212.24135181329268
213.80518395151682
215.22404965697442
216.44906287883126
217.54255011981653
218.51246270112915
219.29834191192305
219.85313032345846
220.19771026181965
220.40716155214488
220.56380479811682
220.71763774036754
220.85764392916408
221.00963935126993
221.18890388124188
221.3603770442632
221.4900127878985
221.60442902312693
221.73064254672346
221.85224755684084
221.93200767394214
221.94618995331479
221.85715554109692
221.6669172260304
221.41379987393583
221.1868674249929
221.06839608205505
221.05886834812432
221.10450836198262
221.14766376539293
221.13726067390118
221.04131653458586
220.85246644214945
220.57518070728804
220.2433905399513
219.87913592375514
219.4943065984865
219.14138057095727
218.87496059906442
218.70899910084586
218.6213244435479
218.58440200402498
218.58671179615806
218.60074736900924
218.60408668241521
218.5994301379476
218.59832372647503
218.61665171310946
218.6764212120198
218.803952549847
218.99869531961707
219.2290282211187
219.47814427857298
219.73502130978534
219.94542624827392
220.07876409699853
220.14756887743528
220.19690332581376
220.25502520020027
220.28691582153272
220.3037462543483
220.33129400901745
220.36895249473886
220.44520101595427
220.58201420577865
220.74253073259658
220.87999824792053
220.9585880805185
220.9607583795615
220.89774525194852
220.81637180608175
220.76622475255505
220.78388936742743
220.83428418600693
220.88441374360326
220.92828536727643
220.93662205592088
220.89060302980127
220.77840728538828
220.6365605439018
220.5243676645939
220.48531366780762
220.5078972254522
220.55296294505214
220.5814535606166
220.5582592769457
220.48191490702973
220.3957898605188
220.31699815100836
220.24032375823504
220.11627064862745
219.94694484336145
219.7728526460847
219.587180276302
219.3874665262519
219.15696341341152
218.90557041407692
218.6546006036579
218.42374558331642
218.21721418995767
218.07355145230628
218.0233604328415
218.05327290876988
218.13185054926726
218.21669749167285
218.2624051539525
218.243952450556
218.1636236121267
218.0796117244735
218.0124215787663
217.95677847052454
217.8949846582104
217.80450432686067
217.71777211134017
217.68224968435055
217.7032549441717
217.77124578001008
217.8734466718055
217.99695312416594
218.14381782481402
218.31771699603183
218.51066150334444
218.6757709368749
218.7833228447543
218.86850918249456
218.94191633238106
218.9849751978482
218.99942793328898
219.03498986618368
219.1354422903866
219.2857061448157
219.46363016090422
219.66410032598267
219.84596599791203
220.0197214126062
220.2413573541938
220.48944680735943
220.69045854566872
220.83090730354684
220.90729159308307
220.9398204323495
220.97407128390896
221.04629577708678
221.1576576568225
221.3093866157774
221.48410395350845
221.654596125251
221.7577101058299
221.78600167415485
221.7352668862071
221.65589007467403
221.55939740723053
221.43425565134635
221.2957478568618
221.20877357277885
221.24858283319412
221.39843333221975
221.6117261966731
221.761475792946
221.7529007848274
221.61825864782875
221.40090011241054
221.14241556025155
220.87917054703107
220.60278563882372
220.29226472434624
219.92995194017044
219.5175786957983
219.1003985138277
218.67917584610663
218.1956163718385
217.61085693412156
216.8943273403993
216.00224937982483
214.91478575332988
213.58946242969947
211.91074447902045
209.75993456152383
207.03824958735458
203.6468376271529
199.52893666335868
194.92796895355983
190.46737208531573
186.688340040665
183.45052036639396
180.27062921030324
176.75716716371056
172.94287116525638
169.15865812315326
165.78254338716854
163.03562615693826
160.91060804046282
159.23340139280356
157.8543812893862
156.7363795087824
155.9028514706235
155.37596490644003
155.10516557031957
155.02849323750195
155.14256023400165
155.46176710192947
155.95001671645997
156.5793560157762
157.34450279530574
158.23292661093694
159.2496205424321
160.3104441638179
161.27465011098784
162.107819137207
162.876488246746
163.6024273113563
164.29076524727333
164.931134160464
165.47671375409294
165.89029173565893
166.1716904618251
166.33554424373554
166.47988654962137
166.6898368963466
166.9259629778236
167.14207053161368
167.38564047813168
167.6779400124585
167.99095870660474
168.29077474042438
168.52469676607706
168.64834765559877
168.67695595716665
168.64477302584254
168.57028258872919
168.45658409559113
168.31765377335364
168.21757598471095
168.2385698093412
168.376285747284
168.53874134292724
168.67749905255755
168.78297811868393
168.8628970095872
168.92258724945873
168.96296164973256
168.9949853809552
169.11479268080714
169.31849258851508
169.47386325399617
169.54895369246395
169.64776617527517
169.81408442179998
169.95583305425285
170.02461074812695
170.05590852670562
170.08349220584188
170.1382194901051
170.25427625449512
170.3648333964498
170.42870781452808
170.4647605339449
170.51380182359853
170.6338335374989
170.84054925069836
171.08681650450632
171.3074870522993
171.44582865716183
171.54326429452877
171.67208613259717
171.78036285820323
171.83140067520893
171.91063594905287
172.0600543557461
172.24847981044135
172.42538784323054
172.60211225640253
172.83746003459885
173.07856926166568
173.23309972384394
173.30566375948592
173.3709025662704
173.4984671673489
173.62967721431392
173.6269080651797
173.41146967336664
173.0062481782993
172.5648634010157
172.23187159426652
171.96992719146584
171.70612965999135
171.46824388442377
171.29194865127974
171.15559990015635
171.00843296736707
170.8204497080491
170.65884091344384
170.54732090957404
170.47825132102793
170.46696093151007
170.46227995492222
170.4271976844507
170.38547726614632
170.34245401464142
170.3078623948892
170.32725790708153
170.40554915167033
170.48127777658254
170.52918083923777
170.51323192757673
170.43695857426553
170.35536621952414
170.32149836514932
170.35863520665725
170.4367594037698
170.49045840248152
170.53000839605983
170.57581556076303
170.62908932358582
170.70671639297694
170.79844455954873
170.85523067992253
170.8685451906645
170.877096129348
170.90409266537577
170.94176819015019
170.95402393588745
170.94170425125196
170.95750288673352
171.00781551949984
171.0999513476316
171.26584914301668
171.5194360277464
171.8399275742286
172.1434774483975
172.37434575249495
172.54950188137838
172.6994460817068
172.82020063564363
172.89098746581408
172.89287623133472
172.8020759111265
172.593177362558
172.33404281709628
172.08765202800404
171.86645703930324
171.67969673151526
171.54651482021188
171.45935586652206
171.37948811891656
171.25943796624438
171.1012541536797
170.9255264877193
170.7256706343908
170.4878644623789
170.20583675057065
169.89035451812475
169.5735341080011
169.2607263912639
168.9204638365001
168.56108037932046
168.23685966819107
168.03699902882022
168.09542977415697
168.4312781256641
168.9081353509376
169.43805694468645
170.01942414304125
170.62872772132454
171.25147937598265
171.9214913722927
172.56217241282445
173.08284688859675
173.49778545696108
173.81612017602447
174.04037019797576
174.22949455269242
174.4386078604492
174.64474464885527
174.7519349174752
174.7437929937252
174.62882523783955
174.3530205786127
173.96261765754002
173.59049749626922
173.20101814929694
172.6409225713501
171.91298075681289
171.12629685019326
170.3578219956025
169.5902172005997
168.6402925961873
167.3578375681545
165.7500397373508
164.21181454567517