0.0
0.0
0.0
0.0
0.0
0.0
0.0
0.0
238.33232009090227
237.22942852868306
237.03595343657122
237.7662265548772
238.43532938592938
239.230656225168
240.09919264018384
240.9920595213552
241.95267744980345
243.00445814724782
244.04537716440882
244.90514531707444
245.68159517312162
246.52331482384264
247.3933096190338
248.26424472414138
249.0068890923676
249.62163959940133
250.16067230007485
250.68965893983585
251.21691767913654
251.6823864446253
252.18037049916433
252.68008392830973
253.18955605941346
253.6114396603388
253.90406215655065
254.04726485433045
254.056632487304
253.94257603414428
253.79242804279966
253.6378205281902
253.49989228104982
253.35392526533155
253.17680071698013
252.99188024428548
252.84674531221532
252.77620904716548
252.74662624748868
252.74503264651986
252.7428339591661
252.6731922349308
252.5699540644985
252.39182341071682
252.08270989085602
251.71896948044065
251.4396091747674
251.34014969757968
251.4578115659134
251.76496911293788
252.16696144551872
252.62569260192998
253.07170820080472
253.42200264371988
253.71674171353814
254.0221087673658
254.26685391254048
254.4360685979587
254.59058441591694
254.8132639315855
255.18937288713286
255.68473055156778
256.1725437059855
256.597526426172
256.97921495924925
257.2687263181101
257.41016823017185
257.3927259414198
257.21833783656695
256.99252616662693
256.8263694494792
256.7174060717995
256.62041944451124
256.5960814971311
256.63081405768276
256.7065915727017
256.8487504837103
257.0448277668429
257.28525454987744
257.53521839507613
257.77847751358
257.99617048126055
258.18113056753657
258.3422866618028
258.49982540906376
258.5760931725225
258.5307904115932
258.3853575288434
258.15483675760856
257.8413816339421
257.49800602616216
257.19593293330206
256.96587412446166
256.79512135351297
256.6609413507944
256.5933374153209
256.6213412712061
256.69931202078186
256.8121321588501
256.97633700595554
257.1894282093196
257.42058307802967
257.58847909380495
257.63395783743033
257.5732018606875
257.4790994384671
257.42356082252024
257.4133174184721
257.3964920431422
257.3796133599709
257.37542744533727
257.3731663197257
257.3206175410547
257.28518131448965
257.28356035303017
257.2633194225906
257.2681534569665
257.29540634242835
257.2805336722684
257.1930206681857
257.0509316250515
256.8807749264794
256.68781165895433
256.50017739721324
256.28213341051486
256.05319480980404
255.89190573475966
255.80715469162482
255.79425634487131
255.87881634577883
256.07196512637915
256.3363326057178
256.5752109725088
256.7718462198276
256.9597062480712
257.14485537752336
257.2727020604471
257.3511216224822
257.4091761569124
257.44501414174454
257.476620163659
257.48304388899624
257.40383728401923
257.28940642282566
257.2008082895899
257.18713652532745
257.2353710613283
257.30021828384395
257.3991364723505
257.47108445193004
257.4309352169014
257.2730255332767
257.06294881820764
256.89892274611185
256.8695852583487
256.99299573424855
257.2260429182748
257.4814527030002
257.68054275898027
257.78412202309676
257.808687826923
257.7796951000083
257.69694325280125
257.53680955530217
257.3131143238134
257.1131551769938
257.01802117040756
257.0492917403467
257.1230339515262
257.1163112236249
257.00617227323744
256.82596238990243
256.58515232903915
256.27376775387404
255.91937085439372
255.57094020380458
255.16228017950516
254.67760419549384
254.21286475600306
253.79954695509997
253.4073154852253
252.98638195577752
252.4710354705324
251.7735818084522
250.75063201696398
249.2162041158931
247.05138819811623
244.31892015365713
241.11884871153086
237.46465331647852
233.17111903363408
227.78270140241713
220.84662963509277
212.9668182732848
205.86164868697898
199.67172296004037
193.39115924995986
186.83114513926535
180.86050261032563
176.15916144347247
172.35293658397626
169.42505981185388
167.33028955812452
165.916509558897
165.09919610816416
164.71056341265216
164.5249681894157
164.4274986134687
164.4457646746418
164.5550891083033
164.8990983972262
165.5326020099885
166.21734806252138
166.7724606700207
167.259991097619
167.71304632277833
168.0421420842416
168.2052875252745
168.28600254420556
168.39535513412187
168.56222207445876
168.68988883969516
168.66085109516123
168.48211950936613
168.26229568468304
168.0741913943014
167.9384715501169
167.87805577296513
167.87441028310025
167.9390350382834
168.06875035494807
168.18734075384296
168.22585725656123
168.17787299793855
168.09687154386933
168.05204186455444
168.09195224618588
168.20190387022564
168.3375635165242
168.48524343884964
168.62311020294368
168.73426739895206
168.84994390967614
169.00578199646253
169.19259038043185
169.36426821521718
169.47235521036922
169.51506809935407
169.58160456126853
169.6938472324933
169.79980144221872
169.8944491077615
169.9610559000885
170.01962421119728
170.0913978093086
170.13862087003417
170.15073803211885
170.1573930327165
170.13844043319682
170.0563902932381
169.9164093769044
169.72254954860315
169.54064370467742
169.41959478364726
169.34546711627408
169.30730420655243
169.24871786456194
169.13441149893572
169.0217172477642
168.96154359299265
168.92476685082553
168.88410961816825
168.83734370235013
168.75941143405305
168.6066782195356
168.39548840654322
168.17737768394954
167.97377212764025
167.81731871962901
167.74190791967266
167.7659179541158
167.8918548380119
168.09975216018003
168.30309421986522
168.4162222914757
168.47285094959517
168.53905436012565
168.60858861047495
168.65533987726542
168.65784889352756
168.6100619053192
168.56018194400727
168.5684640916969
168.65245928310895
168.80004503456513
168.9850782201524
169.18787782682352
169.38014448493024
169.51339116748147
169.6219036286102
169.71414899249524
169.76846215576325
169.78191945964653
169.73396316473972
169.66717775000964
169.60217984966056
169.5375399667403
169.5053687154004
169.51697038248182
169.53494904791108
169.55226984088813
169.56794402153736
169.57373457878532
169.54331703369243
169.43470713015725
169.24551313105422
169.0920986573199
169.09269262728833
169.23601915652026
169.45392733386234
169.66379078054803
169.8197801265393
169.95973770059325
170.1400929583102
170.35464280013684
170.57092719105015
170.74007491570376
170.83137195097777
170.8410273765477
170.77716139477326
170.6894380744214
170.64346059050143
170.67639931642987
170.77399835861235
170.91193811693222
171.04390390945042
171.1041189194363
171.08613970645885
171.0558322826936
171.13953949229122
171.38780443431182
171.72335499156787
172.06009939710984
172.3108253627341
172.45189346621876
172.58705551092402
172.78079769425673
173.01976878165596
173.266584021106
173.48314983057793
173.65642962029946
173.7464791090525
173.68055820321547
173.5183127040416
173.30034731927887
173.00839833888352
172.62193342237626
172.1110979429017
171.49170372592621
170.82842871428306
170.10233665477335
169.3294974722085
168.55651936824012
167.80733429839665
167.12745631403646
166.56184969765317
166.10815126270813
165.71832782785827
165.31545349582922
164.90089830316379
164.55699713450136
164.25274444771946
163.93775321388205
163.6584023722805
163.4720322484592
163.39965731897098
163.49197600031818
163.75060779504992
164.14453772067458
164.6050761490302
165.07344261084137
165.5878505241744
166.21622671297453
166.96522597698424
167.8263989976868
168.8001616726098
169.84354534938126
170.83933376006092
171.60309078541428
171.80724201980485
170.9599100151794
168.76620895261533
165.93569786272047