0.0
314.8095667387548
331.2666434881801
358.2084900213617
390.7278733349065
416.1273286656492
416.7150930150136
387.1777719383275
342.6799095412629
298.5619057630203
264.8826667789922
246.41721665740164
241.14874996901077
242.30376009303473
245.05341606793422
247.51479720961729
249.3482988582393
250.54548920284566
251.28980260534883
251.78679920009938
252.2054290736887
252.53639009865128
252.70979848834588
252.8013830948912
253.05487156379507
253.55671043739252
254.07453815055712
254.91340568616187
255.91346136660482
256.2746910615449
256.4224897574187
256.54607389442197
256.5917871845822
256.4854891073714
256.3015968824453
256.2371835451848
256.1481238678377
255.94707147536639
255.930065112238
255.7841862440786
255.72757928952993
255.78448992885697
256.01898293658223
256.40871355771367
256.7630073647607
257.0202289974545
257.1783624952416
257.16101514588485
256.86512266279306
256.3389906870323
255.8027955254326
255.31209304568426
254.85247707768704
254.45616292400553
254.1372044296607
253.9243981081543
253.8049095046368
253.77844815789445
253.84515335502545
253.7851239641164
253.55382723944604
253.34468692099108
253.13821728837974
252.91994997871694
252.83065009846072
252.90234658836033
253.06043761646464
253.29302504156064
253.67109604853906
254.1386547571707
254.64933162129392
255.024197523457
255.22092688168487
255.3923736301737
255.55473730147426
255.7798118251289
256.0527675399002
256.3356155358722
256.67636055377346
257.1350332859231
257.59590715142014
258.04863380090205
258.4923781196242
258.9735431484073
259.4971283283656
260.07736948532056
260.6581742580944
261.13352113000303
261.4903621524251
261.75372689326457
261.9248298368533
262.0410041428769
262.1324595162271
262.14906880902913
262.0893907454797
261.89265759191
261.51354216003296
260.980800661601
260.38483168298933
259.8150938256553
259.37011164487643
259.0674010826252
258.8564387622164
258.70431662874284
258.593884241404
258.49948154534934
258.4467085790392
258.43584092467665
258.49930379692586
258.5735626999413
258.68967143131636
258.7973868220698
258.87067934980314
258.8597173115525
258.7050677434235
258.48383729906305
258.21449715062056
257.9544789149069
257.61389006877823
257.2274843366429
256.8584808716261
256.54170333599666
256.33743350954626
256.277233686827
256.3376434232228
256.4899437373593
256.7354236218266
257.0538066149482
257.36943778916753
257.5989340971148
257.7539253113273
257.8918815693469
257.969557346199
257.93099921765327
257.7878772039935
257.5663837208816
257.3404747560191
257.20741310335734
257.21553922988767
257.3692339231592
257.66979315781555
258.14369864738063
258.7108276431769
259.28900806256615
259.8175076467502
260.29749321378296
260.69862058363356
261.0128817948743
261.26875362829105
261.4872568961809
261.72719335256465
262.014104479381
262.3058938324637
262.60108196008156
262.8777349053402
263.0571675018213
263.15139641877215
263.1629394134526
263.0575879208096
262.91411434553106
262.7347339938006
262.5393353514455
262.34931936378524
262.1783197451353
261.956952928585
261.661924971919
261.2789228998236
260.8344082559339
260.3850283112333
260.01287354511993
259.71453363471085
259.45625995823025
259.259290633662
259.1653513869531
259.2314605993912
259.4874006054182
259.84278305244
260.21571808230897
260.5787215556513
260.8969025018007
261.1369287007796
261.350492990792
261.5394514090507
261.6229050854462
261.5387417232348
261.2905649998117
260.8883390572094
260.2636481670571
259.4142329273164
258.330974111384
257.1018861651372
255.79251003766106
254.24808594553645
252.34462764664542
249.84439648525
246.44603264776885
241.858613074123
236.10284939501523
229.66306908416675
223.0395892349119
216.2719207162794
208.93299692692344
200.40801406918627
190.53752265661313
180.5009805622912
172.7618986352174
168.01172686176045
164.66179005667536
161.9664094129761
159.88380288766254
158.22597541676913
156.77933255050243
155.43689589414254
154.26531897819774
153.40212020816267
152.87415737666427
152.63856518886232
152.59265488159218
152.6218590435712
152.72812334396633
152.9300164871308
153.18488766881558
153.4545266208945
153.74990293619334
154.11032930017228
154.52944682424035
154.9772422798554
155.47826060633895
155.99733534739093
156.4909354623958
156.9449088097966
157.34217257820006
157.73790298384662
158.19044105947899
158.67907600451332
159.1953862242874
159.72400947529104
160.2254861467539
160.67192764300503
161.02038332683017
161.24398679087346
161.36711763079055
161.5162655938938
161.81001393887243
162.2880113276362
162.91975072036757
163.54097652696703
164.09921694503967
164.66262833005499
165.19684920987697
165.61856397708698
165.92835621426468
166.14976047437153
166.29442263700517
166.4202845118451
166.52038227196732
166.58157318560222
166.68303850645358
166.90899087705577
167.2891232026745
167.78333946800475
168.29442992715616
168.76120936969147
169.1603157616509
169.44718635496264
169.59515538334173
169.62238879724435
169.5592296645947
169.4282221840688
169.2469125306049
169.0162322655529
168.77047122854609
168.59603830662553
168.52473992589427
168.52958566663983
168.62857286732546
168.8190670602005
169.00023078590112
169.1072828160621
169.11233266927746
169.0319150724799
168.91626974829882
168.81213776185993
168.80812806938818
168.94283563731534
169.13791542823205
169.32588621299433
169.47112700280312
169.56407541097238
169.64287296346203
169.74245027507578
169.84619745578254
169.9693191129449
170.1296121557942
170.34696746672353
170.61982044994755
170.91760321130656
171.18747968900306
171.39824478466707
171.54838614995475
171.66006754707973
171.7859746733163
171.92558771150155
172.06336344830353
172.18395915645624
172.22071801271576
172.1432026002267
171.9826198931979
171.7865630833101
171.6061620305166
171.4590885428289
171.35325259450633
171.31166344356615
171.29844490673466
171.28595941194885
171.27231266363407
171.25571682819466
171.29051578890335
171.38872159335432
171.52356352975653
171.70806303060758
171.93300477130782
172.1517706190354
172.37322042036575
172.61198408578286
172.91134096372326
173.29887505908522
173.70286539584146
174.07076247197753
174.3798174802404
174.60429953601786
174.759060872573
174.84889518717512
174.88457069344284
174.92251805703475
174.92442817678915
174.8814651400775
174.826713246002
174.7593139812393
174.66351566150092
174.44505433251598
174.0615260984318
173.5619325090065
173.00409994834575
172.4488717529673
171.93668449578124
171.4844074364036
171.10722556402314
170.77501743855257
170.4216036207037
170.07237241203796
169.79796208547396
169.60864714098935
169.52435087472162
169.5445786432075
169.627323233715
169.76645173074917
169.93149002347855
170.05368103173362
170.13993806331604
170.2064478170045
170.28112651659848
170.4078150939048
170.58118077139267
170.7906078621851
170.9816003788863
171.1241909516794
171.30722010744682
171.53622299205173
171.73675307683402
171.89482177331968
171.95233234554684
171.92310348277
171.91827751404995
171.98549988435084
172.07257031571544
172.10646987300441
172.07304013569447
172.01421135964466
171.97444268669972
171.95259008145396
171.9704031915416
172.01826980840838
172.10160283870704
172.2334384619458
172.34832319803616
172.42540707652668
172.45050266070137
172.4037179375302
172.36973153396627
172.37924348794826
172.41189449567912
172.50012385063388
172.69929958128895
172.989693755316
173.26789440184635
173.32763335481906
172.76650787879333
171.09371052641177
168.19627454190964
165.15174516895925