0.0
0.0
321.677371110831
348.70579500110694
371.877368899814
386.40131981307474
396.81587311147797
401.58995487068967
391.051085919197
364.3222561717121
335.96404957218806
316.55895646571923
306.499102563319
303.8140778267792
305.77000132342835
309.7719023789456
314.0707462937231
317.91092619456197
321.20603340706236
323.95349523186076
326.10167258704985
327.6433053187386
328.8421067273299
330.07097359649345
331.4287685950368
332.7668300348528
333.95022818556276
334.94831647759486
335.8030785223732
336.5726377452378
337.29153883512424
337.93971506721886
338.52773984488834
339.0034948741695
339.3506146329611
339.5558873751652
339.5160450078155
339.3137155803633
339.0230571523672
338.6391914573762
338.1414402487414
337.5829536452491
336.9809281308833
336.3549324755577
335.7855997187263
335.2978062043039
334.96872802968846
334.8566163708483
334.94903438480947
335.21948483548044
335.59775839747033
335.97743765750806
336.3188132157397
336.61791725139005
336.9380996842558
337.21865056890016
337.43432593123754
337.6121405165632
337.7332225418352
337.777825415924
337.7306699673173
337.76155751232784
338.02555826593743
338.478939755975
338.9391211335262
339.2563699914831
339.50271931539316
339.7643760757845
340.0991700212518
340.5133435608028
340.9344212418542
341.30732769711744
341.6725905075267
341.94942324587134
342.12186282306254
342.24429409403007
342.3661694460294
342.5423060892412
342.7406795467608
342.94242108585547
343.0724854912234
343.09894104920886
343.06210134098046
342.98185054881606
342.8751227482604
342.76843781447906
342.73720141797975
342.78924710656275
342.8809840276485
343.00908657478533
343.2072597454652
343.5097167810248
343.9209260793102
344.34333552931344
344.738973744408
345.0217773583343
345.13575482449244
344.9571743909905
344.7358199551729
344.65049742563474
344.5104603695754
344.2433287231477
344.01605099568644
343.7975033288659
343.5127354265191
343.3669899051884
343.2721574407482
343.186333191082
343.0704461132407
342.83059659695937
342.5181921091507
342.31766735271685
342.3663981769708
342.66615531795446
343.08371026762705
343.44509457879315
343.7398282569847
343.95258021663847
344.1234879047927
344.31310524537776
344.3462522046599
344.18091822370855
343.98525016420547
343.8916640145383
343.9185845861325
344.04322273883554
344.26963607432333
344.59667575716014
344.94947215197345
345.24324448231715
345.5118225686802
345.7259776383081
345.81779099230357
345.72657710393116
345.4862286290269
345.1012692888188
344.6930519403466
344.3492310456059
344.0946935047334
343.87233997732113
343.6898230175072
343.65519888474904
343.7415779849176
343.78936525623124
343.75485505274503
343.76929782873043
343.8002747653378
343.89138939850733
344.12904839037947
344.45336528847423
344.82184254596103
345.1049415037552
345.2783087915181
345.44385650706045
345.61364078069334
345.7478175098973
345.81327806256087
345.81755576423507
345.81208901655464
345.85155038534805
345.86820323558305
345.8477207973721
345.71249919435957
345.5285617337802
345.2763637569032
344.9364239828059
344.5383252462625
344.1037507620224
343.67677232441383
343.33129625172415
343.0581546059005
342.8665181324093
342.7641393596034
342.69920073255446
342.6166630189771
342.4692683139298
342.31400025912615
342.18611062631743
342.12547466544737
342.1339473005832
342.22612851979875
342.3721423732162
342.4984990718121
342.6307012605086
342.78946162973085
342.97253006441724
343.24919632453725
343.6531955023462
344.1593075440366
344.6767126265172
345.11780757703184
345.3909923438662
345.4304488171005
345.1851921674537
344.66466180220004
343.8106777525158
342.49560674086365
340.4224768080082
337.21231579128994
332.50509009024205
326.2874988536179
319.3437786695559
313.149778710223
308.91988171207686
306.0372555780313
301.1307624088375
290.631873299752
274.0630325574849
253.57706438139846
232.28213953665374
214.27336755119507
201.93995925619708
194.3049607390501
189.05109494253355
185.07429939335685
181.9021468483924
179.0373300426598
176.575354917657
174.45100518903993
172.33269444374537
169.95808045966845
167.64063870380693
165.71667447078514
164.29514940829472
163.4190966337463
162.87334795425903
162.32456317512487
161.70393213979406
161.14728158642566
160.7482063735158
160.5227626335536
160.43525389715418
160.5800607836746
160.9642597007414
161.44578987369215
161.94023767143938
162.37309534890235
162.68309132360014
162.87898371608472
163.0072905699672
163.07647673881345
163.07610287748355
163.0411720532607
163.05363982631252
163.1742480483429
163.39181416250977
163.6353458929056
163.8297133797993
163.94931946071384
164.02000853800433
164.07650701478934
164.14565568537918
164.2414277801559
164.35177402071918
164.46099674427992
164.55838689450468
164.65107145067643
164.78524356426914
164.98598857387668
165.2394132734797
165.53919902654994
165.87825763640643
166.2588804838837
166.72698713364713
167.25524861022922
167.7443948832332
168.08120289298353
168.23210274425688
168.2832006175475
168.34679598107033
168.501263351864
168.75851798656643
169.0721132040897
169.3680909206277
169.60448127782894
169.80421392461528
169.98552800827582
170.14013604099148
170.27486439216102
170.4074675286326
170.51122936862387
170.57742432149905
170.682707657628
170.84134467514724
170.9667862543206
170.9790582471323
170.86155296018651
170.66837173009287
170.47060151564227
170.27866043165795
170.07237014424015
169.8947664186428
169.80323617716823
169.82265550109526
169.92234397505553
170.01390957069938
169.99857816776313
169.86440164911335
169.71498123590285
169.64436864933825
169.66079116322084
169.7378616058477
169.85893634476471
170.0000684843502
170.1203334693262
170.20420626778326
170.22262979857314
170.16224830140584
170.04679640123481
169.87975421485464
169.71858304001796
169.63060685033713
169.60753323700638
169.60686338653744
169.5910544824109
169.56194558430425
169.56445262136523
169.5866827764405
169.5675353954947
169.46451575217296
169.282081971636
169.0869339219803
168.98777897195743
168.98131373518842
169.0138614572986
169.0665665665816
169.1301072524558
169.19334853883447
169.24181187012323
169.2554213852049
169.25750293816552
169.28105454842978
169.31899209089516
169.36806684074068
169.45822433127483
169.58476779707848
169.70853498487702
169.78373767279749
169.80865428783449
169.8157219313645
169.85053664454747
169.95210015337062
170.10463042355414
170.28091214179898
170.45769002315154
170.59755337945947
170.65847211502336
170.60559314394922
170.42772764080092
170.17897484663558
169.92599340882398
169.70685597565415
169.52066082066813
169.41185062232188
169.4432562056156
169.5951142625868
169.85984409279934
170.15748934208085
170.38069206362178
170.5070650946804
170.55595652426558
170.50927204601942
170.35261192984703
170.15913139715866
170.05742215954385
170.0828284944354
170.18210625374758
170.2902592664365
170.38150911099893
170.47552042403646
170.5974881637155
170.79030552009453
171.06629950849245
171.37814152281325
171.66816050906021
171.91423559505563
172.10646875026802
172.22170144231575
172.23154516367447
172.17305113818304
172.05786414678616
171.8363022897078
171.5223757123744
171.1779199430211
170.84770511987352
170.50377945663894
170.11712858804378
169.72153867509087
169.36014255598332
169.0208103653974
168.72945634947757
168.54827331006445
168.46684119980247
168.42719711311872
168.4075026850786
168.4229552475857
168.45361181675204
168.36257075156243
167.86066435768967
166.73025517808716
165.29662699084378