227.55708714188202
227.19068435066427
226.87469236233915
226.52435257838988
226.11263655027884
225.64692335010014
225.10068704705083
224.49017637876256
223.95616447540328
223.61652633128017
223.4514247015129
223.3688911219758
223.27588635184935
223.16419981901225
223.10010870961332
223.04341171634
222.95876971895922
222.82772985630865
222.59378757741132
222.2526369156251
221.82733257406682
221.32814544104127
220.77789594538666
220.2159838622995
219.68723999844227
219.21492118668786
218.7816069254372
218.39701427381038
218.0709433428844
217.72638219538203
217.33397603765047
216.9268926587515
216.5407964740341
216.18272626720724
215.85648972089285
215.5716135328631
215.290884435225
215.03363798712235
214.8744920880128
214.94558821310733
215.24589142639846
215.66582524834348
216.1509353106608
216.66614658585425
217.15982603091325
217.60526736472562
218.04448132222106
218.51207972378643
218.9627001091252
219.35334116495983
219.66180698822203
219.94170047999174
220.23076656524873
220.53154273983998
220.78129697692074
220.97114138604218
221.1346035765394
221.2492945908151
221.28507954480762
221.18025197774148
221.060434737884
221.0566302096401
221.12205179852555
221.17053508173018
221.22512335987525
221.27753832477003
221.35159619474928
221.45236363090314
221.56632896095232
221.6741173504134
221.70441435037128
221.6821557412023
221.61892278326397
221.54137636789918
221.463070815899
221.36237865053727
221.25323342168608
221.10279236720197
220.85086485474056
220.4384022363204
219.88197710758422
219.25795455677806
218.6182887862534
217.98190210057578
217.41538602109043
216.95294444978612
216.61723586783373
216.45511446976687
216.41120867008544
216.48044591805933
216.6780944303573
216.94822206523884
217.25319120450416
217.51256504136057
217.7709758091521
218.05376186531814
218.32130851474653
218.59492814209116
218.91654604975116
219.35681271404604
219.86856836723413
220.3439952240203
220.75781215338992
221.10260085699343
221.30545292829646
221.38782174156194
221.41077288195606
221.36126927442038
221.21371408892583
220.97098280065956
220.68573696859463
220.39814795444704
220.18116559137542
220.03541776305528
219.89223231356013
219.72425396975788
219.62465922680798
219.5786097698403
219.4958806597715
219.38119922898346
219.27074635975066
219.17526159590193
219.10761434517042
219.05156283445072
218.97567507847253
218.8796480132608
218.7871395667121
218.71451640347112
218.6894696088516
218.72474224466163
218.82569338443886
218.97451200624644
219.1156383796046
219.22247914354065
219.29354464061848
219.3349913269087
219.34323739910758
219.29430982090437
219.22336920435788
219.08660718590951
218.8743861395393
218.69386581107148
218.6172317105327
218.6173946077837
218.64099565025975
218.64407298105758
218.63997890698357
218.67618954883864
218.78828803931572
218.98742120884395
219.22031042777218
219.42637134824906
219.6341248071494
219.81821378853806
219.91728912775764
219.9876339340369
220.059589216363
220.09112142668332
220.08351118862507
220.01060728989592
219.9242582414151
219.93352454198632
220.01924823118762
220.19346791480683
220.41064773978044
220.52580911998746
220.50961898311738
220.41942093992589
220.269822095395
220.0495674784631
219.75452660228308
219.41186585728158
218.99605999190624
218.47361492609704
217.84622830491807
217.03683320463563
215.97081122167052
214.680388163977
213.1933655375497
211.4543591025917
209.43207961390493
207.09689729321707
204.41896497500272
201.4937834904032
198.53544718381625
195.74487431061752
193.16078991421656
190.79439968311283
188.61269810885545
186.5074771406818
184.43574474684877
182.49446329140847
180.7397895158622
179.12013464213211
177.6616231180616
176.45169689063505
175.46015944704462
174.61144027256955
173.85575872505325
173.17154254628898
172.55322941380706
171.9578363645356
171.40995430376208
170.97599917855703
170.68709219338672
170.549425714549
170.521165969766
170.51288355666188
170.53104215265785
170.59259752775344
170.60878771195357
170.47928765342638
170.23788639179426
169.99904204381656
169.79793811442585
169.61642077401217
169.4527855392257
169.33184825504108
169.20815679349306
169.05295769216028
168.89380871078959
168.72348457697467
168.5633330520148
168.41590209881036
168.24229534495555
168.05568712867276
167.86207103607475
167.65187803200263
167.5292298646121
167.54255271995078
167.64275372321558
167.76826249648127
167.86326642348845
167.8855176905528
167.8667625802114
167.9015709392037
167.95574770448943
167.95402728598538
167.91878472380563
167.9031407905613
167.9463289775893
168.00828296768333
168.04816550227287
168.1143702513035
168.2260173332562
168.39154317527954
168.64653333676205
168.9227995209872
169.12685851469263
169.26886715148524
169.39217705877434
169.52829511181756
169.67145440355728
169.80420476920187
169.9638348424952
170.05205305027664
170.06416126982282
170.08966534097635
170.12264124959697
170.1834216776078
170.27655284930944
170.37201394737497
170.3906375907861
170.37414394622112
170.3640734327244
170.3201680939717
170.27194427768944
170.24479518614055
170.252996452351
170.2785247588124
170.26376074171336
170.18397385491568
170.06346379189984
169.94363007908953
169.8603627618661
169.84417620165559
169.87466510336446
169.91538085400643
169.9455789783357
169.96079127524942
169.99894101533044
170.13939467375997
170.38387237401963
170.67532859233162
170.9865449530784
171.29121157319463
171.55001674218218
171.73661607692804
171.7798379757417
171.73206242062764
171.68288197698763
171.63908134750534
171.58389909443244
171.5131816787685
171.40169281037575
171.2372948244872
171.05132154416938
170.89434252965728
170.7915182795071
170.70415583816484
170.57774769009976
170.39144939773308
170.19335899504395
170.05276062389842
169.92690175997143
169.77996089900472
169.64171256905826
169.51202772422354
169.40959486923427
169.38096346178293
169.381474995473
169.40134290024918
169.50113552770176
169.64376402462372
169.77445438056833
169.86705638502542
169.95353953314708
170.04657631621114
170.11796546592987
170.19629692803164
170.28726450371823
170.3521141741481
170.38696932986736
170.4347617970508
170.4959610882039
170.5244216118923
170.5066074212954
170.49728365725693
170.50180603617693
170.54087711329157
170.55341535068078
170.51017375215451
170.51185524917466
170.59335778291992
170.6614791327088
170.72668020838705
170.82394239007778
170.9367578822588
171.05463113853372
171.20319373725306
171.32856229910703
171.3690878479515
171.39761947643734
171.42972792643653
171.3879152975052
171.2644120850424
171.12637735557854
171.0341584455491
170.9694321334159
170.87750936901656
170.78889187573478
170.8109474918117
170.97585816963095
171.22441372668249
171.4994802726186
171.76885348057255
172.02559269302114
172.27156222558014
172.47311112045531
172.66941266429262
172.8869069770477
173.07744641474324
173.21129855101432
173.25950268400337
173.23873293470243
173.17991904573864
173.086200653174
172.95157538589555
172.7740450408355
172.58079433131908
172.36386508789403
172.1674536172088
171.9952093090336
171.83499872894276
171.6070156329274
171.28582885844568
171.05052289853688
170.9707494557485
171.01479532236604
171.11183314217226
171.18258293768733
171.25440055685863
171.42770762381414
171.66334973745768
171.87651320872484
172.06561818915114
172.29459523328657
172.56588585799543
172.76106259601934
172.82041862204304
172.821503152172
172.84266465702194
173.02518172173495
173.51083019237404
174.30474544393962
175.29088827940348
176.1856783662273
176.62719087090557
176.26555122815188
174.86587872324387
172.8863138770322