214.11573365174326
211.18175583905855
208.71399158224125
207.70704219093312
207.7385059575136
208.28227354090583
209.04510300203754
209.81918366164953
210.41012644928327
210.75405241311395
210.86984476785335
210.86912234137338
210.86316534195782
210.89706583589057
211.03614937827382
211.25782807303017
211.49013408864843
211.66375999116136
211.74861080710164
211.8008259524211
211.78383599234365
211.56202930124564
211.09261281698252
210.3631523604889
209.38952223322474
208.33579414114038
207.4470959900891
206.83434663106192
206.53797503730678
206.5570260697594
206.94198672343106
207.73081262619746
208.69728007123598
209.63202939271983
210.52737314875114
211.44159130743623
212.3936660115806
213.32922677941764
214.20631657016318
214.9695494772951
215.55669637185824
215.96377679715107
216.1971590391952
216.320522223966
216.40406391090264
216.4575093857341
216.47227294966777
216.49770936932717
216.52795635451182
216.5290647996203
216.46550457802476
216.38605212265537
216.37322434390455
216.3974898810845
216.41383595500497
216.4530220420103
216.5394632676725
216.6330353104241
216.7512460661251
216.92545831459498
217.12860765692213
217.32775764551798
217.50838020607176
217.65419754818848
217.7018139420292
217.68806356852343
217.72384977669293
217.88249434687663
218.07874653083832
218.30156937503523
218.60278174216324
218.96699257808567
219.48204934255511
220.15670175263935
220.8585805024606
221.48238178247533
221.93984060020347
222.15038179647718
222.1144701677166
221.86576761160674
221.47183840080746
221.0517867992134
220.69048285050613
220.40510792577243
220.1702711204634
219.9727076452814
219.7953068893761
219.6818213382417
219.68747104438864
219.74184711931974
219.8063496285394
219.87832457151893
219.9141231917346
219.9058229122091
219.86548167272113
219.82681833080602
219.78754066773922
219.72069461189406
219.60383105661927
219.49200920982153
219.3997685456788
219.30325727695202
219.2021192288775
219.07930401169324
218.94136397594934
218.8038620815334
218.66539743007803
218.61694613049906
218.73066991808952
219.01426361484522
219.40710551530015
219.82706659713648
220.18926442626613
220.51851473791544
220.87210639886672
221.21232030705949
221.42250520425304
221.40931091095274
221.21090493897452
220.93311922723205
220.63442834143683
220.32925183832305
220.07354978004003
219.86774657207377
219.68693955022374
219.4745052803291
219.20661894673117
218.91166892318782
218.6238458717816
218.38284771993358
218.23046740523623
218.07339483895365
217.91726392258485
217.81618171643242
217.75960631594518
217.6560724713504
217.52839491417035
217.44548954854594
217.36089246605616
217.26399298446427
217.230104717115
217.29047726423187
217.39997308024783
217.56716026718627
217.80927407548265
218.06448063976336
218.26743915418658
218.3537319372767
218.3846633931165
218.38785041539032
218.34350896744306
218.31160188800723
218.3783175421874
218.54685297449618
218.72781378356015
218.9110940351462
219.1198168166866
219.41712026103886
219.7388091148205
220.08039678842988
220.46384682995463
220.86489949993887
221.23266507158505
221.5374456923308
221.7667620116149
221.93378523850444
222.05641046669606
222.1568180822731
222.21433617716247
222.27248487215354
222.36750019815486
222.43729650738948
222.47604429433517
222.47286440703832
222.3458232439918
222.0276151168518
221.5811503243542
221.10772799577384
220.61147377928745
219.99556020883227
219.1805323813228
218.1437714441879
216.88598933896972
215.39233902269714
213.59992644641787
211.40826697290336
208.79801228766334
205.76831345294275
202.39888849993378
198.79450937279856
195.23389221992505
191.99818449524238
189.2196845508161
186.94902241200413
185.03295868156277
183.24000893475574
181.4397448530219
179.69935932059303
178.18057960533386
177.020515717807
176.30047136585762
175.94193825222504
175.73398533035945
175.3785829479777
174.71129657958363
173.85414925480998
172.90709236499248
171.91842418438154
171.04877599546086
170.45096986754567
170.1302811854777
169.93909326564707
169.79200031470026
169.7566426612272
169.88759670962267
170.1095525140023
170.28073630134088
170.318825013376
170.21899321765216
169.99002058508376
169.68610094018533
169.41979359564723
169.2572151734587
169.16526875429588
169.0757158599908
168.95971101673834
168.83613483433402
168.75443126912236
168.722525932834
168.67693909538733
168.59591968305125
168.5040328042972
168.3949790767273
168.23199074576493
168.00963078662093
167.7460454031791
167.46963017049504
167.2361926465567
167.07856122833311
167.00012676806037
167.0194339770626
167.11394313673134
167.19305319314697
167.20236244215607
167.16591309569736
167.1391225227152
167.14989415826696
167.17455820254085
167.218113008165
167.31072924723603
167.4630101414067
167.71023889053723
168.01943319225998
168.27352652798305
168.4594918669153
168.6119830396344
168.72946429753767
168.80955791422645
168.85391819225447
168.8615598359773
168.86794376001703
168.91969519187958
169.03193861414132
169.20333780360335
169.36676137126054
169.4450439240341
169.4976583759586
169.58586517747122
169.6938940844196
169.8126722038943
169.8969117901162
169.8887254579423
169.79070683335593
169.61495126815942
169.37488230662632
169.1388011169365
168.97736278013747
168.9192588780463
168.941944235503
168.9680216221445
168.9545769668521
168.9157279229598
168.83989276165624
168.7197466225239
168.62435478299636
168.59082320355614
168.61100456193904
168.67871557575995
168.77064016581966
168.85483488704952
168.9096133357744
168.94924767177787
169.03285088184668
169.20937839782562
169.4515411970402
169.6700673917565
169.79736702063258
169.79616306338283
169.68974531703358
169.58526461382908
169.56266862213127
169.6025458775424
169.64969781233208
169.63526107882296
169.54754056751696
169.42224768452692
169.31744677906136
169.31088328218794
169.36217499580238
169.38421469132896
169.37674490383844
169.36119034946438
169.34080579699915
169.3071856640509
169.210465827503
169.06056743214927
168.9240923445473
168.82205054653312
168.75726695713323
168.75920697794024
168.82745411665007
168.9192368966015
169.00008043526893
169.093160331464
169.20990149183174
169.32045026576404
169.44783029773117
169.623555539907
169.79419505531104
169.90294525938185
169.986144750094
170.06363059893323
170.11220316411266
170.0937301598711
170.00857741371027
169.9215053781265
169.8513252428068
169.73257159769327
169.5574028027607
169.39603711778057
169.23216857379742
169.05946062129243
168.96572284347008
168.99171038400482
169.08088585758867
169.16944818385974
169.1610980835336
169.04188990885828
168.88571719529764
168.7772426787791
168.77211650402927
168.8196219699364
168.81492359243964
168.78272804639388
168.77554083129144
168.7817114089069
168.8065989326521
168.88933751681083
169.05368504345267
169.2895205934948
169.59682952002476
169.9921332259707
170.42774081212747
170.790622827754
171.04079587788448
171.1954884429892
171.260890378008
171.3080689127377
171.35876461599034
171.3648054549222
171.31022641300524
171.19893397633734
171.05314706801045
170.81930545359333
170.54647399114114
170.2831204354268
170.00150708683012
169.7007939365886
169.39777092145908
169.19024734727577
169.03899011703766
168.8147464571925
168.44100164956757
167.94070797884112
167.51055792127025
167.3789535363088
167.48333737347122
167.59869138975392
167.5405927160476
167.2249468454953
166.68236611286423
165.98755463991972
165.31065974585675
164.8022652300969
164.4782047040623
164.36994257519356
164.5774276404286
164.94888547439237
164.82302092165358
163.80423769911502
162.51034847648947