196.20114856137337
195.4346605449491
194.50642168080674
193.44882989986272
192.90288737028396
193.47779948367793
195.17736305895454
197.47861964476124
199.56576033371272
200.80305387037058
201.19365036280576
201.22676615326316
201.29533686302835
201.53981980787947
201.9798499876385
202.55295716178614
203.19505384148908
203.9017378107812
204.6707770549565
205.46803603390214
206.26443512320736
207.0530261666552
207.8102326673956
208.51749337735288
209.12443819663616
209.59491538845248
209.92024407019022
210.11150696549305
210.21038152064693
210.23517537674977
210.16422304121585
209.985328613029
209.70071701661163
209.31150477737404
208.8331924105054
208.30753908085552
207.85695132124908
207.59917155732415
207.6114927373344
207.84906769682956
208.18786278561834
208.56201733038938
208.9349174847067
209.29508125291383
209.64063403253988
209.94920060367042
210.2093578843491
210.4830562091596
210.82139883106225
211.23092291577467
211.67400535190356
212.14007211167967
212.6225576309402
213.08254020766026
213.53641414309203
214.03775279848554
214.58477953669833
215.12354397447126
215.64245938478487
216.14132956845674
216.6413707357991
217.16436761766755
217.7099039448035
218.26566929817872
218.8160399216619
219.33853067308144
219.77750969190936
220.10235550398752
220.3230284275619
220.45976232839612
220.54096476506595
220.63995098857015
220.76269437936253
220.91821076408212
221.07528649075618
221.16433329669417
221.09162089896614
220.85947327029086
220.56357102750047
220.28563537132766
220.07445003471594
219.9016478215226
219.7330099321512
219.61650712636595
219.6004392158818
219.66182762183274
219.75104621500907
219.8657871074196
220.00101989831342
220.12934292557873
220.23956503476626
220.29454357735662
220.2851924765335
220.24139568597792
220.19916857048622
220.16235331576667
220.17265953768066
220.24719341962725
220.37602201088518
220.5374073790921
220.71499856751737
220.86663004555004
220.94778607444704
220.99528541310016
221.0575291329743
221.11451534345744
221.14289650371438
221.1282051093898
221.0780371397482
221.0074624616157
220.9144360494215
220.82414690458825
220.72565705588846
220.5864570046856
220.43298789664175
220.31498300939586
220.23798640966132
220.20644048244012
220.1625752378868
220.05527961723072
219.90191910275658
219.756623691726
219.64928541659583
219.6057907862314
219.64039753618755
219.72882376947672
219.8390145117881
219.92348253425706
219.9343846794959
219.84635430933017
219.6628053355429
219.3942072104527
219.10073926111315
218.86179269024177
218.7223525937091
218.68765320883375
218.70179190151137
218.74261881589533
218.79756685852044
218.8256972367009
218.81733465732577
218.8249356495459
218.850341964802
218.8804924211274
218.94525503294486
219.0392564304082
219.16292857334162
219.3032814458217
219.42520736088258
219.51670700527657
219.60202144315315
219.67777362320314
219.75998518915142
219.90547518129117
220.13473134839876
220.4220286011624
220.67398764600262
220.85378514308582
221.01416490355257
221.1309222606121
221.1956486712714
221.26262464637568
221.3448831280658
221.45487500989583
221.59711286928413
221.79666310385363
222.05971057833472
222.29892541849878
222.46382915851825
222.52697365934372
222.52040000886097
222.52342705811554
222.5423125213374
222.57550640772232
222.63766117805778
222.7414319378916
222.8283805697846
222.84944099365867
222.80315053901393
222.68569980668343
222.51285863763388
222.35983025143673
222.24941679167702
222.1210486173345
221.9079987553306
221.56513547429213
221.06487449273015
220.3736000301873
219.44210343450692
218.18871070537935
216.5338548370558
214.4115712371376
211.6818644261799
208.1514155696378
203.65524999845508
198.33219655762656
192.86756940880352
188.17478089214532
184.4787203034616
181.5351829059126
179.1040860203646
176.96147137422912
174.805106309808
172.33285936818197
169.53557118344503
166.80644850836552
164.612238638953
163.02235958442984
161.99621311060736
161.43299713943068
161.20906941335699
161.27736716032493
161.62547320636776
162.22930101163533
163.02893331293478
163.91238804150677
164.80478096385428
165.69945738270528
166.5684498314286
167.41468474354198
168.22534712017287
168.93934809380505
169.51317001502753
169.94669875740985
170.291892175799
170.5690428491295
170.7810794794903
170.93219944824972
171.00244619772837
170.99966431994383
170.99051411216345
170.98241708249807
170.93169238410218
170.7779884623456
170.52013761504463
170.24316822442054
170.02983191003835
169.89052023005638
169.77746634596394
169.68230308067191
169.6249157667041
169.612750699343
169.63590361979274
169.66891019665718
169.7046035669812
169.72965367163457
169.7474062979084
169.77415029879026
169.79333837756278
169.76578499218888
169.6691179644182
169.49310580259663
169.27698820142615
169.07645309395832
168.89887904910782
168.76723391553793
168.7389577577971
168.74628939457577
168.71434337390278
168.664486992222
168.60466930845638
168.5214157740531
168.45216725707985
168.38661549223679
168.26955041268687
168.13337411400977
168.03381943450117
167.95444960237688
167.83826460930845
167.6638585779372
167.51620155052854
167.48113586123551
167.500017693936
167.51261867345514
167.56900718832316
167.67500002222727
167.78072957297678
167.8643537280931
167.9302082994431
168.0361086616081
168.180886079593
168.28921005046553
168.39793606206402
168.5231128285802
168.63475909870488
168.74075025640352
168.89821614719037
169.12863292707655
169.36947243090853
169.57935767288257
169.72173394100065
169.8158905178181
169.84480423585248
169.74211245580676
169.57477572003268
169.4518822785348
169.43245675658503
169.47151980893804
169.4975567172511
169.48321757131174
169.47018064408843
169.50220819180788
169.55917772142038
169.6648449222764
169.84344046775252
170.04933121224096
170.21298762442487
170.30768520606588
170.37962213338292
170.4710510128527
170.52150062184927
170.45694971392322
170.2993110727865
170.08973934626084
169.87011086016017
169.71675282551445
169.67518545431398
169.7395062315742
169.80066852352763
169.75962442455267
169.61462338996327
169.40281921671578
169.20649288384388
169.07466188454094
169.0076589013764
168.94913161122537
168.82402814108372
168.6324197762391
168.42820568862896
168.25283894579735
168.13956038903103
168.14572709393585
168.26542825521452
168.41347727754288
168.52529028540394
168.59982544284014
168.68210529281356
168.79145695032346
168.87294344707172
168.87913114221652
168.83805362567307
168.79781052622687
168.77169610283306
168.76225225020568
168.77107439148332
168.79424192855294
168.84497859826064
168.92120825960293
168.99721503057435
169.03745713510753
169.05088541264448
169.07438234977553
169.13072962358433
169.20870118896013
169.28100900916158
169.29033000536828
169.22096984746585
169.09398542292186
168.96067939143848
168.88481457761822
168.84367319025742
168.75243584446102
168.59247002321982
168.53941625254328
168.76905637774053
169.17297112125743
169.55616540824835
169.85952388834784
170.17023751616716
170.4373406133402
170.5986528899461
170.65085206104263
170.54606303445132
170.34942377570326
170.14558549589776
169.88480403260314
169.58470341538728
169.34017364974852
169.20350949298938
169.17859669254415
169.1738866717093
169.05467791551746
168.8013992069556
168.3657767649405
167.65636471579623
166.70272703570748
165.61173716845485
164.33896366811254
163.10164757570755
162.4916484812384
162.56051740850984
162.42973166714793
162.10351176177494
162.08266023033917
162.60507320088882
163.5868635396434
164.83250886135673
165.9359951992028
166.2320711095145
165.532986808918
164.5149958655137