255.48015348506803
247.07563069360987
241.17728991993738
239.1743821355651
240.02826970378268
242.0629249453938
244.12280822481085
245.7452517559483
247.0152064191027
248.09383240724082
249.05824240929635
249.87695290224153
250.53177256403086
251.0530526836427
251.51085447519654
251.95009987603524
252.40448838384617
252.91205343500926
253.46878057348215
254.032153764574
254.56393347886103
255.06072792985955
255.54068569331662
256.04333402900824
256.640037551196
257.39463058355557
258.33873423700425
259.4319648757366
260.55368249472895
261.62479228408364
262.56125213688983
263.26250480791776
263.63973626218535
263.658616647048
263.398648131248
262.9509827971987
262.4189660483822
261.9148385565009
261.438943685972
260.93551010003347
260.43020047281243
259.9536353995113
259.5180669943585
259.2047115909628
259.03820354205413
258.97452042185773
258.96392849993026
258.9780860978759
258.9645547251424
258.92300000752755
258.87216672089374
258.8385657230054
258.8579136965115
258.96114284342707
259.1389321195438
259.3558620564778
259.5783995405578
259.76457100455116
259.8372196775674
259.8047590554752
259.74862779506884
259.69815257307874
259.63635575524495
259.55772246826876
259.4556267251504
259.333256356512
259.22432634815544
259.1958096037291
259.2560470941242
259.3536871597926
259.46061503878434
259.55804354187995
259.6154807899146
259.61399523263543
259.5388119095371
259.37473084361625
259.1479717612723
258.92188831144927
258.7363289997171
258.58190921154363
258.43542620954406
258.2561658993169
258.0196649406848
257.73753361379914
257.4380894794265
257.1342690126328
256.86657522643065
256.6714408268965
256.5343695563107
256.4422637523053
256.36182454251605
256.2814065569854
256.27917380708084
256.4172520331339
256.71569222580035
257.13516240124164
257.6075089014732
258.07985984621297
258.5076476018584
258.87930479088413
259.1915498628366
259.4537234883039
259.6777976524344
259.7967600729355
259.80677277095737
259.7382154565902
259.61488036485986
259.4524287652129
259.2464697946139
259.0117606115071
258.8116587233529
258.6991884568854
258.67780632233155
258.7015522814902
258.70267462663344
258.6177727885195
258.395206398456
258.01182886435015
257.52709422437744
256.99688762131143
256.5018849474389
256.1081626596816
255.83112499517867
255.67808545010413
255.6491455759276
255.71833688206104
255.82397226206857
255.88011643369506
255.8606393809995
255.803657390268
255.76008533735632
255.7422296610438
255.74197324160826
255.7543438476015
255.7631557950287
255.77378280630558
255.81355947428992
255.9115939217929
256.0774666887911
256.30002706797717
256.60937727621
256.98603816005766
257.4016517407973
257.81680329487796
258.18274505995043
258.48028728957803
258.7120979408134
258.88427139518996
259.0168028271207
259.1290163928527
259.18365183669
259.1929605095932
259.1798299032156
259.19976796145824
259.28360549763516
259.4241915607013
259.58557478089745
259.7343454366479
259.84075234629114
259.89695370924994
259.95029481209826
260.01735267073195
260.0843366268399
260.1249680963591
260.1823771392588
260.29278942623444
260.402282838936
260.43372136778953
260.3369039600696
260.10033429461447
259.73857345222166
259.2255761796521
258.492172990929
257.4457736409277
255.95472386402446
253.8940705334441
251.19647800634203
247.91951500137606
244.36988970295948
240.8458659196288
237.25150306851404
233.19605918401828
228.3926744087947
222.91729890535763
217.09907926061794
211.24225542225895
205.39023999697625
199.4767725569101
193.747124989563
188.82331441680583
185.0289414171675
182.2634127782309
180.06537479163504
177.9169987645904
175.59250118452968
173.13204820008227
170.7145292180345
168.55367088767954
166.77943920454308
165.34127437967055
164.13051634252653
163.10790413845575
162.2895696442826
161.68876447201308
161.25352504561317
160.93002084214493
160.7175987163564
160.54231816323704
160.42119477229332
160.47253587427298
160.67117610924305
160.96287204260378
161.35047106874083
161.81462507619125
162.3245229480039
162.89014499266844
163.45511156799856
163.93367949661308
164.35785344978328
164.81724662960605
165.2724943658055
165.63189526978874
165.90285189961557
166.1405584463485
166.3427911195434
166.46453246125157
166.46502924962624
166.37195960426803
166.27555204771343
166.24957083148
166.32431948048247
166.46352863946183
166.56700210140252
166.58277717462911
166.53206951235322
166.46110400835073
166.46155911519577
166.59186529913993
166.80042040188806
167.06178957458283
167.32341715205735
167.48542539284668
167.6232282568749
167.80875826244642
167.96230526136637
168.01629153268794
168.0001568923861
167.94585793592506
167.91515793209535
167.96154297844686
168.06368099452996
168.19442017044796
168.32501575762913
168.41707885582179
168.49873484383335
168.6070315876695
168.75145107558828
168.9010925053506
168.98446891725482
168.99939437217736
168.9928609870119
168.9765062762304
168.96304661430597
168.9729371189965
169.00051573897133
169.0183866976368
169.03812099626754
169.070374091174
169.07940067586853
169.05143687522437
168.9623945896817
168.8109297665011
168.65217476344884
168.48859748709307
168.308437467813
168.11905814198207
167.89695914150968
167.68562253509458
167.55165325950034
167.46502697043772
167.43232263375822
167.46320599329113
167.52160375174503
167.57989169531754
167.64117752612128
167.70412510816095
167.77852368690827
167.89888477231335
168.05487715982756
168.22694959790599
168.39803238327107
168.5630784679602
168.73967135384063
168.93984390882596
169.15882612960306
169.40117312097632
169.65634550999044
169.90192668609055
170.12547387643028
170.3154417078164
170.47760112935745
170.61992989786833
170.76714253856062
170.94974166109674
171.11800256493515
171.20368461704393
171.23413419538318
171.2583954209622
171.201649183614
171.01302508651816
170.76704952138533
170.52816412237325
170.32537579321945
170.1457086110215
170.01209787907567
169.98964855244338
170.01144249659774
169.97527421571894
169.9005672450867
169.84568923457698
169.83406523073546
169.86793391133318
169.92143373359045
169.96865328849802
170.02521641480703
170.09354135163483
170.17230615669234
170.25173726145124
170.3449512593924
170.50260380197062
170.73155991022213
170.97060462012223
171.19596090646934
171.4088643016268
171.56254652885835
171.6212857003549
171.6030105339413
171.53879726880993
171.43085327471675
171.24885497197855
171.00941681691663
170.7476821234053
170.485590995071
170.29990038242602
170.22547187936016
170.20481811302713
170.23989971900602
170.3422094739723
170.46354976824134
170.5866830434775
170.6817245560824
170.7107753476726
170.7108135148709
170.73155297516365
170.7519212641392
170.73751091888442
170.67665707758297
170.61407063164768
170.552448721939
170.48024442875322
170.45826146928744
170.45564655379695
170.4144688962649
170.41594395344663
170.445451433733
170.44495511219634
170.43499333187546
170.37338305771516
170.23998967677335
170.10032340075537
169.96276931333074
169.84316130431642
169.75048773253263
169.64883652272368
169.53428031869757
169.37410050892314
169.1211033512506
168.84672994432694
168.62922211113826
168.47485646046744
168.40974051210094
168.4113951923243
168.4271838584345
168.476711636863
168.54804522855392
168.5628271881296
168.51126836777175
168.4071465436685
168.2478481691901
168.12565596401595
168.10792165024662
168.18636390133338
168.37016950951613
168.6223834834119
168.87008542579542
169.06690086145824
168.98349251753655
168.15704606679495
166.10976882950777
162.7936115599281
159.54515170449702