0.0
0.0
0.0
0.0
0.0
0.0
0.0
0.0
0.0
0.0
0.0
408.4139784909698
420.1167991714378
417.54233302108446
411.44620750506755
414.0138810048795
416.7455468068287
406.60599733352785
379.88602689415313
347.6835933648756
325.8202159985722
316.5909014986781
315.5633486445571
317.9858050677327
320.8059840584393
322.9712349072972
324.43978098429085
325.5437755978726
326.6554799381319
327.7879162236858
328.76446207056574
329.62013810941767
330.4741182348843
331.3328202480879
332.133253667586
332.9442805669995
333.8676999291421
334.98685042550335
336.37310952434643
337.96370727257585
339.57802295197877
341.0120392418463
342.1306667628964
342.9015146634389
343.39617413296054
343.73969038708185
343.9891363955473
344.1685575101195
344.29701669298447
344.3990995973822
344.4202992485913
344.2900102822018
343.9931880662411
343.48429287904565
342.7756475950824
341.96419999529434
341.198930243877
340.5948939908578
340.177674708073
339.9026738222551
339.66570444114484
339.4102908693155
339.17455274991005
339.0775276344925
339.085690900888
338.93032608935664
338.5293082571818
338.08192518552295
337.7497034236487
337.6313264945357
337.73031433940326
337.9755054542462
338.2573408969269
338.43854001133144
338.4423214924425
338.2578428647815
338.0069132471843
337.8451390817747
337.84010188271276
337.91858083921056
337.93892251597646
337.8001080429765
337.59683073458336
337.4431091530005
337.3892496688965
337.48802883898645
337.7806865577393
338.2325330471401
338.7068916512064
339.0778227367376
339.39819684275915
339.68673979358704
339.9184071641646
340.03215306178237
340.0100804776017
339.9091879771303
339.8538964076974
339.915869722886
340.05075123140807
340.2933406654523
340.60583353632524
340.9222940466237
341.2578075360882
341.65013461040934
342.08308667212646
342.49555533290226
342.81669525295877
343.01703394012816
343.12109940255846
343.1994185681427
343.2889512958702
343.3524636443747
343.32261816248854
343.1602443505805
342.86174395964156
342.54201085932755
342.3135800220442
342.1728235525434
342.09175638296085
342.0837890904413
342.1592758191176
342.23430394326635
342.21556538135303
342.0317842953845
341.70436455777354
341.37843291059
341.1368200828634
340.9950613754713
340.9123034798709
340.89424149135635
340.95673631453155
341.02482404291914
341.02786277058453
341.03502981227984
341.1137718483643
341.33092640475655
341.6648854021517
342.0189877296649
342.2359441959029
342.21734205575456
342.0262562292223
341.79472555559084
341.6611395542735
341.6428912919439
341.6079172785221
341.4689112656354
341.26212037258085
341.0533406706863
340.9461550179259
340.9885635167517
341.1058631886712
341.12289741004855
340.95610248080266
340.6768679287465
340.41848818360705
340.22741821337047
340.1241310482043
340.0979574269964
340.11086383683363
340.1479027277385
340.2141968018538
340.27894563258593
340.2925943050195
340.28361168794333
340.35591071936335
340.53892065903557
340.7789308287432
340.97193358081415
341.12528609110603
341.33899273958167
341.63952892243617
342.0569716813188
342.56393511889235
343.0427146488678
343.40624156325464
343.6808471944688
343.9231814477253
344.16506585673005
344.45027884064774
344.8156405905197
345.22695221536594
345.6196571336179
345.8991796477773
346.0950772678661
346.2426754588186
346.33066768946503
346.3095702017246
346.1520602458083
345.8454864817378
345.29191235069425
344.29687352421047
342.65916287765424
340.21108319456835
336.7852584657194
332.28748679095116
326.6456367968209
319.6986558463093
311.1025984957271
300.62286730874996
288.720006291671
275.84280209169214
262.252379422907
248.4386226939767
234.35567850797224
220.97641059285095
210.1745740438576
201.80279649154082
194.7164813738281
188.72315755083184
183.89680516630693
180.36433298390557
177.97814845361057
176.4262800364079
175.08654162691116
173.63013693433896
172.41051128558658
171.82673797506138
171.76680824196444
171.80139293066424
171.70164467712846
171.52490556640063
171.25452066816845
170.97417932473562
170.8591642797357
170.92442960777163
171.2452078725541
171.6711685000395
172.0332810639007
172.28595184674847
172.40041099300018
172.43009832800567
172.45182569267968
172.4462467316777
172.40365900780395
172.3491244603475
172.2501119686068
172.1394929956739
172.04793450769338
171.8548092626685
171.5532017769598
171.22767598896294
170.90738287237653
170.6829296015044
170.59003135171605
170.55101986026736
170.57841933275978
170.7801207008123
171.10324392311435
171.42729087818304
171.66211362745508
171.78033618810906
171.8818679257108
172.09961841063924
172.41831146330043
172.7372230389999
172.9839655589107
173.19196211787363
173.41757159227973
173.7254495070885
174.07647451693998
174.3705222973433
174.5640578243118
174.67417258761924
174.73637630515557
174.8006644224639
174.90532024390583
175.04361453623864
175.16631526538416
175.25416738749553
175.32478110687993
175.32139471031604
175.19650970780964
175.02486300470912
174.86083384391665
174.68582739276206
174.45269814392236
174.13339538685233
173.77639599352844
173.42676647773214
173.1537400307913
173.0025076604163
172.95303375219748
172.94583207472115
172.96144257633503
172.98233354322514
172.95044894321046
172.8581741792044
172.71094746364224
172.5521083889767
172.43881654903743
172.34543072157743
172.26905684127144
172.2368896764958
172.271555184561
172.37463637039664
172.50456919796687
172.63604235805226
172.76868119623634
172.9113050417589
173.06054866658644
173.2030776326685
173.34474161918365
173.4479891396097
173.4524159333348
173.36355823474366
173.25353719954936
173.13006406684724
172.9774009826839
172.81648354802013
172.62466239230963
172.40115620274005
172.17216940534976
171.95834377280502
171.7967936063053
171.73385827407236
171.7163986852561
171.6747212945402
171.61639442934683
171.6327753023542
171.77707758133113
171.9767776471383
172.1604329853985
172.2889439460307
172.32160089432833
172.30258488626532
172.28418468281873
172.26124519469843
172.24218607027888
172.22655212518248
172.19818446369055
172.1936777124044
172.22330107904784
172.28800082069276
172.43374509797366
172.6415542573231
172.85715901699535
173.04476962470488
173.16772079237035
173.23050888125712
173.23897714493597
173.18167201237526
173.06356852387697
172.90912856085563
172.76998649035704
172.68709438852937
172.6365677874082
172.60648116783216
172.61001766309732
172.63052916939753
172.64121094458136
172.61526730687916
172.57800945817206
172.601912102345
172.68484566508707
172.81242016003398
172.93992578050617
173.04692551720206
173.16360919031075
173.26968927532124
173.37148153287512
173.50899363361165
173.67400653564474
173.85526208010896
174.0426166560345
174.18601103765218
174.26850519440268
174.2870183661493
174.2161428432609
174.08220438789047
173.9116743340437
173.7237809869837
173.5592721174746
173.42872615222615
173.30099185136524
173.14581905862264
172.97109477084064
172.8579374084574
172.82751784265696
172.84819691513022
172.91652471076213
172.9874617189428
173.02991122176863
173.07857335415346
173.12077965894153
173.1885840933106
173.32992926406624
173.49201595672574
173.6630577058989
173.83274301801345
173.96656608160316
174.05600809602714
174.10735076807885
174.13068272317312
174.1640075314977
174.1930226344669
174.14968840015453
173.9394756568479
173.4040302046723
172.4626920520171
171.22441270120942
170.22074636198334