0.0
0.0
0.0
0.0
0.0
504.7847729022586
475.8610565980749
446.44003794976226
412.9378339581182
377.40666966514897
347.56146004103334
327.43632988360275
315.58546922751685
309.6022307123826
307.51801133998583
307.6918209783091
308.9964217167641
310.61833026656814
312.17050456619063
313.6991743962225
315.09797626815447
316.1210396201467
316.7195598918217
317.11609952129396
317.6794167970765
318.5681554799993
319.8120753515379
321.3431241260413
323.04400843232236
324.82755019356
326.5926021462891
328.3333955733937
330.0558757407646
331.68781100496795
333.08216214525885
334.14445496247055
334.9831718214772
335.7721654963356
336.53860085370513
337.2190177504709
337.77210979681433
338.1984467450924
338.51243119594085
338.7090303398736
338.7018103624587
338.4924062874476
338.2110631474547
338.0274293519202
338.0016435911409
338.04767498917306
338.06706689582086
337.9885018796263
337.85684871673743
337.6657072472774
337.4088496826263
337.14887966990455
336.9732529415197
336.9251715025052
337.0137630764808
337.2396746982825
337.5000344320422
337.72319302614454
337.8566838639323
337.93531421730364
338.09088769069024
338.3894841959963
338.79458026374346
339.25483611494366
339.7473683147485
340.2713351424982
340.73326103136384
341.02257073938983
341.14607916872916
341.09236187557053
340.9189257536256
340.8015714729522
340.85929784758326
341.0779883462403
341.3469965431422
341.5741853640201
341.7068003181885
341.77499374798043
341.89753169539307
342.0522671759626
342.1738638265182
342.2899654921553
342.43957972748063
342.65485174212625
342.96239124437676
343.20268585383076
343.30983836020124
343.4122022220713
343.5228203607682
343.627761228501
343.67801047357284
343.6691169882695
343.6641414714878
343.7454363626743
343.90499128785785
344.18650446018125
344.5612024143626
344.8622069582073
345.0194299846911
345.1140575172944
345.23758126386355
345.3094260544043
345.09906124786846
344.636363383126
344.19111293610473
343.92349393950263
343.85334722893214
343.92053022795926
344.0269457026781
344.15667847632614
344.3570109630062
344.6438267438531
344.94819738873605
345.220122638813
345.5041653769773
345.8048253046434
346.0476250441036
346.08382363838456
345.81007282780286
345.3533388526597
344.97354977039913
344.78224761401884
344.6493296212783
344.47817497066967
344.2867720809763
344.09388922604853
343.87827952944
343.66276648394864
343.4829306929722
343.3039519984617
343.03761874083204
342.70018999471023
342.3184024298169
341.92176923703346
341.6072412630524
341.43154206439687
341.3806239785729
341.35960416417595
341.3175131003182
341.25543155253564
341.14726493183457
340.94319353540607
340.7097215089467
340.58119895457554
340.6081835296286
340.72251514954553
340.84060137144866
340.92163839496544
341.02890894554645
341.23300445086426
341.57447493305324
341.9584939874405
342.2794858827443
342.4797646020509
342.5221207786
342.4556100460951
342.37894429957294
342.3784361608943
342.4743872890472
342.69937433209265
343.0057594438358
343.345741472358
343.6780428710957
344.01023414265217
344.3544950332516
344.66638738574846
344.86645835907126
344.95330643751765
344.9397907909323
344.80907095148154
344.7149698160726
344.72819310472084
344.8431871815452
345.132244933768
345.5893170501066
346.1908587033082
346.92227999766044
347.6607487363474
348.24742191203285
348.54324801495204
348.53234521361924
348.28259065190014
347.8487498208408
347.3210972603078
346.75969559368826
346.2236334468577
345.7711501011452
345.3857363104854
345.02592153514985
344.7389801411988
344.5318695669326
344.24770515357244
343.75458116682853
343.06699663153904
342.19180047891626
341.04024551375574
339.44514079105465
337.33094135999943
334.54908431037
330.99866305076006
326.5921662785959
321.28962746850283
315.08291389911506
307.79502199576825
299.19907959982856
289.3185661003288
278.08165134512655
265.21127258683
250.98100239046317
236.45389228223667
223.697042481634
214.04168284729755
206.9249753167194
201.38045225671812
197.1665441452692
193.84064070546395
191.14036531385557
189.06691104924954
187.5109600219405
186.31357006394606
185.28587044159917
184.30112692594886
183.39096467568748
182.58363988702212
181.9206427981484
181.4306983704984
181.05457187477003
180.6458479670207
180.11848315423424
179.56468276280876
179.0508756294915
178.47432688252627
177.78186514979012
177.0395093654264
176.36687710997327
175.83572289803124
175.3797532265972
174.83298802070726
174.15704077230035
173.50126818403618
172.9824200504486
172.58608264225285
172.34293037588657
172.1521385922902
171.85970908995446
171.50549428198192
171.22854716597257
171.06637614672022
170.9300894857617
170.68931421429298
170.36514140793003
170.08446568481966
169.84051941794948
169.603473533324
169.4681470222389
169.40099277180144
169.35431507635064
169.29752566180065
169.21109469321323
169.13577537237487
169.09262674415734
169.0919234187387
169.14768514769978
169.22159025016535
169.29800635622638
169.4200046763388
169.59702529666782
169.74237600488593
169.79217248012296
169.80185689470738
169.81752809353617
169.81929318684843
169.8309081709814
169.85893415904388
169.81937524250458
169.7673424223765
169.7554610284671
169.7462306019325
169.7142661637952
169.6249904886599
169.4628679251448
169.30488953799858
169.28002659725706
169.33225921994426
169.3089374918365
169.2433000508222
169.28126579684175
169.38858182854477
169.38640126790145
169.16650521689886
168.91223151758822
168.83602936414894
168.9101900430108
169.08550672388824
169.24204748420226
169.24190834951926
169.20893810110044
169.26357321131167
169.30135693576503
169.27221516372632
169.23256002424677
169.19328001639235
169.1230247490682
169.05507309837895
169.03574402618094
169.00785789765337
168.9461430720981
168.9123905369488
168.84557860381767
168.73118861898587
168.63967431505927
168.57462094313195
168.52866842817244
168.51584435467336
168.57298712550337
168.6487544693102
168.71193209821936
168.81714295851032
169.00099281928502
169.22554748646502
169.36572587704566
169.48329624081393
169.59210501944918
169.6477229860911
169.716062465147
169.81197379145954
169.92243935097213
169.93091031403785
169.91511157673236
169.9492704305774
169.9932345805386
170.08154828217488
170.20991428187818
170.32433092169936
170.41363061314377
170.4078078564876
170.31835816969223
170.28159523590548
170.27329512406834
170.17034194061443
169.97688758689821
169.74744402468522
169.6197650706319
169.65625820775838
169.74775384475166
169.79794556398093
169.74996805291124
169.6207855427828
169.38303714375854
169.13838276008892
168.93515424012307
168.6193599725003
168.29400115187354
168.11343311753157
168.07570330845562
168.09661909113842
168.13223513156814
168.1614447343289
168.14787704665048
168.15945681190757
168.25762701016717
168.3357481771041
168.32430975845023
168.2214846694098
167.9948324323477
167.7266558867667
167.52602631669723
167.40346505189086
167.32120885228844
167.24780849028892
167.19201852948316
167.19043696434372
167.27227979488617
167.43252730651588
167.61996363399007
167.7951950040923
168.00122075370425
168.27977350609422
168.54016891446014
168.82747167018272
169.31781248338734
170.00349587112316
170.77459391551142
171.63058880295245
172.50805209391584
173.29382577870143
173.9237240030608
174.39202163779132
174.71235468091515
174.91833884093256
175.0888411260418
175.19422143990215
175.08155804731473
174.57256329903018
173.32767992815997
171.1511154387692
168.74057745164487