0.0
0.0
0.0
0.0
0.0
0.0
0.0
348.4569104966208
374.35268968704685
391.38267102038253
386.37337795119305
364.19873534348255
340.590689189069
324.9013235527505
317.5096377720479
315.30439091876235
315.23740589237707
315.74032222600624
316.5470380773595
317.5502139150741
318.3911495459214
319.1266449154186
320.0230250994407
321.14418463984515
322.40373147971144
323.76661240675037
325.2582134299838
326.9068970557934
328.632941926827
330.35731298939277
332.0563960743708
333.81954217956775
335.6254133720444
337.28069308151373
338.57694707613234
339.4152787463433
339.8043537240992
339.8358620920052
339.651120119501
339.35050370556326
339.0320672326921
338.8364431810923
338.8171401452216
338.86646081932827
338.8493249798261
338.6475686466882
338.2495475204969
337.7939083177001
337.48920600657107
337.4831375054755
337.7309589320207
338.1012264956736
338.4927968609352
338.83028556800195
339.11424297714115
339.34632526159317
339.50277139926385
339.5675498571899
339.48015300008103
339.1523719511441
338.6598121692538
338.1455144948032
337.71791159301296
337.4614042157413
337.39073766599086
337.4930128955708
337.7112879607921
337.933189206297
338.1078518099345
338.2148259110828
338.25930582139057
338.2806780491369
338.2831828810702
338.231119885071
338.0805064970908
337.83498499894694
337.6101648489264
337.5181348396954
337.59482980298566
337.8708719426753
338.2821241803795
338.6777301197968
338.9773162438971
339.2343994423795
339.58981282326863
340.05105041224886
340.4738634676304
340.7361158104505
340.81622913789863
340.8183259943694
340.85258055823965
340.968992701287
341.2077167758401
341.56003299683715
341.9121952556331
342.1204088962294
342.13842260326817
342.03140064760356
341.8659770235953
341.73647357534475
341.7204542557929
341.8367380494286
342.01990073355483
342.17341175578235
342.21059963773234
342.11003686820493
341.887802424709
341.53451055915207
341.1269857843773
340.81126924646566
340.6189904360414
340.48574652199227
340.3633520064062
340.2540796775059
340.21750208047786
340.25690767200473
340.3033437282802
340.30415144123265
340.2393150689219
340.1549054451732
340.11372752917373
340.0943528059471
340.0198998277608
339.84635732357464
339.6176962688064
339.40373672273495
339.21324943840773
339.04406028919504
338.8907860652303
338.7801019159218
338.7839241141325
338.94761796975513
339.2783523711704
339.7198548022602
340.1477424395358
340.45333640671606
340.602039561247
340.64125344971103
340.6585811521676
340.7157953578496
340.8351794900385
341.0038610634427
341.21417144261716
341.5169898848629
341.99591904949637
342.6610745780083
343.41063177681167
344.09348926343284
344.5762697948338
344.8101018816502
344.81069304063413
344.65864134849795
344.4019634732819
344.11616516060235
343.88044852139615
343.7308828435854
343.64043244215316
343.53784151534967
343.34038502180323
342.9985398115908
342.58615986713096
342.2330976318043
342.00619513764997
341.8672064950947
341.73845335994656
341.61074095284187
341.5263336612662
341.48994566172564
341.4988075315474
341.5333604365687
341.5618352617558
341.57117856356115
341.5280605807483
341.4084145694763
341.2346717766263
341.0431283002651
340.8864339559751
340.824170248855
340.8903668667346
341.09091663864933
341.36900778905135
341.6081477759874
341.7345125770602
341.7111946116768
341.54645081690376
341.3222574415049
341.10047723298777
340.92646067328496
340.857466334872
340.9067975626191
340.9977197768809
340.97339615298745
340.6514327016086
339.93392588838253
338.8580253570804
337.44021577550484
335.56775081297593
333.0792661494521
329.8399952549395
325.6394473367577
320.2020951572638
313.29161229482787
304.9780500666642
295.6813068076355
285.7299134413795
275.10423051986766
263.8905550352182
252.63845832603317
241.61815098437197
231.7632324746861
223.97620525495267
217.86381883694378
212.3959613677415
207.18453480139945
202.29734355034208
197.73283124680017
193.35842013854773
189.2001186870378
185.62685988929815
182.86719852720046
180.74673949841224
178.89068909680057
177.01434242460212
175.1642704174647
173.55785910773966
172.30603621886158
171.3881845349279
170.65372851798008
169.98982047361815
169.4601476583777
169.21471500765557
169.32130352797853
169.70843257418105
170.26694843923266
170.88794818329322
171.43615409089614
171.7992472764123
171.93407708042622
171.8554982033431
171.65999824660514
171.41931707065476
171.1685970606179
170.99192568123502
170.91390575968413
170.89740981009874
170.89861087575466
170.83234429263797
170.69575612561255
170.5984883745325
170.55522441279055
170.53193729211347
170.4930022777488
170.38252547992812
170.2417295591485
170.1833707675904
170.20381687438586
170.25478405365973
170.3545827905595
170.47246475579863
170.6144885595278
170.82682430484425
171.09097037878666
171.37849119116976
171.67989170820428
171.98391238186878
172.28275626302553
172.62498687077021
173.03669699460954
173.49768164065074
173.95895497522383
174.4188690011045
174.83227983064845
175.15449188621332
175.42011860022131
175.6437913927714
175.80304912017223
175.90129148809623
175.95949466220702
175.96978178393238
175.89043490832861
175.73791268817368
175.5559943466555
175.3493038387764
175.15929991507178
175.00955832979128
174.84901482970258
174.65790591324844
174.44557160216874
174.2159205054992
173.99961556595494
173.75455155641865
173.48380119677043
173.25067808972565
173.0659340263457
172.95969377723256
172.9393413161365
172.9262702897864
172.8841382170476
172.79578088033168
172.67193894422624
172.51989048324702
172.30440351017998
172.0614475943514
171.81248405997258
171.5636774736882
171.41499106831313
171.35623200653689
171.3276755587305
171.35632348044254
171.4379546900695
171.5602006852072
171.76085333797818
172.00575978247693
172.2218522892006
172.4015771792449
172.55987149783513
172.72986703951625
172.95522904322942
173.19316025198697
173.38253846521016
173.47975016924923
173.47472089290716
173.39564149376608
173.21089022117528
172.930882313041
172.64510442922645
172.3622824900852
172.11324043848893
171.9170270205733
171.7310422036374
171.5462816539517
171.34719642358712
171.1108374084267
170.87438893665677
170.70409262820905
170.6395457244511
170.68832808986025
170.79853801990032
170.93757906215586
171.0988816711368
171.2582315234205
171.43321377317892
171.61289606662305
171.75336291521788
171.8824273112293
172.00254435099066
172.0747235451515
172.09034857307353
172.06633663579308
172.05815858958005
172.09693887508476
172.1645150932508
172.22699804969477
172.28856343625188
172.34138406172877
172.38241425635846
172.4652253565328
172.56970106167566
172.67639507271156
172.7741714873034
172.84922632146768
172.95115459956185
173.11111595911098
173.30773567751373
173.55446149998238
173.81411106522808
173.99168182862795
174.01080466430105
173.8346132061191
173.52657107728126
173.15227820548168
172.74256957657462
172.33841069262553
171.97562303865308
171.7157318954911
171.60448110911148
171.59795774900516
171.6801192596937
171.80684012823536
171.91924865482292
172.04346339297194
172.12783356536207
172.1057897073732
171.9565485634073
171.64332760773513
171.29647083506222
171.04958996353807
170.89505444453346
170.87369982467612
171.03587074950272
171.28574101623815
171.60539101655723
172.02619671956023
172.49109776164283
172.98928680936046
173.55392120806806
174.07064004127847
174.14227212130254
173.1202426452209
170.805393952072
168.2678254600379