0.0
0.0
0.0
0.0
224.61714990062146
228.9923651506494
233.85813143765978
237.03153152256783
238.36123391574193
238.81690380564146
238.76507021017383
235.7464702028759
228.66389973622748
222.53052700724436
219.72219801389684
219.31638502480772
220.09005291627935
221.21683285982104
222.1993609108358
222.779345085458
222.89186205577823
222.5700294759944
221.934884809322
221.23576793499595
220.53632810411506
219.73798341636623
218.712072327746
217.4144690666938
215.89720948243823
214.2908796723704
212.7332662499789
211.23944019999888
209.92400382776702
208.9572861319636
208.36723239497573
208.03349723486684
207.85420985145026
207.74595187821228
207.612021509221
207.45601819311884
207.4171542888669
207.57142886263267
207.90134018266963
208.36268831352572
208.8493918535181
209.31408947013514
209.7779435413031
210.28527872128313
210.7546031995406
211.04340915007262
211.22037108156223
211.43356472053046
211.73302263691355
212.05565229497722
212.4023060917856
212.81137026168784
213.2421108491313
213.6337532206158
213.9800534726378
214.256020437776
214.45591515499927
214.62262731703527
214.83973569152514
215.16570155255732
215.56834210225435
215.94448485275666
216.18779796416635
216.27801052425727
216.2614736852599
216.23077058223032
216.18739831229303
216.06519896487995
215.79336549515824
215.43599798119914
215.1352045136684
214.96253150001482
214.88948091445508
214.94000909585682
215.09750337839426
215.30803495427028
215.53267343658044
215.80271786345423
216.0816417084917
216.27018442715843
216.39345520868812
216.39426078794156
216.23541712258915
215.94571052447264
215.61692919157016
215.3419541561446
215.205613987817
215.193375407796
215.20220922512902
215.17151830017167
215.07433701175125
214.96371021770676
214.91373158610511
214.90748715246767
214.90846687896817
214.99079236104623
215.14968125373287
215.34617072102975
215.55767070576428
215.74557689281528
215.87923423772975
215.98662649722567
216.05313278603379
216.03093534898414
215.96616834547615
215.87919861435327
215.7572159773157
215.600219288039
215.41448950854792
215.15984864684404
214.93308523188642
214.82199445482377
214.83828784638007
214.8994836552475
214.97976333535837
215.12625862344547
215.37125384986223
215.6530837567963
215.87091825945845
216.01039266959947
216.07658117444754
216.1242436751359
216.15356268708433
216.24889676237558
216.4631968436908
216.76682763898202
217.03950117048754
217.18378459392937
217.20131729065213
217.1795526830044
217.17907331709236
217.13101932554792
217.05854035912682
216.96400473406976
216.8948978695883
216.84999826612045
216.84372874400003
216.84571948553463
216.86501868542751
216.89568199266267
216.8846615350641
216.83854029278925
216.82991305711272
216.87408548677047
216.91571338269307
216.96330157165957
217.01517501780663
217.0763445550323
217.08438240576348
217.01885210029886
216.90513707164737
216.7689429021812
216.6170677708943
216.45095201689557
216.32234646470903
216.29897804732954
216.4168629601251
216.60139543411557
216.79027924436093
216.9587865473229
217.0711821836997
217.12788503225946
217.15683315428942
217.20575282942846
217.2789373608818
217.371675263412
217.4604152261295
217.51498254572638
217.5552270882116
217.57500996169244
217.61984841833174
217.7006337080088
217.78618475204212
217.78474650378098
217.71576221384285
217.59689871763857
217.44730594822016
217.25077353873553
217.06330519431623
216.96737424142805
216.9551277746216
216.89519036583837
216.74517020798456
216.53634625103848
216.24778132941955
215.8256097236831
215.27183769147183
214.60171936822948
213.77934674105146
212.73912937422085
211.4815021785791
209.94638743725383
208.01837657144216
205.6545815720017
202.89904138017377
199.84473425599776
196.64572569891772
193.31360342033318
189.83939638895276
186.36430747677306
183.07796618439292
180.031132926524
177.3589773819371
175.25106589077203
173.6958230469396
172.51370744979226
171.51473701191196
170.6395756532254
169.9566540035646
169.51850528604166
169.27682092803815
169.24975814737877
169.39070588820886
169.62269627901844
169.91645423005997
170.21760288270278
170.57545772582998
171.0148439209559
171.45717429955724
171.821979323503
172.1292282812397
172.3876505630213
172.55404432870853
172.60846061156406
172.48996760043065
172.20795258272733
171.89775245600958
171.69763010427042
171.65317951816303
171.7151531042517
171.8074513051083
171.88497641559317
171.91735864544842
171.8793100739648
171.80113070281385
171.73221048110352
171.65170834530468
171.50933313239693
171.29006894622802
171.0664741010166
170.90196930757145
170.78487794886598
170.72740068191482
170.77897045297033
170.92231091739222
171.09990620213523
171.24209986843363
171.3206596956815
171.33328331846081
171.28363621641984
171.24174277310436
171.2535211001092
171.27453229334742
171.27556499731133
171.26361174220756
171.23495530631953
171.21264602881712
171.22982207740773
171.26379706790695
171.26268285714687
171.22935946256555
171.19811301226363
171.18040257091715
171.14537981705897
171.05103236734453
170.90992865966462
170.76092851319032
170.65483211864654
170.63355876656954
170.63933026639052
170.5805727795515
170.43458317623862
170.22509300216433
170.01204855097362
169.83646052628404
169.7248868096078
169.6853864895844
169.6573778211789
169.59335552198434
169.51009707655544
169.3772275056804
169.1816168346511
168.96863140888732
168.74773990023306
168.54931664730552
168.45794820255458
168.5042482263942
168.65931883981065
168.85462271138275
169.00815522866648
169.10150363149566
169.1581553026764
169.17316675304357
169.15290256350005
169.13811743720072
169.14550906108047
169.17202735421225
169.21596348927002
169.24991494179213
169.29775870203406
169.38114288090452
169.47601010994066
169.55102938769727
169.57126556209312
169.53436802047267
169.5197930887701
169.55254596951053
169.61860054998263
169.71797224632746
169.81088733538027
169.8600626903919
169.89914972824073
169.9748460209474
170.07493324691723
170.17742590301035
170.28456415228825
170.4145166207308
170.55201656797598
170.63022356236405
170.618052661351
170.53591103597427
170.42450947180595
170.3255050911787
170.23961393693423
170.13496038084125
169.99338225740757
169.8378235054099
169.6798246950346
169.55574338462873
169.51292699516642
169.57199717217918
169.73266984962015
169.90619357659259
170.04978887308414
170.1493303982542
170.1736356578813
170.1627631094536
170.18398282945378
170.21676405121934
170.22443425813557
170.18643093680396
170.12602094942847
170.04864657052485
169.92704718192948
169.78406573904192
169.6262171157038
169.4802649423471
169.3465316319106
169.2132290656172
169.09219134490394
168.9597751809626
168.79965764163487
168.64222119821238
168.5175637310307
168.47215516827876
168.54419244303307
168.68887343864336
168.81693801157985
168.8793627378999
168.92211907871075
168.9771211936314
169.04034554179214
169.15478408212198
169.37785101739803
169.64744676508886
169.83838422556872
169.89351537148892
169.88630579620312
169.9721916474067
170.24467092238459
170.67115688154172
171.17724486574764
171.67764585848306
172.11794747730661
172.49024470639978
172.80048150972863
173.08465153741562
173.3488681908055
173.52716793659377
173.57460014633116
173.51634815112374
173.43610395620064
173.3908935145663
173.37467059867097
173.37719384619737
173.29330811895548
173.10778344956123
172.90596945862143
172.78264485565603
172.78071241069145
172.91177820992132
173.01681080007904
172.58614366388395
171.0727860894856
168.3824949448202
164.86238995164956
161.4955410639263