214.07832676020723
211.11844032480468
207.44969440400268
203.77868858685352
201.16647664617537
200.18102683237282
200.51978435391732
201.34809743993435
201.95158698362164
202.1120836123548
202.08501428790524
202.3035982654264
202.89051496982788
203.67683132345564
204.40071755805218
205.10747934305368
205.9366072239639
206.84191129557058
207.7638745802716
208.57158031751032
209.18860683921562
209.73151610659374
210.3020108675703
210.90384480280218
211.5795708381069
212.34816509491625
213.12411240437373
213.79785082508366
214.34198519454085
214.8505900905924
215.39678457643546
215.97916872226995
216.58940189876276
217.2215874330445
217.85937600276006
218.46177319218754
218.97865829981322
219.38864383411132
219.6475089395741
219.71926385990565
219.61300772676736
219.39500372244686
219.10878693522034
218.7954943012487
218.50145861691036
218.16622787945818
217.65963387889872
216.95324624701294
216.15943318679103
215.47930148785142
215.05610985550032
214.87056041581351
214.80109470166954
214.77208431807816
214.74092180236278
214.66545645969163
214.53205274526778
214.38569171255696
214.27384437497525
214.22070672254347
214.2381805055572
214.314769678356
214.4261690985563
214.51123698437365
214.47345602348605
214.31935763215353
214.10849592841458
213.8784016406275
213.66278605207845
213.4557454951507
213.2151490321891
212.94275534692864
212.71187305719693
212.59949193118132
212.5535604590222
212.4538511447283
212.2610316619898
211.9996339578131
211.75207657326902
211.55038983534712
211.35968283928466
211.19579868182228
211.08465625354526
210.96359180814153
210.80175016958916
210.6101839542769
210.4271347599901
210.22971194927734
210.0706135046844
209.9889805975351
209.93187226315428
209.87136419311628
209.81366804713502
209.82198015287918
209.9213310652105
210.06146206474523
210.18978989895055
210.3154618920212
210.40505283049367
210.436854394957
210.4301055820104
210.43538959727502
210.529799063887
210.69830570695746
210.8229877807532
210.8649739502324
210.90276573859282
210.94469804202322
210.8940894559915
210.751891217737
210.61848797528506
210.5717405084696
210.61992473488806
210.73904641462772
210.89305993732825
211.0767369188504
211.25787813198053
211.36337586498433
211.41809116986354
211.4844750578197
211.5870179227
211.70101686005876
211.8052828158086
211.90916685620317
212.0093235758798
212.16129478029242
212.38717045870038
212.6731130432103
213.0064099029489
213.31342908848782
213.60821529264396
213.913562642019
214.16442651168774
214.28326556552207
214.26089705879693
214.1295568567877
213.95470054895713
213.82804265494795
213.85192164292357
213.9615130915572
214.10065194581776
214.29495882675369
214.57044179980716
214.93327833305744
215.30046629138008
215.59534018279936
215.79741318230356
215.92879377407658
215.99810006268984
215.9461142148869
215.7596738548517
215.53610375443054
215.3610720027997
215.3015996184776
215.33223508611587
215.40108498171924
215.48371233926343
215.5146319600372
215.46412553941607
215.35350300031644
215.22306836244903
215.11586059438432
215.02958113196584
214.9255890376893
214.79865524691388
214.61791491483245
214.362172509875
214.09751532013345
213.85255673121532
213.66036377037648
213.5172135020046
213.36320617148127
213.20478199507713
213.01348415669236
212.714645391259
212.310569461321
211.92279034477303
211.57349463322225
211.2576724444979
210.8823118576869
210.44275545055726
210.00347077398018
209.5635965519165
209.14003837458156
208.77357463038055
208.4752561595978
208.2202233064276
207.98621723230087
207.75898493774696
207.53765432014626
207.26551857178924
206.92427231190732
206.5292748126057
206.1145382255936
205.6246733040975
204.99901029427153
204.23679699371857
203.35547461256965
202.31901689542332
201.03813120222338
199.3954113912062
197.24128313815376
194.57898589757363
191.57799291640822
188.46257735762242
185.40873031196395
182.5070171238743
179.8772921287905
177.6226443159165
175.74022531471505
174.10630616898072
172.60184610278074
171.24939147203037
169.99662556438844
168.8224957208269
167.76584550703836
166.88143627572575
166.19352018732508
165.65607714451892
165.23053612024077
164.94369958967084
164.70059903078183
164.43140480400456
164.18050839231944
163.982352875964
163.88617683074702
163.87404395209592
163.877167937276
163.8652251940064
163.82959926181206
163.75594320757
163.6744242805579
163.63949278673817
163.6188015171429
163.5539397180711
163.48460214046509
163.495967874724
163.6395392872077
163.8676467199702
164.15196803757638
164.46607775860977
164.6883977178137
164.80863519685528
164.90726907933458
165.0027989538795
165.0540732361047
165.04766782997237
164.9970887985113
164.92488907015863
164.91641741474092
165.00896691116773
165.11291690120527
165.13081649625906
165.06877837898097
165.01470819384997
165.06595464243162
165.23469717443288
165.44333530135705
165.6101103667674
165.69329765111297
165.74121192618838
165.8011174373333
165.85934530694198
165.91186255045943
165.96359101988958
165.98874770904223
166.0212206715176
166.05376240112753
166.03868963969822
166.0095107749063
166.01045665239508
166.00149991429595
165.9592662653588
165.92703815245886
165.93703969911817
165.96610911338783
165.9972158491479
166.0503833466228
166.12292189699983
166.16413495529162
166.17981495337523
166.2851216978214
166.55074442726578
166.90790444768103
167.25350346504678
167.56353270521623
167.8330952751445
168.05969251110776
168.2907824178302
168.50758614614148
168.6813129452521
168.75529255598562
168.7062012470905
168.5489834715367
168.2730813738601
167.92989844336228
167.59147634184797
167.30373342802426
167.04396323700593
166.80207078523912
166.63716411294433
166.5626768605375
166.53739996095914
166.54315394240282
166.5634916687907
166.60123954966707
166.69836168181905
166.80304775050462
166.85731696395328
166.82109532767788
166.73147638130408
166.6937872830665
166.7244783857056
166.77707461251958
166.85407361810462
166.94756650254564
167.08677573153722
167.3231006228275
167.59202282425932
167.799628956976
167.95764521451284
168.07116179765745
168.17176605499662
168.34393072085152
168.60751191781324
168.93142175955634
169.24714542741512
169.52831790243886
169.76199931804805
169.93810918888715
170.03666844640588
170.01824719635664
169.9194194753052
169.8063710237189
169.7412305367973
169.72406190997714
169.72578998581974
169.75748284544008
169.83939772160244
169.97640041838582
170.20424597582945
170.55852073622032
170.99046002914443
171.39437831476758
171.70562369444647
171.93435681043172
172.1115305812093
172.2544423298578
172.35349603594918
172.4240676455626
172.45047839244907
172.38735029924837
172.2878815026629
172.16561136745563
172.01583651778952
171.8558547388933
171.67625325838657
171.48846040410197
171.3377911242313
171.22196740586892
171.1255016133032
170.96986923328916
170.7582575198697
170.5692295785031
170.43801800777914
170.38867289792898
170.38877680013036
170.3860145774273
170.3740453713123
170.36133023272683
170.34662983235242
170.34634171371349
170.37211608149178
170.3739920842098
170.38224867615165
170.4131682488512
170.42318461525048
170.40872079464066
170.37395253865753
170.29034781475048
170.20660410157123
170.18201453379598
170.20647097088548
170.24813931351565
170.3402654116807
170.5314731274581
170.81653629683765
171.2270365879508
171.73825601645345
172.30590578126674
172.94282238974336
173.67583556676783
174.47501226173586
175.13932247764438
175.29662154300468
174.91138167906624
174.32373719144454
173.6265787239689
172.62446668850782
171.3593754338696
170.17800957974123