0.0
0.0
226.64809858544095
225.0447357405822
220.24630700822382
215.7660437519511
214.43198609060516
215.0154296988103
216.1096820959279
217.21586454259784
218.22385198847158
219.0618018855131
219.70001150561356
220.14833521866663
220.49533399993464
220.8038604779573
221.05151416944602
221.27160585713816
221.56301411621052
222.03469426151864
222.68675422713386
223.3755564724734
223.9658539367972
224.34631617266675
224.44570435243878
224.2345555284896
223.72596111685147
222.987165707063
222.13708679264204
221.32521436916883
220.6515007440709
220.1704762795956
219.88873290399144
219.76269741511976
219.69747138469415
219.6688762559702
219.74974695661302
219.898305375457
220.00531681486814
220.0269461473616
219.94257912731788
219.7490588965879
219.48473606215808
219.1965159453579
218.8794818271411
218.53511130159993
218.2024039386646
217.937832107277
217.7307472894073
217.54372218070972
217.40980914117142
217.3547623863495
217.36308647697356
217.3938416051265
217.38944901343964
217.30220634399942
217.1896667871097
217.1251715691102
217.11193662782077
217.1156764787111
217.11428737572328
217.12179922936065
217.15960280854588
217.2095159811734
217.24620664773022
217.26806665987868
217.28495192800233
217.3025767408466
217.35892121415176
217.47308367957618
217.60646279532534
217.68005821632616
217.67575803290072
217.62463063179578
217.5540827295812
217.43809807878392
217.23519370931965
216.98089305794238
216.7274903084913
216.50664122921532
216.31279063014847
216.15162985395392
216.02705469184707
215.93923229424766
215.90693558315877
215.90415189068125
215.87831685784465
215.84146372491946
215.8199147628759
215.83945973287638
215.91330765971693
216.02673042316405
216.1491654032421
216.27697050747008
216.3688291227436
216.4155451837697
216.44032114823284
216.49003094060078
216.54431601208393
216.55446177985695
216.5141334251837
216.44420956144347
216.3455884627399
216.24326282524953
216.1613110745289
216.1040261025198
216.068558102696
216.03661067939814
216.00012294469116
216.0049505021104
216.08545126017864
216.210155526052
216.32447491727086
216.41266236050836
216.46800169643046
216.478354870959
216.4549716554704
216.42582384727487
216.36842520878582
216.2568113706658
216.11577224675753
215.97805051701033
215.84792149211845
215.7047534638182
215.57623872663908
215.45946909466272
215.31393010105486
215.16975907012696
215.1032161698191
215.11887040044658
215.18795017229826
215.31754099356536
215.47822153285819
215.64091349749108
215.79141519754546
215.929758577849
216.0627780569664
216.19130252795696
216.30782245315697
216.44875314626145
216.63332253443335
216.81576574918444
216.91642430583474
216.92588028600093
216.88425019094635
216.86970091363398
216.9238132581047
217.04762707612957
217.24444768046646
217.4624754355739
217.63420915750555
217.77415413943297
217.93284564546548
218.14978823896763
218.41817154943283
218.67397379824794
218.8634298365383
218.96480684797004
218.9844979820246
218.940659429202
218.8723812387327
218.80307592244142
218.74857338325307
218.74307098062803
218.78836483868108
218.88833989617353
219.02015644074754
219.11299442107128
219.14021228649764
219.09656807180414
218.9593733034106
218.69754949639022
218.33582563892736
217.96897470787547
217.68021387007124
217.46879427480255
217.3173386413544
217.21632255209803
217.13522386887672
217.07449855469895
217.05526767188385
217.07433400943535
217.0829327034491
217.02450371827123
216.89004714834562
216.7160882365243
216.51772401184138
216.26696526617212
215.93427300882615
215.50833875450942
215.0462567542395
214.6371566958619
214.25741401274848
213.81090714884203
213.2373878874639
212.4661374412392
211.43137088829621
210.10901926744853
208.4511774669889
206.33763470345679
203.68843153897973
200.54654075473047
197.07910609512322
193.54393293954698
190.0973865449012
186.79773689513272
183.74193903140898
180.8813238036736
178.06808263881618
175.2973520041519
172.77929924096117
170.72173105026974
169.18148499257666
168.12042758546457
167.28759472052633
166.44775552762667
165.71656306970496
165.32709029906584
165.276847525132
165.40816337519328
165.56014573671206
165.6986660403743
165.9482164930517
166.40380427586885
167.06034933259605
167.84023844047329
168.597589260566
169.25375029290248
169.81344173535643
170.2694763818643
170.61896053482934
170.877945778054
171.06850437175547
171.19227291827858
171.27799244125083
171.3914338719207
171.55187361939363
171.66800954353351
171.65026228854674
171.5067752488129
171.2701951324671
170.9435505334156
170.54324958982588
170.09176934755232
169.64116302767064
169.26850200149946
168.98590537042853
168.7966659851568
168.68862306340347
168.61665336272824
168.56138852857856
168.5256943150667
168.52984881610865
168.58742302329907
168.670686895569
168.73678663286512
168.79024222952475
168.84021607067524
168.86902898427752
168.9162915931988
169.04696576245198
169.25609618394054
169.52095109261916
169.7879730096385
169.96220574556804
170.04149002046114
170.06011456121723
170.0104419361446
169.90161354861374
169.78610972188778
169.71017639762331
169.68086743626404
169.67691912709319
169.70960864077847
169.79636812065613
169.9087610485698
170.01411986931237
170.10882066717366
170.19926774264675
170.2939789341718
170.3795089072299
170.43722656768296
170.49209333941835
170.58389416154102
170.73474804829027
170.9472446303338
171.18624009282127
171.41020935388437
171.61097758627534
171.7805030184895
171.89657829449942
171.9353835672432
171.90673265114572
171.85065464735754
171.77068785493248
171.66076878114308
171.5622487421377
171.49962654548548
171.45002262821862
171.39427454787202
171.29078749724093
171.12468302274476
170.93302527138889
170.76800138347824
170.6699196289589
170.63606091504732
170.63442928550614
170.6704283277218
170.72437827899307
170.75764263436875
170.80528314785272
170.90558348112515
171.04899697553475
171.223536154106
171.39315027640114
171.53956705578258
171.68071473587145
171.79628213077626
171.8661032453556
171.91849084056724
171.95705364542553
171.9333744440724
171.84498822313446
171.7192924628603
171.56072035774463
171.35706142445702
171.10026703622634
170.82602968717083
170.5870439075948
170.46822256615883
170.50786447895717
170.59906004852758
170.637732600327
170.62520248967317
170.57689877052604
170.5343510398088
170.474461761356
170.33041815022108
170.13753509979995
169.9678437353458
169.8541600730215
169.80946917213055
169.85969230250828
169.99294371158646
170.16982169130364
170.38273316079034
170.62852191995174
170.90142313785356
171.17634780739002
171.43461086958874
171.72733060035338
172.11662405284082
172.6238050967269
173.22976841639894
173.88126333719327
174.53467002900499
175.18033745036934
175.7948565539398
176.34624447966962
176.80938872278438
177.18375795166148
177.47353825340997
177.6429030902579
177.61889392712627
177.3701231714188
176.93366970079717
176.40100642610943
175.85150192160526
175.34067590246707
174.87887608060214
174.43393285835063
174.0076021787746
173.5713148290057
173.10819621274803
172.67218043691065
172.31703608623673
172.06746281302503
171.9177592599897
171.8731343424452
171.93708909817505
172.0491551181864
172.1458235918408
172.21905521693182
172.25960113355762
172.26353976942198
172.23137153575746
172.16916344882407
172.10065625540977
172.02718101774056
171.94598863544488
171.8860629412193
171.84473539882805
171.78841185888027
171.7078448075416
171.63862807976548
171.65063037327147
171.83600482919687
172.33104897475488
173.39452629997217
175.1741226028976
177.1374212399869