0.0
243.87299608582543
234.24163859609183
231.6051596104345
233.23554433909604
236.04417096838623
238.7237612423902
240.89130035904816
242.4916376997346
243.7358318712878
244.72967909457492
245.4549798424789
245.98837720696193
246.3423659383211
246.60322228590576
246.90900059515803
247.3432308698081
247.90339062839786
248.57739478390056
249.4113855587718
250.503989108109
251.6712084264466
252.77029523246355
253.8022590226151
254.76881675571082
255.62755372875176
256.36000195258055
256.89460639929496
257.16201790847435
257.1011603258098
256.73630577519646
256.231914616515
255.73179764715462
255.15849746509542
254.56393495041345
254.0590243064723
253.68709258342128
253.3625242003405
253.06044967545543
252.81234152169364
252.50973555604486
252.14029576158325
251.79326924241178
251.62725105588703
251.6880773027092
251.79065150569753
251.8267592636972
251.85190376036107
251.97959579889232
252.23790860828095
252.5653204035571
252.87882264064578
253.19367330413726
253.5308608354261
253.86409343660802
254.2702083664489
254.78897939359427
255.4199126240223
256.0533438911257
256.6535048724123
257.12568241032756
257.4206633695005
257.61343872973146
257.8056452235751
258.0485096341543
258.2276156988827
258.2054859130419
257.9456716554461
257.4646330221227
256.98650037210314
256.72824273759704
256.59178130881975
256.4780279496582
256.3935470668178
256.3518631592342
256.3965822739874
256.55582437544723
256.7827600816336
256.9528584270283
257.02639419566117
257.0050656984596
256.9932862762086
256.98598353079393
256.9568236429651
256.8932232756687
256.6918633085486
256.45991148127916
256.264803349718
256.07346284637873
255.950287473409
255.9292508899922
255.98128939358048
256.0909999576109
256.2280230095596
256.37700133231414
256.50021785977543
256.5732754864854
256.57825478950997
256.5444799755496
256.4489696485492
256.28455593462706
256.10464313356414
255.96262381736688
255.92001836788126
255.91879804767325
255.87931117726015
255.84894519804425
255.8635635061144
255.96140341148916
256.099591521875
256.3041457725687
256.62486420613925
256.95178579381724
257.2167664349242
257.3867893045584
257.4422214349362
257.3822178684381
257.195910021346
256.97198890987977
256.78981728431324
256.63328089564425
256.537814787907
256.4215388309965
256.2290887739982
255.98785223484745
255.77848919767155
255.68849145575987
255.70358044295148
255.79589536625184
255.98677633435926
256.2910703556479
256.6983585702184
257.16234760719453
257.636377493322
258.03792609228924
258.1799431485722
258.01075520786424
257.5767508338581
257.03458516681826
256.5763594512292
256.27598257160616
256.04362920157894
255.87746281658917
255.86595016205936
256.02624349825084
256.367810411987
256.9584614252551
257.70097144980673
258.40998695476674
258.93159127126233
259.22673769444145
259.2796936853879
259.1218577089296
258.8001303648782
258.41621908885907
258.0827567047662
257.8360810680008
257.64167177146385
257.5289627720528
257.57668121021544
257.85224162802706
258.3233906819395
258.9395746944862
259.62135787843204
260.229589968891
260.69894648146055
261.0356573269683
261.1441818000153
261.0054212907366
260.7107539065919
260.35852644800997
259.92862153382197
259.46102627160127
259.0745437615899
258.848546285735
258.7744952759681
258.80339309765026
258.893406857612
258.9808426214897
259.0781740787267
259.2274726298591
259.4245200645916
259.6369250123889
259.79264842684626
259.8090996704078
259.63956738539656
259.2997046478513
258.9503288780827
258.62790402754496
258.28699582786953
257.8055529315608
257.03046530710225
255.91708078408897
254.53561641643066
252.9296362739172
251.04773531644895
248.7357348323115
245.76527237677305
241.93737845776872
237.14786891503223
231.40512638789622
224.83606385504675
217.71779842721494
210.33002208176634
202.9324849037231
195.83979360130263
189.68290974324975
185.21882789026185
182.41749422624443
180.46957298480987
178.56954352406257
176.36974759116015
174.04568651754235
171.9991125558841
170.42394302589352
169.30256552001532
168.45842944862855
167.7587395745507
167.26778584532752
167.0203962714869
166.96079356427242
167.01306310271272
167.13927119353812
167.36377461867752
167.68770041155346
168.0194900992203
168.2831586372304
168.54795739854467
168.89386819916527
169.29239390052987
169.6625296035402
169.90552120871325
169.97768788251958
169.91979806528533
169.77106974577805
169.55833094049683
169.30828207254615
169.0274096591009
168.7227735216508
168.43913975104158
168.22494385497856
168.0836994911485
167.99296873394442
167.9471758372973
167.98885071018023
168.1033819772217
168.21996640017028
168.3149402585977
168.37892387688223
168.41901551132264
168.4899153391799
168.6115518985336
168.7583250966842
168.9161426162764
169.04709244299886
169.13018005432062
169.18624540613422
169.17874162504452
169.10524056829053
169.0546177549553
169.06214984972914
169.12664253039736
169.24831854097374
169.44444079954215
169.7375520397868
170.07892663834085
170.3574759537861
170.5527492035388
170.70763247162392
170.80418551873325
170.850369376189
170.873729963577
170.90044345430624
170.9360848705228
170.95981916890236
170.98523993675988
171.06704042533943
171.18644519688962
171.31654555159025
171.451026189757
171.54869551003466
171.65978955161134
171.81331654091014
171.96240560466998
172.11916757348217
172.31452951163487
172.5299637319294
172.75766925268607
172.9836948451993
173.20469399332114
173.45890612027122
173.74930986495383
174.07962075670162
174.44434312478506
174.7843535019419
175.06210253529537
175.25237692483296
175.37161971790164
175.46597427861937
175.5322542272372
175.53991690577544
175.4928063273224
175.39380768642212
175.24075991416387
175.0370596715401
174.80730683556456
174.55759140280458
174.24839339379668
173.85479171243676
173.40841591488345
172.9806664134333
172.59569810657084
172.18537756738613
171.76573308816458
171.45556405392637
171.2957212676823
171.24676743542355
171.30938676211724
171.47952778669105
171.71167478704086
171.95803638147845
172.16642167965836
172.3234269330318
172.45902015606478
172.60949680274072
172.79238793877178
172.99039216180634
173.17791614251672
173.38041340460654
173.5860717982941
173.75308173258742
173.87979215538093
173.94584584784766
173.9519603655827
173.90549501303587
173.8089991011746
173.71756010257153
173.64946036301444
173.59669216501783
173.5813654636442
173.56932346524425
173.53956639295401
173.52962079091017
173.5294691302903
173.52018111874932
173.51601971011624
173.5270348245802
173.5588421101579
173.61434913685255
173.6775858140411
173.7773769981163
173.95693113310435
174.2456921007663
174.62455490222447
175.0688189709248
175.57473956551507
176.08990932986262
176.59123395047922
177.0348994672353
177.36290135897957
177.5309986461842
177.47198546199235
177.13498421044736
176.53837006161115
175.7710196461852
174.92325801512735
173.98580043630744
172.98135355725395
172.0201354607886
171.133635412841
170.2504036549383
169.3025045308912
168.26361424887523
167.28095599404088
166.56493414603858
165.9835697678693
165.31008298839254
164.53576450675925
163.75360317383817
163.03170066458634
162.43013625131508
161.86415616177828
161.253603408049
160.6884830161925
159.98932778748951
158.8874729705152
157.67240276796483
156.60035477882695
155.4467434232991
153.9099664904284
152.30252867806323
150.86040795805616
149.4015992945065
148.47511947810645
149.08269248364752
150.33071491953382
149.1769644759612
144.1198646065336
134.93418405844685
123.07195591151046
112.56175169205329