431.29661125716456
417.11575752354946
393.8907362570185
367.9139840897337
343.8969003928429
324.68899376516345
306.4626381685638
287.7347120126852
272.99115128455946
264.4441735620716
261.0488432791793
260.16378348747816
259.88843742014785
259.37105281376284
258.3436306139141
257.10996114916566
256.1188241092234
255.5410111629128
255.5046721047973
255.8326746058063
256.3473713116123
256.91455369997385
257.37204045900455
257.74667198691867
258.0956889011318
258.3890299787045
258.5673538859992
258.6543958199031
258.77863142733037
258.9845935986846
259.192141830916
259.3229082934483
259.38674690261143
259.48162700258604
259.66144007899703
259.8915273533807
260.11899190959286
260.3184190931396
260.5524504709806
260.88714253124925
261.24104010375254
261.48374107912815
261.5798673058416
261.5600067372395
261.4966507136098
261.38747787509647
261.22768236438054
261.0235530276466
260.76140304018804
260.4387955813021
260.1080454590824
259.82618268856436
259.5062712580106
259.0917808629787
258.6339847499708
258.144309546364
257.7066389579904
257.3440702663569
257.00911711380405
256.6724348644267
256.4408561405631
256.35338261110303
256.3641944777728
256.4311437362618
256.50869503612734
256.6003428527846
256.7299631602011
256.90173916842275
257.18690577197503
257.5548308512564
257.8873319507684
258.1592893840861
258.40046494928697
258.59910329023984
258.72094580914063
258.7653188129291
258.7316359977413
258.6369734908551
258.55072415340555
258.5081294183058
258.49251094575266
258.4503403044441
258.3415072839
258.1562445604278
257.96063288573015
257.8410356464452
257.8175859777449
257.82675740077786
257.8176427156024
257.73198744070606
257.5398352955697
257.304534977617
257.1061575386401
256.96395841431945
256.8711184469393
256.8889406313935
257.08329364734305
257.3675424156954
257.6096579219244
257.9603988649128
258.48324792398927
259.0781818405229
259.6146924869666
260.0153075855525
260.32003471859616
260.61674085452637
260.87276013109397
261.04898614589126
261.12107355302913
261.08581360759354
261.00659590807965
261.0264706996661
261.31102033916943
261.8058516669321
262.3504780799773
262.75281679818397
262.8667507357628
262.75871774855835
262.5378443667268
262.245621439293
261.87228602565
261.385251926739
260.83932037378895
260.296932462977
259.73262503730945
259.1806401329731
258.7198409929525
258.38318686092276
258.1388765561084
258.0020581680622
257.9917806603719
258.1266610358407
258.283479816249
258.44709867065467
258.62560504720034
258.80037824653186
258.91821643362647
258.89991598970613
258.749758787828
258.5021773862004
258.2710762521929
258.1727269361158
258.27179900779964
258.48928533281224
258.71208037939346
258.87029866481606
258.85408630746826
258.6056294891966
258.1208809062291
257.5466423826307
257.0515861283784
256.64951263018344
256.344244243924
256.20403907462537
256.2549523314303
256.4453931544473
256.6618207724882
256.83735964489216
256.89361423205116
256.68025503831313
256.28523842569575
255.90073484814343
255.64201321756394
255.65188390514075
255.94335356744415
256.43716637664744
257.0054690389845
257.58731841704787
258.14481434209904
258.6542972466627
259.1008753490646
259.40144691450894
259.3678507008057
259.0513969498163
258.6656607863406
258.23718743988616
257.7421005413745
257.2428578820709
256.81112746527964
256.4811699395199
256.28224855118503
256.2101421670401
256.23293774683236
256.3101847780996
256.35042599377294
256.22164298831336
255.89492625276816
255.39154801101395
254.76892243190804
253.98063283166854
252.88537344786016
251.39045638647906
249.335401172197
246.46919950320597
242.78770819352405
238.35605876380583
233.03860463236163
226.84836558827644
219.80943958576177
212.6389022726583
206.6526142963049
203.91581333203786
205.63325144686445
207.1426565505504
195.14693011519722
166.27044900811617
139.37152668174718
128.94429544371386
130.46360381227646
132.36539578405058
128.00416048642126
121.5595526808079
119.93505985521011
127.15202239792978
142.5887715193026
158.23411328704012
166.6400972857977
168.1591499527974
166.45178436933287
164.27053513656367
162.56748814901118
161.39224092743612
160.71513800812238
160.4776631862179
160.46779517825155
160.61219185006607
160.9301318659327
161.45873888477212
162.1420126165838
162.87597028682882
163.5908252167856
164.25856920349884
164.83913935043682
165.273028298754
165.54102559209184
165.70686422215147
165.83849057948044
165.99440009218435
166.2228628240839
166.53489713664462
166.90381821331152
167.2972870920307
167.66446007185118
167.96381687742672
168.18428680530167
168.33025899001666
168.40147625394906
168.3834595650989
168.32099152523844
168.2409209988358
168.15417684366548
168.0848452155807
168.01201072858407
167.95320491783073
167.9832169564278
168.06427920622843
168.09855621706407
168.09472006509748
168.12043285715615
168.20427948429494
168.3472695139786
168.52182259880283
168.68594396676326
168.8088372520552
168.85548691106223
168.79282252982614
168.6687866080418
168.58854626317452
168.57337092744194
168.62981374916632
168.76580918174173
168.87988684657543
168.90071691960952
168.8814987524648
168.90277515542596
168.96676583441325
169.01905713467673
169.04567044812143
169.07997757782363
169.1340023086052
169.22189215225865
169.30103970846173
169.28281304031398
169.16343905714902
169.0107220901911
168.88353888458892
168.79722204893633
168.72364055761392
168.6555276829555
168.62433825547942
168.64157992132414
168.70251322891633
168.83030507172253
169.0554104746555
169.3764117018319
169.7403403801964
170.07402846882925
170.31791876750123
170.47538919350055
170.60792807477878
170.70991602596337
170.74376363929485
170.68972942824314
170.5745604950872
170.4675114601601
170.38268320745172
170.33125294305086
170.3457324971324
170.42036654888824
170.52300465879517
170.61963335374907
170.62119621223866
170.47703543331
170.2333491974884
170.01696617105756
169.87490442344767
169.7563692963541
169.62867580016916
169.45703901287746
169.336542776072
169.33967666592048
169.44197241636584
169.53210468111467
169.57636191570288
169.7042503497959
169.9101063161512
170.03383935509623
169.96910239059423
169.75721678398378
169.5054365318011
169.29883902607872
169.1543856009575
168.98193936771153
168.81368927827566
168.68442163894804
168.5765671767458
168.53980671209092
168.6105951179535
168.74662114798832
168.8552199509316
168.908074580579
168.98264738103757
169.13164977004848
169.34586702997169
169.61175073916388
169.8804509731567
170.14921747381396
170.38009340854887
170.5347750039486
170.6593506719704
170.78682821652143
170.8931443788589
170.903405982207
170.8218956529933
170.68232607075277
170.4989552279541
170.25792517610859
169.9459879068733
169.65078842660796
169.42959957250275
169.3088051379424
169.26864871000478
169.22110215836557
169.1218825204354
169.05022405936373
169.09064643952655
169.24400158124962
169.46988414053155
169.72159612891826
169.9723526027541
170.21069038676836
170.4123874889623
170.5999974950259
170.7966131907435
171.00768155428491
171.25293275178902
171.52710581177274
171.7454977095549
171.8786339737104
171.97761218485599
172.05774471637756
172.1481743852788
172.29485073721963
172.55207028722637
172.94930250018407
173.41805036551014
173.93833118677043
174.47489558537083
174.81440396781306
174.71880114188122
174.12283349814982
173.04448969050935
171.4469900123193
169.43846229007752
168.0005488102299
167.26684359877675
167.30454192961912
168.61862829914313
170.37062247288264
171.68725683538977
172.15093648254356