0.0
342.8995139660474
332.83928233244035
323.83477648380904
319.4804324924203
317.51610275687926
314.05270429265227
310.91879690251557
310.33958259180974
312.20164280141876
314.9449663757816
317.38347465740776
319.33744890973514
321.195742825749
323.11810058259294
324.8638152159472
326.2839354555963
327.41355328847084
328.39195409891465
329.3513763444902
330.4598746507422
331.839337613
333.3907583479604
334.9124410478105
336.27508482682236
337.3833382246485
338.1543599168707
338.58725499524405
338.7027526028509
338.515096498239
338.00273863122294
337.2268845310208
336.487765826785
336.0160686139137
335.805431321522
335.6881672192419
335.47917491479103
335.10773923151964
334.65964756663664
334.28640373221236
334.1565043127085
334.2727064058281
334.37988291847023
334.35128327994914
334.2003213152502
333.9307950129969
333.6215421808468
333.44011380562483
333.4837849953668
333.7133490158361
333.9776577955034
334.2029858052816
334.4686314688214
334.72931969751636
334.8224627687292
334.80675513250173
334.88294224264877
335.1154422851774
335.47417059938346
335.81959448976926
335.9833450352284
335.9513070799421
335.88380566116854
335.9716155102673
336.1895986884244
336.4447985349983
336.6472907356299
336.7612327514476
336.89141208365186
337.0839035252959
337.2913489469902
337.38679898463204
337.364091403442
337.27314530896666
337.28505598306896
337.54034508919153
337.9560229542368
338.33982595326125
338.6078073853853
338.87070348380655
339.1886130915385
339.48813095695823
339.69395782123195
339.6751426424361
339.40590748319687
339.07068443298476
338.8276384051198
338.72182094198274
338.6829148254438
338.6404047684919
338.62271373692005
338.69283116252035
338.8803518810556
339.1627010757988
339.49007442490597
339.7616202578265
339.91724654172026
339.9558084126371
339.876206532898
339.7210530064883
339.648264490899
339.7931850071791
340.131176092667
340.5528094731808
340.9594019702072
341.2658873891082
341.44026794762857
341.5769870538265
341.74699799425605
341.902976235953
342.0454280633328
342.1529446521206
342.19721359341844
342.2267356626618
342.20129712277367
342.1203202202201
342.0111603224111
341.8778012531619
341.78909332537904
341.850172269881
342.031564780289
342.29303165920186
342.55499961570735
342.6694123267565
342.59845865052654
342.40421017476456
342.17474918983197
342.0162706004995
341.9518599918285
341.96254257558763
341.9986823553356
341.96251771941235
341.82220139050855
341.6060610456178
341.34670425446535
341.0545359053981
340.7040438173444
340.351814676157
340.1618426039695
340.14188347441103
340.2734739139728
340.50656851389283
340.7426407086774
340.88317297064515
340.91955197636673
340.8797112750143
340.82427989583914
340.83646774254817
340.82687288409335
340.7433219735939
340.6444679079232
340.52678219124414
340.3786220210783
340.22837457706123
340.0849174945706
340.01244932060393
340.10675805667677
340.3569726092889
340.67171980634225
340.94666985052675
341.1601689777573
341.3173146068566
341.3425327225655
341.2369860693757
341.0939832382014
341.0017235056452
341.0531018264264
341.2941580855337
341.70531943586104
342.15807389366927
342.54781101580863
342.8807029864505
343.1388207665626
343.3361436670883
343.43102924235745
343.45787431279837
343.46308395990735
343.3984103214495
343.23941012262276
343.01882119788104
342.66113762542534
342.04208688244523
341.1681276347676
340.02728763768664
338.3896407236243
336.06638710857675
332.88812370578256
328.48621902376976
322.4855709289842
314.6787750647269
305.04030772697143
293.7533761154093
281.26379348330073
268.1277928241786
254.81016844347891
241.8395796328206
229.80260011891642
219.208165170099
210.76362088787755
203.73196401149835
196.974488152023
190.21574443991187
183.81136902500333
178.34638598303832
174.14325220713866
170.84400437750085
167.84947948400426
165.23550370210964
163.3590404918256
162.26422595885143
161.69935139853072
161.53610339602773
161.77243934677878
162.1667042089781
162.54809371018357
163.02256382769215
163.7227404127783
164.5147515609815
165.16412956581178
165.5951843360853
165.81348272423367
165.78445610684327
165.57698914164737
165.33966738445667
165.22126034930713
165.30980958654624
165.5405432211096
165.74379265210305
165.86639948183387
165.78659546558399
165.51610977039522
165.22466492773992
165.0248825737304
164.8935376965882
164.75774053912437
164.65042005952483
164.571138645259
164.5734906523009
164.72478141846406
164.97211604343056
165.2286213578832
165.38027942924768
165.3962143782249
165.4401550290936
165.61158181061322
165.82570992194616
166.08301396935275
166.42909892290845
166.8480349867617
167.2648172059678
167.61708612460833
167.9006801777781
168.1377948543264
168.32043821817322
168.5009794817675
168.76006302041998
169.074782084253
169.40914202291202
169.72185899009304
169.89574743274613
169.97220909297903
169.9524271162615
169.84429167209942
169.7723814118495
169.7158998301229
169.66373304214682
169.69652374815493
169.74913544289356
169.8692318745109
170.13830088800646
170.3979667260295
170.6074100586676
170.82047062118397
171.00334281879088
171.11604928468915
171.26283431064766
171.45880865826217
171.54188388845762
171.46001217843968
171.26889586653067
171.00126783607897
170.64735725696232
170.237853611733
169.83542321154312
169.5069840170141
169.30958939491342
169.18765395861374
169.17365586940747
169.2509167294239
169.27907338179037
169.196423387362
169.06494524162753
168.91810612852572
168.7509236117665
168.56163342416494
168.43422407401582
168.39357196564188
168.39870773660343
168.49276741360012
168.61703544033605
168.6556044056719
168.6281702206969
168.6365663657768
168.6973380739778
168.72967678669312
168.67014730409932
168.6141829827441
168.65248627670755
168.80770681987718
169.01514937860875
169.13123491457006
169.08998099937116
168.91328621045625
168.63214908073343
168.31800560757029
168.0592947684469
167.84018098121788
167.57180470045873
167.21117207380675
166.7867116043543
166.34526326286758
166.00806868727517
165.84551111636645
165.80079620962758
165.78285116295788
165.73663561343648
165.69278148006472
165.7404678071084
165.8742743964101
165.99492905249616
166.1438299545425
166.39686873050084
166.7296741231412
167.04455566817322
167.2346439147942
167.2398339676688
167.07326678053346
166.78112380893356
166.4325440101845
166.06517214842683
165.6221647664549
165.12269767700388
164.64238240930666
164.17845531917789
163.7365634455832
163.3670514810994
163.09305753525786
162.89552060440246
162.739669727596
162.67995436147157
162.78829780876302
163.0621019521907
163.4238866723705
163.8162747291533
164.25138626104535
164.75587675398316
165.27106048261737
165.78028804774982
166.31598773989973
166.82975632590018
167.2518362021043
167.57952455384003
167.8482529054072
168.12224213479325
168.46703187659878
168.83036825443054
169.13454592927005
169.4021728165018
169.67603910625877
169.91157265616607
170.01687737937584
169.91318165297528
169.5754718157178
169.0845056612939
168.53437527319454
167.95242503558154
167.32365873180674
166.60406616312568
165.8028663903994
164.90856619658211
163.87067394415322
162.7743959998838
161.71260907999314
160.657030365171
159.64371324318705
158.65079619973594
157.55385879987148
156.4656292339189
155.5419294080401
154.73132145526262
154.02661008428828
153.5600600832507
153.38658450786838
153.49146743103154
153.90084371693797
154.6466945757077
155.56610520703347
156.21413441891008
156.11140548881372
155.07136802888226
153.584673187877