0.0
0.0
0.0
0.0
0.0
220.12446580320153
217.22960451840885
210.9887012933961
204.91582830147672
201.20741962185528
199.99237168899145
200.26752609268414
201.10137474791887
201.89366595389595
202.45980993912923
202.85871601277515
203.19762154260846
203.52975967931752
203.81858904946068
204.05993843569448
204.29346920743575
204.47251252880164
204.51844404270315
204.4851446284494
204.52693595952354
204.7110067884338
205.02659859233964
205.46086939130083
206.0212940410373
206.71158582059724
207.53461464456063
208.4022646556782
209.21059683113754
209.91517304527684
210.55147330494344
211.15627884077156
211.69408914862046
212.10328067834112
212.37097870310544
212.51368213559738
212.58495557689795
212.62492019404408
212.62616069438843
212.54733071778506
212.4144293153276
212.32898408679395
212.333263966457
212.390253233346
212.42449697676727
212.41784221108918
212.45053514918564
212.63016261323733
212.96859145205758
213.39340829528552
213.86690321346066
214.37444557194823
214.91495368473107
215.4605382665826
215.93036425117515
216.25744321108562
216.46183537510066
216.61714743577164
216.74065159044267
216.79361001074636
216.73973185468242
216.5984169139901
216.42310944543553
216.26057576056476
216.10716561508363
215.93591135879808
215.75480251250406
215.61742660041153
215.57444423066863
215.61576176767517
215.6819583907836
215.74210713066373
215.8101147697448
215.90040614694277
216.03804672880602
216.24851099378233
216.49012540722012
216.68744645216802
216.77174237750805
216.72903146748814
216.6032705411386
216.44815520558728
216.30365315451115
216.18579034540556
216.12000160896557
216.150397240273
216.2869313772102
216.48976217015482
216.72777796580272
216.98434855650527
217.26752386730104
217.59425662928467
217.97465796455992
218.38967494525042
218.79306038408953
219.15464721589035
219.49927779967675
219.86192757541406
220.19976041372877
220.42753065337993
220.5190474728365
220.505067509299
220.44477782621323
220.40387195441886
220.37747398307602
220.3086922532563
220.18300611652552
220.00821587111722
219.75487253756341
219.46613975440317
219.20401749103692
218.95886542818963
218.7230277487487
218.54665309710262
218.45136913651024
218.44786893670357
218.54469376858668
218.69810474954812
218.83672993159539
218.92470600501275
218.9504935320802
218.92224968812
218.86776743940666
218.77936005355596
218.6712925444578
218.59495877034445
218.55318490661375
218.572015089224
218.68996728769469
218.88426062672323
219.1267418312257
219.4177396884893
219.71642384778906
219.95619915719462
220.11067296546966
220.14858632384045
220.0466624387198
219.80999987034141
219.48694555908878
219.138458484809
218.81449253979042
218.52564580866073
218.25639837208752
218.05450885633948
217.98937497972284
218.07344864376958
218.25985374099014
218.5149027151776
218.81344947087882
219.09737680213
219.34387902834823
219.59659163782317
219.86025736631532
220.10630741336064
220.32477914315612
220.49995307263765
220.6131852636823
220.63828667318137
220.56258131284125
220.43203470225066
220.2558420751839
220.06867263916556
219.8850012556162
219.73230096408722
219.65547342315986
219.62925331024314
219.60886130344568
219.57927798761273
219.51447183198528
219.39839846328752
219.26626051209527
219.1781252253308
219.1255711953764
219.0464028527461
218.93088110433828
218.82145706917788
218.75983693590172
218.7851065127973
218.84833754446544
218.90553384120685
218.90520898976894
218.84017510161226
218.76125279482739
218.69803589855104
218.660710586838
218.59480169385654
218.44022869110535
218.18369675011516
217.84318268570084
217.37370227523982
216.73943045804577
215.98459248632443
215.12936099431172
214.15736136618
213.03576874855233
211.66380050732235
209.82240003037532
207.28775540254696
204.01780180135202
200.162793073384
196.07045816428362
192.09423251260444
188.43038578875218
185.14750517329264
182.2908324737068
179.81617973335324
177.718769389653
176.09620760929596
174.98098725540626
173.98110473686287
172.7164319509106
171.38217025712248
170.2865336605071
169.52051649460142
169.00726039809325
168.71278454682866
168.63051656145788
168.69284377511678
168.82767449875166
168.9700490571123
169.12116576205824
169.30337696199695
169.51750205322227
169.77427857074642
170.09492943295498
170.5079882856395
170.98352781915497
171.44923271200153
171.83846155399803
172.09154152781636
172.19622230639223
172.23579753595598
172.25792821810867
172.1906204376478
172.06891469426003
171.99340117303728
171.98065055718612
171.90904778779174
171.7150401824899
171.4779426821048
171.23305646098123
170.9966994738433
170.78010878698348
170.6277384798875
170.51517317363897
170.3621891180267
170.2085150221337
170.0688139391557
169.9268619299446
169.7981776542612
169.72561214004344
169.7134679703959
169.68315272404453
169.5627660802437
169.42190084124098
169.37991576453223
169.42127300446398
169.4810937219225
169.55972331658276
169.65158772296235
169.7370892474002
169.80535667963068
169.8139410593883
169.7505139038909
169.69048709922345
169.6793126911678
169.66059600719217
169.60898054622908
169.5814253085666
169.62522067921245
169.7066682128729
169.75225653934947
169.7709033213957
169.78094717494903
169.73584686926486
169.6391839653625
169.5557844145601
169.51299304917575
169.51579811253936
169.60634480056234
169.81097833004284
170.06371353322584
170.2573987944685
170.39360475553977
170.53063212593685
170.6499357858008
170.74204161654654
170.79255521019587
170.7733787344081
170.71136996583567
170.62969247779066
170.5311305173525
170.46544058381716
170.46769682906321
170.5304549083745
170.62021623504526
170.65065151576184
170.58450305327307
170.5012029972658
170.44331516992517
170.39989114426254
170.34075274179474
170.21471553066675
170.02563526443444
169.7993450538483
169.52844466071969
169.2405825625138
168.98789267376324
168.77193831151578
168.54158956673785
168.29871406354934
168.05647537661542
167.83527066303537
167.7100056216509
167.64945206751798
167.55764333495478
167.433538989001
167.3195953253485
167.22394617342184
167.13564567123606
167.07178150121106
167.05474075195448
167.0782138655607
167.1715632503148
167.4030081039117
167.74846287649012
168.1043778355249
168.44355256217708
168.77404403326477
169.0627007253966
169.29234108273678
169.48206273564907
169.6128337265489
169.68078810209107
169.75402334051913
169.87536493659945
170.04736180757862
170.2479347445203
170.43273193932478
170.5902064793828
170.71178397664167
170.8087024080823
170.91902814362243
171.06732793275518
171.2557866305359
171.46027044158913
171.6193983856705
171.7760916035881
171.9867967852133
172.24111561886897
172.52058167045627
172.72826659108648
172.79837572811041
172.73760582041086
172.61791461705735
172.52448451501766
172.50257209879277
172.52840969587166
172.56514494115464
172.6093046487844
172.63419834991745
172.63072003572745
172.55154543831912
172.3414348995911
171.99128241951297
171.45856159228615
170.7097220127834
169.75201447645213
168.60774872739822
167.3792330228458
166.21630668036636
165.2198164363907
164.44758194774724
163.9554080553881
163.72649829759274
163.72206332311504
163.8664896565587
163.9898885005531
164.07671089907421
164.3331536603517
164.98169078533778
165.80984787322708
166.61757565937418
167.57444412282595
168.64425197672642
169.69629400111975
170.6452609270315
171.44396788633813
172.11810015639844
172.67414695775295
173.09713025584674
173.37471399505776
173.37068234177906
172.67553091311288
170.5341457038193
167.4833213614101
165.13883473809096