147.44951318975185
148.19761503992964
149.1586170097781
149.80456359601416
149.57299468719398
148.05769330641354
145.82046449986737
144.59227480999226
146.91708657016858
155.60701778282697
174.58527366161832
204.7186620456202
233.3161858396058
249.67311710997183
255.55325814508154
256.2921601325368
255.68750210655202
255.29363181127695
255.40122132480923
255.90967894427195
256.5688125857964
257.2286749459255
257.72266132314405
258.1559438780837
258.53046022191734
258.94104234008466
259.3902648589421
259.90977351475317
260.34067659747853
260.69471890346017
260.9675509306882
261.1052819018838
261.21564038975555
261.24412539447013
261.09457457703724
260.76372999156007
260.3748460205432
260.05471984365545
259.8707588996484
259.7377009548927
259.66362563995466
259.49212480013284
259.1627723767768
258.6677234039227
258.0463232886803
257.4185987223013
256.9265030332169
256.64451465539116
256.60863295449724
256.76425266285963
257.0568117783774
257.4445065450767
257.84560059878197
258.2038131306007
258.45892511287104
258.5679177421765
258.54157462932943
258.4642414715237
258.4243462264838
258.4625937299578
258.59212928441866
258.774793331705
258.9284658192298
259.02959361168064
259.11065526346357
259.21942036686744
259.3591301630879
259.4758338285791
259.54835124840434
259.55826062934557
259.56186360695284
259.54559977216434
259.48263297877327
259.37723898980147
259.28183329153535
259.2865355172124
259.40848911958415
259.6054270949343
259.82993003485
260.1001258725732
260.445596836439
260.7830280635752
261.0416150424563
261.1660289378321
261.14398101275515
261.01396606799034
260.9078858870267
260.9282735055009
261.03291901816266
261.1022496785876
261.0961223553904
261.0889679737889
261.16203640449925
261.2256264353186
261.2102885831126
261.0854279870675
260.90460063290914
260.67712008237885
260.3380767414079
259.894278064742
259.405960125326
258.9536098615712
258.5829383533547
258.3125985183711
258.1335676652326
258.0203692905051
257.929679952729
257.814225991011
257.71037940071324
257.6698827638032
257.6796820329588
257.72433798040225
257.79006417004985
257.88695952345677
258.0266706409875
258.1974096265096
258.3595715887916
258.4839093792523
258.5854143721616
258.71046777761046
258.8947463106188
259.1177117822132
259.28369638405354
259.2689433309948
259.0988553707248
258.8625397587871
258.64727284599337
258.494298065605
258.3571957366952
258.2627331528121
258.23264765871807
258.22971652433637
258.2656718763267
258.35379256212207
258.46767987654613
258.64510355103585
258.87335774358866
259.1300938567721
259.3787099216067
259.50892280644786
259.5474080539643
259.5649737271148
259.6378910412
259.8053641051902
260.03580148400806
260.21028221374524
260.24925137680145
260.1575993912424
259.97628001532485
259.7921505606703
259.7013439847729
259.7165245259676
259.7809388218917
259.8163775300659
259.75308530293734
259.6146839027819
259.4520949426496
259.33110288241033
259.3040112376772
259.3402667726054
259.41539932988115
259.4979907403132
259.6336109726679
259.85789801089624
260.0833733883294
260.2364453598387
260.2353453375217
260.0654098378825
259.80479958542384
259.5080309912225
259.1488443481068
258.76719643603064
258.40747238160213
258.08175815781584
257.83027795135706
257.6459440858988
257.50825136290666
257.42322239044665
257.3769403815398
257.39114809215664
257.45772003698073
257.5091791467134
257.49382352749745
257.41765235389323
257.2704716175392
257.0149161650365
256.5663333399582
255.88355472813214
254.94299711358687
253.75373318744968
252.27954041601618
250.4761767558663
248.2563598140401
245.50874768327458
242.11558247463097
238.0438277844088
233.31073916119504
228.08009744025037
222.69699245518686
217.45165933769263
212.5937996659848
208.29788987807495
204.56455225082678
201.10063579350782
197.72184710366992
194.4103734669629
191.18020002704066
187.9873203407167
184.871790932583
182.0281570453095
179.36851940620164
176.74081878792575
174.10915615301798
171.61204475858545
169.48052237101246
167.82249215746012
166.51675498936433
165.48603502114815
164.8448024229761
164.634144479804
164.66898414193707
164.79575318489276
164.9877216724285
165.2852972214662
165.64092161118023
165.93673101271196
166.10180192740034
166.14805225454776
166.13292941696508
166.1380338194718
166.23106084809226
166.4530969337867
166.80848992279925
167.23912020803164
167.6910210564198
168.15766816830907
168.60913130256586
168.9868847486784
169.21425194470842
169.2420105901962
169.09882586496752
168.87292468441484
168.66725751888708
168.54728430596816
168.52704950544677
168.57031611074842
168.62282503340018
168.6568746171888
168.671787781067
168.6620722129951
168.62796816579552
168.5968032202393
168.59019173407924
168.62862325676377
168.73381685285602
168.89285025483338
169.063148377926
169.23270834395936
169.41599372827545
169.60927141540532
169.80023512100928
169.9812824723572
170.11720794561862
170.18449983347645
170.19436477908266
170.1564088064465
170.10324271025613
170.05651510946302
170.02778826743966
170.0328870411133
170.07908189912177
170.15023331825168
170.21639781890173
170.29283172977802
170.4237319949963
170.58694907341567
170.71527624183184
170.79298886019998
170.79734009850816
170.71944371925485
170.62810939564912
170.57267545666994
170.5348586837837
170.4976117850576
170.48185082358214
170.52819746423785
170.61690986170322
170.7117411701698
170.80312020930685
170.86427597093328
170.85481014286668
170.77996476391058
170.6701212264938
170.575570918805
170.5454587635101
170.57288137539143
170.62504631827161
170.69159258159434
170.74566274856073
170.76652942540682
170.76384962929018
170.75122050064846
170.74734355954664
170.76924821652247
170.8041104529874
170.8401072790341
170.88960439621343
170.932111263084
170.96101403775378
171.00461464593766
171.03463576707443
171.00274878890815
170.9372057938248
170.87319090235425
170.8435191316123
170.8784888489177
170.99224422972333
171.19583775967075
171.43163258745471
171.62339114563989
171.7617167045384
171.84828197574572
171.86094181308283
171.85153853748815
171.86472860378547
171.87753892596584
171.91590978466746
172.0260032982942
172.21311144151218
172.42666930799862
172.6164716748351
172.78113865290823
172.9532707071598
173.14851450710148
173.33852279636227
173.443694703377
173.40830826834315
173.2524281187
173.0482999490659
172.85780047162592
172.72512492641323
172.70267081573363
172.73955030278643
172.7529124011824
172.72857354216978
172.65948813541783
172.53085011949221
172.41688318396754
172.39898592847646
172.45476773143918
172.48873288264573
172.47445081288913
172.43079283053424
172.32930568326455
172.12176073184597
171.8449692756525
171.58441482265408
171.37395657204067
171.21055641246568
171.03646549786765
170.80885071557097
170.5963487220551
170.44595116045917
170.35136657705303
170.31741379868933
170.29908391273335
170.2405086597986
170.12890605389723
169.969132175381
169.8136315872007
169.70550685403657
169.62425833671514
169.55326951826305
169.51980987734555
169.51398002643674
169.4726666863661
169.34921219857293
169.21422252697988
169.18343404996125
169.27784940909126
169.43367422093073
169.61890601184442
169.83112632195449
170.01689140165115
170.1358623737893
170.25331356253682
170.423212530851
170.6022825641212
170.72679684367793
170.73258865214007
170.64989740943204
170.56839320967174
170.45045129254504
170.24057623480934
169.8376504078871
168.97487336481458
167.65501954943772
166.22683397265862
164.8711211667933
163.6430711009052
162.66812123893027