0.0
336.39803884805923
333.4328853441563
330.0840387138703
324.4051861046879
317.8397584968494
313.50331763938857
312.1670163122762
313.0580493459139
314.6781628383065
316.47080554546
318.1659097675106
319.8354672762425
321.5738903461098
323.18507260570266
324.5923536317802
325.66461175429845
326.331943816197
326.65428078586984
326.8588945107353
327.16671590092983
327.6681559437336
328.30098209434306
328.97505271835985
329.75594467073955
330.70427920650684
331.6984823771297
332.603318243163
333.38215968241207
334.0640592426968
334.6879847977184
335.3145971109857
335.97665944508674
336.61544490542235
337.230408278465
337.8664242018762
338.51036635125934
339.1463028157608
339.74496520058324
340.2033693910473
340.446756894351
340.5485416616022
340.64211529228277
340.8588326176853
341.26521095938847
341.8524499057617
342.5391439256241
343.2058470476399
343.7780100834566
344.2526662965469
344.62721530791066
344.81807426111465
344.8084144668785
344.6775213941006
344.546775499182
344.5534857150606
344.71782861394206
344.9497827667526
345.16649122533966
345.35032943898
345.5014068759836
345.69172173006865
345.8773488283029
345.98858599858687
345.9644005330312
345.8450587985572
345.73558805506116
345.71745560463035
345.8037718721705
345.9758440442564
346.1607366291103
346.3538632993512
346.5748002729177
346.8018600850753
346.94010103253265
346.8745151084379
346.6284136150489
346.301490944515
345.95414468078616
345.6353143431238
345.38292774793985
345.1789862752233
344.97255668462583
344.7351576095151
344.51039682706164
344.3529928077669
344.31411090093707
344.4363614832978
344.65195520596114
344.80561304987685
344.8419334531312
344.75661668187206
344.58399466687627
344.44275201288303
344.38986156428484
344.40072237281606
344.4510961886565
344.53457110441525
344.6327908794825
344.7419394783627
344.8824567367625
344.9712684425062
344.9303009530118
344.7512165471851
344.51285337361594
344.2882232149076
344.0968821677199
343.9078450613489
343.6609875588369
343.3549661858654
343.0528863468511
342.80612296404865
342.7205673454313
342.8319738846019
343.13666749331014
343.56142058223395
343.9348835654247
344.14151721784214
344.17700330040014
344.0954540198701
344.0104466425375
343.93256089576073
343.8629423103569
343.8520652847786
343.9599087730787
344.1810904188069
344.45387561782826
344.7552432715513
345.12447069217734
345.5512940131912
345.97213591490186
346.28951199983686
346.43467069937867
346.42169856033536
346.3412691133798
346.2706296917495
346.2147952053002
346.1044648723083
345.8969199546659
345.59733074006493
345.2583691073093
345.00631916640737
344.848238565972
344.74070346031874
344.61535878448495
344.4148579804808
344.14153556420376
343.81548765761636
343.4769762547298
343.1676756861407
342.89662847849024
342.6688068156917
342.46093409362027
342.2751545550005
342.10869666641514
341.9763839424785
341.93048840714596
341.9498535130901
341.9941155757949
342.02444724363204
341.95613083654234
341.7838750701388
341.51006777611644
341.15383843705246
340.75644198386584
340.32882953282996
339.8858091819792
339.47511706840316
339.09378578854074
338.7727188980984
338.5992741240422
338.57540522163197
338.5950402040407
338.5862504437934
338.65118280076456
338.89031358297535
339.222362333715
339.53421282239896
339.7762613395169
339.9102738266982
339.88071745880563
339.5223520619653
338.7923959621742
337.6475339592829
335.90687156731497
333.4019598203736
330.03350326028135
325.7625578754774
320.59209453545316
314.31865101297376
306.64945867114045
297.87168296331083
289.0322459490627
280.6126957299398
271.5505671745849
260.33462375926274
246.3273724900919
230.41287526579853
215.4278990499342
203.34969050158588
194.24678728896458
187.7746648810304
183.5114613179053
180.82022622265703
178.95708507155024
177.3666269086478
175.7117802066113
174.04184871622465
172.5644223193575
171.32014751690002
170.27135417959798
169.2889736628003
168.2492845553304
167.205379391235
166.22700694149174
165.37986297930917
164.6407358566517
163.96181581554993
163.4083786336829
163.13366911702246
163.19737628027735
163.51180109638375
163.98780649722957
164.57949166892203
165.2110215956007
165.7443840193063
166.13353491379286
166.39416291018549
166.55752299724634
166.71327357154797
166.89301272697202
166.97935666398558
167.0142807850002
167.0848183869472
167.15094739533646
167.1953434043993
167.21298033185593
167.21908558633217
167.2650394440638
167.31602099261383
167.31282417662192
167.26664206162553
167.19880299976745
167.13586365743404
167.09553093723036
167.11527661141628
167.2566370463175
167.534383411847
167.88224790707267
168.25844626918635
168.64911354787355
168.9640939725457
169.2267598379136
169.54376681914675
169.94875257394497
170.41268336838323
170.81990385727516
171.13020335847352
171.36351326336822
171.5651187574341
171.777030902389
172.04297597819937
172.345982842044
172.65157319915204
172.97117627899712
173.29003976931853
173.62968613034718
174.0145226934052
174.3906342526636
174.71775683064362
174.97906955853506
175.17008675718972
175.2906566130208
175.34309997074217
175.36011148273332
175.40949219846044
175.43867082749324
175.38208223645836
175.28405711330043
175.138252145656
174.92026314198142
174.64079022000314
174.3418351763128
174.06086841154377
173.81039158661045
173.63328378041166
173.51354128020324
173.41074020916395
173.32988771027925
173.26938813715594
173.21089462668027
173.14331427811766
173.07998743738244
173.06474007619198
173.0790255897055
173.05048553996056
172.98810478273884
172.93871600875747
172.8802838995041
172.79442205068764
172.70532469750862
172.6784623288395
172.7327298523332
172.81165376092264
172.87945059165182
172.87215264658232
172.7985926008494
172.69940756441042
172.54510480987864
172.37820012060297
172.26149091907007
172.19211651956704
172.17991963938354
172.20730397250549
172.21820906610878
172.19154423823153
172.13643845479157
172.06478603620414
172.00200908143484
171.92649973856004
171.82219616163354
171.76715601249455
171.7978022890249
171.86932779291692
171.9308905851261
171.96073588303918
171.98948628975455
172.01506101302144
172.05111893435102
172.15605915630306
172.3022833153064
172.41311970344358
172.48548079103682
172.52728777491672
172.52010638178194
172.4711399255871
172.42324019378816
172.41959176203792
172.44361449705985
172.46527296791874
172.49200289646984
172.5360399669542
172.55606578063203
172.52907511736848
172.4674411107489
172.36798810181196
172.23621416220502
172.10034014910707
172.01131605444286
171.9974964607193
171.9700202809168
171.85316625169452
171.67019508214688
171.4258469544169
171.1640572768221
170.90734512289185
170.66839775892169
170.55943276492076
170.60559315273338
170.72071333942523
170.85846718416977
170.96057449144175
170.9545905522444
170.8118526569356
170.48184905080603
169.97896670071373
169.39518623921225
168.8070008510551
168.32491213757817
168.09817236548977
168.1317765546809
168.36065012991565
168.6983638637786
169.13125656164854
169.70179510274568
170.26818918974067
170.63435133088547
170.8885417948791
171.18387928147445
171.43418626082808
171.54260362721737
171.40303736151344
170.9243270682923
170.4074742994109
169.80955639848298
169.0332710694896
168.51919001365957
168.29062010621985
168.49595172216974
169.36882191139085
169.86386764568442
169.24297579399473
167.89073407325952
165.57555829794973
162.92805903110437
163.98360741882976
172.1299504351013
187.32622616315086
208.54793838441492
230.8917876959723
0.0