256.8785330623857
260.65985251137425
263.50018521991115
264.62703606405853
264.4927563225448
263.71384949621967
262.67756198254017
261.5448738667101
260.48158933697397
259.58749847189097
258.8104571246265
258.1208483048764
257.55219696112465
257.1504712693769
256.9340322374365
256.68915950244104
256.23137795547444
255.5913001389587
254.76409218456342
253.84609711610648
252.9153351709374
252.08906637401884
251.51519216036633
251.26632337689182
251.39896463015862
251.78922415063022
252.30179737288745
252.75761148787797
253.07966461087594
253.26683224935059
253.40325161364652
253.5867061147457
253.86618198574223
254.25803159241983
254.7864082885978
255.5029018766212
256.4052461447055
257.4332154648935
258.39310782960183
259.1926989295602
259.85931980293867
260.37747129923423
260.6463580459953
260.6511684598009
260.5317935206216
260.39506002212755
260.37277667495295
260.54258006225876
260.8468125464047
261.32322823503483
261.9457461740709
262.6235209667915
263.1562621879125
263.49989052450155
263.72506614053634
263.87933326340925
263.98325611420967
263.90305904552804
263.5840099148639
263.10522288645745
262.59594571076195
262.1858939409033
261.9119419124411
261.67727608972206
261.3194665420416
260.88107534788105
260.45460370051217
260.0770497749986
259.80141931162734
259.6696725904144
259.6373755379211
259.64865686011433
259.68018758475426
259.7748843305071
259.9631555308167
260.2187249273041
260.4894673001381
260.66330972054203
260.66362660828497
260.57649096831994
260.50885596760185
260.4190076148106
260.2806256730082
260.2205873066328
260.32121314110896
260.55493702431653
260.8177741290802
261.02825297925983
261.1331608017066
261.12154337542154
261.0163745057859
260.867947885662
260.682337057206
260.4544479763552
260.2119321775169
259.9401126045889
259.72373686801484
259.71272741132714
259.91717398422344
260.2030997129965
260.4423044508925
260.53635042199375
260.44336722182805
260.2188935163217
259.92167395964816
259.49881698754524
259.02029812981544
258.6438874867372
258.4624323865806
258.53394116189116
258.7613192319177
259.0784861895665
259.4612063010492
259.85037222326736
260.1258644486502
260.288422957334
260.37189276570666
260.3866569345589
260.294830976894
260.0312512757343
259.65359670039027
259.26855935496474
259.06654542028014
259.11514425753006
259.3008314139222
259.54470357506113
259.76849710061094
259.9743414241842
260.13224806711617
260.21877139443325
260.26506791283873
260.2832567272102
260.24332250645887
260.1550293391747
260.0253339985313
259.8365361642598
259.64066061750157
259.4222991306035
259.18333612187075
258.9799532293574
258.83175377272175
258.8244464606999
259.02153310036283
259.33162659797347
259.5988757227018
259.83781853069667
260.0977265753179
260.37608602051546
260.66664088380764
260.9422070571883
261.1550767658198
261.22505143776976
261.1815818733931
261.04853980303193
260.82660979989606
260.5728570769695
260.4187554308489
260.45524198609826
260.67716618288046
261.0228478363772
261.40656506727555
261.74261414924445
261.95814652865306
261.94211253191105
261.4893710734603
260.40720125255405
258.72287641111785
256.5102787075382
253.80633248091755
250.85270440502967
247.75275587671177
244.43459718933
240.8313943634783
236.5384308650667
231.30278633074317
225.2915408610027
218.5968860556391
211.27196927713322
203.34868430099874
194.90708764796364
186.65909974892693
179.80968498301254
174.90461491148784
171.1797922045914
167.65361413886384
164.58989219605135
162.8118948806753
162.20194493554902
161.95328018117908
161.45681815004156
160.54146178564528
159.21523700624664
157.59796742183062
155.89977156628268
154.34443441572105
153.0180911570106
151.82469132175717
150.7343706991195
149.86883238310168
149.3036501330897
149.01215746628282
148.94007675251794
149.075068892815
149.41249386053613
149.8783989281666
150.39722537501615
150.94229580993735
151.46753133872852
152.02558702762195
152.70328023899296
153.46015901831603
154.21486094474974
154.95209451662544
155.70756960087172
156.45432481258723
157.07871290860584
157.5702524489393
158.02515438848124
158.49301964575636
158.97586483303428
159.51337337795803
160.06244150702594
160.52623292429988
160.85775030842
161.1079164879156
161.38458474597687
161.74334254628567
162.15716170528705
162.59464623541461
163.04525450898316
163.43907979821543
163.73464203870626
163.9510841215427
164.17398909074228
164.49070876227103
164.84585341868592
165.13417532166457
165.2949875433684
165.37117832557837
165.4386824566709
165.49034739551954
165.50693890048672
165.56428993803183
165.69457046892077
165.82819906981553
165.93624957025827
166.06759774595915
166.25498499594417
166.47778185048858
166.7533015785535
167.06047337321093
167.34565370815665
167.64258133312143
167.95975048213853
168.23336042796862
168.39517477680602
168.46353612767348
168.4577804277116
168.38589995413398
168.35137049014145
168.33603603261844
168.3363939651663
168.36224317491332
168.37919915957767
168.3641717292025
168.33490842153776
168.34283067117212
168.3846580931951
168.52370059552405
168.78586921829648
169.09883277596833
169.42283184285563
169.66198588800373
169.8043253145537
169.8640284218526
169.87539704578273
169.86330903559593
169.80666138849443
169.73624708508203
169.68314360539324
169.61192841426862
169.5008116178425
169.41190232735994
169.36340712853504
169.3083486998647
169.3024151953401
169.3294289543744
169.33104184596147
169.29709588663633
169.26624418543233
169.27243836429807
169.31138205803842
169.3939126565335
169.5134410302665
169.7066795722694
169.96161138238128
170.1912740827318
170.35509361245963
170.44941896466162
170.5479424040153
170.62273342552245
170.6025432101767
170.52941603836192
170.48470638799265
170.49306902243404
170.5546607514378
170.57892070724674
170.54024888721392
170.46777476468853
170.38131271593878
170.30082772937828
170.2097109572167
170.12157273983325
170.04302172029338
169.93617439205286
169.83803721235734
169.7608728677132
169.64201161755147
169.5103684166125
169.32504735412283
169.15446274082365
168.9547447900934
168.6348192984401
168.2037809121474
167.66141829608733
167.13359275805203
166.6646961478895
166.40036736847944
166.41475869312998
166.62272701873786
166.92610955691768
167.09902250715763
167.12393566890285
167.06102779731984
166.99348561877088
166.9789111801836
166.9893142014567
167.0837933045935
167.23348911811397
167.38935162190919
167.48788281394354
167.49497885784155
167.45882199385704
167.40663511966196
167.35778912511114
167.3274567207888
167.37543275934308
167.530655555794
167.71499985358616
167.8737600066429
168.09081875424013
168.44083332320292
168.8077485318978
169.08740635844228
169.322170562893
169.5203239845843
169.7137281405514
169.89775182214123
170.05975318933795
170.1559642638655
170.05508914989716
169.76755008830716
169.5884635138403
169.6231855576416
169.92416450052264
170.42702295464028
170.8937351178286
171.22486078185028
171.4716514870438
171.70802417226074
171.95787532666793
172.20861999135124
172.410441944355
172.53644965269444
172.5926238639334
172.56115354845846
172.38880735425096
172.0826644332628
171.7095203801333
171.4760928397999
171.4824473441322
171.61368344136523
171.8353512798545
172.16875236785535
172.5658815770645
172.89039881679062
173.03174313898103
173.05244108701098
173.08843354982875
173.227570979366
173.52161350074385
173.91745085214913
174.2216078767048
174.33226470708507
174.26156970717386
174.03826176204598
173.70159846327547
173.23332316382078
172.65495471731973
171.91426332637081
171.08602795930966