214.00287474170753
216.68981737500798
218.8603396190216
220.154861299966
220.8662630627963
221.32634216323072
221.68880674554464
221.97680616606317
222.23469818762226
222.5083474455204
222.80550605218065
223.12874148154353
223.4098873130107
223.55585468817307
223.5659130760198
223.49999762189293
223.40859857829494
223.3367609308179
223.30609684253804
223.27006119809164
223.1632911568445
223.01229094888478
222.86850682168108
222.73793930553438
222.60853264773417
222.43002937467259
222.1458998806707
221.7554676572235
221.2949069950755
220.7866268780756
220.31705834506334
219.98832336801823
219.8285195758283
219.76389536133402
219.73167242750338
219.72242720234706
219.6814046388178
219.58442749412433
219.4720880484627
219.38029466991662
219.32050124955336
219.2756001016403
219.2569510962889
219.2968518552274
219.41119035681749
219.6176742952999
219.86143013292062
220.05960662681696
220.20339275010866
220.31126681953745
220.39876117159866
220.45883732263297
220.4804109067879
220.46516992282952
220.40427442502386
220.3301489016363
220.26947311649138
220.23465349658022
220.24767976329855
220.28462810565338
220.31433998468245
220.3654864072805
220.44982335871526
220.53209949753784
220.5973350660069
220.62004205232736
220.5739381551941
220.4941928733588
220.41242457321576
220.33906431938573
220.28920313641854
220.27579172721698
220.30355505241437
220.35729565581255
220.3946458130697
220.39140386901613
220.3350724638983
220.24312533939394
220.13806088893608
220.01111202117983
219.88268091535195
219.77313433364415
219.67040472932297
219.5487020093915
219.3692207253804
219.15514545960787
218.92591399240666
218.71408568038464
218.5343402276568
218.380641008739
218.25995399354002
218.1863841016485
218.2019004544579
218.3180802490716
218.47633005829115
218.63580451084204
218.78852098951936
218.93344747698205
219.03426500584538
219.04083883368912
218.94597067396654
218.78105496151272
218.56996165540687
218.3586975417017
218.16559619993086
218.01631872648034
217.91702794769503
217.86307452942302
217.89044946089984
217.97563225484043
218.0623833077428
218.12043395258186
218.1137724498872
218.01367384277233
217.81753093909998
217.5383381431077
217.2152736587159
216.9396306297949
216.72316321048925
216.59783485090605
216.57560734682664
216.67060682409675
216.87208814370203
217.14655232990083
217.4533625781127
217.78074389080234
218.09656627091476
218.34926490139216
218.52344195210242
218.64173100926723
218.72943766205586
218.80028683426238
218.85568255660834
218.93802794042998
219.07013957192936
219.23220722160647
219.44544465163355
219.68778715862828
219.95609067343005
220.25880777526217
220.5398269215303
220.7655921403736
220.91447169410043
220.98408347402062
221.0461797469981
221.1835200910315
221.39431972728573
221.6257694344623
221.86573125719994
222.07490138462316
222.262709655133
222.49898335910692
222.752354647431
222.96312168349647
223.1315017339055
223.2732022169628
223.38098760443674
223.4721262089913
223.51424203976975
223.44819585691636
223.27407331885698
222.9755164204721
222.50467795662178
221.85329944107423
220.99310144945952
219.9371248757385
218.71995403357894
217.34013590594094
215.77264989606428
213.9409156556647
211.79384265532408
209.23514091793177
206.0838594375101
202.2235484685726
197.67771305394257
192.63713302348958
187.5127369067254
182.92953853491366
179.02837382666183
175.58437700460425
172.32520475443778
169.00693541213815
166.03029519522084
163.87993486351235
162.4586406269
161.38353518503283
160.4297345224354
159.50756949734426
158.65872049245223
158.06837519231684
157.68656367798974
157.20273479532605
156.52004148696128
155.84605443991077
155.1976601218861
154.62761793044524
154.34726664257647
154.3436260605577
154.5866516320839
155.00997382864108
155.52804316819652
156.1197479724575
156.73612105732374
157.33956261459974
157.90835856296724
158.43797055652198
158.95894466353798
159.50189027297483
160.04357151980344
160.51757126683617
160.90235065432947
161.24854803095732
161.62174761495882
162.0128639707306
162.39207634295565
162.75101086821618
163.05830785028772
163.28974551347505
163.4583831301079
163.6171627056048
163.8131678398749
164.02279254803562
164.21630560246592
164.39915225965967
164.60886760936293
164.861742792289
165.16048792381144
165.51514567911818
165.89367396845907
166.23253657852632
166.52538599784396
166.83451687996518
167.20486112659898
167.60699957134915
167.95922633475521
168.2410821099735
168.47555820138308
168.63882686694419
168.68966838227743
168.6277084229643
168.5341192435662
168.48202001327547
168.51099360238308
168.65833982864928
168.91129092942987
169.19383029350146
169.45978872406886
169.65208316606373
169.76990369996415
169.86112656600824
169.90088255757257
169.82061986819167
169.6552607671279
169.57280175815194
169.6591336949223
169.81460610263332
169.99003884487223
170.2006137461952
170.3589866379018
170.45076107593863
170.54169029836197
170.57022022678146
170.49445789457621
170.3846157373943
170.32280617507922
170.35691518069595
170.4173614003444
170.42399583607255
170.39084292380556
170.34209763399883
170.31051959575294
170.32667884604268
170.345499090505
170.304559098857
170.24002200146296
170.20758576540112
170.23152285988039
170.25985627023852
170.20503878387882
170.08185232179093
169.94929770033397
169.8231404146998
169.6795815787911
169.50268054248215
169.31632657370528
169.1716246408029
169.0844186768685
169.0258498755397
168.9959172722223
168.98166925190637
168.96486602385784
168.93504420737526
168.8412039136269
168.70349474775355
168.57782693361548
168.52393872824783
168.5913875029203
168.7635218697145
169.01431982652437
169.3061788775952
169.57677029642826
169.80186964476238
169.96137846448738
170.03367164223474
170.04485534377085
170.03179396682316
170.02128427979324
170.03074959559177
170.07326689057615
170.15042769800527
170.23196798352058
170.2981821276852
170.39771948253022
170.53368394747045
170.675526171699
170.76537287368944
170.79190026052788
170.76816305628316
170.69682667491716
170.62278738322323
170.54940271802738
170.4441098293296
170.2748740687906
170.06167129080293
169.90067395073433
169.8301277569
169.80449257634757
169.7902115857998
169.75188958566645
169.65985650267956
169.58964980622824
169.6153856331257
169.68359193575316
169.78548378401473
169.8906846542098
169.96241425420783
169.97685941580667
169.9090581948726
169.7936454560402
169.68163020112735
169.65747855521377
169.77575382674894
170.0356681373428
170.4096092363363
170.8252945687227
171.21731437669143
171.67979181999152
172.19902954050642
172.65898783108884
173.03950007392004
173.35608907490246
173.54510159449404
173.5850480751361
173.50381942885477
173.29713575005175
172.9542916946728
172.48568232542073
171.9083368911896
171.2632755925689
170.5894315692163
169.91247429045552
169.24153373274237
168.59202552717184
167.9986498885141
167.5416880995322
167.28404179037528
167.25911054583986
167.4580823285134
167.7702307932274
168.08884736066796
168.37249317810227
168.6361209352723
168.94058269143738
169.298407444009
169.71616421529012
170.21529561636808
170.75497418942422
171.23502858807012
171.58267968398812
171.82888511744022
172.0380938320568
172.23775648625403
172.40543565582487
172.49666981858547
172.53387218633614
172.59079391200066
172.70873963864963
172.6651063207444
172.1967611072708
171.6928372899825
171.39138219546913
171.18349849475692
171.02240285019704
170.75328612611838
170.29839715031193
169.71202011528604
169.07025715585098
168.4044759428746
167.96345829503827
167.95009528711915
168.17911511969476