0.0
0.0
0.0
0.0
201.00738713489918
204.69854238921067
208.7102141077029
211.24472037251726
212.31149397958941
212.93332168104587
213.54843862697317
214.20625556015676
214.77407070630997
215.2510032301224
215.6316936703326
215.8877219856922
216.06448636076962
216.2199954983746
216.38175192729977
216.59475276179091
216.872302784089
217.18753963227513
217.45907058926335
217.65713652824547
217.74598757235034
217.67979131494076
217.48780125625353
217.24283775764363
216.98823918377383
216.74754101832542
216.54353729382993
216.3920970508716
216.26832498159763
216.1433534143294
216.00517547276795
215.83558102636894
215.67206391363084
215.59033170946674
215.58727005900758
215.61358011632925
215.61329002057968
215.56150932832676
215.4687332955241
215.38068913139384
215.35664311375427
215.41506966091168
215.52630124868136
215.63502705603406
215.7262786391908
215.80294827448523
215.88562305140601
215.99250762921992
216.1151704024253
216.26620704522526
216.46694092448902
216.74977894016507
217.11707093228134
217.5676656953915
218.0815728188105
218.58059332680753
219.00121022010046
219.33695322963968
219.60574797415177
219.82446984013305
220.01437165265725
220.18618704317265
220.36295981602055
220.5330452676306
220.666403628548
220.74854994720295
220.7791187743528
220.7638240026492
220.7131386035473
220.61583352805363
220.47880981924266
220.34363802233312
220.28191511768281
220.31292115427107
220.43105675037197
220.5996849221168
220.81419126695923
221.05526461195745
221.27641435161414
221.43122654763525
221.52729063917013
221.59883340376643
221.70208372877855
221.85114364283973
222.00313093424072
222.1325796526802
222.22000477619562
222.2500842201898
222.22813557805483
222.183141025764
222.133938646683
222.07246655177278
221.9757676051531
221.8752481906106
221.76109041853863
221.6296006868916
221.4877526723746
221.35151821255286
221.26291504280903
221.2329217215201
221.269330363846
221.33294435557735
221.3673834014989
221.32183321045525
221.17466154445577
220.9358976858227
220.64137308216
220.38309181098816
220.2240418790135
220.14309066057902
220.0975718893908
220.03024095497744
219.93357104599065
219.84700565199336
219.77807565530176
219.71091578616347
219.63797063333806
219.62267027366028
219.68596846310004
219.78661901320845
219.90200566358888
220.0585596264704
220.25379334998502
220.45819209438596
220.6399913997067
220.8117688304394
220.97568897641165
221.09555869987125
221.10297031263264
220.98413754076046
220.84727520745392
220.73911069240813
220.66464017077044
220.63184226915672
220.6126581441352
220.59087753999023
220.5516937965559
220.5134508803954
220.52804404070463
220.58370641485396
220.62676946265435
220.64683245958918
220.64907877346258
220.67254322039386
220.75908486512392
220.88987009142477
221.0341356399464
221.2330395835102
221.48470823865415
221.70616638538937
221.79999043670034
221.75652626064849
221.63401293317625
221.49825745526908
221.35381839208853
221.20563424734797
221.10123760155454
221.06736539173005
221.08218462270048
221.1362598595453
221.22145691479335
221.29052475894088
221.3406525421157
221.35667668065767
221.3140629554359
221.2668607289343
221.22823951288464
221.13352627243262
221.02149986448197
220.9528237751103
220.92209806225014
220.9322755598653
220.960819952392
221.01199711021664
221.07948794650514
221.12843259351598
221.15035146789026
221.1366089342642
221.05640599768222
220.88613594938548
220.61450461588808
220.20267469549637
219.61811102292614
218.83998867726675
217.8314901823038
216.52283292352115
214.82343183916203
212.62554049967852
209.84497648775175
206.45869131017258
202.50638851911236
198.17250249359998
193.78776730755283
189.7661917403775
186.51234594060335
184.0692548200081
182.09055726417708
180.1819962183917
178.21587215121133
176.190651885574
174.18779733802128
172.32604672095138
170.68709546242536
169.34174207236592
168.3003147586765
167.51317057471368
166.94822761619463
166.59706685976454
166.42942324799293
166.42051873981356
166.50867365069686
166.6168882755946
166.74387663409863
166.8617636642835
166.89364037281592
166.84130573063112
166.79974682068496
166.84505939369103
167.01464941960515
167.25952779035225
167.48884178661694
167.6671264939644
167.77997952667604
167.8743375493766
168.0242390871672
168.18350754243502
168.27085701891275
168.3032788838228
168.2750058617466
168.18463478078021
168.08794233586158
167.9876915539139
167.88120951845772
167.81641742254934
167.8401407765686
167.94395531652822
168.12187057337115
168.33987950335174
168.5901516240831
168.8959320722729
169.20582635777907
169.45468455735488
169.6144463432819
169.65546300502803
169.601063907899
169.52668567852658
169.46158616660756
169.41221662091235
169.325448696491
169.13189850135518
168.88952351343215
168.69368141002775
168.55534997115043
168.46713633537684
168.424726979257
168.4109677433408
168.44309269955266
168.49386930028408
168.5277304693875
168.58108523576112
168.6697759225986
168.8084430222631
168.98517574503944
169.1550672708244
169.32539014960022
169.52784165078435
169.7393521156533
169.93799942831902
170.14727663403033
170.35924658217584
170.54441566183874
170.71078124986286
170.85667377879423
170.98578393907144
171.11783434605968
171.2146939754661
171.25573006782562
171.27382048568336
171.2907821640612
171.33858344874233
171.36068890206312
171.31511384038873
171.2513058004499
171.18532515793976
171.13086038737268
171.11224085287702
171.12166494584065
171.13777955941134
171.14318547511687
171.11534658466357
171.05807322307544
171.0075124241272
170.98593224535654
171.01684341307092
171.08243012823993
171.11285797997718
171.11001889903636
171.13146061201437
171.21725711335625
171.34780685300666
171.4850538978209
171.6648121456119
171.89710938704656
172.10780759301053
172.24908783287606
172.29876943498058
172.27660160445888
172.24434699475603
172.20445415033166
172.13365410526333
172.06122105800003
172.00243500392148
171.96513575656283
171.96462441095719
171.96333819250157
171.92897161140132
171.87569072449037
171.8117383349341
171.7584406636698
171.7003640699014
171.61682816078255
171.53836881879877
171.52634470148251
171.60874639488344
171.73867700457672
171.8410180584438
171.94358573711037
172.08910004315155
172.22781746643048
172.33403704106874
172.43543710620662
172.55063927902683
172.7003262478704
172.82607076193545
172.8754049147189
172.89594874031556
172.94260260516023
173.02235137969438
173.1044749785853
173.14764643711484
173.16087053851464
173.15489876649178
173.1290746733992
173.1472598620312
173.2267002698745
173.326967185042
173.46825082823526
173.6114292137537
173.7124185725867
173.7764392891699
173.8002311065075
173.7977563771467
173.79793264487034
173.8225828289991
173.92239596773956
174.06696258550326
174.20852797993922
174.35511919534414
174.46176486928914
174.5061244035916
174.50633516339593
174.47709414832013
174.4484495164208
174.41015460174356
174.346030373545
174.28419407229265
174.2445612293991
174.24612943020418
174.25711010210853
174.26954255033218
174.35451910093934
174.54620639223035
174.81752009945734
175.17083946080533
175.61200022056
176.15094609905236
176.71277747180318
177.15310968702613
177.4042667440139
177.4437122327499
177.3181320084543
177.09730713143253
176.7743327957475
176.31716555922682
175.43275527405967
174.02151461598217
172.62443006723188
171.59231740677373
170.65235263230855
169.52310777837894
168.16925862756995
166.6677760158137
164.86781035560483
162.41292714282125
159.21043057913357
155.63751657097725
152.51430841920748