228.2863779417169
230.44558383919775
230.0405667215228
228.44458216620689
227.65126430649752
227.72579235902762
228.25530117817544
228.8652199575641
229.31003835061938
229.46343264941842
229.35226821035292
229.02484326752315
228.55682929170416
227.99081969841566
227.32267448943455
226.60170175643276
225.957810130178
225.45468301593812
225.08550404297142
224.83832804982012
224.70547130367456
224.65689548994686
224.64908470937098
224.5973950602453
224.49718983934537
224.4210770001108
224.32217984471586
224.20611268108286
224.1375620190614
224.0809502226368
223.96767179670147
223.82855615034265
223.6991175895315
223.57457438945983
223.41589029719697
223.20340722483803
222.9576900767013
222.70137644195626
222.4611303454772
222.26335455781773
222.10428311952217
221.95326524695616
221.81037034731625
221.71270591927112
221.6633313845802
221.63595668441317
221.62894268712165
221.63976040212737
221.65703609092986
221.6662402173814
221.67975909994897
221.70792066938608
221.75862384375085
221.86354948359428
222.02350900721655
222.20706272405178
222.3649066358051
222.45101031707344
222.4668421604801
222.42683674638812
222.3725290148437
222.37992313047553
222.46783764803024
222.57579276971737
222.63693883441744
222.61198567125214
222.46903733694023
222.2707488673152
222.07761231911024
221.88752295423038
221.67690906486007
221.41928743830994
221.09206343195825
220.78195442352492
220.59335881521068
220.53539626918962
220.57739316143096
220.70247493119786
220.88964251562717
221.0799111396372
221.23397391239723
221.3465857761736
221.42209452963982
221.47968070484848
221.53372542066188
221.56940305249242
221.61470107506142
221.67232003324523
221.71722144108963
221.7657093091832
221.76978267594913
221.70275647631593
221.56601452403223
221.41202639686938
221.27329131200509
221.1577567274432
221.0584276359175
220.95808947294765
220.85650527732852
220.7556159993441
220.67169657850647
220.64196857216297
220.68357276513188
220.76139994921607
220.86177497474486
220.96413501250544
221.07846223277954
221.23604441898664
221.4423613572753
221.64897030870617
221.7973065200572
221.85573384140855
221.841462472661
221.79297955219
221.7229249151736
221.6222965530414
221.45559431096228
221.19372020103486
220.9013624854082
220.68196265501257
220.56840053626482
220.5630994697445
220.6215591614232
220.71099624428558
220.8545827739257
221.05762586282333
221.246995362523
221.3474878210052
221.33512147873768
221.21507850961905
221.01621494335006
220.7737653023218
220.56445821647407
220.41422095041494
220.33729587757819
220.33980954223142
220.43021603033424
220.60919299683383
220.82950831207322
221.04297478754904
221.20262021006525
221.2752358633375
221.28837675711878
221.2781220879329
221.22111264249568
221.10782119044148
220.9957183568267
220.91711195194495
220.89919073077905
220.9006557036852
220.91828468538716
221.00003248138518
221.1367100725261
221.2922723047277
221.4198464639515
221.52465750518996
221.5861807537908
221.59411731253766
221.59152834679153
221.58905669957414
221.58735641749354
221.60633703324703
221.6206543289449
221.62545756008643
221.63148944768147
221.64463912510593
221.68690756529463
221.77753169249604
221.88530457031672
221.98194878547798
222.03165926853012
222.03276961598655
221.9916771017365
221.88244755554345
221.7669167545211
221.7140807828751
221.69200614116608
221.64905752693167
221.58659902367017
221.53934239478468
221.48377124266892
221.372931650118
221.1341344056899
220.73403152845668
220.13872182083827
219.3240945617838
218.2625555580622
216.919520147252
215.26067775313092
213.27500701503521
210.91703819793406
208.14008600039227
204.9459966005046
201.391181448633
197.60458432754186
193.8695446310177
190.51760112704557
187.65493205310509
185.09754445349392
182.60342425843243
179.93118626365333
176.8801171511954
173.49447817834243
170.04687345542396
166.95311303659028
164.57978846465272
162.9592271864787
161.95567013832562
161.40443786122793
161.23999269452054
161.34702450954808
161.54393811829584
161.73993734610315
162.06438631742446
162.73604509026228
163.72034708955687
164.78619859051517
165.69071321217695
166.35639429834134
166.79794105175324
167.10531470611417
167.38035346967422
167.69644411122084
168.0692116962644
168.46370534932504
168.88037895789586
169.3134205836314
169.72618434954774
170.0763570046139
170.35039430854727
170.54332251114175
170.6310136835209
170.64225398075595
170.6208913060318
170.59458322288975
170.57559107983374
170.56279199214714
170.56023683718936
170.53358404456668
170.47224643943315
170.3923552163547
170.2910765364332
170.17202004736373
170.04839733210557
169.91125397812147
169.7589665509957
169.6359056260637
169.5258161607107
169.38148505150653
169.24124904340317
169.1577592477175
169.12783865878356
169.13122800751609
169.1339200705881
169.10492225431958
169.05252726985364
168.9871366106567
168.9049286665096
168.83342969540425
168.81176242032245
168.85840163246493
168.96033146678081
169.0819201836972
169.19274982321807
169.29747602454546
169.40376572976817
169.5176649826917
169.6658592090306
169.85284284610083
170.04344875658907
170.2149525816494
170.36595000560436
170.49974927086362
170.5944909398945
170.62620322120972
170.62440827583782
170.6438621375224
170.71415633960407
170.84389022001852
171.03595685940633
171.27510410999395
171.5126584891513
171.68518940375895
171.79062615674295
171.91600588283907
172.12043555964308
172.39603822480024
172.6755365516954
172.88738685968588
173.00594241169628
173.01361610463647
172.89861302762827
172.671364236649
172.34045984180324
171.9805665413457
171.66171000438482
171.3837639539676
171.1159142509032
170.84047222399926
170.62383416488092
170.486406372209
170.3659289202848
170.26211083825515
170.2463720605581
170.30422657485718
170.34664499560347
170.3050635829229
170.19707900839882
170.11692539932747
170.1121908699211
170.146822613279
170.19860812588473
170.24196468910384
170.2632580919916
170.31252747858923
170.41383372755251
170.5146717692733
170.58390554733614
170.6516887914329
170.73362156547628
170.8515825593589
170.99907992271272
171.17734183474502
171.41365943597123
171.66907621371357
171.8469795529167
171.92391388243803
171.9180403544413
171.85488420567236
171.7576439249072
171.6560917298671
171.58822099565822
171.53821791789886
171.46774463022217
171.368603192803
171.27700121611693
171.21127966431266
171.15916336441654
171.11110287135577
171.057340389896
171.00514082146574
170.9066375282731
170.76341946349302
170.66955558000538
170.6589943135263
170.69414984402917
170.73982405126247
170.7866147616527
170.878055687327
171.05064634346013
171.29081476720327
171.5674768769229
171.84534145607063
172.1355405054434
172.4701541044571
172.83200554628922
173.15918689900627
173.31398678354392
173.2023489495129
172.85678619635343
172.39587634900192
172.00171887728317
171.72885795232298
171.54640708813105
171.4038554494893
171.2642306044961
171.1401016597823
171.05829918720872
170.9957487291756
170.9104265457717
170.86433763841984
170.8587032673893
170.79150916579073
170.64175504047856
170.43833057100775
170.23139353901914
170.0986775877804
170.05930815214958
170.12085648143616
170.2696245569071
170.45193643848458
170.6486547529587
170.8405630444601
171.03088532037535
171.19409662969244
171.306940069993
171.4400338817006
171.6801837284285
172.04727659905222
172.56743970384247
173.21873408358323
173.8921253120936
174.2022238881868
173.45719101224515
171.19240379856618
167.8033749851183
164.16924583666912
160.68363108457262
157.23606603635847
154.02327834190376
151.73817001105812