226.9656122464977
226.63745816243718
225.9690408136446
225.11070624297753
224.57691098577345
224.8981941497138
226.3147091826151
228.77188628420035
232.0268416728285
235.5505602365289
238.55132448629493
240.5652089668259
241.87387518925658
243.02999876354312
244.2511354271246
245.46607849968967
246.62199639123008
247.71892312945704
248.7201567963264
249.63361686724528
250.43529451069588
251.07747369610283
251.54157050387818
251.83943933716662
252.02820948969355
252.1628588429383
252.28779306055182
252.38630143583606
252.47623660365042
252.61188186857578
252.80672687549577
252.96978535932797
253.01375170469592
252.936499933798
252.72288818890675
252.4581739534548
252.24954612665337
252.11074944504975
251.96798163181438
251.84764760918213
251.8639475865044
252.03042188692976
252.25884224965867
252.51098668853356
252.77825498828688
253.04291553094205
253.24549972256045
253.33787280429434
253.38229917220508
253.4592328872958
253.56198231440584
253.71245395181415
253.9051393810609
254.0808649854331
254.1995398006291
254.28392969952387
254.34990097435562
254.43241291896192
254.558208809613
254.71116282668694
254.89205829812676
255.04582799448508
255.1523275659079
255.2834291792655
255.36830925333567
255.33870151335762
255.2462231412419
255.10057022397274
254.91653629919247
254.76810711637677
254.75542081519058
254.84547264692026
255.01605735403766
255.26955803161
255.60611187082702
255.976708549982
256.3112801854441
256.5784986027146
256.7384183556685
256.7527207541575
256.5666498272054
256.1542293640712
255.63676934735204
255.1361507217584
254.73887183983993
254.5391054768063
254.58093081718988
254.78307686500415
255.07434554252256
255.4344416585488
255.79879568456508
256.09700405582976
256.2937789534658
256.3612144469639
256.3181179140727
256.2364426917203
256.19149345470464
256.26862577908133
256.54269989611134
257.03847766772355
257.72196559162154
258.50575080370095
259.2783724966366
259.94902509519324
260.44733581512986
260.71918039849345
260.74141757656247
260.473437019168
259.9546576486508
259.287981288065
258.5798438494857
257.90968425853833
257.3320448122816
256.8629855303741
256.52412049908054
256.31272549954514
256.215946195857
256.21306901560445
256.25612346726825
256.28748827601925
256.2623271741216
256.20526945069287
256.160680490518
256.1541797414574
256.1902879791974
256.23881144599363
256.2843530751777
256.31555080964984
256.3298483280811
256.3510221173384
256.39690651532044
256.47208513043887
256.5814718214972
256.67631277319015
256.7415569222522
256.7617938742567
256.7260261680058
256.6329469249972
256.5244920876779
256.44616300187744
256.40306378631567
256.38171722649236
256.3601525567152
256.2975258462143
256.22077676963386
256.1249401598831
255.99644199073725
255.84010216252864
255.6881528198278
255.5509448674062
255.43235366192243
255.345055309916
255.27702051641748
255.2203394050022
255.1756594361385
255.17220909026804
255.2518314209437
255.4571663422969
255.81644586455218
256.2817198891653
256.75852441507806
257.20020383484206
257.60533036310153
257.93219781218556
258.1588848583716
258.2964180181725
258.3848977087803
258.4571980124507
258.5159813375926
258.57085944434243
258.6365182381297
258.7238964622133
258.83933248148355
258.9582212835775
259.0561249733933
259.0886153273838
259.0209266061157
258.87966856637405
258.68466475620033
258.397468553099
258.01683209238695
257.54618935726785
256.92940626194905
256.1160058113134
255.06083929005683
253.6909041247567
251.82811974425871
249.2634114104118
245.84229806755104
241.53446163778392
236.52734866172148
231.16058702079334
225.49855495524338
219.2394389862143
211.95871874233478
203.57068143707545
194.6373058884693
185.98323511598778
178.27842789087745
172.96274690737667
171.3926768517039
171.5482480375197
171.08604729858672
169.83557959511955
168.40518998636418
167.22899864316224
166.55646492589813
166.34297090077004
166.44216112249714
166.76620296080995
167.04934671956522
167.09795927924532
166.98795234283892
166.8833460153573
166.89455252219273
167.07051658465147
167.46039873647123
168.0710757364843
168.77909031447683
169.47313408744023
170.11008817958432
170.664098091448
171.16562557929012
171.6243604675036
172.03021793946874
172.32942678707855
172.49008795279138
172.50592046385276
172.43308626642664
172.42182959392807
172.50654096367245
172.61855247205105
172.7347877215771
172.83025107539777
172.86349495705647
172.85628672903223
172.8145984337936
172.7085497303351
172.5322100224114
172.32405910370323
172.13185405650032
171.96200320446212
171.76441410736214
171.49489460866792
171.1942187511836
170.98684734244253
170.9081245261394
170.88853760396808
170.85626147684133
170.80473146741477
170.77286534755567
170.75915373374716
170.7352276473118
170.7063227917309
170.6702326211373
170.68028373832988
170.75258564030247
170.82035118048603
170.83476733525993
170.82779595721053
170.82406944255558
170.79949213220232
170.75400940615913
170.66417951001839
170.52638989574967
170.3784619267477
170.23684957055826
170.1574886741621
170.21249900876074
170.38557024542632
170.5395311455619
170.65418076520257
170.70515263740154
170.70910640511298
170.77581042226953
170.94041113006483
171.18268863077887
171.44919177672114
171.6732218133311
171.86455430660828
172.01846731357224
172.13429366507543
172.22742728381724
172.29858432352813
172.3843258044675
172.4695376648067
172.51826727174873
172.54698584788136
172.56140939891526
172.53145011864063
172.5149878561252
172.56067765896873
172.66868014698395
172.84150328681625
173.0244565611397
173.19510561313632
173.30074959038126
173.32679955546865
173.28626834912433
173.14948481352684
172.9117227884097
172.67862598067617
172.55320097819987
172.48675123390265
172.43446608463842
172.45851751463545
172.5501704429293
172.61952004649714
172.6456357448953
172.65613300140888
172.66674684375738
172.62168054284467
172.52159837568684
172.43423685561027
172.3866079391563
172.43500448867692
172.54261733831157
172.61764884025848
172.66295810499605
172.70754408500648
172.71776873591932
172.7166979257346
172.74379242826114
172.8011014062477
172.8917208293387
173.0055402925861
173.13055358086802
173.22551028200598
173.2817915820345
173.31644075891617
173.29167664015097
173.2092765215766
173.0976065107198
172.95347418322413
172.8088177385737
172.70324133118402
172.61936445480677
172.5417946032391
172.44247977032344
172.31344028048545
172.18465034269184
172.11232487642292
172.10517792366312
172.14975326369344
172.20530292111098
172.28601275969106
172.4451175256838
172.6252517672599
172.81846731508404
173.05594900844338
173.31028841714095
173.53674830800458
173.7062823161936
173.87019452702475
174.01761946271083
174.05558557500848
174.00024229346263
173.91605348202268
173.8404862763954
173.82266070642652
173.83108443881216
173.82002075157112
173.79234807428196
173.79201349799104
173.80804395521142
173.83547479907844
173.92769710561842
174.14832527374006
174.4277198409275
174.63022881960913
174.72580545512284
174.7269610735126
174.6118091827655
174.42853881955057
174.1889865323206
173.91700619601292
173.68263965654117
173.4871442417553
173.36196758482464
173.265058690159
173.1557309946478
173.04639954461754
172.91254293180214
172.7984270846371
172.73523936544177
172.69503423952278
172.68931505572655
172.68962861285593
172.58101167108703
172.27635434388222
171.7417280513689
170.9779863590306
170.16909134468364
169.42956227518553
168.83219948097792
168.43394829730576
168.07431704904727
167.38113986364922
165.7971766033811
163.03758107100094
160.0509437170707