228.74966308232666
232.03210462824532
235.35242464515883
237.9054348772308
239.56646023582834
240.71496430017962
241.8785915058225
243.29264314186847
244.83435227971393
246.24826934394122
247.49699424688944
248.63779824107212
249.73725864658914
250.83168560114228
251.85484249327237
252.72973782892294
253.3869320817154
253.80768104055105
254.04037975433548
254.1837862424329
254.28962726961709
254.50721538498712
254.7677200571623
254.91596308119358
254.94890018692863
255.05482087499692
255.28001705423114
255.61342033309958
255.99054118879303
256.2622360692915
256.41288024305635
256.41607186144415
256.2815434188353
256.0166677067435
255.68498457514363
255.3985911330054
255.19208793254953
255.0782486955205
254.99133717485995
254.78146893678186
254.35833057133442
253.80143375071935
253.2467997701464
252.71812500481354
252.26080205145905
251.96585407574324
251.89474058918043
252.00679930284028
252.2049383604841
252.4675856950548
252.7491013349132
253.06078591972587
253.391070032498
253.69158281318147
253.98743274382946
254.34816694837147
254.7037980716416
254.95288320206942
255.07853037533295
255.0991188396455
255.11861315590866
255.21763203128614
255.40876382411588
255.67294914959615
255.94527092484333
256.1639200094296
256.27890063503577
256.2641776606639
256.17455486290237
256.00055205987707
255.71918067997808
255.3774645656973
254.97820520084755
254.52514590232866
254.13033990501884
253.82776379270408
253.62950628615266
253.6622398595083
253.906673140022
254.26527332492788
254.6812282648545
255.13907131310808
255.56058389195297
255.92806055524886
256.24679903473196
256.513733949365
256.712615646514
256.8696698147535
257.0204731989475
257.2137443820089
257.3498835772832
257.3678907823983
257.20434816976564
256.797989756477
256.2841944340129
255.77686843873622
255.29912539738942
254.82544052832756
254.45350547256874
254.30688260430347
254.32071729266363
254.36092242810625
254.45078772621946
254.63123840244936
254.83951134704353
255.03345451339771
255.26392998843568
255.53825897066906
255.81655362620145
256.11238784874445
256.40679427809584
256.6477673647565
256.80638892432853
256.89572562371103
256.9339294864439
256.94950294410603
257.03754709336357
257.27873837629426
257.57731301610045
257.8873085850179
258.1138697592604
258.23163887675054
258.2853494268871
258.28237821428786
258.2156700015842
258.09390616819763
257.92611339263317
257.7077842767001
257.5418634221071
257.52749394900616
257.69622955272564
257.99875030083285
258.33430486353143
258.64680025473507
258.92568051114455
259.1598924098247
259.3270644987821
259.3835034084575
259.31062489302
259.1572816828092
259.0260899980271
259.00685957788033
259.11303391452174
259.25168488697784
259.3575870390879
259.2840421978102
259.0151268893335
258.6869786516328
258.3995837302829
258.1941323294119
258.0563685923386
258.0017604223586
257.9934728544216
257.99750653339083
258.0456861986377
258.0978975079002
258.169059516949
258.2357488835944
258.26106599415084
258.27332064521556
258.3512982894458
258.4377462469482
258.4404135946023
258.3287225156233
258.1063979798765
257.78968247987166
257.4170327797309
257.0463968377319
256.71467906043097
256.39398328105386
256.0482812563851
255.65092541915044
255.179928127269
254.6043376355029
253.85604627958924
252.91372959416316
251.82766067168086
250.6623572993192
249.36868663018407
247.8328133177606
246.00221843310845
243.84445518543816
241.29159550210852
238.18363670139797
234.25904750294842
229.42629855182412
223.99785293510485
218.39031709774292
212.56716390385955
206.3243277575919
199.51203319981406
192.53931606181692
186.35490006320452
182.04250300346717
179.6860046553635
178.21858262257086
176.55380613806298
174.39336153030806
172.04017502802367
169.8010808759642
168.0636718723481
167.15251848894502
166.92201511230417
167.01048780314716
167.18150581531302
167.35290449876305
167.5232308459169
167.70177965360148
167.88471524947892
168.06319996172982
168.21967237317682
168.34586577261433
168.51190710400607
168.75946020389065
168.99595156263797
169.1886462674011
169.3400992233414
169.4236227534264
169.4342069723734
169.38047685406843
169.2476757159642
169.05311932085877
168.85250290501793
168.66265066550568
168.4839230795008
168.34536317232622
168.25690683205485
168.18332773702653
168.07680854112945
167.9354327454201
167.7924414286443
167.68967717322568
167.66520618059565
167.7018024990262
167.76620014159772
167.84369682530337
167.9309594954642
168.0154987232555
168.08774425035207
168.16543767634917
168.27824339793156
168.41048216160405
168.55399483670632
168.6869769953537
168.75858722998214
168.78015932932433
168.7942631105745
168.7927479803501
168.73733883524858
168.66418495692156
168.6468959823291
168.70075659888818
168.8121414380636
168.95619657919215
169.13351339866733
169.32281755650357
169.45779523824802
169.51971898831107
169.58826831052153
169.72662418316784
169.89160478937652
169.99917295606713
170.01962335984672
169.97129108270727
169.87547946666973
169.72969823358574
169.58058784266507
169.46128315565173
169.41794250522034
169.46849066787684
169.556981103866
169.63174237655574
169.67066843352853
169.69429317435203
169.70698450666504
169.69663185624728
169.67770047208043
169.6576639256656
169.640420105639
169.64174411861808
169.6496425147729
169.61156185268365
169.5082227085626
169.38023127008995
169.27955370762504
169.25827856072587
169.31950984948702
169.42949780357782
169.5609633116377
169.65796131860486
169.69882192282694
169.77246709968577
169.9182792406935
170.10077701198853
170.31598892874536
170.53947980895362
170.70010165203732
170.77924413371414
170.78383657757433
170.75611672955637
170.7504123663786
170.7680437085152
170.75923837405173
170.68084636362727
170.53897679059986
170.3997098922021
170.34557191882135
170.39286496581425
170.48248474542862
170.5368883572902
170.53155515014066
170.51492343627226
170.52775278951432
170.57212885641056
170.65308702772597
170.7310639643765
170.76669452173783
170.7522730539874
170.66770827315975
170.55846103227256
170.45886319807929
170.3434386208794
170.21793740463397
170.12178642087838
170.07406891367236
170.06131070860408
170.0323437706576
169.96247212091612
169.8625084796514
169.74008224027952
169.63279669399884
169.5701931061215
169.5183277948102
169.52137092486026
169.58341379962152
169.6460658764471
169.67413180637803
169.692112609591
169.77422923737393
169.89609002057304
169.96511299818349
169.94561615689724
169.8934852502869
169.84375665029629
169.78042079939607
169.72020295742485
169.6802104902677
169.70356668746837
169.8398538932651
170.06389728492414
170.29261034298327
170.46052323575321
170.52125169468553
170.50267022946977
170.4861722466208
170.49489764300228
170.49396406885083
170.4686299098596
170.45513730642358
170.47119823833702
170.53602031695812
170.64510144111807
170.79379825204472
170.97464963403894
171.14505546604127
171.26285718716434
171.31890512377248
171.29740754236116
171.18447315386473
171.00093930033685
170.80251608920884
170.63999658169695
170.53644587194475
170.4809821788274
170.42744306028843
170.3268464344609
170.1795544269325
170.0131095163202
169.86122006003845
169.74606323265664
169.63246538198607
169.47630390440375
169.27076135782679
169.03645712998764
168.80331173946442
168.5513827033459
168.22560970870762
167.82587669345745
167.43490665051866
167.15776835850227
167.0440778094887
167.05124507495265
167.08255986324377
167.11930906213743
167.238875727447
167.51546651025944
167.92655947064964
168.29092861482238
168.29304303726485
167.65818463189174
166.56625146519804