0.0
223.70004920123432
213.18559116719578
205.96027352992215
202.59475969624202
202.23349423931745
203.6063407106273
205.77191944923516
207.9924259084358
209.82392922465948
211.3243729564038
212.70708435550253
214.0180934567427
215.2121784986614
216.2810266422284
217.24786321604495
218.10479347710373
218.84770509188147
219.53029471319402
220.1571809559439
220.713919838668
221.21512290675813
221.63525845091118
221.94093720767634
222.14124293842673
222.24914442723798
222.26545498846366
222.19601053088226
222.02910356941865
221.77604657632372
221.4831414251845
221.21172640727218
221.02109358505948
220.94443656319538
220.98639792335678
221.1213998295608
221.35344565948117
221.66281258488578
221.98168709177392
222.2185481119615
222.31379698944937
222.2669428589023
222.08480662969362
221.82088796147949
221.55862803745396
221.35495933054744
221.2127790407057
221.11984550400706
221.06780549449127
221.02794601111128
220.95859226763042
220.83513922460276
220.6719996120281
220.50983190202902
220.4019185179675
220.3640271769095
220.3623349945878
220.34238351983598
220.26826857950576
220.13619698753757
219.97427304374946
219.83005532087162
219.74168743629576
219.7050708159287
219.69177200480817
219.65918266533095
219.5685228957721
219.41962138042877
219.2565815088349
219.14698441452782
219.10264948927212
219.07827543337288
219.02601817347707
218.92582212139092
218.81172073916838
218.7620872113499
218.81955487391852
218.93419737124484
219.04600327972452
219.12684349359634
219.17673645586885
219.18897293630252
219.16564741823535
219.13385978013667
219.1045800708627
219.0705404750941
219.02173038907577
218.95933894756246
218.8954985979687
218.8776390636031
218.9159954402298
218.97722622416632
219.02785881370932
219.0358153704932
218.96831228303608
218.87824858658402
218.84242598245427
218.87846789561212
218.95051550066313
219.03166189477994
219.09962876086962
219.12814948637075
219.10913853353645
219.06182945633043
218.99163154804734
218.8912192637605
218.79675550410894
218.73917391967086
218.70117408013903
218.69078053061935
218.6774339462447
218.6142662471952
218.50187773183552
218.35462741007075
218.2104120168526
218.095365418751
218.02209932351104
218.01511525005085
218.08927958802855
218.2295495262942
218.41468688324107
218.6199541429026
218.81714036826486
218.98336825329727
219.10399971669568
219.1588837447007
219.16336209876798
219.1854561761811
219.29122855422776
219.48030331815374
219.7268224174547
219.9710315284346
220.15519947086324
220.26653743482956
220.3052565677849
220.2887683039979
220.24299690401028
220.1464740488828
220.0030276621209
219.8492679066201
219.73328059836936
219.68919676973456
219.7277556006232
219.8644852565519
220.05850561513608
220.2559021050878
220.44639619193885
220.61925286344544
220.76176321313358
220.82006133721544
220.78263053102052
220.7015234264283
220.57646405857955
220.40486597896944
220.24211605666622
220.0974619503491
219.9857454649287
219.92670362540477
219.8855535545144
219.83881490615158
219.78890917531754
219.7309297123492
219.70110912353377
219.7141770341928
219.76701808220866
219.81918819212316
219.84783057473487
219.85574844501468
219.85341588592385
219.86528738150747
219.91298991204778
220.01863695726846
220.1837073667886
220.34788633777657
220.46589860370355
220.50420614879607
220.42482011340334
220.2430416042147
220.0336246622374
219.80163976187487
219.50053201588875
219.11796377883365
218.62247643833885
217.9489594666652
217.07989204913187
216.0363190737002
214.76270623587914
213.16986424858777
211.1563255886981
208.57298116924747
205.30579414574404
201.33900559837056
196.86147545350966
192.24652457004288
187.88309802907455
184.2383460115478
181.48894855517648
179.31288663356088
177.26165809896935
174.97905422185966
172.5521820436454
170.35273766486426
168.6060318994452
167.38923625423627
166.66116190267027
166.30902209623468
166.21478599039548
166.31758268745835
166.58167627860257
166.93958842458676
167.35010232444463
167.81565888362695
168.27771706643193
168.65729688945152
168.94266967881725
169.15823580879663
169.35596070001375
169.58565938678385
169.82276227224895
170.01112727456442
170.11920312424246
170.1350375171246
170.11846007887857
170.1372484003471
170.1703071480781
170.1587726045151
170.07122498195605
169.92076784445362
169.7371003439986
169.5606685871781
169.45362568568584
169.4466895626075
169.494790354163
169.5626762541236
169.64509834510056
169.72169890785844
169.75405125750007
169.71732648465047
169.64858960969917
169.59393558740337
169.58546273737744
169.62225859600767
169.6853380798604
169.75411997203412
169.78825643627474
169.7812025957509
169.77945483544624
169.81759733590908
169.88337153157295
169.94473095856011
170.00174235241695
170.07384217028226
170.16321488260957
170.26311995120722
170.35484140230338
170.43763503791513
170.5250155287506
170.58025472125343
170.52636164312207
170.3046957036852
170.00441855278217
169.79949315237567
169.7711316884468
169.87610254389386
170.03117812185485
170.1839129676796
170.31739430554552
170.40826639456688
170.43202905769607
170.3795558182546
170.27291658390175
170.16562188879092
170.0831326863712
170.03936114569333
170.02385112157668
170.00462346872854
169.9960077734035
170.00569606075842
169.9746126817878
169.91083535616153
169.8609811213228
169.86708918468065
169.9380411912742
170.04998137841528
170.17851005892823
170.29311389779198
170.40489567769714
170.5045261558968
170.5822429450784
170.62087705511263
170.58124007881102
170.46576921523024
170.3027388924454
170.1535549167013
170.0577936468424
170.02292522629767
170.03459276918383
170.0286655843182
169.99886511840234
170.02385370771782
170.11477658423718
170.22697096491987
170.35998010101903
170.52195844258165
170.68627643376547
170.82828288175875
170.9715755357886
171.1588864838326
171.4024606089777
171.63474582800353
171.7838486861353
171.83610735009708
171.80655556393853
171.73469977242354
171.6659838520482
171.60852955116493
171.55051851227645
171.47165726915
171.34682836616815
171.1835162269368
171.0233463245858
170.88604891805585
170.7877187534338
170.74234194846352
170.74708352953388
170.79774711692426
170.83867044857516
170.82142839896548
170.77446884389704
170.75307214575597
170.78130863067707
170.83660371263292
170.90747354798265
171.033736910056
171.17179722518188
171.25942042881448
171.29765312629206
171.31680546929482
171.34181362962664
171.37914980453547
171.40876793747125
171.43231508678053
171.41909059627653
171.31457867534021
171.147321879015
170.9838015295481
170.84533590423544
170.72328885026914
170.58707074140585
170.44991463721243
170.35845832560474
170.32589488145047
170.34902418566057
170.42643557950626
170.55101104811553
170.68624107096457
170.8058109634229
170.90763647098154
170.9951186025145
171.0565562192955
171.06585127409534
171.03376301709494
170.9890314947907
170.92063247830376
170.8527620804962
170.8179783811007
170.77773707478354
170.71124664510307
170.6040447571153
170.4808065405211
170.36142443008345
170.22409377908068
170.0692220255695
169.924369898985
169.8172188571955
169.76154294089895
169.75349935760102
169.7562930627975
169.74336832878078
169.69959020069632
169.57844694305714
169.3693795918751
169.0854036429928
168.84415700953176
168.97648431581393
169.7720386885615
170.8845997313069
171.60008231242304
171.94147035971613
172.29090449567383
172.83558202017565
173.42722171241655
173.91601567582154
174.326120997681
174.62781408756666
174.65822888201055
173.73707981654553
171.41459543692952
169.59788081740723
169.5885048971226
170.45183527625912