0.0
383.3276598853941
329.02002600250154
287.7817162478909
267.131257499725
260.4894472834916
257.27722836422504
252.66920143907825
250.21710420123665
250.77132041996586
252.586971393459
254.18280743964564
255.18166391770131
256.0136812474392
257.09639848716665
258.27810808431474
259.36789218773447
260.45295130073043
261.3779393351279
262.11954889182124
262.68637304093795
262.9545427951785
262.89322851059245
262.5661978577116
262.0331559361574
261.40468168794786
260.72959542174124
259.9741835340621
259.21237587198385
258.4694120732913
257.8742156166951
257.53633919172967
257.33265377855264
257.1663309097738
256.9768177420393
256.75738144977515
256.5126135405661
256.26230962385756
256.0408848342827
255.8804589567476
255.69194196152324
255.41417918540253
255.14893179956366
254.97881236805952
254.94722173912538
255.10576168961833
255.431594056007
255.88757148684255
256.3891927310798
256.8300077855632
257.0094669726111
257.04406346476986
256.9208107669356
256.56527075604356
255.99827567903975
255.3043130599554
254.61731266539556
254.0657075220748
253.72586430498677
253.5905422985695
253.56811325823836
253.6055327094034
253.74837712429246
253.9470036609511
254.0961310577024
254.09107172457186
253.88629516696324
253.63883524449315
253.5431491580378
253.6725235883963
253.96118314433647
254.28303013667164
254.55727139922647
254.79485224099352
255.01606556652698
255.24246104218835
255.4599496009306
255.6888419047549
255.9316034122576
256.15702712965816
256.3292751963142
256.524378992207
256.822051958836
257.21421124163817
257.5824327205862
257.86616617160047
258.1546695875005
258.45757856060374
258.7091563721623
258.85924147908224
258.88265914779697
258.7644042377717
258.50537534993913
258.129075770265
257.68052652292033
257.24136476555344
256.86017462058527
256.535329735422
256.3588863899737
256.3889281289677
256.56037249008676
256.8441104851299
257.14077600775744
257.41657742966555
257.70289101678543
257.8973685424031
257.94654938157703
257.8722181791411
257.7377011964966
257.59365498167534
257.4972672095476
257.4496991935189
257.477448058303
257.50745484677657
257.51756438995255
257.5396449753928
257.5074265451219
257.4127772407029
257.2519582110578
257.01844428140964
256.75784716241867
256.5627830641116
256.4846166805181
256.54206564963107
256.7469443357609
257.10591321431804
257.5347356246319
258.0122181500582
258.47794881167346
258.87196557113225
259.18661899564313
259.42196763727407
259.5939318882595
259.6964869742351
259.7719657219882
259.88468259266415
260.08478805064686
260.31950129976707
260.53324637155004
260.7338941348812
260.80770011111827
260.7119830903919
260.4495169890737
260.0297093656295
259.5228466580513
259.01444975852445
258.6186650192994
258.3741759015953
258.28299905416316
258.3231416673101
258.4372293533212
258.5758649091316
258.76785836144495
258.98372197313313
259.08948682241436
259.0669000059261
258.9535349037777
258.79709289636713
258.5846907758247
258.3979143305295
258.3208256038919
258.3693113503966
258.3801138283253
258.3155029577407
258.211263045216
258.0649715521977
257.9291896158564
257.7577680385021
257.4395786500058
256.9233072842188
256.26503534908636
255.47217878544276
254.5504462080225
253.51466303429243
252.330193345491
250.92477307549342
249.19239812455427
246.99442935160732
244.18189253838568
240.66798329869204
236.5742103491196
232.19847253348425
227.69528178571758
222.9655210036894
217.9591448521147
212.70013998693554
207.1870655687449
201.4648202393908
195.69434945612875
190.2892736665481
185.70539405204863
182.09864220911888
179.19021336698563
176.62727518665335
174.29502376900214
172.25095303998015
170.54859126937995
169.23556963421186
168.2097426487126
167.30164113413633
166.5108195905405
165.95570718191348
165.64493825088795
165.44850495319233
165.24750152598534
165.0428121084171
164.88683704215413
164.84099555134426
164.93958102956313
165.03209681135834
164.9681184940821
164.83015330786168
164.77074213055653
164.81453119505576
164.88206068225878
164.92197618279422
164.99229302569077
165.12785307507386
165.30245479195162
165.51028153295766
165.7125630259684
165.87871810213463
165.999928779171
166.0689974244347
166.094455901894
166.09526152681477
166.08580292747496
166.0814736594514
166.0959963899259
166.16660380769622
166.32295932257813
166.5275644340851
166.7156007653291
166.85766858182745
166.94958923630514
167.04293479243228
167.21618012433942
167.4610667538795
167.7427693930134
168.04213506724608
168.3369434068423
168.59579513960412
168.78660912097922
168.8957753744324
168.91165381268553
168.86673384036106
168.80059488163673
168.7554331202827
168.76979178267632
168.852140679733
168.99271277710258
169.14995182434114
169.29994543845095
169.41819824174564
169.4916011171937
169.54134959469357
169.58695624301362
169.6189497655724
169.6073038088735
169.54007116314267
169.4313076144289
169.30303916345315
169.16941283080246
169.03271997054694
168.90142953209335
168.7809092217215
168.68258741595474
168.6352756753194
168.641817451998
168.6640664947309
168.7024982100307
168.76933957570807
168.84389387078605
168.92305838022023
169.01714655670418
169.12188337789672
169.25599663288608
169.41267018841856
169.5507561885402
169.64114269208332
169.68883825324758
169.71283667611755
169.7320450935391
169.7568592323272
169.79690358680307
169.85013273245647
169.90445340476003
169.93488647110647
169.94208821736402
169.95051315804974
169.93660771745675
169.8948186578193
169.8631870262472
169.85989862651667
169.84012875181392
169.77895708241797
169.73170206544108
169.74299130025173
169.81367509514314
169.89826777911333
169.96708994968876
170.01582206200004
170.01987732818006
169.99102775364292
169.94667647587258
169.90549901705185
169.8843595696359
169.87028611105512
169.87310010510535
169.91726430650243
169.95761877938284
169.9899135653177
170.0428194373281
170.10732229263155
170.14933116487722
170.14705937284702
170.1704799099103
170.2877921699015
170.45861052470974
170.62608764793788
170.77836420871114
170.92356215581566
171.089487295381
171.25851149246344
171.39586392196014
171.4838872150715
171.5196769338713
171.486940959866
171.3784204429111
171.22193826716045
171.02881256323406
170.8072619894268
170.580276407415
170.41153928052978
170.3362397494451
170.3274505437999
170.36242970254577
170.403345732098
170.46363702745484
170.56395060763734
170.66109226990054
170.69351056221097
170.66886209500566
170.6387288916141
170.6188522400115
170.59453652797657
170.58196989204686
170.5771154784481
170.55192323602768
170.54107038937542
170.604920371591
170.7601607661669
170.97963215906006
171.23029528357605
171.50280388597648
171.78378008347784
172.01925049453072
172.1589049826183
172.19134512975648
172.11218010915522
171.95691230922813
171.77995448688068
171.61205017032623
171.46556485166616
171.35181530812508
171.27496429641988
171.2514436522322
171.316881458326
171.46157215223764
171.64068152348074
171.82101824862355
171.9841062715021
172.12602575065566
172.22091663290934
172.21190138113977
172.06339010498172
171.78105806454315
171.41071201100635
171.02067948059977
170.67147184983386
170.38342089722897
170.13726971000375
169.89373430232598
169.6157545598291
169.29303307890552
168.9398895100523
168.60243143758152
168.32421115484235
168.13815462706907
168.05916381284953
168.08518842242864
168.14611709259216
168.17556117222153
168.20758897160235
168.2815377665324
168.37897321492449
168.41799330554903
168.25180658554876
167.64024105862285
166.41344394744058
164.85139790749898