248.75783887247283
235.1778781097749
223.32484131773737
217.6408118230735
216.406841030461
217.1174908527111
218.30440210655416
219.34921973896618
220.19310889467556
220.9065098460007
221.5316034718698
222.06211316967716
222.53535863550198
222.99105622050973
223.44815834311507
223.90637038727797
224.3367885197374
224.69712732502194
224.9454968085403
225.01059037316242
224.88818624864976
224.65583067005903
224.32766225474052
223.90932898914673
223.38705984504506
222.7974170030849
222.16921059945855
221.53606029672378
220.96010574638677
220.4538371617154
219.98141243212382
219.5327023847249
219.1282605931519
218.80383059672474
218.54223537969057
218.30945378695512
218.11566309685068
218.0096732846328
217.99555033754825
218.05999393300104
218.1975406232985
218.3742388608163
218.52532537719497
218.58965173336153
218.555616099519
218.53352237947595
218.5705641163379
218.6173185089258
218.69524951037138
218.81499627822433
218.93825924644298
219.06644346335304
219.20789351195654
219.33864444812673
219.45753333073452
219.5677731995149
219.67668205154763
219.77082066384156
219.8093894944364
219.73737705874447
219.51814003362188
219.17446901312837
218.74546858029368
218.28668281277822
217.90081801820426
217.62779527070222
217.43993637157197
217.30291514071007
217.17765783835551
217.0501637704936
216.92481997505925
216.80234275586673
216.7237785235409
216.68915783293292
216.66979125751828
216.6835113480074
216.76294560508393
216.9252408143423
217.1395785033986
217.35286266313943
217.5332687730459
217.6518193700997
217.6919701263701
217.66118593833752
217.57306545194123
217.47553330432117
217.40595950491266
217.38666680827305
217.4390128774934
217.55051404911472
217.71812560197822
217.93056420661387
218.15333194198143
218.3545767323996
218.50662128781133
218.59443244246864
218.62914303064704
218.6427554551021
218.64490700103576
218.6501603452433
218.69563792269318
218.80859511771783
218.9592310069521
219.1384857777432
219.3426686044459
219.55273425760518
219.7529704399561
219.91219190027607
220.01647059070848
220.09449478185803
220.14632340536372
220.09769549856367
219.90754675156538
219.63910065366062
219.3329140333831
218.97466625042932
218.62206608866563
218.380060418739
218.2683545109238
218.2410618754632
218.26769858731916
218.30398828421033
218.36299106644893
218.49001206243895
218.65563947044828
218.7859127103896
218.8530393896695
218.8483673745392
218.7909931422942
218.6983134838808
218.58461483632237
218.49525844466208
218.42698777064226
218.36307877089888
218.28469691680428
218.18492099079427
218.10065918004852
218.05596865091127
218.02195514123804
218.00457770473838
218.0238411993446
218.07947711076417
218.1505480059736
218.2220819648826
218.26588342085626
218.26914746310064
218.23785801937615
218.16655302633905
218.07708938478658
218.0183305241701
218.02125399312757
218.0633478323182
218.1235052407063
218.22286088820863
218.36330448174908
218.52279323908527
218.64582890924322
218.68546548621325
218.62845299183505
218.48351939372697
218.31063766463745
218.1846766127195
218.14547002856597
218.17532260962759
218.2064755804179
218.20282317374853
218.18662242156685
218.1772887446351
218.17849490929746
218.19591760873868
218.21999162345446
218.23317612652608
218.2234251699982
218.20014731202343
218.18085113525615
218.1665416947726
218.16632107866707
218.19490024112088
218.20287032819678
218.17519013214434
218.11105540510445
218.0041796937363
217.8167605023091
217.53432912097148
217.15902652102227
216.6943945776544
216.1069412544832
215.324545235259
214.30610446190383
213.06303478047118
211.55057849320096
209.61700750939343
207.19194729441278
204.3157551375104
201.0449638335736
197.42692515800306
193.58787351061883
189.76677662396378
186.30897880368516
183.32368920095203
180.55616010282552
177.7061523802944
174.84599305578894
172.33964013609335
170.37762080715385
168.58380932278266
166.7359936446942
165.2508160150011
164.3556648608074
163.88752937408097
163.59359895210147
163.35990090058334
163.2468434691635
163.34185613934528
163.60129552368159
163.9968469680256
164.57845119829503
165.30739073120324
166.03602195114337
166.6225738486106
166.97767372546366
167.19826364957652
167.47835792404715
167.89498459834635
168.32899384766847
168.61061526903958
168.6693488750174
168.59920965905658
168.52643448925872
168.48453182402034
168.43946798236254
168.33876443522746
168.1579217840309
167.96857485991694
167.8311914077318
167.69198300806033
167.5129542148571
167.3741962825381
167.32781271340846
167.39509038861377
167.52281064106893
167.6154605137064
167.62785555859276
167.57374405944233
167.48574230514686
167.44621405394608
167.46967153379524
167.49132160295443
167.48706309098003
167.4569957588328
167.42139798247578
167.4431895957872
167.53954177082244
167.62772004797532
167.71765133984644
167.88791677744126
168.06642019818656
168.21492094547494
168.32514808801204
168.3959368908894
168.43217862815936
168.43035791093394
168.4106357100057
168.37765633871206
168.3675100637464
168.44667926107167
168.6358801988562
168.87056056138687
169.05800843112021
169.1842452857737
169.32044128693704
169.49531188087272
169.6592754802827
169.75507991590632
169.79357994910865
169.81962595291327
169.8225563611989
169.77190496694453
169.68669653437246
169.5889621495033
169.46135806954712
169.31948988221328
169.2161352334253
169.143405021791
169.02448667181983
168.8558350095219
168.75443438639056
168.75281586958445
168.72910723318512
168.65878008385678
168.59396228962171
168.54013167990436
168.45894991770382
168.33011740945216
168.206226592402
168.1410440800909
168.13623756652888
168.17203556064203
168.2238948403214
168.2635837903511
168.2618477492709
168.22773280298495
168.1960023896486
168.18518884404415
168.19646596617278
168.2362342228873
168.30945602914636
168.38510360350807
168.45917941629796
168.50864900270204
168.49562353080262
168.4135198870981
168.33370641635554
168.37478632723455
168.5398144601176
168.79951749407627
169.10586202748027
169.3961826562806
169.65048170938869
169.83354239951467
169.93302058133443
170.01236986959418
170.08488846867968
170.0990952564929
170.04425472042033
169.98693045793115
169.985919129462
170.02089828832334
170.02889133067038
169.97338833307515
169.9036971569721
169.87103551372132
169.90469030206188
170.0075642787976
170.1055171553603
170.17737686780814
170.2470020820379
170.353673761518
170.5010390674748
170.66953201061156
170.8416365515387
170.94324192625555
170.90971458003423
170.77518789823418
170.60499563496967
170.42439148323862
170.27880297016847
170.25991758990617
170.33003168096423
170.3859562367245
170.39937178150456
170.3626241030924
170.30662671725418
170.27519506052636
170.21566134453968
170.123123019155
170.05426780533338
169.99459902239929
169.88472961551903
169.7253333006204
169.55483524135119
169.38826321031587
169.26597620516077
169.26508482486867
169.39379705155113
169.58190229166587
169.77580055555993
169.94526508426816
170.15556612020345
170.40378345746245
170.6171240343719
170.79388793458426
170.98809941655108
171.20762272242584
171.47974239770883
171.8343127623702
172.2225294754262
172.6181408395291
172.99691609211237
173.27554402915786
173.43779861775812
173.5207963745369
173.62335665746681
173.82818989329206
174.12722046593584
174.41128546962517
174.51585212271655
174.37624677738447
174.14322869645113
173.88014547558862
173.61467503653313
173.331941209224
172.89825705263797
172.17914495533236
171.07511003252793
169.9719644331057
169.72785332327337
170.0041621294139
170.23741946016904
170.18670795327776
169.84567861058983