0.0
0.0
209.61963798654833
216.7297778430976
217.57733136522197
216.6944227494586
216.360043075493
216.65607022892416
217.63393147377542
219.06931555103347
220.49386634490347
221.49142340385717
222.10938946239315
222.4803456285006
222.7090349697496
222.91040194457725
223.15957079686882
223.39622133795535
223.57608274341558
223.73149814260992
223.8834742643423
224.00055688659828
224.0591876129684
224.086094581882
224.09727582294735
224.10199948277074
224.1589320031381
224.30108772807495
224.43882085421376
224.5130566156635
224.53185299241528
224.51802081214382
224.47898352534625
224.35477636196774
224.1336465561099
223.82891181392074
223.45918779928795
223.05165866444713
222.6717929947292
222.34846105628284
222.09528171454977
221.93817256679495
221.83608860335767
221.76508316123324
221.7138183982132
221.69763369248903
221.75662041981795
221.8857432930321
222.04687498844575
222.20343994309601
222.3693989674108
222.54345221459874
222.71837998304636
222.90139239962298
223.03787562031448
223.12544937666627
223.24791291430208
223.47239959118397
223.81795039314161
224.1751080575516
224.45944471331495
224.6201434637743
224.63738528836313
224.54549112309468
224.388537274057
224.2150962204356
224.0850117681096
223.95831312078934
223.80521040829913
223.640931105339
223.48736116331438
223.38683662978352
223.32695803763755
223.23892666717703
223.10619112606963
222.9570074104275
222.80901703641175
222.61968634297133
222.3910652506774
222.1785391957006
221.98026907114715
221.77203821919073
221.6111924071968
221.53150700958236
221.49500522807082
221.43578204969538
221.42436765348097
221.51943317137977
221.71421053652708
222.01253207963623
222.34370938581517
222.6320717903201
222.8108244534518
222.84411092559844
222.77136825440994
222.61004109481158
222.3911121648195
222.16462515273517
221.965328321012
221.77529427242547
221.68550324093223
221.7347377703986
221.81946310055721
221.88084645818168
221.94566368580905
221.99908138036852
222.0085114127506
222.0035792464286
221.9780778585238
221.99715915287965
222.1232383434846
222.282297853355
222.470342114815
222.67844169920824
222.92244980312063
223.2036607417365
223.4777031642337
223.69713947435443
223.82168103202838
223.87134768384254
223.93404187076752
224.0346934097028
224.08395585977655
224.04458007162188
223.92178858527467
223.79318386706066
223.66544390388452
223.51984113637616
223.36471626867205
223.2474502515509
223.1399988798884
223.02148129748693
222.89872509633082
222.79123873748492
222.8111344649662
222.92913953226835
223.09137790771126
223.25750741531922
223.3539953113551
223.3654021010785
223.32201763557228
223.24445871300753
223.15882412460695
223.06255649003978
222.99415590145097
222.9744647938205
222.96405719953796
222.91471401021784
222.8153312338427
222.6889623497266
222.61243656324694
222.5796746249422
222.6097327809425
222.68540997744142
222.78998288121295
222.90745461011016
223.0113699771673
223.04279522800942
222.97562650388832
222.81674747739123
222.60712314681882
222.42846406852956
222.3189520660667
222.26215098648308
222.22233256757855
222.24482513925767
222.31728345097952
222.36239716885518
222.34841766956123
222.26448477831056
222.12052597648957
221.9018679671389
221.55533344123782
221.0656728550726
220.44003091909548
219.65414849943653
218.7089443323674
217.609829949524
216.38070323136967
214.9344806718011
213.17974795775947
211.07942381302195
208.58444436862126
205.7149964286196
202.45422119136333
198.81293535878518
194.942920016781
191.10920036713102
187.57970749032683
184.5812354013493
182.2634430697374
180.39375142904737
178.7362071631461
177.2845199411263
176.1437924868551
175.33082228630659
174.84530902791994
174.63739289714078
174.5679284965293
174.51842465088865
174.42124251759043
174.28176351788647
174.12457547754855
173.96053974394238
173.79081798345462
173.58689161639472
173.33185757162795
173.06577991681058
172.8876803329917
172.89886060268947
173.09036571013232
173.3727941573854
173.65100918720879
173.8873781987721
174.10143731831545
174.2777556515812
174.38551997714305
174.43705449506194
174.45308641015697
174.46006503016605
174.4791255365207
174.50252926270122
174.5152191152518
174.50744970717457
174.4473398480295
174.31500044962732
174.13192346892083
173.93662695865743
173.78199626805403
173.69489048423895
173.65955076924683
173.64047890652034
173.5851010501617
173.49817819563964
173.4532173763782
173.46718772979182
173.51662787247562
173.56951139378617
173.5906133137791
173.5642946097585
173.4946656840507
173.43326202319255
173.4348051356298
173.47839790536338
173.52452408159454
173.5507131067322
173.54552236928814
173.52071502842978
173.50084630846175
173.48444440570242
173.4885184953817
173.51447901658904
173.5426592356693
173.55447479824682
173.51348387835566
173.4148169591609
173.28151503954746
173.12799058680847
172.96271790934722
172.80601696947306
172.68336529112946
172.5967930075932
172.52159049965056
172.44538887635127
172.38235364353227
172.34063614618725
172.32389560540025
172.32070462888234
172.30546323493684
172.25529569682723
172.153595885086
172.02092662025063
171.89135568734451
171.75968457342407
171.60380564272862
171.42953670701579
171.2809812277504
171.2082378994762
171.19772254777558
171.19997186324866
171.19423223496085
171.17284868209083
171.16130719908395
171.18155732825426
171.21161174175694
171.2498627852289
171.2840756635065
171.28637315941745
171.2616077084656
171.22741678352864
171.1890633209992
171.16647132202382
171.16718103228453
171.18770028558788
171.26071769502755
171.3777762889087
171.47708191958478
171.5338540515076
171.5430674611503
171.50691496691852
171.45528415279486
171.4299941823117
171.46884784230315
171.55785045691795
171.67750723846328
171.81087365235462
171.9241329897362
171.99021733006367
172.0104353750503
171.9974711241288
171.97240656090835
171.94413909217175
171.87729588274303
171.7657374490496
171.6496549770599
171.54715422333788
171.46662141619663
171.41635376216402
171.34995070603998
171.22775300597402
171.10473288814546
171.03598354741393
171.0124717144144
171.0159868529554
171.05836320272869
171.16336826031883
171.29803219456954
171.39148355625898
171.39927784149438
171.32050969741226
171.2092143070155
171.1262970148698
171.08455261078234
171.0833035267031
171.09294700068534
171.08093689988863
171.06363056841298
171.02741894517956
170.9514158953582
170.89117397636346
170.88802563556675
170.96586795191658
171.1351557549555
171.31791969475807
171.42485789930876
171.45625522833674
171.43401293008398
171.38660073207495
171.34774585973076
171.32713449418816
171.33631945765308
171.37652860364
171.45340560183672
171.54640564165632
171.5837007392564
171.5608885401646
171.55847499072493
171.58483212038786
171.5593716751043
171.43093178639765
171.1955566368611
170.91190942524972
170.63420883210378
170.38116143505457
170.18897660516836
170.07830901085833
169.99759844631217
169.92246256074543
169.89338182828314
169.91061118073713
169.96744055886356
170.065144850767
170.16069000662702
170.21660533712793
170.2240346897941
170.18174456770967
170.08705336186594
169.93577053619654
169.79467135756144
169.7920223572233
169.9046504923861
170.05294620723905
170.23410085183622
170.44868459291916
170.6671897526203
170.92119876732366
171.23350180313992
171.6322894036295
172.06705928364084
172.4463247793961
172.80678294180566
173.20025240031134
173.63152257686536
174.11618781525968
174.6219312049988
175.12258252266756
175.5792317194775
175.8268315204509
175.61439878560282
174.83888732133067
173.83310825627152