311.1176932215999
314.52418957899545
318.15109348447356
321.5905380166291
324.6076498028498
327.1940373619583
329.39500282062386
331.25896916619723
332.8948713319893
334.22720585412276
335.1178744270086
335.5337772579865
335.61259872144694
335.57796949314314
335.6755994144679
336.1182407387722
336.8556081093697
337.7209657556485
338.5146342782781
339.15055814772956
339.5641214755143
339.76856783926803
339.90333354639847
339.9700865589961
339.9415485118081
339.83391998377897
339.7598481543595
339.7803108232865
339.9647500918925
340.34658643721656
340.8645218394123
341.41501859328406
341.92850254915754
342.308174196634
342.5565544381333
342.7635239596401
342.9724961850038
343.2318108286953
343.547359426713
343.9113346635512
344.3048361118218
344.71224113820983
345.14120433662345
345.60672970701194
346.1084603521544
346.5419183881426
346.84129800718006
347.01381651746544
347.13444907313067
347.3643717625554
347.6818706505027
347.89977583533766
347.951706050097
347.8940767086077
347.8438599198552
347.867653811811
348.00079415408004
348.2441239011463
348.54368350391
348.83212895402886
349.01030930973866
348.91141295994964
348.4895108172629
347.9302626342581
347.40316752096135
346.98629603958545
346.78239320943294
346.8250370020426
347.0086103363034
347.22909274189607
347.4257139101143
347.5621140040437
347.6450219726664
347.64318808651365
347.5225161561446
347.2553506023088
346.84546964839285
346.36121572682237
345.8973790085364
345.5313580832474
345.3701347612633
345.4243617685554
345.66821912296956
346.0405467186823
346.4670966358949
346.82114845875617
347.00704533985936
347.01357022179513
346.8347515895309
346.45095719016535
345.9293078350557
345.3872721552194
345.0063617171551
344.89165500710124
344.99454580378017
345.26420520772524
345.6753852153989
346.1525202506926
346.65336863656296
347.1153703519148
347.50209376164474
347.85557011917
348.1198321066
348.2623476772999
348.28596076092134
348.2920297786827
348.3563911710352
348.49233817005336
348.66849919453983
348.8395051350275
349.0025777557538
349.1704600701226
349.3685558843474
349.6587608187962
350.0482867724122
350.4035725874264
350.6100974083796
350.6757093112739
350.64392799510824
350.6464451321888
350.7550394616371
350.9226579248393
351.09464137369906
351.2742812106894
351.45916858590994
351.64270606977635
351.82137545859774
351.98698345204457
352.0861966805369
352.1064560139519
352.0356310149796
351.8620131048508
351.6037940723082
351.3094304010814
351.04636735913647
350.8448736898188
350.7348501004036
350.83492312926245
351.2512418139909
351.8604135764247
352.45496131703374
352.99573290009806
353.45281134467797
353.77980536492777
354.0905988287814
354.4523851519478
354.8565465657924
355.3704902743643
355.94229203591436
356.5056032699293
357.06100047830546
357.57223774725645
357.90912809699984
357.973499680455
357.9242791956052
357.9047942888908
357.8339060187507
357.63018149768834
357.33009400200444
356.89615708721215
356.2851094505044
355.5455631249102
354.7698031543726
353.99751810034684
353.2744249922388
352.6429342731979
351.9602111781534
351.193516001867
350.5150747695634
349.9542951004966
349.38854806417066
348.8192976694068
348.26223718312855
347.70144502267556
347.18444470658335
346.81036875044254
346.6152311087045
346.4808340950534
346.38757820419227
346.433382817656
346.521655104576
346.5818525144746
346.6294412076355
346.65066756268163
346.59906613724064
346.50567372082435
346.4176987589394
346.317637108289
346.2358129291596
346.0450220406826
345.4320708741335
344.31198777376716
342.74987810489847
340.68853524063934
337.8363270555251
333.7841952469906
328.2589207706902
321.24171311212484
312.9004311471581
303.8641872125178
294.78096706915466
285.93099762741724
276.7431086301505
266.544332476628
255.45704330137607
242.29639658005357
224.39258076941815
206.39832761057554
193.5049861481791
185.70556779329834
181.25090963994742
178.61463989121063
176.61323389969036
174.62049527899504
172.5901515345691
170.74906833141824
169.35517740781108
168.40686218960505
167.79388396925583
167.41874736194953
167.2174799933099
167.13717387468623
167.10900656530663
167.1677401224183
167.4090957467826
167.82579025867796
168.28888241743914
168.73829527465116
169.19318516166865
169.61303653233912
170.00541907154064
170.31122722909018
170.4984759116031
170.66965924011745
170.87130432656957
171.04941586733617
171.21778716310956
171.393382985558
171.57355844251094
171.74554655052242
171.84113037420778
171.8251590335543
171.77903382134616
171.7688734067009
171.86603375305054
172.1219083043344
172.53257553634714
173.0231780627035
173.48445846871024
173.8222097139064
173.96593307063495
173.90258152950886
173.64718656514296
173.26895840936453
172.88109590061657
172.58130293582084
172.4380725955902
172.45903482906633
172.56356797652165
172.66624466984842
172.71550156437064
172.69966009790153
172.5916443292468
172.3880788788206
172.19104978548054
172.10728526610467
172.15126593024587
172.25875087213288
172.36426170039098
172.44975959588882
172.51881321960747
172.55964753189934
172.5676284037287
172.51725508757215
172.42152780668002
172.35123812970485
172.35599453658114
172.43814733037098
172.52011760417483
172.51989855813932
172.47020743039138
172.4294193170148
172.4528969099795
172.53219425761432
172.5721843163354
172.54018124600182
172.48151743873748
172.41015254518877
172.3404665256925
172.3139007652181
172.3522430783767
172.4768703296648
172.6941982504427
172.96994445044726
173.24032134041948
173.4392632735825
173.55850396119837
173.64092266777715
173.69157497802348
173.7240706025348
173.8012866912242
173.91877439576365
174.00686905285443
174.02197522007518
174.01150678735783
173.9967170443116
173.88574157290128
173.65788363973755
173.38548049424077
173.1028212750835
172.855800887183
172.6811794634627
172.54860368973914
172.42732183093574
172.30793546660442
172.22622882067498
172.20264087721958
172.19446115409232
172.15947511451634
172.11830826480377
172.09519198269803
172.11846758735325
172.1797602330219
172.2419926611589
172.3450904144499
172.4632516342019
172.51561947503507
172.48441623154713
172.3729227172162
172.19474576175145
172.03102150379772
171.97061090501813
172.0511512859099
172.2249975125956
172.4001725182955
172.56785848577778
172.76697943962108
172.99771778829006
173.24114173987803
173.500874923797
173.82041914127802
174.24983690893384
174.73573650134017
175.21796352605577
175.6768583687854
176.059202366186
176.31723135497032
176.4209493098552
176.37886664114296
176.21304802518546
175.947706912693
175.62469792463372
175.31175390518655
175.0399460072131
174.78636968772116
174.51655915512674
174.2162996677286
173.91671536405778
173.6017940726802
173.2613353073751
172.89205738374193
172.4836323394231
172.05244020281583
171.62559772798477
171.23311303857986
170.88392307519635
170.5553184655992
170.2501950250191
170.01860948574947
169.8914962501085
169.89100480629756
170.02778350332494
170.23343230067405
170.42635160930132
170.5817695844246
170.71338685192393
170.87426580331737
171.07893867148732
171.30428986520946
171.55216070110532
171.80972346428257
172.06640775493128
172.34354219288744
172.63877515291784
172.8884428230315
173.07095456559446
173.1752877381274
173.20092871179597
173.1452761993576
172.95853527538551
172.63731083570033
172.2022501985818
171.67063587699485
171.08926494623756
170.52282655366133
170.0734307879939
169.69543298309412
168.9559157189368
167.2351146076675
164.33059493508267
161.21616989595498