236.10090032834165
239.54960246290403
240.60997412352825
239.46601176593742
238.18608492560395
237.8482280272739
238.42413309608594
239.39284798138817
240.40010890957114
241.29513418611063
242.0496342534725
242.70459660756825
243.3164320751635
243.93912572140866
244.55990201044608
245.10653872935143
245.59315369900924
246.09585191134428
246.67069314036968
247.31041695294164
247.94806889952713
248.51075499698865
249.0016444598113
249.440298070611
249.81804233957004
250.1704567959678
250.50760780047463
250.81244696800613
251.08795698587707
251.3555459737537
251.56377121897162
251.70161882783498
251.85618043398037
252.06886810085945
252.31994166854383
252.5911689364695
252.82311197589974
252.97624347545792
253.045479509066
253.04118431783297
252.99501503532207
252.88181919152538
252.66528275375705
252.34364589716824
251.95450792284154
251.58457109061163
251.32937516072735
251.2391612747287
251.32662968113615
251.5447182218781
251.81348604090635
252.08571257933602
252.33505926417916
252.60825423632016
252.92199866991538
253.2753952466651
253.67585150691647
254.0904097340371
254.47577544242938
254.85965665102486
255.26490237196157
255.64938030241672
255.96837352289594
256.2086990699751
256.36984617363635
256.4718724935086
256.54053129454394
256.6366341702542
256.8119701982749
257.0390814454643
257.3101066075071
257.59913077916156
257.84911776193024
258.0168361728234
258.1142245191973
258.17625118657537
258.25288788948876
258.3666164927773
258.5251790589406
258.71547760551186
258.90522749822946
259.0455114365552
259.0935685902882
258.9948192387481
258.7112413967206
258.2301003620085
257.63745037624557
257.057400107865
256.6000363677004
256.3766797963416
256.375113835306
256.49111660217443
256.67607512179916
256.93413968869464
257.28464286671135
257.72761676947607
258.1938906969411
258.6331507489832
259.0366365739604
259.37103797700655
259.57915263128257
259.67617117046655
259.6549166803861
259.52904185069724
259.34629406480144
259.14649816170316
258.97030632660665
258.82476385364714
258.7501418062338
258.752729268538
258.83093954610945
258.9971981120368
259.20839670486896
259.450086028641
259.67077717581515
259.8438018873932
259.96976869993546
260.0062051936461
259.93088171071753
259.78625743169664
259.58034620295086
259.3636387586494
259.214043699239
259.19115606526645
259.2900546594731
259.459815648216
259.6748362858355
259.91720584547147
260.1763584592542
260.42488444797976
260.64085735873505
260.77357282194265
260.7761310058822
260.6174868844091
260.34097511244613
260.0153042798794
259.6540303701155
259.28293004738265
258.9627281467878
258.7373488635059
258.6475403543211
258.723805983101
258.9374298647794
259.2569844958516
259.6268907545968
259.97831315257827
260.2547668862405
260.43942201296454
260.58743165692863
260.7085636150737
260.75605146956065
260.70280716718935
260.58800104767187
260.4527344699636
260.3458544813943
260.3109879209509
260.3957504447634
260.6091912988853
260.9069298995881
261.2240705488024
261.50182996048966
261.7179426643203
261.8325907883302
261.80364343166826
261.66920152542116
261.48217494515796
261.33132571051266
261.293680641328
261.37392424307916
261.52040799885043
261.6744040207217
261.78765299364494
261.82533234079983
261.77223460413353
261.633717552204
261.4219252522756
261.18269080857505
260.9705603782545
260.7429821330063
260.38555826793
259.8106123606517
258.97590353872397
257.8272629594727
256.2842401912354
254.19442843982685
251.23487350069374
247.04347750407058
241.57943194786844
235.3256513744907
228.9576986233331
222.95932999785663
217.56949489129715
212.54714213779909
207.66415110635427
202.6371711991117
197.49390045497844
192.56714380238688
187.91746648696014
183.48882059598282
179.2436682307674
175.1961800268262
171.398925225217
167.864910087965
165.09137407259266
163.15916107572357
161.671635629484
160.42640965850342
159.55428665239262
159.1358550065827
158.98925686523685
158.94224130923976
158.97289507128232
159.150876679404
159.47219822301656
159.8320356060323
160.20424999078452
160.63706737288385
161.16797241224126
161.7524807698993
162.25962983708195
162.60139367687975
162.81517522608692
163.00809144150043
163.22320759398752
163.42493215999247
163.59788703819842
163.75476676099106
163.92984493413167
164.15241387325395
164.41903354525687
164.71718978629124
165.02037715488063
165.31557172319657
165.5967469741433
165.85149125041426
166.094159628203
166.32849924969997
166.56044200268798
166.80354991922857
167.0456592623629
167.2495280240852
167.38369247145198
167.45002739505964
167.48555552332303
167.53542937245328
167.62487421831858
167.76568203964067
167.95903750348828
168.15349543226438
168.2773674875097
168.31282890588437
168.329895030592
168.3985452238098
168.50524614178437
168.5944610876141
168.64200591947628
168.64404505449252
168.63096879447184
168.68618425432533
168.82446806299606
168.94721371082667
169.00034227846982
168.95495020984535
168.8561282719518
168.81834368159397
168.87389660088485
168.98708989834154
169.11039315413962
169.19564247765555
169.22696136195822
169.24076324549625
169.2531478886055
169.21275560589217
169.06537554045258
168.85259071818908
168.69763939804145
168.66716495003334
168.70666490839707
168.7468209368704
168.76928542385772
168.80272494677257
168.85984083815748
168.90376747189876
168.89226932483774
168.8536679558581
168.8693278770171
168.97012634604488
169.11382740608835
169.2584096073547
169.37220585047282
169.4464908261434
169.4794093692983
169.45929551173273
169.43175930618116
169.4405215152927
169.50558939515673
169.57981912503735
169.58060940153155
169.525345860492
169.47529757290158
169.46932153194052
169.48261513383392
169.45200893556103
169.3531427615681
169.23671230286914
169.1591498029482
169.10927902869904
169.05829250574237
169.02416655612916
169.04564312531707
169.1443898238762
169.29414520232888
169.41567947955025
169.45665573425427
169.429764583447
169.4115362680672
169.48393865989672
169.64380632425693
169.84904037966683
170.07499691005233
170.30621818168677
170.51699718465738
170.7165456089582
170.88745314958422
170.95538772986012
170.88432969547497
170.667238009659
170.32667711566086
169.93087117424034
169.55810003076732
169.25386534119826
169.02166191798207
168.85662084258016
168.789543877043
168.8368017209301
168.9487780964449
169.07919912704597
169.2144061626998
169.32940797862796
169.45020920269542
169.57454042494578
169.70561210313622
169.83246320990855
169.9120117648011
169.958124753898
170.0153828955726
170.08887080541555
170.15973141408597
170.21375072087596
170.23604314783475
170.25165476775055
170.3103525900997
170.4399104097755
170.66247194092472
170.9614859625421
171.29602093781767
171.62666390240003
171.90257533434115
172.08422614677525
172.14906656066432
172.12640412725696
172.0920517313442
172.08315891941578
172.05558989488222
171.93908491988955
171.68471375169867
171.30960427579294
170.91479683171775
170.51585564674633
170.04902698904624
169.47320321101327
168.78056956999131
168.06719945379018
167.5485413116574
167.37279376192183
167.4349555919672
167.65925787618335
168.12080401398478
168.85233840567898
169.7323563042117
170.55133487377933
171.17728190409593
171.68589272512543
172.17999029829778
172.66976204970175
173.10936932047468
173.43757430999906
173.68158345034968
173.9101032988317
174.10694764880856
174.20662711918885
174.10564715397942
173.697711936968
172.989119858977
172.05625040134632
171.12643073507076
170.45843718713368
170.03059871008116
169.66979822210777
169.3016076970044
169.05615548591223