231.1950675958629
240.22494139019852
246.91620743303662
247.63668934839959
245.21642574111846
242.2089074517623
239.76916308089315
238.09283977668255
236.84673595047437
235.62507014954232
234.35972310526876
233.28724558693753
232.6308842204217
232.36554871651185
232.3048589184565
232.29158742609928
232.23756942088355
232.14784973725835
232.09590865604787
232.11346074255937
232.07862427067377
231.85361749323482
231.45121576612172
230.9542510197379
230.36232908918217
229.54192335968514
228.38215118023743
226.8860830795207
225.20848900584286
223.55287065006124
222.06567189860925
220.83767858412307
219.8723197949455
219.12250502360766
218.51785534805165
217.970861199977
217.3585825075456
216.62960634002087
215.84151488776644
215.00823279465314
214.15154112711417
213.3835570421047
212.80224966302444
212.38164935187183
212.06874976490028
211.8203550579512
211.57209343794793
211.3441366418005
211.15942844468847
211.01579351484884
210.94814113514764
211.0084645725454
211.19196041954942
211.44114718160068
211.78346586537276
212.24039358445398
212.7936474260123
213.42523090444612
214.01452627357554
214.39169626455643
214.5144110622649
214.48926798163583
214.47830869586696
214.59912630176618
214.83319611891463
215.10534727909683
215.3217644006048
215.39388319246518
215.30494022786186
215.01645765681377
214.5203137020526
213.90802972470493
213.33839088283855
212.9870743734474
212.95971420846806
213.21072297115242
213.58739606850452
213.88450375146024
214.04597764556283
214.14531071185408
214.24534969030555
214.3452578653734
214.4685672826034
214.57828633008768
214.59371817513488
214.49063949744337
214.3493093186371
214.2443175171565
214.16449571209012
214.11235881140385
214.10686668032116
214.15322786293794
214.23688491950108
214.378200677962
214.52242971502318
214.5556062113794
214.44463213676343
214.21682114200067
213.9831529939754
213.9066354479616
214.0329385466613
214.1648229453886
214.18241992555315
214.0856131363079
213.86300329094487
213.58494804424805
213.38841580090252
213.36963423055963
213.4907888918316
213.68120374107787
213.81821998265335
213.80232094102763
213.66635168305692
213.55586468037723
213.52910031243027
213.45026611940744
213.21610250644096
212.97999927663042
213.00831683705738
213.35237865481483
213.98301328355967
214.7074616327497
215.22885801420105
215.42586507729868
215.3912720960197
215.22898978973777
214.97613445008744
214.7348091874995
214.68418682980234
214.87754460051963
215.16777494215196
215.380461179481
215.44214157195333
215.45051019408547
215.67126896833605
216.1981525322321
216.73969705766694
216.9593744286433
216.8277110447554
216.56169776746503
216.21463896767327
215.87219262680404
215.68471047671514
215.67790995479575
215.73406818390274
215.79413632406457
215.84726134886185
215.84698172787793
215.84958813045534
215.96757355334188
216.0886825506232
216.05153420209137
215.8627425226996
215.68415259860527
215.57976667017095
215.4153078103722
215.1427459564918
214.76046020146987
214.24138695294658
213.7072026676146
213.346849457384
213.1509400156519
213.11687792536077
213.3662869536089
213.85448985711503
214.39687626086166
214.97596898903515
215.57144674223426
216.0122573079857
216.14988345009417
216.07357184366256
215.9170130083988
215.75001713341945
215.63501438253255
215.64889356869935
215.8151241361361
216.17392102854205
216.65295156053787
217.0002150671246
217.02431794121873
216.72232085794877
216.24224867557274
215.73623428780934
215.3022105480569
214.92371498101878
214.49525994917147
214.0672672938268
213.85441487015942
214.0489536126257
214.55478938080734
215.16088347112344
215.6753344009113
215.91392958976286
215.74166993599312
215.25727234043603
214.77128269665423
214.4410389420384
214.1601635097369
213.82143017483602
213.5165996070891
213.32793197139952
213.31169736151392
213.5079634962947
213.8400285909761
214.1396113869566
214.2955915282514
214.37888444852342
214.52011731594882
214.59861968996464
214.53007825803076
214.45576236526568
214.51061977068383
214.66626078524172
214.73760487048946
214.7133608927371
214.65820298828896
214.56499261865426
214.42572957101666
214.30575180860137
214.25766831513124
214.2901551996032
214.32440428125275
214.28740518810628
214.21194289216413
214.16609482486365
214.27103433346366
214.48984992508883
214.6164795498606
214.5125129354689
214.32451444025483
214.1698497114711
214.1209626115386
214.27386465444354
214.5571216979497
214.7487891833129
214.82448776163199
214.92690950898435
215.07133141239686
215.19870702783447
215.15921818251041
214.95298600516202
214.6675489416299
214.4665724730608
214.47307693355614
214.62219580038968
214.75168197269699
214.85513799491628
214.9276673878169
215.04036048155066
215.3132822499548
215.64697773400547
215.90623041973348
216.06708956843224
216.04165010452107
215.72877932287037
215.26639452639216
214.86719536945313
214.63913943164823
214.54107428725092
214.43015633423738
214.25136510812672
214.08830401162405
214.05168882296903
214.3583371135719
214.93321988309987
215.54169879105154
215.9530182076189
215.96759969801178
215.6602299760293
215.37779443582033
215.2534987350416
215.15495047698758
215.1161534863588
215.21792394743926
215.44857428471812
215.65262208994548
215.62384247720445
215.42610053991402
215.25260239235632
215.0922851555232
214.86666155823565
214.54951134143926
214.23721646560028
214.13094971189747
214.26685346374106
214.49508606850443
214.74553097393283
215.15188693128675
215.7110751576656
215.95459054633938
215.66027406915754
215.2271354970889
215.10206215262605
215.19109916236204
215.19876430859824
215.13790150766116
215.09329678529315
214.98343736352547
214.68020139592306
214.3429134307449
214.26158673124453
214.38176602849893
214.36818985156862
214.13326812686705
213.87258598144692
213.77737174229566
213.87054415493003
214.10038241378987
214.31349342778333
214.4722532972298
214.58811311619058
214.58122771181846
214.42833108803717
214.27790823238848
214.28579761295185
214.3213969612152
214.14453258648226
213.78280200382025
213.38746859353125
213.1179888611378
213.23277384251037
213.87366154009914
214.79969152384425
215.57504276464522
215.8763587079048
215.61452779605924
214.99797542577735
214.38552822581624
213.94251142984675
213.6924792537185
213.8363315600522
214.4845992235637
215.32675522967466
215.8570025743133
215.92913202365432
215.67518749224675
215.3024998470748
214.975529640692
214.68689629198218
214.23405369333247
213.66599835968992
213.33131873790558
213.46875555925573
213.9413067243038
214.45382337209628
214.80332506440027
215.13696568030562
215.63754754912912
216.20203177650544
216.641356988065
216.8186722810573
216.74733221312934
216.4708685197382
216.08626228977954
215.77179111821954
215.5717865611417
215.44629000075412
215.43903001963227
215.54495014102136
215.62619010700888
215.51146648493292
215.1330235321428
214.68764791431414
214.48862850339648
214.55702325586265
214.70202318182317
214.79048243577003
214.8705888496175
215.0778696987701
215.5313595634716
216.03641456565373
216.29330575822053
216.17058041619728
215.73292110696087
215.1814179156764
214.8949021489886
214.878743726972
214.79738859653764
214.3966150989301
213.83209794870794
213.54845252799402
213.81174481760578
214.47140535982004
215.10943307528703
215.3801642880971
215.27624288933083
215.02380714095852
214.68317511110197
214.2078030528678
213.63949541534134
213.23664380313505
213.0782467557427
213.1716053337079
213.35481425758678
213.59949640543994
213.9655742757396
214.56281230885742
215.34425267614196
215.99015408620727
216.0931198641355
215.59902665468255
214.82373541747552
214.16098394122017
213.8987267610271
214.02680367438904
214.3466264518411
214.52702951553164
214.40968037488025
214.0247327743224
213.62047353281025
213.4759661845682
213.61799134416714
213.7157760514142
213.39771626391092
212.78747309926652
212.41792243870864
212.61609969516405
213.18929673249838
213.731747077387
213.9282411102682
213.73138523937172
213.2914501490913
212.95163663328253
212.9907650443816
213.52082621963748
214.28417746166042
214.77646853220875
214.8566166047266
214.70415869029165
214.50816815611074
214.2717213644877
214.07509146435797
214.20279260445747
214.58862778906786
214.95641402861162
215.1692908000802
215.27155668861872
215.43549648430422
215.62077950734687
215.66594351493717
215.4808076676953
215.1545110636806
214.97029802417597
215.0717924856895
215.33091968184948
215.55328090208144
215.61897078599134
215.4462927969576
215.12447285917736
214.9551179899339
215.0651069223183
215.2201415997823
215.19662980111622
215.06053074600953
214.9328992004752
214.92395459244835
215.16612430446162
215.69998345095235
216.45870342326856
217.03699083156008
217.09391713419964
216.65946197217434
215.9893226721621
215.3468123941105
214.90524456321296
214.5830692782542
214.31858293953826
214.10367820958595
213.95093484021845
213.96694095244058
214.28293534903645
214.85813515365228
215.29950081023227
215.36038937080227
215.09045654440897
214.66098193242826
214.27472910601298
214.1454046018483
214.21031727849967
214.2632533301099
214.13911154319382
213.91088526558025
213.69970811413938
213.57389837544162
213.50621226771273
213.46123521406054
213.56552393628223
213.78856452362936
214.10283935011486
214.54309936315943
215.13526217242466
215.7682109851762
216.35682515873364
216.79392216828532
217.03157237491206
217.086549201485
217.01825577958337
216.89440539387152
216.66240746124538
216.32052676921538
216.02524529465842
215.93194120026325
215.85293078629127
215.7405650492871
215.68926309140545
215.68694586800527
215.61301050366043
215.35030734110313
215.02402004237433
214.7676942686827
214.56853020268156
214.4933024578259
214.3739998250524
214.01884134909028
213.47279064509107
212.93111547390205
212.59785589990872
212.57397599094378
212.8098245171555
213.11155037500123
213.34577667028128
213.46021237429773
213.36907249432173
213.12820029243173
212.9046157712782
212.84345354704516
212.78984413981382
212.72118657893026
212.66093363743332
212.5778660666802
212.44686990919837
212.38027805480993
212.42519264753687
212.53388168343724
212.66307381370635
212.60884115449164
212.3997107851036
212.1793251681693
212.190205413018
212.51969250665576
213.09037834759818
213.7126977257364
214.2216140028875
214.45444516231782
214.45661450241568
214.41432294198512
214.4946123565545
214.69232986118098
214.93921127349753
215.10923159306748
215.12393023826266
214.934632931111
214.74238582934365
214.68583657436574
214.752562392482
214.99947691942714
215.22894549650988
215.22106973175812
214.9277983730287
214.5636129657959
214.26854873660952
213.98133203935492
213.64132073786516
213.30089524054307
213.12582241400546
213.16943090473202
213.35060456450168
213.46932358233937
213.5562378896929
213.80096959443364
214.12201787667334
214.26025646940138
214.07878713044008
213.64689441856865
213.28129196388022
213.21697419926844
213.55176995871471
214.19055490214578
214.86930712779503
215.20284435422712
215.01822155049763
214.47642974527528
213.90968535228924
213.6705841608869
213.70844639754432
213.8695414794913
214.054503100967
214.21198382900727
214.26498130178712
214.13483062293326
213.97716390214248
213.93748209828715
213.90006460442274
213.80240912542183
213.72674841879905
213.74314154175102
213.82157102039332
213.97128287869725
214.15260958475736
214.32523122095301
214.52021920445688
214.67162605065587
214.66702910114697
214.39024239526248
213.9449259886035
213.58313503525915
213.49396387001326
213.63768928189407
213.87691102029206
214.0289597126206
213.94242918547482
213.61878921842862
213.23797019481364
212.96147576123917
212.90421338028926
213.07710871886633
213.40259320644952
213.7409702276681
213.83508190807413
213.6905088191231
213.51099372027875
213.52305150278946
213.83638511637534
214.37782172984177
214.90584034252643
215.16259704165077
215.0646578617106
214.7517907389421
214.51704583098513
214.42033526407664
214.45851565246556
214.32892491628076
213.86854210811546
213.3114819376741
212.96084058932453
212.82664241302965
212.94651056828957
213.27811319853447
213.66173913444774
214.09767531857133
214.47583312783385
214.6515442316262
214.71763554312767
214.69904141798182
214.64261272924227
214.6590416370374
214.76652386811776
214.6915759871924
214.44506324228445
214.24427245417823
214.06659969609262
213.8649003324122
213.73885997605834
213.73245708581766
213.94124972060186
214.43409681778863
215.11163094231156
215.54296341791743
215.43320884427808
214.8944260829801
214.26627815973475
213.7736851917689
213.6214299926079
213.8144835670048
214.02087126440975
213.98422975495043
213.52293019791793
212.7855115334631
212.26123171363494
212.4362586880174
213.14200990755205
213.931711830499
214.6820481035288
215.17908598305877
215.25830808705257
214.94969349168235
214.43673253514913
213.9374595894896
213.61921929424784
213.4913000403294
213.4198994691786
213.15208184232785
212.7161048305082
212.35058865323512
212.3431019142295
212.64671418950854
212.8872687212732
212.91423324432694
212.70016606886227
212.34029263111557
212.10814932385537
212.24041586520542
212.6653453884884
213.05874628231953
213.3614071650203
213.59243476853658
213.56656817754606
213.30717693816905
213.13059116133203
213.1312115893639
213.27067352960557
213.49590987521051
213.77354507343517
214.13699806410608
214.38606474941105
214.44431797570542
214.41599925225063
214.46531276643154
214.6586510514325
214.94592844803947
215.13041659839098
215.18091051270292
215.1595189543077
215.0308888663341
214.66504058004944
214.08645346505872
213.47375845048344
212.88859582210938
212.38626178183338
211.978905550215
211.80003669694668
211.9378629133397
212.43296921731783
213.0918724183249
213.52992097841675
213.67032959836328
213.57569534013015
213.36961520022837
213.2259126810047
213.17682725464448
213.18205095914664
213.16479307927986
213.09052475354952
213.0076873038284
213.03894890250933
213.13337155727888
213.30656807915165
213.5685006669999
213.82318374485845
214.23805747188214
214.82226799904169
215.31933555776993
215.706499292635
215.87650636743018
215.71012491278262
215.43139297007085
215.2228121381252
214.93114044242006
214.65108972452734
214.6209310614068
214.75921118136839
214.8370220680934
214.81374009879258
214.78123705330836
214.7860114723368
214.79819336253286
214.76213306840276
214.8267729792996
214.85240433779182
214.63919536453915
214.2498373289468
213.85747096458033
213.5588394955946
213.4027842876634
213.33395370418202
213.2630609981313
213.22534946543885
213.16433267027324
213.02411315339276
212.98422991467191
213.14989072205816
213.52153455575228
213.9822714874743
214.4591955136952
214.9486879083169
215.2186022958059
215.14658020120825
214.82401130633997
214.46813404907675
214.26751288341939
214.17827734035842
214.205663264304
214.32805125949315
214.39039906956512
214.31102358115524
214.22172754778714
214.12659079088513
214.09032029414593
214.26923330776427
214.5572931863104
214.78774358588373
214.94728882432543
215.06339225664658
215.17817791506303
215.35985437316612
215.52961216386373
215.51188241080908
215.23956152966605
214.85822735742943
214.5089102461865
214.2065629789987
213.94038754222126
213.7714479995817
213.81598760395218
214.08636219004484
214.3794129479318
214.30375332728772
213.8218221092034
213.26169106162652
213.01957333596098
213.15992488334678
213.4964332870592
213.89137086461471
214.3528682075163
214.6336435284362
214.58918013036637
214.33853977395705
213.98001654970884
213.73716385141884
213.81051385996076
214.20484120559203
214.73679155879816
215.12052431481231
215.23425651379148
215.14196044042373
215.16974075618845
215.41912394515975
215.69154896847928
215.7689131576526
215.62324259432867
215.40567570676913
215.2664703941271
215.13335073514398
215.0661620712639
215.1100432182412
215.2286296873608
215.44952279637081
215.65807472316166
215.71559149778994
215.65052918397672
215.65781197311134
215.74707872096138
215.82301970107952
215.65322044503878
215.28938895769298
214.9941036006736
214.8673751716154
214.9963107266312
215.30714700823222
215.46138770125674
215.41947105494904
215.3787677384326
215.37026268928898
215.2979231498341
215.1145270943946
214.9019152594033
214.58280066666754
214.28830171624745
214.3034227352151
214.49161390015087
214.66823674563534
214.85049195200716
215.07091190927062
215.19475236417676
215.0820141566827
214.83183443975906
214.74526005538846
214.75225538488
214.6522975286607
214.51410213664764
214.48716521892248
214.3813854915649
214.17104235528905
214.16071741106498
214.51647670517215
215.17819012136465
215.8936216933159
216.30698731519422
216.23226539856563
215.7682387472603
215.20808466628557
214.7897079507788
214.5569512071444
214.52953505294673
214.50886273933247
214.31465390342103
213.9669972003042
213.59110041000264
213.36304872142782
213.53530089957394
214.0675222936056
214.55410017880973
214.77389212415417
214.71423597677568
214.43083032022483
214.01324936030693
213.73363258189352
213.8430474902799
214.16064094859325
214.36364962087413
214.2024778478172
213.61954105058228
212.7996292612035
212.07712409005987
211.71758279559867
211.8212011010562
212.25947165173218
212.78265436936158
213.1053180226515
213.17615292257875
213.2327835918723
213.5138365772101
214.01804794715204
214.38255460933843
214.44896142602826
214.4603968949627
214.64239668260308
215.10713171704936
215.82784436901656
216.52300473654734
216.77201072932522
216.44603457773974
215.86177842133236
215.37506041677943
215.04287214348363
214.87507932321182
214.8164416144253
214.93966060328944
215.1559649046527
215.20665091792495
214.96198782533548
214.56055923215615
214.0632232752838
213.54998960686873
213.30190112569352
213.27270902623547
213.16155619114755
213.04988310738193
212.8617180373797
212.63982974389066
212.59875358937762
212.50828609677748
212.3026242615397
212.2219645641492
212.44334258611076
212.89435917657556
213.2719900800752
213.4721291352015
213.62736539271373
213.7478304517351
213.81362661726956
214.0312955450448
214.5564628116179
214.91848333616898
214.8291375073297
214.47593503164478
214.18749566072336
214.25920965992182
214.66477566280113
215.1185660170057
215.6011488235626
215.9245875896524
215.8030829943235
215.42338548988013
214.98373662140787
214.62834736312894
214.5767568037317
214.72511695117902
215.00143783825683
215.4174969127614
215.66593663992083
215.53548164526808
215.0788579840597
214.5430993643361
214.300795201081
214.40533481392018
214.6830690154746
215.061764542673
215.51540832643502
215.9024657989967
215.9691656338349
215.6694401688403
215.15415679164843
214.6010550483931
214.14431318172225
213.78468878000282
213.48471525122358
213.28452359395072
213.24263019103503
213.33002395618797
213.56665542618467
213.87347459714127
214.06732231157324
214.14669607251312
214.3647324610161
214.78201205268542
215.25309423215307
215.56889784495468
215.62298768183922
215.39721736038356
214.96386312884445
214.50213260194212
214.29217345618528
214.2863654570186
214.2637790747714
214.16881586634508
214.17536228321143
214.24306703369487
214.26608694152034
214.2633503781362
214.35051968713418
214.4925813658168
214.54911861023672
214.50246003035946
214.45431717116145
214.4831690331224
214.53377887158246
214.55755822532836
214.63155447872953
214.69826723986617
214.70146048005927
214.70051173005822
214.77373488834814
214.79333525331828
214.68925460475822
214.462638233668
214.14204357337746
213.86572178607196
213.658621444266
213.43188438447402
213.16760171865243
213.0138940548301
212.9938809449708
213.02952275179268
213.13849438463222
213.40006575831046
213.69969897944475
213.87188776041154
213.87352509875822
213.89275674387298
214.08063454779267
214.3096744369745
214.51953367101345
214.75689396125568
214.95288438876443
214.90568606331584
214.58672882055492
214.21250924747756
213.8590965430555
213.59212800503457
213.5460570679116
213.73599526997938
213.98787560623273
214.16574426508143
214.18756472968028
214.03552702158532
213.8234265361999
213.73664110816873
213.73990834078833
213.78961252244437
213.8206996965986
213.74148536797202
213.59287978451687
213.55994804146525
213.501243663726
213.29824531146014
213.08056169946
213.00329130080965
212.97552831828102
212.96414089446586
213.11587223277797
213.33815388992838
213.26297116711856
212.81310221336636
212.33059727599687
212.0106269052626
211.89445239204585
211.9338121626797
212.06833923482293
212.28767384193927
212.5905316625234
212.8510294654384
213.0106238365809
213.164949956751
213.36942488241291
213.51786828723323
213.55184943592263
213.50465218020173
213.35034460149836
213.0203000863656
212.58445092594658
212.26713831568168
212.12065057250356
212.1660665438576
212.13101657892565
211.8310906858576
211.35961298129283
211.04155904263314
211.12855131172142
211.54704921130775
212.08376630114793
212.56338375940774
212.85593944738034
212.98355596819076
213.08787871596158
213.25313815197015
213.4038898655351
213.3972139168051
213.1177520279964
212.66089875359035
212.2210944478504
211.8660438292291
211.51316973606023
211.2144114730003
210.98420309247183
210.82930120612284
210.73737386610492
210.7143524497282
210.71722843073917
210.67327437368817
210.69268877190666
210.9223685234072
211.31675304705763
211.69755288172746
211.88071452192926
211.9065384318788
211.98918922018072
212.25224870167884
212.67145153416297
213.01829823428918
213.11087626905314
212.88725940426593
212.46546135545304
212.01941881724525
211.71035082652827
211.62894808306197
211.87854284321523
212.2755455557475
212.63822507607642
212.9294369696426
213.21405928226048
213.57816821321114
213.94991187081095
214.13537896950996
214.1177425239893
214.06038010038492
213.97212313624607
213.84062629782608
213.60091435397808
213.12934740823533
212.51397301527794
212.16465025679645
212.30500834869042
212.79126760518466
213.27502881529114
213.58203822056197
213.6961170697285
213.63506314322834
213.42565490893912
213.1865337615549
213.08213129855648
212.9737036044729
212.8276446273852
212.71734454363377
212.59726224418458
212.40081663409896
212.31259706840672
212.43449689558008
212.63677179552266
212.8294603916507
213.04653531647665
213.2847658251381
213.5744125003139
213.90179535851541
214.16645773321648
214.23904718541814
214.16096778973477
214.1784753386422
214.5178889524947
215.0374672944589
215.3577618697903
215.31049020596532
214.97729758882625
214.6845080951906
214.57616428099746
214.5342790912689
214.40040748159043
214.2249187868892
214.1912274087323
214.31400749761838
214.403890399793
214.4012571644575
214.3753774943552
214.41853434845876
214.57026955662644
214.75983568967004
214.9041490053371
214.9639276035849
215.05757281772938
215.24726346378014
215.47943255768323
215.7280236457665
215.85655119937257
215.75868519131035
215.392643578544
214.88771142638686
214.38295740327877
213.86727186886148
213.39440334143745
213.12589026654803
213.05461746807168
213.02304417610543
212.99952220234968
213.01762063979234
213.0205941273616
212.9571005101654
212.9069928271662
212.9955144343498
213.29851026262435
213.6987909147806
214.01349909645893
214.24229600459788
214.46878247307302
214.66308443062255
214.74031165084892
214.71178774158335
214.6021653123966
214.44855709374235
214.345845033035
214.4066056433566
214.57104293551066
214.7836552706695
214.96936343970924
215.0759265241614
215.0795360217183
214.97196214782156
214.74554701178994
214.46378977671637
214.31387745214363
214.32989840767016
214.37218782279558
214.35096991112667
214.23335759441983
213.98422929873834
213.72093699204544
213.55458775737026
213.46785658129272
213.40601255553915
213.30472570142305
213.18146778292726
213.1286304723078
213.11245835919982
213.14738823370874
213.27282257648938
213.50864527466422
213.72989582398887
213.86347010900613
213.92041364361347
213.8091718679627
213.4568473450097
213.04625430739716
212.87923259085352
212.90082394003554
212.96146969431177
213.0526410005417
213.22931021689575
213.44596358726068
213.5985678766551
213.69535698355907
213.8858738979702
214.18566166953752
214.48035144223303
214.67245994367752
214.77340249836078
214.81937043101846
214.8545501958506
214.78830715178674
214.62394834922668
214.50285283411796
214.51893349578776
214.58754689687436
214.59780158400758
214.56478966215852
214.54895094773568
214.66131056116507
214.94381852178375
215.257658144224
215.39636050416192
215.26502820522524
214.95385289566087
214.66301832148855
214.56734947317855
214.64009314396526
214.85443159677027
215.22066749375574
215.58902430228986
215.8093404726054
215.8976070516274
215.95903400547584
216.0315703821692
216.02656250362003
215.90104459794193
215.6050309119019
215.14665766093492
214.6762579626522
214.32853898509939
214.18061848068402
214.14319560741748
214.09937207974846
214.02140354679855
213.87092378827134
213.6230370838386
213.43635154156976
213.43963156160567
213.58460701305185
213.6535095363471
213.5358244896132
213.31947444530834
213.15233578249035
213.01913377840083
212.83409775228188
212.6538210584198
212.59880896319595
212.64947710858206
212.7232235499204
212.83712617037907
213.02418454763884
213.36524995687668
213.75091783467457
213.96391324647885
214.02748899452706
213.9709114506786
213.81628065173504
213.59167486064413
213.36902759983994
213.18439329788293
213.0789139799972
213.04286214576186
213.16092181548564
213.43590999995726
213.70384659171276
213.78438191511742
213.56274898508195
213.20456077182502
212.98792709305866
213.03804040398796
213.26660314661865
213.53999795674403
213.74075382624284
213.88805252515084
214.01146679784594
214.08277029889467
214.00630154986058
213.86661277605253
213.80001936186272
213.75040150632637
213.65029516574884
213.56748346808408
213.50435467150118
213.41841181677017
213.4349571193771
213.63708655739893
213.91118189688407
214.07914151668163
213.9861757923311
213.59698182984104
212.98146705251872
212.39158293279678
212.1435205250318
212.28575574954039
212.63819956584337
212.93209564539293
212.9809559348743
212.78593023589437
212.56498794750362
212.6661892942344
213.02149609535337
213.25260252938378
213.19165302965496
212.91580280279393
212.55126902267168
212.24899581177363
212.15771998548377
212.38030211274685
212.80016436846378
213.16923362930524
213.32947972510274
213.35986757253653
213.2732119863927
213.0920160203887
212.92320978479535
212.88887203971734
212.92896290833727
213.0907960216823
213.42836784100592
213.81806910490863
214.12646008447192
214.2751880250932
214.35871595292042
214.39662567100015
214.3895682983966
214.3815623907576
214.2865365204616
213.94763817804426
213.47485033026027
213.14082587830663
212.9103493252435
212.87663029768473
213.13899739764565
213.61714067836502
214.04662499285917
214.25579054191257
214.16391828422098
213.80622023598386
213.44351305437561
213.4371942246833
213.62505766858425
213.70456680964497
213.64172494811373
213.6832003758888
213.86984257702687
213.9221615550968
213.69723984706002
213.3086483126612
213.08480251910174
213.07654591203948
212.9813575484635
212.70729930369683
212.46777652542565
212.59333024238506
213.02382184498015
213.4244854910509
213.48765544734346
213.24724750032652
212.9900115724185
212.7970571096173
212.63579118242535
212.49098885175363
212.40539655417717
212.4085271080312
212.49140712390817
212.670671432434
212.96979577073975
213.31658146267537
213.5878197966706
213.7547047329685
213.91896019143985
214.14723328426288
214.3161939927392
214.29413341354035
214.12172225179336
213.85681039581542
213.54478992902304
213.16143164435718
212.8645881909389
212.86878952327208
213.06303883376123
213.30782320545978
213.63681684845764
214.022984391805
214.24847233338733
214.1132187706404
213.65142769387163
213.1918106355273
213.0419830306256
213.04695288730971
212.9963344688775
212.84109770574082
212.69453719603516
212.63755949304687
212.62550212845287
212.62187478170677
212.7272876482502
213.06487584454834
213.50118045109917
213.76190224553076
213.77720761921955
213.70766813556403
213.67206370738808
213.71855414150954
213.81131156817364
213.88280129760273
213.97758471087553
214.09379179722097
214.22458779825902
214.4189680191467
214.71424975447604
215.08245621033706
215.29981284829387
215.14959710800582
214.77341151094714
214.42544632297773
214.14594037186242
213.7962519374046
213.367402835387
213.06417266138337
213.0388983067612
213.23080624549758
213.51414790679877
213.89717742185246
214.31456318315827
214.631322877511
214.74486048555514
214.68210237614124
214.43673175462285
214.0002485829346
213.43151515493116
212.9993167899878
212.8931515927507
213.12450100347414
213.53810700162867
213.97851832076353
214.23771885961838
214.26931627327465
214.2029291652188
214.1743395619357
214.21120901794902
214.29274980408627
214.34457582541575
214.24664440603252
213.94175792258955
213.52478328407506
213.21372805961735
213.11625630793486
213.1634867091476
213.2763516826574
213.43244993021108
213.62547932604298
213.8051587838294
214.0154567381934
214.26376095939673
214.51910535767206
214.8377351839061
215.26718317569907
215.73951902438858
216.17674290209197
216.55290041800967
216.89124928674488
217.29045933879218
217.76497328354046
218.24258818750323
218.66978419606804
218.9738113010435
219.10886743233746
219.06727252261163
218.82230530823676
218.46332165561103
218.1330518500736
217.93545400475864
217.80750831400852
217.64767389552605
217.4829490225228
217.39225515539573
217.3240001104567
217.19743065876713
216.9333051292453
216.46358913975044
215.95769959156345
215.56617469916074
215.37118236506862
215.26791945802248
215.15509121501768
215.14396479124696
215.4737800607903
216.23840486612352
217.4506376442298
219.1832297538345
221.36381752121912
223.51274556645131
225.37291539800262
227.1649509244687
228.9915551961222
230.60928950471643
231.64454563719437
231.53984205683219
230.1627954111753
227.79038599544612
224.99829909333238
222.31234567725144
219.9397499278257
217.88807272038633
215.89992308239374
213.31303503722694
210.29617039117738
208.15147951163436
207.29953958397678
207.47849957828157
208.76973883366912
211.41777986502498
215.2819794871961
218.584761785801
219.07666217938197
214.53277996937243
202.85735522971387
186.63267274343468
0.0
0.0
0.0
0.0
0.0
0.0