143.53517562248078
147.76418402702348
152.08818629118883
155.21527975435183
157.28710892439966
159.4920961898599
161.30335445387902
161.42867858780528
160.13378004799762
158.3423392035937
156.8129940201488
155.99046311702355
155.93868747304847
156.41119458764095
157.18501593361583
158.19111065789753
159.34595163807913
160.48006178837028
161.4645407455159
162.2610365381591
162.9033168774297
163.41805819832896
163.77596731962365
163.9422210093852
163.95662576736862
163.95685518557985
164.07389919750756
164.3778294280039
164.83169170767232
165.30094671514203
165.74203960289012
166.23620840475917
166.8146284501699
167.5135926053761
168.40474201340945
169.35478624930496
170.14449034572138
170.66563599093485
171.0478635223451
171.49786449728538
172.07627030992413
172.77899620701248
173.5989674789767
174.3980357990478
174.9382374042741
175.09885115314648
174.91736313435624
174.49495156105672
173.97595232789297
173.5364291062386
173.32482842620107
173.2639968415529
173.14161041414926
172.7806891638152
172.11013309771576
171.19435007813325
170.17445158847048
169.16615664045912
168.2437338193556
167.43922162244132
166.74194392774083
166.13432834295043
165.59362345870164
165.09343565793978
164.69462704225876
164.48737295689028
164.48712849267736
164.65155165714384
164.90686344993418
165.14608209686128
165.30243221860815
165.39457295043076
165.5083635515193
165.7751632285351
166.28315225344315
166.97124456593605
167.69618403401157
168.4021748113276
169.0736342005856
169.67705161710748
170.18368858967042
170.5703247576904
170.8807352347069
171.15338958636735
171.45739601681856
171.81919937752886
172.21828146466342
172.64025458396736
172.91040085982257
172.9223372180176
172.75699387210244
172.56462995434384
172.43396684711774
172.3304932068695
172.19672614976173
172.0661975637095
171.90101193104576
171.54803417313735
171.03011888566704
170.54697802224706
170.28277059034818
170.3050309972475
170.502864328853
170.7081778248115
170.8364876191039
170.87311640409428
170.8657316333463
170.91687189291812
171.08359284365145
171.33523103490123
171.6199646400407
171.9004156197849
172.09089701620601
172.10275944898737
171.9704283461958
171.76897128788926
171.51521716432364
171.32453779300226
171.2125749266053
171.08955078644
170.8993647795106
170.5749358306442
170.07161493483537
169.44689728350386
168.82614700131757
168.33684579698397
168.00161624059285
167.7981458213484
167.75528010454656
167.88029887543067
168.0675243260784
168.2883282634951
168.53588583210632
168.7585938597167
168.94242877548555
169.0913107834121
169.17927413599628
169.20250041868928
169.17577843007055
169.09936304239773
168.9948152563232
168.95792916652783
169.09550294541276
169.4831777030466
170.10866971908118
170.83604942513836
171.53919099597212
172.15041856541873
172.67939072706668
173.21203552661035
173.67400152162833
173.79925596759566
173.50064936065692
172.95340535078944
172.31603342267684
171.66397870368218
171.0862649974045
170.66415330873394
170.36080984389443
170.0550218046626
169.6593455213662
169.19098894749902
168.74299665107654
168.38757649523433
168.1387736424315
167.94998591400483
167.79414436526002
167.6389181055393
167.43959215000902
167.2410636861787
167.0713118060238
166.9673785558753
166.9318672197718
166.91899272504025
166.89657425635548
166.85658288563695
166.80934123328825
166.77287699508645
166.79845047811656
166.988053616996
167.35521329078895
167.8315466836016
168.3748097195858
168.86840445658606
169.1886623794254
169.34896821979595
169.44406629066228
169.51914105318488
169.56789628619202
169.50549631016884
169.34802478782368
169.19536973297357
169.07458541773042
168.98041891479545
168.9245122331756
168.92528127235454
168.99620625424438
169.10071778178772
169.16635156259764
169.1477559499602
169.06874102209179
168.96389360210952
168.8680605794168
168.8138419020707
168.79705066869514
168.80463292355523
168.81638808179704
168.81898310005636
168.82754275784373
168.88511389663455
169.00673808984288
169.16888942956288
169.3578633405989
169.5585906113928
169.73808305548886
169.87459455496202
169.95583554238078
169.96426079399683
169.89754367700152
169.76972790911213
169.58809617804357
169.411362792183
169.29326900564683
169.27666980402117
169.37534140559606
169.5233678258339
169.65853340180018
169.78367002424682
169.88677621739618
169.95370822259446
169.98131819480093
170.02042249461368
170.20039996070003
170.55368970341007
170.93463194982647
171.2051106932575
171.29788508481312
171.24482457086947
171.14497340931803
171.0908017899742
171.14121417629138
171.29679033173784
171.49892703254838
171.61572863425403
171.5721290639612
171.41715947209684
171.26503793342576
171.15951904891202
171.03019846654504
170.80901425771458
170.44745643594658
169.9845036972278
169.48479913897359
169.0328127420854
168.76760382346353
168.70388970262877
168.72201417199767
168.6562357544658
168.5028535796153
168.39818533026173
168.44992490970714
168.6765491318188
169.04714348944185
169.44071687607783
169.7043524396689
169.72396717228344
169.50318734973024
169.18743308616757
168.88380041257744
168.64077994156466
168.5250829981775
168.62952110838145
168.9821979697512
169.52781865539393
170.14015927349226
170.6520948003708
170.9634502415684
171.05016629366514
170.93177121097543
170.6850407268821
170.4179034163709
170.24248398836679
170.14596590007918
169.97352675168727
169.58031409718427
168.98513908534994
168.29290012252187
167.68478043231949
167.4206717429456
167.55674453541923
167.89820202113205
168.21637980575642
168.45367597157966
168.59531820906403
168.5517452260168
168.26910662598914
167.80799277483396
167.3088683380825
166.87899076194412
166.55509431023128
166.37961941071947
166.42965959816752
166.57059950602496
166.62531090940666
166.69684673179205
166.8404530452052
167.0252405124476
167.21070873444285
167.35517785995035
167.40279223210345
167.42765467150178
167.60844097764107
167.9606528226431
168.33887348445842
168.52862726645097
168.51079340436064
168.4176998293146
168.2888871743373
168.1824401621188
168.17133478297401
168.24002735204513
168.3439784799371
168.41433375709428
168.34518118981785
168.10222960199815
167.7499745281854
167.431795265667
167.25576802616723
167.26249265470142
167.45746046858903
167.75935356172587
167.99708882371897
168.0395724070408
167.87741993761782
167.6329566043626
167.4469635210496
167.35893673730456
167.33017376095898
167.34889462723788
167.42492956930846
167.6054218471533
167.88433980042333
168.11095051678024
168.1622505032321
168.0860216360244
168.09456566774162
168.31933377889706
168.689094707879
169.10395088749516
169.48101421186854
169.73002089501614
169.85672103898327
169.88924900620742
169.8527141732673
169.82717951651153
169.8885084398491
170.0270209395954
170.15374088779132
170.26930244306857
170.45193063238776
170.67758184896928
170.78778927748897
170.7379122038521
170.6998026787662
170.86012460855443
171.23629696588873
171.70478749749125
172.1672266292285
172.53300206706126
172.6458051837315
172.41242213558112
171.93939006082775
171.47069191212725
171.19474385947976
171.07788076812744
170.96315543531676
170.760139067142
170.4557977579079
170.14448113476197
169.85570576268978
169.63346554632744
169.49297827820425
169.38008924019834
169.29529989686307
169.12217004515924
168.80980379527398
168.42924359108403
168.08901100239297
167.92237404644246
167.9793940146161
168.12775934691427
168.24836501092148
168.25672825242248
168.17682900415355
168.15926461514232
168.3263854331342
168.70172470649672
169.20456717249536
169.70543001191112
170.08176374631432
170.31107471412162
170.4589223163572
170.53328513778845
170.476703299804
170.28767471189857
170.11108702739145
170.0072046959498
169.93494320613252
169.86065219422358
169.6963033858501
169.4701137583902
169.32678386175647
169.33313597342286
169.44953671162077
169.5446052999926
169.4595332766209
169.27537995880425
169.12475696754979
169.026418670936
168.99096355869747
169.01593082978331
169.0311311765957
168.9661055362851
168.76626228079726
168.54142937603254
168.45463843552207
168.56677337244233
168.83164885402502
169.16803661878058
169.55249450544846
169.87447533016365
170.07507217896446
170.15058087675285
170.10751606845423
170.0925600937868
170.2957247308715
170.64709849975569
170.9171596210647
170.99806399748124
170.90066185920642
170.65211163144116
170.34919410744783
170.13998776931751
170.02251342757035
169.93599880575005
169.90589069293569
169.92825216845634
169.95341244206702
169.9717460983398
169.99204326322877
170.04537675706385
170.11465893772078
170.15816277031195
170.17944675686502
170.26556542841843
170.51099971952567
170.81074444927023
171.04026298245677
171.12717547253513
171.01174520692925
170.6924092899561
170.27012138748353
169.86230214813662
169.5108998102674
169.24069423423464
169.0705474820711
168.97546052034878
168.88989856621896
168.80772405255115
168.84977931346518
169.02299808168743
169.19839780291045
169.27637802201951
169.26526234937663
169.2493241659608
169.328823353943
169.5173956414404
169.72821054147235
169.89270633868767
169.94051147920985
169.81133296164387
169.5496942034746
169.29431243222223
169.21064790547592
169.3461655910264
169.5903055056437
169.76298517674
169.6935534552849
169.3885413584394
169.10249753683155
168.97466662645235
168.99792820440015
169.12595796866125
169.22754731773745
169.1270846254093
168.78211085580904
168.3460245541472
168.02705857813174
167.8411120014736
167.6488585910576
167.3523157618243
166.98056968975985
166.7245361835811
166.69278828171537
166.91484083942885
167.32408485458922
167.78766157061102
168.2673525054277
168.7073881387463
169.0541383672974
169.28748625564384
169.45372050303808
169.6478419408346
169.87586844098163
170.09603523962272
170.26222939980886
170.38227470316917
170.60323302465144
171.06493538256487
171.6768782863762
172.2229330987648
172.61419660153157
172.8820717339066
173.10491669705115
173.29826323027004
173.45358158662185
173.59771027227399
173.69890376628973
173.6841774744396
173.45039116820695
173.08330101414163
172.8003342354814
172.69771060582372
172.65265081822054
172.4583714829583
172.10468398500086
171.79472862708081
171.65185082295613
171.70148588148226
171.87107574223143
171.96527852235863
171.7731470337273
171.21134199065827
170.34835985493504
169.41595183840766
168.6964852389925
168.33442033358557
168.28963206252672
168.4341094595818
168.64302169170693
168.76678178777522
168.716075776619
168.57126631063937
168.54964619038228
168.7983369406803
169.2302886130684
169.6637968642927
170.00270749048994
170.28870315724117
170.5085228566757
170.590210739836
170.5626840104547
170.49938527997423
170.50717437174129
170.52712250050672
170.55379426205906
170.6155889496311
170.64711142207256
170.6441525388839
170.62984797789753
170.6458902257118
170.58998565729004
170.3763104082003
170.0559998411718
169.7204716363901
169.4744175515496
169.33830553218257
169.33515100030468
169.49886737548925
169.76102730941378
169.98431081711303
170.04629021701388
169.86931988888517
169.52629556769475
169.21296844052455
169.15755811161523
169.35951914732658
169.6378134758168
169.86643220990243
169.8808593890796
169.72848790810994
169.62846672823983
169.6005132150912
169.56952417542763
169.5390682070056
169.47710085019634
169.3880011466681
169.19986379476637
168.9763085398718
168.80017481664927
168.67784124743304
168.68650339600273
168.89632748162873
169.26089380503825
169.59452027051503
169.74697204560007
169.71468268419733
169.58175988601798
169.48789804908495
169.52452160410323
169.55550555628508
169.5159821534143
169.467375770208
169.32174217260967
168.8746599269255
168.18301770321557
167.63897474797872
167.4919814693572
167.63815654946666
167.90260212905218
168.19373317332193
168.42811079231964
168.55803558060094
168.62919750148714
168.68831766062235
168.74322281380591
168.84785838538818
168.99311731276256
169.09985395169494
169.09256798858925
168.91181299356307
168.6055384918724
168.44201745054593
168.6069513152109
168.88937163131317
169.08896401263652
169.24170039251263
169.5157880111219
169.84014982695555
169.88355445551815
169.5905431199293
169.15269562175595
168.7702917802304
168.62302070049796
168.80017867352416
169.21559602332275
169.60957636614205
169.77011299385393
169.7724881616852
169.75224442310855
169.80852921250795
169.95514557935178
170.1537206020509
170.40755573807496
170.5901637309247
170.60772434752707
170.46604666156497
170.22996864987977
170.0463736890737
169.97377879153385
169.88872135807134
169.821027568853
169.727460943592
169.5604388173598
169.35368972140478
169.15962562989813
169.03239848720156
168.9696485722705
169.00897890749613
169.09862409160294
169.07536233218104
168.80813237221585
168.39026415524287
168.09757845222924
168.05392779189145
168.20157364596804
168.50260623461583
168.85333871917362
169.0714825897712
169.14170912745982
169.10476801667227
169.0371253671253
168.9643827747447
168.8939302907091
168.8524054343784
168.8134098442889
168.76281980052445
168.7777037525517
168.8670116680206
168.97983829558652
169.0985555103098
169.24007366380727
169.40594285227712
169.53655365325227
169.68797757343103
169.95978639654749
170.40926582203127
170.95442826677674
171.37703189189034
171.6113436362251
171.67615124979199
171.5442640847221
171.31909581739268
171.09300175569263
170.88810315281765
170.76025066422926
170.6161370044933
170.47250335460626
170.35360186404026
170.24128790729029
170.17690820684734
170.1688676902327
170.16837449125242
170.1238732632478
169.92141118682554
169.65865181630545
169.52396147953493
169.56251816610953
169.7082023495832
169.82696725183155
169.84886681637235
169.75057842943167
169.4864576776765
169.0729808049872
168.65121492782663
168.38648974427346
168.3543930652141
168.534781333063
168.82995484159022
169.04037594347704
169.0991314761249
169.15704171304765
169.2708256616193
169.4611297324412
169.7173787041874
169.94589257253438
170.00248743020947
169.88803925908738
169.7869274175369
169.77077215686091
169.8757764477894
170.06958463360695
170.25228425447972
170.37197818678953
170.43157888538343
170.45156057545503
170.46121155856906
170.40393471428382
170.28726835866422
170.17940230509072
170.1168733395823
170.09148422390498
169.98415109681991
169.70944985986912
169.25706839302896
168.72232809354003
168.28288778821508
168.01524540630447
167.83655146424755
167.7024590377808
167.60411706079742
167.5339803551698
167.53594992094884
167.68552767396878
167.97556873137484
168.29909413386233
168.53136367668
168.64264297746053
168.6090417145121
168.44112366932484
168.23027732146642
168.04388423287935
167.97965991130357
167.97484548896105
167.89644160771488
167.73729902077068
167.6042457707896
167.58450964026542
167.67453933185763
167.90294938385654
168.24191600708878
168.62015451997752
168.9918154692605
169.2704955038178
169.37878855964647
169.36813819603242
169.37031596021262
169.43059973139344
169.50881470583167
169.59110887898308
169.7001599273994
169.86358867681773
170.13506942690242
170.55641095333402
171.03856598818024
171.4174159239793
171.57127030116413
171.383340926766
170.89471985869585
170.36806902327578
169.99891948426824
169.76896495025926
169.60348005938414
169.45530027802795
169.30472897366135
169.1860771275595
169.13728337291383
169.1846131176079
169.29637311653187
169.37723161595122
169.36833866075008
169.2579726312088
169.11039315286172
169.09089231758733
169.24424422484293
169.4197729943663
169.52818018080083
169.59488046899293
169.6122643868759
169.57377940459654
169.57203454489382
169.7265327775224
170.00879379926099
170.24441670098312
170.3230469817504
170.2437395659914
170.10674351901744
170.00837210076725
169.992411748667
170.06338809285887
170.18091370776534
170.323201725399
170.40836454282243
170.37569244374615
170.22865913242686
170.0452924972027
170.00046972999056
170.16373232952859
170.44816601882596
170.72240614383423
170.90677610090634
170.98734881968346
170.9484007253731
170.79119690806323
170.64951685018255
170.62191489786915
170.71484009846304
170.88586926856522
171.02759107296433
171.03120597250398
170.9044066433736
170.72766708612272
170.58648935073518
170.53516443447432
170.62002015099256
170.83743717832203
171.06826666595265
171.16747344847374
171.08789352123543
170.8538727202597
170.5327176049446
170.16004132441086
169.72810875834844
169.27445244398916
168.87676892971567
168.6230433726665
168.53115339705644
168.54631008013342
168.62802259508788
168.76470765061754
168.90149871201567
169.01906932873567
169.2065667203248
169.50251315220933
169.74854530486743
169.70803646756735
169.3074529405796
168.75438845919396
168.36859477949903
168.20159914945893
168.19885512384025
168.36384098700518
168.62487651945932
168.8861695357919
169.14448690093664
169.4990778456968
169.90055324994793
170.1645567878939
170.28516503438055
170.3713086707315
170.42882240692776
170.51299207012104
170.61366865721726
170.62177107800835
170.4886256400218
170.29103292499678
170.12049686013836
169.96462929578783
169.78164665365424
169.50700468981924
169.1846183228274
168.9089975477637
168.69645090503542
168.5942694057385
168.61623549461763
168.68374089234467
168.67117386461152
168.5248509412037
168.31594829665863
168.1448260206276
168.03780132578734
167.97892849711926
167.97733726849106
168.02296439368496
168.07047797139245
168.11203620513652
168.14992604916054
168.1864651899691
168.20337870269128
168.24646718743742
168.39870148480338
168.66104045730614
168.98311785291054
169.3157564872178
169.6183621740833
169.90862291634224
170.18562554734726
170.42698734856958
170.69569048260468
171.0256554385503
171.38200185065105
171.65808778091846
171.77571849369497
171.67182427449038
171.28077876019103
170.6950239492712
170.14171699195424
169.7390088859712
169.47825937876695
169.33778365713763
169.26539579024004
169.1515401645054
168.94322629319004
168.687965132574
168.4462996726069
168.28345373157995
168.27347964136766
168.4204440889583
168.6079960888676
168.69710313365948
168.67770096694193
168.6376848661942
168.6603412167415
168.79367427820995
169.03277000446184
169.2963169311504
169.49064716926335
169.6089715776558
169.73319224376723
169.9101507584748
170.1059193989466
170.2611156135346
170.31639254927475
170.29332846466755
170.28024809345325
170.28677230608253
170.2450033025253
170.10965963435822
169.91327731314928
169.77466093189102
169.63956103681005
169.4866887823767
169.42227625571923
169.47515625005465
169.55775489183287
169.55417780827497
169.3945080547648
169.1888646879218
169.0717048258679
169.0381314026331
169.03918967426495
169.03981592113246
168.97132448390454
168.8526429642597
168.66569014311176
168.42525687879737
168.23238766299917
168.12712643871933
168.09219748638134
168.03706712055626
167.95608839746635
167.87217353860984
167.8197348611527
167.8269056957863
167.84990744766756
167.93827051334623
168.0919308994222
168.2812595956093
168.51215061996743
168.72721341165425
168.87642178655597
169.0595796264575
169.2974437585995
169.69043980750834
170.31106354434587
170.93589944457295
171.28478756238258
171.36686904837913
171.3605456860706
171.34767781730153
171.39611540982474
171.53379442226728
171.67073219673063
171.663816054509
171.36947217751816
170.8985103562809
170.52189674839485
170.29575984304137
170.17712240741295
170.1798316413476
170.2670480917534
170.4365696499152
170.71082992394355
171.09492135667602
171.56375233722844
172.0896246572101
172.58411989041826
172.8713390038054
172.85892014885982
172.56354760889127
171.9470310118649
170.92169012041632
169.65233405268097
168.554683337075
167.92497494718845
167.76171365733276
167.80695045748627
167.89675141899124
168.0203654380026
168.22531733930091
168.51071972657115
168.713934622064
168.74241325903984
168.58646653549908
168.33643787143768
168.21245817291654
168.27750443878995
168.31316151824956
168.22111930867106
168.07023965324407
168.00542555069677
168.07607264338893
168.2705900822434
168.62542790014098
169.00158263435785
169.22438588199103
169.18650539178748
168.88690503908418
168.5845655251304
168.63667841631488
169.0593730030627
169.56881452507685
169.9116541808883
170.01513795211292
169.9022580461394
169.77315597625523
169.90751128780138
170.22099994587603
170.48827402424408
170.55847830645243
170.44255611620275
170.2380225551455
170.011006055148
169.78044836150494
169.49759511561172
169.1514921937115
168.78519994449363
168.4779099386208
168.27750087474223
168.20934425639945
168.27509812211895
168.40005798710064
168.50140397384266
168.47711818362887
168.2315183604912
167.81550611314324
167.41072518257428
167.14170672188465
167.1591085529764
167.46203933119952
167.90120590484156
168.3900939466086
168.81914105458918
169.12192825283083
169.29990581465347
169.48091521428577
169.76117555659545
170.0299840833904
170.17000280500278
170.26347323014164
170.35147324102917
170.32272534934492
170.16872223561188
170.070372039508
170.11458366276472
170.15668447047227
170.0635431929685
169.87423581443045
169.70302795630357
169.60162773813974
169.6193328212492
169.7896691483838
169.97965051852543
170.06187468738403
169.98314812057595
169.7193667071056
169.28836583017485
168.84885923415732
168.65271475237793
168.7725157278608
169.07913952114077
169.38164551602858
169.5668177907878
169.63981960816875
169.65499511482363
169.6701762606116
169.75273656261817
169.89336566207612
170.07306378902928
170.26759958253314
170.3944455364571
170.37786634179085
170.23651286338293
170.1329002532425
170.13793030726941
170.21261120310757
170.29034806895297
170.37586628610205
170.52573539746803
170.62756710795273
170.63414469755116
170.75925069216117
171.03781014268333
171.33298240758398
171.66862449097925
171.9968374539481
172.14603933633762
172.04174723038906
171.7436965791832
171.40973987472898
171.17431389293745
171.12034650899784
171.22465728579405
171.19881650139746
170.97762759752368
170.77462201734895
170.6729366653056
170.6521391805169
170.69403400556678
170.6532272393304
170.39901875616133
169.93507375246452
169.53726944450952
169.43842217467687
169.47986716333511
169.4224410732008
169.29314993395496
169.13291529818127
168.99395532928082
168.923553810831
168.94529707175946
169.05073497885002
169.18069266773196
169.32508784375628
169.48366218456238
169.60803171638634
169.66579899341102
169.66761736879988
169.59686881221336
169.42401397236094
169.18232081846392
169.0040403898131
168.91062806937185
168.799444337372
168.67619321516077
168.66791318303387
168.82482971974454
169.09175971439205
169.3449253781287
169.49216664952252
169.56319890217776
169.60543675893734
169.62928456159545
169.7644016824576
169.9789837191938
170.22198915487314
170.41124296447035
170.4448372074825
170.38465150418878
170.24285481297952
170.21756272891085
170.34976991203098
170.45053948532797
170.45272062869668
170.45836474711683
170.5174280322603
170.59782772268287
170.70736960808685
170.82425280938918
170.8797529511653
170.75759783659976
170.40018446329685
169.96203173478287
169.5533728547767
169.1931642773759
168.98100671808646
168.90717846782556
168.87026423714008
168.93165231842548
169.132208388805
169.37846039291392
169.5815077575026
169.7533970401882
169.96312389552412
170.21540688487107
170.45180214262166
170.67220261519233
170.78442068754472
170.77077554633908
170.63482166289825
170.37317695816802
170.11395221416925
170.00557003883665
170.0784799141243
170.16953362363003
170.15323665379572
169.94222046872142
169.5266872338895
169.21183871303577
169.31548735394765
169.648913284695
169.87225980037562
169.8394462752405
169.65191227090452
169.6471310716031
170.13260634729326
170.9892213564106
171.79923327651352
172.23175574129323
172.2127058412459
171.906368453186
171.55622176869696
171.33408105429146
171.41736004975996
171.89655867313536
172.4429412582253
172.63631383173924
172.32168834707767
171.59411002961343
170.94567058202887
171.02614985148563
171.87363394984692
172.63720053085086
172.64820854561074
171.90988657729312
170.75580372993758
169.80796825742624
169.52996920860505
169.80207481636228
170.27084226156958
170.51439182952544
170.24662927545657
169.66349165438749
169.2127936343156
169.03230487525923
169.04380783043442
169.12194193784626
169.17053753330387
169.12766365564192
168.9547498316908
168.68429737698725
168.38316176453753
168.16601886624008
168.11971923241708
168.21437625812177
168.3350125334807
168.41064106873677
168.5372080650607
168.71955196858022
168.91289973488898
169.13036383577253
169.3770622268513
169.61535913767773
169.75095788152322
169.80887622755324
169.80819078573035
169.81021964907086
169.89268278065524
170.0485950603059
170.35246383453114
170.87850960636962
171.6516570236073
172.52626431926507
173.28389979807542
173.76728587205372
173.8632906487414
173.5592589995572
173.02433913008102
172.61657140407667
172.50081261676473
172.41135348821842
171.98722740569505
171.14698357145107
170.06269016173562
169.0491559036493
168.4473888628974
168.21330106219344
168.12797868379806
168.1131818515289
168.00669118679104
167.62986171943598
167.18895172734358
166.87040588266098
166.7308306462063
166.82647133106215
167.16043318927572
167.5981918229689
167.97446903053984
168.4066536968284
168.7828473534461
168.84264278239408
168.71954364986973
168.66310833960844
168.82437258293638
169.25691550152686
169.86665718139145
170.4343862851789
170.84192836350962
171.19974569927913
171.66464038322485
172.14651364199963
172.2583556473444
171.90755391680693
171.38109175480596
170.89910794339443
170.5869461451043
170.6108049666899
170.97056465744208
171.41687886589636
171.83193842311914
172.11997334060052
172.2019871307431
172.26457255145448
172.3919787000974
172.53293382784295
172.64916269406498
172.6596633237625
172.48642446927747
172.16962868932092
171.7931814674081
171.39714116063695
170.960004850668
170.47887154244526
170.04751920359666
169.74784672906776
169.57589374802333
169.47048878353246
169.35470727745692
169.22648811756
169.17812842757155
169.4122445779265
169.6374768902776
169.19600310803153
168.28217640343848
167.66988143494453
167.61933674895502
167.98326718594723
168.53229601966575
168.90217912661922
168.84840100572632
168.6155056538708
168.61704107688297
168.92959075350336
169.28774403355956
169.55652284974212
169.81775479663662
170.04966770797685
170.19804466172232
170.25837478537545
170.14545239112354
169.80996030848985
169.3702663853161
168.9990008563564
168.82507121624042
168.820088426989
169.00881572926843
169.46994459486774
170.17996180898948
170.88950784661594
171.26519787888938
171.32093872409814
171.18100396734852
170.9811324724715
170.8639783480356
170.82421270698018
170.69350535851254
170.43013300934052
170.19444483585124
169.88497964507872
169.4758717998717
169.04220146609157
168.6430352778927
168.4038798055371
168.29316653638844
168.25677726588646
168.32269732045796
168.41518370329993
168.50746254719567
168.67384427710695
168.85565335520357
169.07625137357263
169.26675346667972
169.41996438564206
169.48949156687783
169.43801850586584
169.4287762463885
169.38459227580054
169.27199599887842
169.3171890973466
169.5963619574926
169.88159349273656
170.0914348578953
170.38155577922709
170.72400014992144
171.10937010295865
171.51207081105147
171.73613812246123
171.67422856739887
171.42742846350222
171.16926752654194
171.14764310736413
171.26638228537882
171.41267097340335
171.45407754470997
171.37988985950108
171.49741963897662
171.8186987601032
172.22150796873737
172.48655983487674
172.39268726507902
172.0752467130562
171.7899534606388
171.54575212498267
171.2896895866456
170.9369740753851
170.6948116262016
170.75021830169618
170.96054288253572
170.99100847448346
170.73950812525828
170.3522333587925
169.73514786283636
169.1808956200705
169.05569871757942
169.37546797116357
169.88760007573734
170.18416744292057
170.01289709024812
169.39671406079535
168.7196222233132
168.35559508024522
168.25462843020827
168.32332682411408
168.85512067732077
169.798121102075
170.6750587719306
171.19246124226385
171.2938407067441
171.13558526097844
171.24758542405
171.81253442364874
171.95024307192142
171.557287398751
171.32240586193225
171.43205045640724
171.57744665838965
171.5698468631041
171.4158060751376
171.09134473722136
170.6136280985924
170.1546087523733
170.0822300271132
170.19442323797523
169.86846520498707
169.46319031114191
169.27162980855786
169.01555845831743
168.71504808893886
168.6501731908794
168.82870257516154
169.1634279304605
169.48634100975246
169.7334834746666
169.67960635512688
169.27443335592338
169.02471638114557
169.2806611750968
169.70237424145353
169.9529506045681
170.14022513397873
170.5435418998877
170.95946689739557
170.97057545703865
170.70343989697355
170.50887833289937
170.66559949774532
170.93664859471886
170.8804332799149
170.4757930133291
170.0765368422312
169.97419609597642
170.0669320863113
169.95271866124057
169.7885806339324
169.85136991021236
169.95154565543857
169.9376276220901
170.0178762210646
170.39762230005348
170.87079923357533
171.35653469879102
171.69962681592327
171.7835616005886
171.87943829116915
171.96390870241714
172.17785371796356
172.4097387457649
172.69596677926282
172.8038851520639
172.4027914756917
171.86738591701607
171.43732081964694
171.35800371703272
171.60664470386786
171.6817230993567
171.60113453853478
171.80343290172388
172.05890881753254
172.01661127744396
171.91300390377623
171.70908961192822
171.57995992825727
171.68220793867124
171.69191849580977
171.56039980967287
171.70976265682907
172.12572895780508
172.22394299752074
171.92806247965774
171.78269273685183
171.7985218049105
171.64463138399785
171.67055288186185
172.00076380226855
172.23471395951785
172.322589967286
172.1951912169329
171.79636876164335
171.38416528148372
171.090216385039
171.05853224580187
170.8842015940317
170.5449543519885
170.45694065928404
170.65945148417643
170.86211694005544
171.01337197013066
171.31360416343273
171.68214659413147
172.14045264321726
172.45756194171648
172.37520449414842
172.1578611179509
172.11963770298058
172.3559048202864
172.2305629082764
171.65971132420432
171.3574578373999
171.39249748109197
171.35075752129757
171.2970893957257
171.03116315160347
170.4472592753562
170.03615151150007
170.0355135881264
170.38894907049422
170.88913528526393
171.01117233325607
170.77169109072008
169.90210251864113
168.7354570678091