350.11136413179725
332.358719700574
304.1253428250137
276.46937864388485
257.1171527578479
246.3566034996472
241.68477007058345
240.0268953698881
239.6555852658285
239.77382603687943
239.84687698284034
239.69919764501583
239.35080565311574
238.79864495126833
238.0607394184358
237.1000363802508
235.788779617705
234.00678337103278
232.00245921527977
230.23112388563678
229.04537046558022
228.14570305991793
227.62158075963117
227.5057540370961
227.88777138777348
228.43891830112497
228.3403856740746
227.11969979961768
225.02321064911587
222.563940629466
219.87960963236583
216.7629215957653
213.30740264822103
209.7198033589934
206.36404567871
203.45460653325233
200.64208158439536
197.7408605839384
194.76170582550057
191.734968918921
188.86493013644122
186.46020716433165
184.71303366377538
183.65681461082227
183.24028291097295
183.28045739078186
183.58092822114415
184.0777929062525
184.88611200268517
186.18215362828536
188.08860633824636
190.67628955863864
193.88573639966046
197.45740386787688
200.99511853706485
204.15353082478777
206.79939870546426
209.01219980275965
210.90661222743807
212.56526220484866
213.98807343254276
215.20428176416814
216.37324935179655
217.6035204830455
218.99478485924453
220.55784237658796
222.16378838376136
223.70202631030676
225.0499489919059
226.0434701676522
226.53166736879305
226.59877849794245
226.41338540036136
225.9595937806956
225.03363228117087
223.5855090205758
221.84143043324667
220.13742322107453
218.63838608659353
217.37005667746536
216.33071405133654
215.5018883707782
214.94281162587174
214.7161570817513
214.90016235886856
215.41252377938324
216.02578975373967
216.59066457286883
217.006561111626
217.3070295008358
217.52467269790125
217.63929572568765
217.63239487670407
217.5776371111931
217.47420200427612
217.2710012998655
216.90095917579322
216.35762970407367
215.71996628975603
215.10141073201086
214.55125240867665
214.08998849126922
213.7472590388565
213.53730121727673
213.52961728160903
213.7790416338976
214.23146282736334
214.6723991521164
214.9179630636067
214.8861463640458
214.57512517124567
214.04011168815953
213.4155919523168
212.8671944668421
212.500002706827
212.3125219475009
212.28771323186893
212.36718036713353
212.4940750375021
212.68228697046118
212.87118346739706
213.03885384586823
213.24283966528625
213.53394392125438
214.0060651908313
214.66176881964273
215.43015791947937
216.24352438279774
217.08998538807217
217.71805820027657
217.95756118690338
217.8663742437272
217.59303016929948
217.3017430087745
217.07911996808753
216.9469147469037
216.84741991297767
216.78504868273714
216.74680000144997
216.81088763181563
216.9357783633895
216.90566843254254
216.7366389836438
216.4522683240508
216.04361397015992
215.54679295274127
215.0502655805164
214.5997290106829
214.19441545477298
213.66733543352245
212.98965691031802
212.25631495603358
211.67602309521638
211.3631661946162
211.32705773017037
211.5557331312209
211.92127941435325
212.27362990894602
212.54545033792112
212.69279603030304
212.80953706564202
213.058535104896
213.54080884325006
214.22697215011738
214.90136817171594
215.42761866670253
215.7571516309509
215.88655144947472
215.83002538452172
215.55788561683494
215.15544561417454
214.76477451977792
214.4287956570072
214.19820550467006
214.06142069348013
214.0417428287532
214.0856099833121
214.06355027045373
213.95569341977986
213.77321139454304
213.57972350833825
213.4611646462286
213.48634200840348
213.56747696446274
213.51085429879666
213.2961202099974
213.00604722238367
212.81618608420854
212.7585291946784
212.75341906425342
212.80705617591806
212.84864867152695
212.89449030645923
212.98170579300105
213.15565844635455
213.40703611550072
213.67912110244862
213.90882806117415
214.02590888390426
214.009184066955
213.8938251890682
213.77204543227384
213.7024411114365
213.67468332376583
213.66614576119304
213.75237887709991
213.95888594340096
214.34157183057758
214.9477637571143
215.6954267116721
216.49937442036355
217.24171627566375
217.78993699928134
218.13963102957536
218.23471270651592
218.10479230777256
217.85348257125713
217.60095689225798
217.47831661240602
217.46403887135278
217.53713411989168
217.68175085442476
217.92031313519215
218.33541206895893
218.82085547676212
219.2874351102563
219.58178372324392
219.59839756467235
219.4392287473433
219.1382151776024
218.70794456085366
218.2133278432113
217.60778952203714
217.03811626995275
216.61197216330206
216.3802702405218
216.32372450173762
216.39683068078185
216.5329452131901
216.72248824373074
217.03925807004822
217.44618642320592
217.8565099332597
218.13916811892128
218.0926777120169
217.7082515065334
217.0997897728609
216.41607219103167
215.79809412123748
215.37721223954844
215.150017901827
215.1509223315575
215.37570319514168
215.65157703035212
215.85647334755694
215.9768456039399
216.03268560795345
216.04130832894938
216.011188759057
215.91951001353826
215.7790621564957
215.64537022351206
215.60438153268848
215.62554346349955
215.65091231571685
215.6509411204413
215.63655912274152
215.6980775281491
215.8429781458397
216.05031451339894
216.2281017211852
216.32516323853508
216.2788279373972
216.13311344344203
215.93931355431903
215.80828643140916
215.82373641920407
215.90051111741994
215.88215440231716
215.69799563580705
215.47982924556092
215.30541481084575
215.24260249664707
215.3714721145845
215.64749376196926
216.01253740026874
216.4297544199115
216.71462735158713
216.81070523488276
216.72876592138607
216.4553760439876
216.06377646140183
215.62044655926206
215.1600660392924
214.79062933220203
214.53597825513478
214.40778844412125
214.31156496072404
214.15023058475987
213.9408636395665
213.82023296040305
213.82059442683135
213.9637332215467
214.27675894532
214.71403705799335
215.15886143340055
215.36527545091099
215.29351753220098
215.00149883982866
214.6483835113767
214.36090261460606
214.1677261081524
214.12688059242404
214.23572822824858
214.36978884305472
214.45178755949877
214.57629774034973
214.78235780596327
215.02636071665256
215.28500193131833
215.5699036351366
215.90666413811135
216.22894481559956
216.44502159680098
216.5305039806832
216.49214321913897
216.38921298388695
216.28077230634372
216.2502796579979
216.35169791049225
216.49269057975587
216.6496569840952
216.74056886350314
216.72637917504224
216.68638131724094
216.617216153478
216.5671275002207
216.48504849468316
216.4749035382749
216.54210446485905
216.5988606008765
216.60716579113782
216.5894636314395
216.595863790891
216.62889341663242
216.7243293318799
216.7204671827871
216.5234821167418
216.2263984402211
215.8442650009794
215.4850022602227
215.29247054148112
215.27737671345517
215.32390153688348
215.3080189910223
215.2565381673452
215.2210704926861
215.27761128955277
215.4263012066438
215.55916898648124
215.60618785345946
215.5514544467156
215.45556166624044
215.435464122172
215.4469681439184
215.5113319118648
215.57324503154885
215.5731149544316
215.45560046558143
215.28823942205653
215.0886204513169
214.84196301677977
214.69311340036805
214.67617733387002
214.70366341561515
214.845146342647
214.9793289836103
215.06058215870019
215.0839811718019
215.1116284809388
215.22055024522126
215.4465422426013
215.66671686425389
215.79118226097535
215.87319272261686
215.93559733136584
215.96075338604516
216.02834979690206
216.12574872579862
216.2195183677399
216.27819137928515
216.36847991799704
216.43447384581202
216.52506902810325
216.49387766757866
216.18147515388773
215.65957303844138
215.1073864188406
214.6261397436849
214.40682043079713
214.3766810321007
214.4168199912072
214.41199036207956
214.38913962201912
214.37603887591962
214.3350315736228
214.2771324175602
214.1934402159528
214.0635115300579
213.84409078953206
213.63743100695427
213.52318979436805
213.53145674495372
213.69078163887013
213.8918714266032
214.04406102448112
214.09381630667121
214.06938958161254
214.01205564299423
213.9444195956035
213.9855111606723
214.27624700310372
214.7632879133305
215.30448187471978
215.8891922006967
216.389578721465
216.6949927493993
216.78298051514037
216.70997840963193
216.56794089700588
216.5499825422285
216.63257361115222
216.66921581964243
216.7275357308906
216.8563557206655
216.98638478188545
217.10157538219914
217.13424384856214
217.08298895566628
216.95655629006666
216.91018535991523
216.9586660873779
217.0423317743152
217.13220719220962
217.16150057279046
217.08388757774668
216.90001876483092
216.74079004971324
216.72055338973476
216.9095636294313
217.16899107921674
217.33119122692293
217.29330828867236
217.145458237144
216.9476021233268
216.77998632974104
216.6744159787263
216.61297951944945
216.51860138475251
216.42101903454537
216.2560851508546
215.93859531423826
215.61184658867927
215.31579057242084
215.14845504111662
215.11298845557766
215.2843117026922
215.6233887697663
216.03552024863012
216.4882010755849
216.89031814314632
217.25296891898816
217.50322941175634
217.55817557020728
217.37773330306317
217.0263100573509
216.59146285491508
216.2358006436908
216.01193069078965
215.89204699676716
215.75676833591746
215.60642204956213
215.39453484200988
215.09398583166418
214.70491210462274
214.37205376358065
214.0428400054385
213.6421228816556
213.3075826828485
213.11146296576905
213.11636544545215
213.3332716464792
213.65234252236715
213.83006375525468
213.78332282314722
213.6521747698807
213.49289443687383
213.3948091283519
213.4989711809564
213.84298287940075
214.19797044585366
214.52120181148297
214.80119544456178
214.9356153866959
214.95757347019185
215.09397272986817
215.3240628029082
215.6487470831969
216.0253438119583
216.4089347735236
216.73987357104505
216.9005469783241
216.82167358004259
216.56490075626039
216.2442154052353
215.92366709056574
215.6745136338801
215.47438612144984
215.31113756852352
215.12796245482363
214.8808343303418
214.60686697930942
214.43556099807842
214.45192581245786
214.6245536292417
214.85624619894028
215.12868989960543
215.34765865700382
215.48466004059242
215.52960246893252
215.5238597212338
215.51124620390993
215.41355873017716
215.20636905889668
214.86630505599442
214.48665559272357
214.1583481736685
213.9193206463667
213.8308687798098
213.81463674912703
213.97862369226124
214.18535124931688
214.32981541465563
214.32381532891162
214.37352726691705
214.51384394218616
214.54172448229482
214.32161270076716
213.9323178620845
213.38175983466607
212.88740853093168
212.60975208025224
212.5019426740807
212.54760999161363
212.6923568014868
213.08467112674077
213.66348175169816
214.2472791214978
214.67916628155592
214.94357725858995
215.04849840568855
215.00332502920767
214.9181117856318
214.84976690497206
214.8357465498597
214.89743114690265
215.05316822897686
215.30653480541733
215.6164255119754
215.98102104329377
216.36941675414886
216.76713727630462
217.06817416611153
217.32961415185403
217.6322722897124
217.84663225489874
217.8791621649775
217.70596719920252
217.42627238611698
217.08686529851008
216.79156600028213
216.5768706276702
216.3399719359572
216.1421559300102
215.9790663850653
215.87017845794688
215.83663476531063
215.9202339801543
216.0294668815543
216.03677169330138
215.9172833618988
215.80592030868004
215.72152073971336
215.62088463052845
215.43913788821274
215.22999599208813
215.00398307714818
214.820560829707
214.6532058192198
214.37087003803413
214.04463849778136
213.82739294357668
213.78987646694776
213.91398638295473
214.18109493636786
214.51217884928258
214.7409936903369
214.8012405718778
214.69475671303871
214.5431529858729
214.4471598261234
214.3674677276021
214.26008147059378
214.08688399256
213.89088394230552
213.82652524091148
213.91940606639477
214.03928774923057
214.1201789983891
214.21345999235697
214.4342472737466
214.8392369623765
215.37356470801726
215.9317603097883
216.43106456760955
216.84693324023775
217.14111042222595
217.35755966296566
217.56414074319983
217.85316551421673
218.23726728001432
218.61355802763532
218.74650332220494
218.63816027579597
218.3561121499552
218.0008231652331
217.69014435054976
217.42824275886386
217.10212309964461
216.74384714301652
216.54883837560828
216.63858640647896
217.0131654249811
217.49882136818167
217.8581200668597
217.97965909450656
217.85391950040085
217.520610355451
217.0290974669886
216.50827159804908
216.14591885390894
215.9206949094437
215.73049478712375
215.55107946151568
215.46714467199217
215.42740166650876
215.31206632194915
215.1992069440489
215.1530732938809
215.15785460604553
215.24434679403953
215.299944662361
215.3355762502687
215.59876123177685
215.9425804314204
216.30289020162078
216.8242198163483
217.38311953639825
217.778550479108
217.98460121301406
217.97769558426268
217.6435133778559
216.96056856183566
216.25936667132473
215.71830462712953
215.28516568630667
214.9734829349382
214.80810926126105
214.73327014558433
214.71371949957066
214.8032404524716
214.99184776245158
215.17914635159548
215.21399177884825
215.08411829302014
214.91321559844192
214.7774874661681
214.7336916210038
214.71740102304057
214.69177436225982
214.55280684367048
214.2415743377774
213.821778546573
213.5492644544014
213.55756086180384
213.74652108849892
214.05467873031057
214.4517775865449
214.77536924675638
214.9844650928639
215.07579432616868
215.1497101939276
215.35115040984996
215.65058539764183
215.97819447519313
216.2959361741461
216.50069763029293
216.63891349287138
216.75995767075347
216.8227868561654
216.7571524356928
216.62196333891106
216.4758536004857
216.3724467637772
216.33939197639603
216.4941067000592
216.74713439110317
216.99154625700083
217.20857677831737
217.3727315780956
217.44962689815466
217.39859380476958
217.15907412603684
216.7843998862287
216.33458018266867
215.84432447108074
215.41107399284127
215.09301926947606
214.95591197256468
214.92452146859847
214.99252462661514
215.07301758639574
215.06797276311656
214.961930798506
214.77564167962515
214.54324123922527
214.30898264604113
214.14569429472758
214.07206686326884
214.0478985723257
214.01285287188918
213.91786420872242
213.75194344787798
213.59271898738027
213.52995960960214
213.62553586249746
213.8910178979291
214.23909371285419
214.4463414381277
214.5386155549513
214.55154612302908
214.59256633811324
214.76363118474484
214.99042073401463
215.18319196174392
215.23680483627658
215.14423902795545
214.99604917475904
214.90407197163498
214.91950605949708
215.049139736009
215.13059536595694
215.14109526253213
215.15979977188908
215.28561641383016
215.36600730095438
215.4161698729144
215.50022087984854
215.598472981274
215.70095873445993
215.74502181323894
215.6572656910725
215.52134240630346
215.36970072125993
215.16608836481245
214.98368020100068
214.8754390478537
214.80531173192603
214.67518410817274
214.49496063582257
214.31722634039164
214.16993702725642
214.02879828332303
213.89826759754902
213.81854906761222
213.71484560628372
213.64272779441683
213.49741632442056
213.24606684097498
212.89854337485446
212.55925462151922
212.27810288468814
212.15708657009813
212.1453605834754
212.32632181944174
212.67909614711493
212.9630785457799
213.20423921962114
213.4081581848038
213.55059774556048
213.61018206326725
213.63976301648674
213.7873880924817
214.1099848524069
214.50804846084986
214.94926527500672
215.3336657005653
215.55446122027107
215.65239630430787
215.71843798426767
215.7969068187657
215.83463506444852
215.77460308074552
215.63627636105662
215.43023491464172
215.19015471526296
215.02786853091717
214.8639318431044
214.75112251881046
214.70248182009237
214.6908542217697
214.72785317847038
214.7779152905025
214.86974662470584
214.99060434888514
214.9346045144737
214.7329796190722
214.41152057167704
214.00145291819922
213.603619787963
213.30345861357483
213.04606078740358
212.75569609082783
212.58349702571667
212.53106934951026
212.51332901260156
212.57884174986663
212.75185189720418
213.08045051410016
213.4471586076575
213.78834600818112
214.19783727706115
214.6745031981926
215.1232163505821
215.45752269831553
215.59610112774334
215.59366298771963
215.45665195555782
215.26803823303914
215.02484213859933
214.75735108480572
214.5385652453557
214.43918461615777
214.40529629895792
214.4380599524718
214.57589770351012
214.83826808324116
215.1364084974676
215.4198858738906
215.491656558792
215.307405141187
214.96369285935663
214.64629185319316
214.32967023642465
214.09710259326897
214.074782434488
214.18505675149882
214.34157357547423
214.5053642022504
214.69595777170287
214.8828873295399
215.1215587095599
215.36180342180617
215.47727163370084
215.56938769691612
215.5373404656212
215.39179805258937
215.25724894811148
215.11607681233522
214.9987808100105
214.93444354392386
214.99981705856837
215.150418306426
215.34038381126015
215.47233741105052
215.54455086664282
215.549679885366
215.5706803607935
215.64775668560085
215.80973849535627
215.92673545896457
215.98993222725335
215.94344449367208
215.88355379989366
215.9333471894995
216.10788879185674
216.22767978200403
216.26297271282863
216.1844166367103
215.99282531543378
215.75857599902972
215.54768407392223
215.37889398441555
215.18405263267937
214.9470012477974
214.60363402906324
214.2441754119549
213.8965291642066
213.74555930124288
213.83362353304057
214.05490377719522
214.2444559332548
214.26542330580082
214.3427452305032
214.4490084768097
214.51425600577804
214.56523024066695
214.6141898835345
214.6971970565053
214.69084123957714
214.62448420752654
214.49628954440797
214.2925439721002
214.13044126262412
214.00863542871798
214.062605420675
214.23099784089186
214.41082448857247
214.6419676414729
214.8905908277361
215.2046859863772
215.5256186711826
215.7766735910214
215.93932087717522
215.97287083293887
215.97551563668236
215.96181812772264
215.89593119888733
215.94145791573
216.09774205063837
216.25339538022564
216.45910701788586
216.66417505213073
216.77691081065856
216.7247182622457
216.5996490196844
216.4733260533305
216.47025603135683
216.59366523418348
216.75030772589483
216.80824026956236
216.69819870486216
216.45108616242638
216.08372219240988
215.72858326540282
215.54763371589442
215.49260635006993
215.52420139384367
215.5465017047017
215.41008262218605
215.0995827512157
214.66162710930993
214.2832642249161
213.97453928506758
213.71009875367722
213.5646062300172
213.52111499485295
213.51181515042245
213.50189777514876
213.58777417826695
213.78653423595728
213.95198424005466
214.0693778664187
214.13042491384695
214.1384779706077
214.14207521457837
214.17742884561798
214.211998627892
214.30013054271933
214.33753008029797
214.22841088589172
213.98012280554113
213.59836440880773
213.22499514013984
213.06353836928105
213.0212042595379
213.02081691549301
213.14914420543067
213.35457521065246
213.66349755410187
213.9938806954886
214.25492978951723
214.31055209109235
214.1957734348528
214.08118790190952
214.04054551143847
214.02681380600245
214.00011030502534
213.99051967077395
213.89310311466514
213.71347873069442
213.59538892589438
213.61613077054326
213.72463910909
213.9274469514759
214.16255680368624
214.47139008788793
214.82549884571915
215.11222824955792
215.2530890013812
215.2298084520295
215.03282913120472
214.7637000532421
214.50578443564234
214.32431793069958
214.1783848297615
214.054055395293
213.94528110375552
213.79887454160075
213.6337996946396
213.55038481762858
213.4440635920283
213.29052838883476
213.15190548403334
213.02759103286616
212.87139666290275
212.7273129085786
212.72838097512005
212.86530071227224
212.96758321429397
212.9602694335277
212.94903735673287
213.0002998112534
213.1857257120552
213.40028053903455
213.61080430351564
213.79260627827654
213.87824944455116
213.88368462220072
213.89877719841365
214.00872760716197
214.31253102427462
214.75943911745847
215.23128096661387
215.55203283517625
215.7568043423656
215.82747767229597
215.89117887160188
215.93981041060707
215.91485461470802
215.93409699068312
216.06115978024124
216.28178571499717
216.581076774908
216.89183486647474
217.15837618586212
217.29790050685332
217.376259881566
217.40252917829946
217.37711278919178
217.26890759430825
217.09121844358657
216.82167430495943
216.52026243802734
216.2049567433657
215.90771451010636
215.66583948419924
215.43252564087376
215.18505962721457
214.98837316390762
214.85882616040615
214.9219078346248
215.182914189235
215.45701839081863
215.66187521682753
215.77679021742807
215.75462391649899
215.59926145241843
215.37894858779453
215.16760311893296
214.91349007654145
214.76004151695543
214.80887123986577
215.03117388255126
215.33553345996518
215.57283114757226
215.621984402421
215.6734016158632
215.77027606908257
215.89522618471
216.18476599700887
216.54595789076416
216.86869345592297
217.09547182833487
217.18929779894071
217.12752498039566
217.04951704118486
216.9848589746942
216.90158264667798
216.80213636104958
216.690247626192
216.58704311332542
216.57861084631764
216.65688766215976
216.8310109445065
216.9708547923219
217.06523867102715
217.0588368061473
217.03518109879735
217.01501846022333
217.08425238324395
217.22183253048553
217.41047323207462
217.594955255806
217.66626544792237
217.60216339043444
217.34694667839176
216.9906243342515
216.7570535605921
216.63380204395472
216.6720111427064
216.75468078072143
216.8053171766016
216.6983622868105
216.4802408142442
216.18451626243768
215.87621830143695
215.61207674526156
215.4286555240767
215.23176792002863
215.04184959819617
214.9099765561241
214.9121578148096
215.00480518517085
215.08095665103048
215.11193600052846
215.03550222640172
214.95267056435748
214.87198798825955
214.8496967574327
214.93752966186221
215.06950421510555
215.19735970432336
215.2724079428598
215.30765663829857
215.27021367079706
215.22332855192496
215.1436895978037
215.1235142933237
215.10243364333695
215.03554677623708
214.94157466172746
214.7943934397722
214.60685146348143
214.4318450975706
214.32528372990907
214.33088486747914
214.4461216955571
214.62833713406783
214.7819608190052
214.88166352519073
214.88637478014448
214.88570241161264
214.8558702142829
214.77563856809644
214.6846322321449
214.59090685529344
214.57866404009437
214.61376756167252
214.68836737617872
214.79965301557064
214.8224451513767
214.787995540353
214.70472029516006
214.5575129500139
214.35373593827882
214.15071345494607
214.19802960209321
214.410500391082
214.63811223592165
214.84471793756126
214.91432214131038
214.7920826476022
214.5640485141525
214.23401365308507
213.95416764017054
213.81990784180104
213.7980123705145
213.78467823089204
213.8532389543913
213.9957621599218
214.11775705548604
214.1860190061103
214.36498105990708
214.65782678790822
214.9785660744867
215.25003876536385
215.44687126231915
215.61612029943234
215.8109675817503
216.1490125269966
216.60368666138797
217.10133670977558
217.48855005221125
217.73839155859147
217.860299658772
217.96658563870417
218.06208180789983
218.1042973653881
218.08788271367783
217.97958590594084
217.69344591197486
217.34765260494808
216.99261583588697
216.56920954446178
216.12464380407698
215.67387938710215
215.2871739139174
215.13191404585
215.1570497113241
215.33388719246125
215.63320975630091
215.87508824927775
216.02581687721252
216.02353932152798
215.91222995821676
215.66832312063693
215.2802570369353
214.86696691024613
214.57566474038788
214.32672695506187
214.11620652157737
214.0838132149196
214.1882449885158
214.22977531154058
214.26094149338036
214.42721130156792
214.60721900458412
214.63079978485027
214.61743755318864
214.59738631878182
214.4856156949141
214.3729821872349
214.32265989177483
214.42281237469948
214.6000050982874
214.82639023295263
215.0283932718129
215.2250651342187
215.50324656795908
215.86784753850222
216.24843481769267
216.64799420458064
216.9734431671065
217.1807267282497
217.22945354126125
217.30879086963557
217.343079980577
217.31006007621127
217.29351807289967
217.30398960131603
217.18548582868692
217.02443765220306
216.75517012871444
216.3502840854516
215.83241792175448
215.25045215331662
214.88236863506214
214.72140789376317
214.74286601700993
215.0203992041755
215.2923146855067
215.4778695956374
215.6647034112072
215.75268328460822
215.833358100262
215.88110049236917
215.8367504716088
215.65478473214677
215.38289124168853
214.94620200753832
214.4907489865261
214.1462045146933
214.00569466828264
214.1775525470471
214.5066633493808
214.88083956866342
215.17767450308136
215.32082526812914
215.29371340094298
215.19266816332632
215.23013431909658
215.2722956814062
215.24000013018392
215.14591755367263
214.96931340054522
214.86225777364643
215.03731495065807
215.3552249162857
215.69712893164217
215.97794918325542
216.00751365535615
215.76149445107183
215.28342255208256
214.7105177193057
214.23623253678852
214.0491473469836
214.20269008554666
214.56282744100992
215.03831090795717
215.42833759648357
215.67516109237187
215.75433161813132
215.6473023256587
215.43990610858398
215.18393449504896
214.8820661023994
214.5963762854566
214.39681389392936
214.3213589439261
214.30610150497085
214.31647478844582
214.34173103406673
214.45543107475518
214.54915584618544
214.65830474748677
214.7325564807412
214.60795379979268
214.43620259055962
214.34554975734466
214.26261227722654
214.19316690999398
214.21730446806373
214.23437722826924
214.33054936634724
214.44759831801997
214.5381632730864
214.6719647062209
214.68863992514395
214.62439274883906
214.4398264817287
214.25108218530644
214.19221607783226
214.31720398051476
214.58345137123257
214.91515829659505
215.14692069066834
215.0851954931664
214.8815930435575
214.58061059742445
214.25253471370013
214.1802234087406
214.20130490453212
214.2039001804119
214.15904813857549
213.93463875730424
213.63601893501607
213.52992914413008
213.62442679614188
213.7357974572967
213.952473422074
214.1825184691251
214.40458746753953
214.6180501447712
214.757602656635
214.67584286562794
214.42877653190078
214.2193989738474
213.97837756210942
213.85683081434703
213.8646966050923
213.94590990110265
214.02010936840395
214.09808247034033
214.17995458053238
214.30329758435676
214.5014378280444
214.68599306187585
214.75647664808656
214.806305571164
214.86084589278613
214.87929798964393
214.83942340482747
214.79731482532068
214.77717264089193
214.71276371071093
214.57491358491308
214.3407589374937
214.12410568647016
213.92297422251903
213.75808157282523
213.92120899878805
214.37404500876983
215.01932752282244
215.63097124501027
215.98006386928168
216.04334789640586
215.90820862373997
215.739131619621
215.620635586713
215.42091679287856
215.21061498161114
215.01815312340813
214.78977360513656
214.61379648741922
214.58480815557175
214.70138846347317
214.6794109690426
214.5032497931176
214.41205746043755
214.48487755487938
214.61145122463174
214.9090182682458
215.30110946954633
215.62849184618938
215.82198789710614
215.9390120929599
215.86310461172513
215.5813980536591
215.14871780663094
214.7195022878017
214.35618720162785
214.124396825558
214.04753962530768
214.03013598979442
214.10699882363363
214.12776505846605
214.15172069465126
214.19767257417823
214.17114910868727
214.22105635199995
214.4846375673457
214.8021220797061
215.08842000602866
215.41633359468796
215.67475117103888
215.74486515340914
215.51203056520148
215.22992728718148
215.08687848906285
215.18479473501287
215.4597034099976
215.61752336721784
215.532202191806
215.20760388623074
214.70476148704196
214.27016618202114
214.05300657146708
213.97609090549247
213.98244883941658
213.9827953181501
213.9189161991917
213.76651659896487
213.68386552818924
213.61828903137524
213.47797798256266
213.24745205541223
213.06197241191083
213.02843672729267
213.09263034183888
213.18093590835187
213.19354415489198
213.12527609449586
213.01586307000392
212.92866734369082
212.90788715259168
213.00411629900879
213.1998319596691
213.43200220178392
213.4522984922674
213.42704660983244
213.50614010670233
213.70206554009113
213.86649215851435
213.98610392065365
214.1036128572433
214.08564533615748
214.01867984805756
214.08951888750005
214.21399910461986
214.41593187697316
214.6095352437626
214.83339163943646
215.04923311705247
215.221751635452
215.2201180959521
215.02183900933264
214.80451185303758
214.6834522063699
214.59286713392055
214.48588929665812
214.43784805294456
214.26497244934285
214.04618028753086
213.9544675470164
213.9349031679001
213.8596737698847
213.79615483849017
213.777882757812
213.74749635533587
213.6207848504571
213.52792899111773
213.51234864185278
213.59251639014428
213.69063744869374
213.74669874679668
213.85360710820936
213.888720929655
213.95957511634418
214.17534741725348
214.34426211494002
214.33380794883405
214.2316456044492
214.107165861915
214.0587545453838
214.13655940177108
214.28665904402956
214.4928981585318
214.72742407156315
214.96496146936633
215.2620926815394
215.52179744159292
215.71937540178166
215.84264535506873
216.0044263727867
216.24843236308195
216.46825738934132
216.49191246663614
216.15473754860943
215.32975931044152
214.29706712688971
213.41418884406687
212.35166006362203
210.57173136689477
207.66099871667012
203.3155186102087
197.87996866779116
191.49615790978476
184.3426691712893
178.80552655334907
178.72772129777314
184.5835849139663
193.16792371782392
201.6585324228592
210.27056262578634
219.93483533765453
228.81930344756805
0.0
0.0
0.0
0.0
0.0
0.0
0.0
0.0
0.0
0.0
0.0
0.0
0.0
0.0
0.0
0.0
0.0
0.0
0.0
0.0
0.0
0.0
0.0
0.0
0.0
0.0
0.0
0.0
0.0
0.0
0.0
0.0
0.0
0.0
0.0
0.0
0.0
0.0
0.0
0.0
0.0
0.0
0.0
0.0
0.0
0.0
0.0
0.0
0.0
0.0
0.0
0.0
0.0
0.0