336.8588964127584
343.461463440842
347.8701414641285
349.3352667299029
348.5742191068491
346.7024524187044
344.8242343931588
343.59637680059495
343.2855457022039
343.80529182845646
344.68159516133306
345.5007610618279
346.18945480570494
346.9369840333036
347.8655030952698
349.0063618434885
350.25812008069124
351.31350793822276
351.9668238768105
352.02845823214477
351.18151293736616
349.4026675939179
347.30091933861104
345.6766215301031
344.93567274618044
344.91652463473616
345.0648215737703
344.85002599509176
344.0376741182563
342.7058272168501
340.9614986305587
338.8378922167747
336.41556729310525
333.9354333192054
331.73593888362933
329.9686112622445
328.62480416425683
327.7444994808658
327.48575039382126
327.8773878208859
328.6751924852312
329.55969325815
330.44345094131575
331.3845108032348
332.35867391263815
333.16123316403934
333.61651424707526
333.86462979952074
334.32629021989806
335.3234528010315
336.8551726530207
338.6425867898579
340.20513171125305
341.15877802731546
341.3830125602194
340.90828460935126
339.851754237381
338.53273476348875
337.340556561187
336.4927447504874
335.89661503855
335.23758424249195
334.2973198478658
333.10612219795706
331.88652102591425
330.83332319572577
329.98421511702816
329.27865962998584
328.6367606910717
328.10996497179997
327.8501620170338
327.9473838828531
328.39135659560304
329.08135990723326
329.9369668865336
330.9687967830502
332.2112785192694
333.63276641782033
335.0362346338827
336.2092762437062
337.17727497333345
338.13904508316654
339.2927180734569
340.6351308297528
341.8791803707993
342.70426708714274
343.02795523714946
343.0357887954556
342.89610636891183
342.5989055135303
341.94123416448275
340.79643842696953
339.39234550436345
338.2718583059945
337.8300939199083
338.01588292321463
338.47770134880705
338.89035780626267
339.0866279262306
339.0379633626483
338.7890584206152
338.4864343182999
338.3565227818721
338.5419573093038
339.05838219186126
339.83091137844394
340.8352802851267
342.06627040135874
343.47204148703355
344.8841200444193
346.13849382032413
347.11916869502284
347.6468313941325
347.54369298530185
346.89086917634825
345.9881037999695
345.13455028081194
344.52757999565233
344.25766338381027
344.2974744857794
344.5458538224225
344.8509645155857
345.06821814772496
345.1325476304494
345.0165497935864
344.7176951015664
344.2333969793251
343.608950980895
343.0493187519879
342.84802547989733
343.089508639328
343.5730738673633
344.02205004878755
344.3366835886844
344.5750960010074
344.6456237000008
344.44331300928724
344.0222154191438
343.66104069804004
343.6459446368273
344.02153953327394
344.5373039314664
344.9891416436953
345.36632109827656
345.72341728880014
346.13997846935507
346.71794745422727
347.4831329782521
348.2562506840858
348.744564621701
348.8270485776101
348.5718200829964
348.05973597620937
347.3412862604846
346.5427218200233
345.69017201758777
344.7432610824644
343.67985538829817
342.5850146825758
341.71241972543834
341.3610906911383
341.76956708776163
342.8940968583946
344.3456468337447
345.52376838032734
345.9414361575689
345.49213572422207
344.2283485421253
342.2730087598265
340.055945273297
338.2291455391411
337.276771358321
337.2977079117062
338.0001047491963
338.88632864292765
339.5337955322618
339.72277075926536
339.46004935108664
338.9489358033061
338.46150775334684
338.1733170469557
337.9334206977486
337.528005867271
336.96098902865197
336.3556573321923
335.8688078559606
335.59235783366046
335.5699845071307
335.7924328132023
336.1663748819565
336.5828179027438
336.9602472737756
337.3540759007356
337.88056682550905
338.5630131825554
339.27874604056467
339.8785684741481
340.31775480367685
340.5825388758965
340.68798081659423
340.72411269129964
340.91003488536415
341.3496366913829
341.9372913963751
342.5607028833595
343.1863036581103
343.82313254368455
344.43880418918536
344.93974652305826
345.1459321237944
344.9035177323156
344.2340040297733
343.29147169869736
342.23162151260453
341.20236676908115
340.34066725741604
339.7864924175863
339.6652205284012
339.90535527509456
340.33296911671806
340.7675910066314
341.07898445450087
341.2213601295847
341.23884818848944
341.13356502973886
340.91045232640545
340.5757683643956
340.1241696142408
339.5282941595996
338.81548244989256
338.1152329246211
337.5564546166909
337.2250059039727
337.12185395885456
337.23328752640293
337.59670520892365
338.20775254070116
338.98574227768665
339.7723594530018
340.4311513943299
340.9259667156088
341.35088527279845
341.83433378912883
342.41730583025276
343.0492297521869
343.5828973676233
343.8881248806947
343.90143842166196
343.55599418976465
342.835574439792
341.86999230786637
340.9640490158497
340.37915548260736
340.2095730691956
340.3935340835789
340.7024065761539
340.8444611136545
340.6182150481567
340.0150006063809
339.13907136828584
338.16293063519936
337.261847145454
336.63451793281786
336.4647357419053
336.71839081828597
337.1519810490906
337.6227061139447
338.13856451587674
338.7581998480939
339.47464553091584
340.16444172918744
340.5913962539672
340.6793047485909
340.64557918358986
340.70863251435355
340.8423214886795
340.8935613845438
340.7231204569086
340.369065370645
340.02923246484596
339.88284520373423
340.0402178003732
340.46645511842144
340.9905047230501
341.54631907443866
342.1526504073944
342.72717968396853
343.0565757882135
342.97131691186837
342.54219002359775
341.9770831676095
341.5735886303507
341.4258410033775
341.4511634963519
341.4153987914041
341.16608343367807
340.740744384082
340.16749656082953
339.4641637002591
338.6894158190774
337.91316417796145
337.090004962977
336.29775306995253
335.70085434148905
335.34601968049293
335.16610229441585
335.12698042146303
335.2573533354546
335.553920192975
335.94699299142894
336.30104613219027
336.6078986923189
337.05768028673884
337.7388265232656
338.55814056847873
339.37563424791654
340.2353010756671
341.1712882927246
342.07738665031843
342.9217666898621
343.8474055838107
344.94104446475677
346.0122106861621
346.78118787199116
347.17487032009967
347.3572293592779
347.50266398361777
347.54576530094886
347.38598090312274
346.91805392641686
346.14676906831176
345.3241340088562
344.63039042335714
343.9919194625678
343.2486722557044
342.2693434580857
341.1102284644487
340.07283356294005
339.35251237602336
338.9020656340203
338.5529620914253
338.2662061807004
338.1981338773632
338.26098548027846
338.2386659215148
338.19691074284924
338.39526980061333
338.9668271039715
339.95505208701627
341.3492078224624
342.91794255320673
344.4025105860316
345.72026333076883
346.88639114542775
347.69906690680995
347.99012411418386
347.78639699059073
347.18363381183536
346.28653465682567
345.327408223357
344.496144955717
343.83388062822945
343.29247183278704
342.8635178717751
342.5541274107981
342.248989080794
341.69594633959326
340.88412522677817
340.0850598744088
339.5774649984338
339.63663266446406
340.2576300812445
340.98470455453275
341.3549840155663
341.1939440355478
340.5405890876843
339.66784272776573
338.96555804075933
338.63679716461866
338.6836175662776
338.98728373772815
339.39757447880277
339.73892795936223
340.00126249500886
340.35626093184334
340.85558048588223
341.48140974146503
342.12837779954225
342.9064224463251
343.8221879912311
344.6706793375295
345.2048285458827
345.1944589268792
344.66579753425424
343.9603591880363
343.45092852661423
343.17175315938175
343.0443171009093
343.0173880524303
343.05780296687766
343.1832074574815
343.1931549165562
342.86137094227314
342.18666526756067
341.1665640497779
339.9123252188415
338.6975954904015
337.72159812456067
337.0811144112502
336.728686734702
336.61019693737103
336.7945164616374
337.36341498964043
338.07536419752535
338.4429408324903
338.24856455625707
337.542768234852
336.47038051204714
335.3444925215071
334.67984094315534
334.7293346044973
335.4401682593104
336.6703916519617
338.3534685796429
340.3520365410085
342.3808705604428
344.2217403293698
345.7320866800576
346.73300729790833
347.0973019306968
347.0841571648309
347.00065987912785
346.8741450287834
346.6010964686764
346.13934309961826
345.6615393332546
345.27319092152567
344.86790805729305
344.2395327723797
343.17390516054326
341.65725186612616
340.12532834345495
339.0729623676641
338.5340229760314
338.24302137688306
338.070232378889
337.9910211665514
338.11560165684944
338.50012718808273
339.0982782418132
339.72347762375773
340.3100030813373
340.9535308845608
341.7033092002971
342.6230685418439
343.6981145029245
344.74084311849276
345.51079097235436
345.8585867053785
345.8567273095888
345.6394053166249
345.3002377771578
344.8682750300309
344.2245031648414
343.6741452861753
343.46829639461197
343.3555099277392
343.14637716182887
342.81265354888467
342.3222777677445
341.5617951932438
340.6635579630253
339.90874804646154
339.33352058436617
338.8488800273649
338.1252000962413
337.23315549683366
336.7095922961612
336.7421989171347
337.1727734179227
337.8440936501222
338.64429723470766
339.36296186626174
339.77168471502165
339.7780196316815
339.5821553738201
339.47197271743516
339.58736731689913
339.95753443715563
340.597675991968
341.33436117214586
341.9795552599658
342.4488101438547
342.7810739248258
343.02717277522333
343.09791209341665
343.0586066351134
342.8581473333243
342.3979666124051
341.7966913462327
341.13404482855117
340.48879757571257
340.0013397048549
339.7513789086298
339.86761407136976
340.27535565152294
340.5157607636122
340.23570354284834
339.587545104317
338.90923834591445
338.3376389967751
337.98848130223166
337.83014524185853
337.6820988631185
337.4093914233035
337.0182197160362
336.68081058874986
336.6988945810988
337.10707666411275
337.6653844645976
338.2135078367322
338.7704641356271
339.415559020625
340.1351745568571
340.9835025632469
342.0137865908622
342.9821048751877
343.53950489601095
343.4161756587856
342.66899636915275
341.67834797213743
340.85755987411187
340.3272841679062
340.1294504875763
340.2878341426366
340.6553556983228
340.9235557195391
340.81078886153443
340.2806005946125
339.5014783350158
338.62008904700076
337.65251176729663
336.64098915568536
335.8077996833821
335.4047485313715
335.49178511513156
335.8809871877057
336.3302424133469
336.8618696445545
337.5513477799768
338.2487913229337
338.4995195416599
338.1131657359254
337.2998312977767
336.4819747939088
335.98991784346583
335.8731108371993
336.1542320741394
336.7981693281341
337.64739393673074
338.48040378766063
339.2019773125117
339.82621683242775
340.5050393149963
341.2727166374425
342.04395104985167
342.66724100398045
342.9534703290355
342.65861986863365
341.79136467610016
340.89633623240087
340.55389014515816
340.7273089417586
341.10577438010375
341.3836528545198
341.507103860183
341.4594327137591
341.07085571387165
340.2904885756921
339.29728154244015
338.3660936591317
337.7402002145348
337.48918178220276
337.46526834459024
337.641377920935
338.0046962342818
338.371234000154
338.578128673229
338.50255955720223
338.00379101960004
337.20781489031924
336.5104866705105
336.20467942933294
336.4268743154609
337.06974556624357
337.80630345653367
338.3486525833311
338.6312718136743
338.7344012463921
338.81684933632755
338.9170757167441
339.078524470313
339.29958570644885
339.576970702693
339.81150767244065
339.9627418812985
340.1864349964189
340.7218311223784
341.62823686492555
342.70712001526357
343.57139126482673
343.82837732282354
343.45426446577653
342.6006069188444
341.4116431750633
340.08181469667034
338.81582118123134
337.75938427982203
336.96724476382735
336.4591710287963
336.22905478939134
336.1785187297663
336.11653244211465
335.88269657350355
335.38035184257456
334.6184930153519
333.7275867068172
332.92168819003615
332.4464384818584
332.34298643907033
332.5340013182421
333.0304689326945
333.707547253759
334.4257469079724
335.1516323792144
335.91235671672257
336.80639970361506
337.95482544353035
339.34669461810057
340.80312298351885
342.19556021915037
343.3755413246764
344.2788714958436
344.9458738395126
345.3366569099899
345.41676058398997
345.4774096607745
345.76689288877117
346.3881077344912
347.0456933977006
347.34643293845915
347.176810705039
346.49448987538887
345.20504289752745
343.4058318567337
341.69518080905834
340.48443026800544
339.73615517821804
339.30286710790836
338.8838011670702
338.29697250867116
337.72411953217375
337.4728238831851
337.45445657938797
337.3999460740877
337.11312151253
336.6997956508884
336.54605150943513
336.8280814058617
337.3409507416096
337.7241253620054
337.7180430493525
337.40901984260205
336.9694341489739
336.59728726973526
336.70649662854964
337.3275902404441
338.1303212388606
339.04557951242066
340.1522945824329
341.3495461229279
342.4020562973034
343.1159753066416
343.22462764188606
342.6086882495685
341.5598574125646
340.5505835050059
339.9069414916704
339.69768445104893
339.65362913045936
339.4384339907326
338.9822241234262
338.40271647654066
337.84080550389024
337.4893421151814
337.62062961360226
337.98871743120384
338.191532376728
337.9271482777079
337.2534139303223
336.5976432429212
336.0566396819208
335.43049922495925
334.80088032952517
334.35726302572283
334.2963149227323
334.7525517406195
335.52880758436817
336.3427365243408
337.04821830661376
337.7502205426782
338.48266212355077
339.2873504622239
339.9590033193421
340.65257778063176
341.3473980436637
341.6425836829342
341.6265013268993
341.70606041401845
342.1228964699234
342.9067974063938
343.85032501361604
344.7410051352391
345.23968328124135
345.38827479658175
345.5296541424069
345.52050023113475
345.17017052587687
344.3743315046502
343.2622860480269
342.08063161750863
340.85795073334884
339.6269668688165
338.3142856851523
337.0519445499085
336.1750669282574
335.7322253814716
335.38979625872804
335.07388237315155
334.81818002548323
334.5369178465161
334.26813812250754
334.21491766932354
334.54889757608794
335.2463345772835
336.08669133944045
337.07699456467117
338.0312711999316
338.68295429091233
339.20864530533396
339.701232611689
340.16768603865285
340.5989620953563
340.9496112730404
341.2712076679808
341.67862668639106
342.1489287145042
342.4843198069304
342.4724490620314
342.1811232907949
341.58263488934887
340.56417579374255
339.4433651898429
338.5109307298503
337.8380339333439
337.392278414159
337.13783789575865
337.1350816512506
337.49376999947646
338.1681904491055
338.86610619064277
339.2973597784548
339.3807949345572
339.4084282428485
339.6112521190839
339.8157263381204
339.8980423960612
339.87437898765234
339.6724092341352
339.2398444956089
338.6849203944198
338.24264680588726
337.89375176060855
337.6039619783467
337.5369096010177
337.75483449835554
338.19353684408276
338.8030949154912
339.36585017713355
339.7227497666447
339.7899431348261
339.62292337740456
339.5654319711616
339.79815801099903
340.10926314251583
340.2914170791849
340.53114510693376
340.8784546254379
341.1140631886011
341.1140066667682
340.8755145093837
340.46679379029854
340.0163294726791
339.5305463834068
338.9519339108371
338.4279646893666
338.15089700459146
338.20924722944295
338.4335382633308
338.60378465887936
338.6807002076849
338.8300704343473
339.2245283532166
339.8263947359947
340.4080321846676
340.8829828888443
341.09363280464396
341.013073770339
340.57174634138937
339.7624330859031
338.8736159085467
338.22892954170374
337.88684551371773
337.7781966970002
337.84161784458433
338.07915944355955
338.5661281974909
339.19245194413764
339.8106017294824
340.3646436149237
340.9160552384316
341.5787920575642
342.2385247345885
342.62466238140075
342.68869244138625
342.3289731958006
341.553803843062
340.4761942659918
339.3732189945086
338.47437260541756
337.8005276978988
337.2679945958445
336.90098098290053
336.9924892164778
337.55531530197936
338.31267494942915
338.91815791649327
339.24670341121066
339.3851996612935
339.441465739332
339.37326091149816
339.19659907235945
338.90240058304005
338.47946796824635
337.9353139052438
337.4288075858458
337.00532162980545
336.6253936071041
336.30624883872594
336.10346614812977
336.151818205439
336.62506471039416
337.4723130378195
338.3696330462359
339.0815749643609
339.6018313971332
339.9108153688918
339.93483904540926
339.70417123259824
339.28064457422124
338.80579572058946
338.6711853278726
338.98439717013457
339.4905510083832
340.0031381014817
340.434712830534
340.673684687168
340.74068156759006
340.7768402188092
340.89500747799724
341.17261625839836
341.45386746264705
341.51147972024904
341.50446860790964
341.70125931966834
342.28734276993805
343.23494965879553
343.98784907776144
343.94247002183664
343.09169925259897
342.008334031549
341.1210736634768
340.50708503411227
340.11394339006654
339.88451887228325
339.68680694322285
339.29515621614746
338.62155913006075
337.73089961051573
336.86815653780184
336.16836843383226
335.74174997841993
335.6008146185962
335.67895074733315
335.85794880531887
336.02625230680394
336.1505611549303
336.3180842197314
336.66611727139554
337.1641716932164
337.6717443439058
338.2070515225158
338.7970745396579
339.3748936585288
339.83289292984256
340.21896219726466
340.7361694801623
341.41338227430583
342.05875680384213
342.6321904431742
343.1616430052437
343.59063064196243
343.92013827829913
344.14327061671344
344.1663666288468
343.998738942714
343.73354482102474
343.35135049785225
342.62274682104396
341.5193591512729
340.3601650478155
339.3597411947202
338.31032190152325
337.09997469488417
335.9399427905108
334.96659440105634
334.34192562449306
333.99953329433566
333.7979532464842
333.71130497986934
333.77050125949006
333.92154119939613
334.14663889693827
334.45595250185517
334.6850291845215
334.6172940831291
334.22421758317944
333.8281985169866
333.7979007459375
334.3888491708068
335.5727411094196
337.0218664376323
338.3596334193018
339.38621080154644
340.1576655859826
340.8122171372118
341.4486668308744
342.1218555640985
342.75047686990473
343.13436314827146
343.1656717237244
342.8541592640396
342.22501417918767
341.4279563696879
340.8026876825505
340.584491609936
340.82855363733177
341.3108145055911
341.7857047194281
342.1120967448262
342.28476668348526
342.389591150158
342.3980669435035
342.16071396511074
341.6569365242293
341.0561001746062
340.4265091190823
339.8758676089196
339.5139002533758
339.4670961246688
339.78866273540075
340.43687163048327
341.2012533622401
341.8257802111956
342.1609035761802
342.1996795280598
342.03360292810714
341.77286693537576
341.5826743342912
341.64769574373435
342.02610250718885
342.47739758627813
342.7732468883465
342.7561534307118
342.39871020729265
341.82525613321985
341.0353562791477
340.18168107057966
339.5145240954946
339.1389858845049
339.0454484454334
339.0602753387988
338.91239776555864
338.5868972598559
338.36108978849484
338.40710151069914
338.3988736359296
337.9725598436792
337.18561270359515
336.3220820824606
335.7662430811531
335.76613436663024
336.26407808355845
336.9092226670023
337.36830258202514
337.518861837346
337.38788981264395
337.2086014135179
337.1921986991211
337.36051211687595
337.5805268182148
337.6714845093162
337.6381763197624
337.62124630934807
337.6010585242776
337.5948462417032
337.6537800768512
337.84439845152133
338.17721966483475
338.5804636947265
339.08991592264056
339.62674637053544
340.03335427418995
340.26860803589676
340.33324884652916
340.28363488891455
340.24098572167884
340.2377329796916
340.120340020398
339.668918655031
338.9150607789238
338.2137244161
337.66567078746687
337.116238840086
336.5524932286704
336.1587217130177
336.0902903798401
336.3174191693858
336.68427653429296
336.92869855652503
336.8718678156489
336.6197802521783
336.32145254250787
336.1553672792222
336.11730795090904
336.11960549299096
336.14110474143706
336.2104026769895
336.37601149990644
336.6557341697139
336.96342052516934
337.27450257728526
337.68507567408824
338.2653032590417
338.98258910978456
339.75699322268673
340.5299530704027
341.2918760404917
342.0460926845793
342.728158548613
343.1180227030066
343.13258378237293
343.00060714178466
343.1874020166483
343.76869647694514
344.36333524773136
344.64248854264383
344.6185235552475
344.5473002397059
344.35053354122743
343.8426450360869
343.07305752261743
342.0649214823083
341.02340971044555
340.1528111574815
339.36322396601787
338.58482000527636
337.8996281057948
337.41827055080637
337.2301891035982
337.23196730901014
337.04300504756384
336.6865130590094
336.3448179201995
336.1544990934718
336.40013859874534
337.29167714413944
338.5906284857339
339.8273988402394
340.7407176233453
341.28310692698847
341.65799191136136
342.05674894108006
342.4760966756741
342.93445047994646
343.4548130281805
343.93305645634183
344.4259095005764
345.0374345339737
345.46114606870026
345.37627825735615
344.7799299687711
343.92883754286504
342.9535465729612
341.9855247728176
341.1563851069931
340.5439704542895
340.1223761514143
339.8210266738219
339.5089311779742
339.12294509027845
338.8506061970787
338.82906197831164
338.73076212138716
338.4715878648508
338.07854988694396
337.51724070036494
336.9646995510783
336.7007396321004
336.83482132155916
337.3296913066293
338.0335843630481
338.6696500131529
338.9049259864338
338.5111587052967
337.5015426654672
336.3404295436456
335.68574427024987
335.87358114784365
336.6897231633967
337.79806100884815
338.92543801931015
340.0115353345378
341.09836227571304
342.06119405502983
342.6752416065066
342.7359555473457
342.3626002429219
341.8616317222589
341.43033240823416
341.2503763255956
341.3461489331465
341.51783213325183
341.57111272387357
341.41804571537494
340.99150466525356
340.3275608081117
339.60351241472
338.90469139333857
338.18944667946243
337.2717149147634
336.24591411203994
335.5512432056789
335.3006357844314
335.2350175132035
335.1540138968844
335.04612154668075
334.9797235331312
334.9309178451903
334.7529044180983
334.34030885643153
333.8105271719824
333.4181341336847
333.3497578527751
333.62385614811797
334.03772315561747
334.37073771112836
334.54731106142043
334.6593924743969
334.8822019537679
335.2986751976681
335.8066261781597
336.2534249819348
336.6384730232062
337.12138649900425
337.73937500168586
338.41729692015014
339.1273187695061
339.8104426915959
340.43130637583386
341.08339139740724
341.74075049444014
342.33349230839394
342.7758034740938
343.0462659933924
343.25942827363565
343.55818987570643
344.0081457773166
344.49678657224024
344.7487865179288
344.59914500623046
344.04178641495236
343.03101329606136
341.7711643921163
340.4979005766447
339.6177887989323
339.1305852283344
338.7534873302426
338.4038879844355
338.1228776531455
337.99777482165695
338.03774792505124
338.08660763070236
338.0340275612161
337.8856784168086
337.6171495235708
337.1868219409297
336.61546821854614
336.0205539074284
335.53471346919116
335.3558860148764
335.49887477347164
335.8368710373948
336.1555955831399
336.3074643255657
336.292122401505
336.23923960492425
336.3142261558314
336.5464627669759
336.8270314272727
336.99249084998405
337.0237976820108
337.1094550145484
337.3872933375603
337.8265222383388
338.2574538511676
338.5400764492657
338.55701926141137
338.4127552541383
338.1197752145057
337.675595893323
337.270452865917
337.0461822771434
336.92161265609957
336.6463491141921
336.2687175942832
336.0572379548987
336.0541783165775
336.16825864450925
336.2248306234383
336.1213398079019
335.94791887078384
335.76609230852534
335.6357492457346
335.55124840248203
335.43313998454664
335.2703840979773
335.2930632649222
335.56870455507755
336.0146076686228
336.4843587638174
336.7402584659009
336.72844312882216
336.51407701285245
336.2478858318265
336.1604891640782
336.32352168796757
336.6509588800652
337.12657967764846
337.76771255950587
338.40943398858263
338.818032725719
338.84548629396653
338.6433503879483
338.5885079361612
338.6580954293098
338.6931908692222
338.6146461282233
338.49458851833487
338.26548200296827
337.8922481829331
337.4756645697999
337.21020094400114
337.2382373771361
337.52249400105495
338.00897908200557
338.58397457769087
339.181673215149
339.7769986378767
340.44508865826157
341.0395649636307
341.46002775736065
341.669124244105
341.584241827406
341.3632529860646
341.20129679645083
341.10806035629355
340.9499524270157
340.70226799883864
340.4203384107792
340.17330742356495
339.9960431530943
339.8737425388375
339.6707428690894
339.2734345487596
338.7878309169992
338.40414966819014
338.1602890127588
337.8835784749993
337.506941495451
337.10739171501496
336.8051563068424
336.66940356492535
336.6330624131906
336.55926633255825
336.33691958311783
335.9082790016905
335.3475151006276
334.90617085633005
334.7666544660002
334.8708929554143
335.09873677683004
335.52863999782227
336.302559322506
337.4865853382472
338.9394099067831
340.23441286915306
341.14868945767483
341.6318927121551
341.59138859634527
340.98541902043826
340.03220888699695
339.02329649714073
338.4154570229777
338.20964488513425
338.34886214249525
338.7037643752391
339.02685180662525
339.1409721894132
339.0053983602136
338.5887803501285
337.8305760684593
336.9067070543683
336.0781611937942
335.67232618837085
335.6476497635408
335.7534269988179
335.79663919970653
335.77329329017874
335.759883454863
335.73443370190006
335.5504348672872
335.16050961496705
334.6878871849575
334.28735038818115
334.1212561129716
334.2972147340312
334.77146999838146
335.4194038612317
336.115456096986
336.7482364630251
337.37106923296824
338.07852797376415
338.80344079318184
339.43105282166096
339.96512248439024
340.484814167376
341.0273607708596
341.4875461549633
341.69580498275434
341.7631814024106
341.8090249990119
341.79996781769074
341.649612018201
341.4517890714017
341.1699734223048
340.84158761168516
340.68205115574
340.60460869316177
340.4412289334797
340.37913160788156
340.4071838493149
340.3395540159308
340.16365573016725
339.87216460575564
339.4888336203545
339.1031622534083
338.8975243394292
338.88822967201685
339.04265094877076
339.2426189716989
339.3527521987918
339.35414472416824
339.22232862831413
338.9831257488072
338.59727213439703
338.0632596988462
337.34199225698285
336.645630600867
336.2670709946879
336.2725788501551
336.62981873083504
337.18063363301223
337.78262589277244
338.38282989302587
338.8584499236207
339.1370205527688
339.2625981601578
339.31655178039296
339.3608572884868
339.45890021053094
339.77660326803453
340.34297069125955
340.8951585152761
341.3322861141026
341.69688542435784
341.88669777306364
341.77266170258565
341.3420851362208
340.77081597081076
340.29878210664606
339.98809844428763
339.63410556247806
339.1816739271549
338.73539974836535
338.4181548212496
338.1319363996549
337.83854355466286
337.5911889527532
337.4055242577956
337.27654205767277
337.18669065253266
336.9886891455815
336.65912973867887
336.24219148871225
335.8593422831349
335.60122804124336
335.35411496265624
335.0220425869743
334.54286626075367
333.9734170894576
333.51718432022335
333.3080129224164
333.1725922507785
332.99210714466153
332.9821550771209
333.3414079955554
334.0929510751788
335.2119413794246
336.4252017877772
337.4204766771481
338.040966175648
338.4346535398928
338.8460595110795
339.2591478003494
339.7006286101959
340.29226844237087
341.1331142654552
341.9151851877636
342.3719840492088
342.43842169318367
342.3843826487219
342.3905776712247
342.1234763344096
341.6778183189066
340.94354536602066
339.97002798458067
339.3422865178235
339.11211906863605
339.0696820500045
339.0084881087055
338.8961644988225
338.7601332794267
338.6190234694212
338.49944964495046
338.3533619386187
338.1491238888107
337.8115617287283
337.43475686072605
337.1069624678338
336.92834478562764
336.8814043810574
336.884165751714
336.9869213014143
337.1595295912666
337.319931177729
337.4577820072167
337.6037377672168
337.9174249773538
338.49523663324703
339.1479242232367
339.6655890639121
339.97698677498283
340.1474412401958
340.3624391555333
340.6857390941288
340.9352110381859
341.0490269726373
341.11686134389436
341.2949715946483
341.60769832226225
341.8531767887998
341.96459528300994
341.9149531509971
341.65128307620745
341.1948698053102
340.51131707314676
339.68815251028116
338.9625616879067
338.5182568279627
338.24511489542374
337.8577048625817
337.4124080987752
336.87632702275937
336.0522568609765
335.2964691697044
334.86607238827537
334.7171762648577
334.733920930801
334.73199105245214
334.6275364510715
334.4966481910838
334.44495364388433
334.6113493142226
335.20437277625007
336.01350038463045
336.7181146209695
337.13360483739154
337.3007470607303
337.49836912531686
337.97892148065836
338.9469757541641
340.57423356514335
342.4897248729822
344.2549344631423
345.6373995487412
346.5920392627961
347.3909461174798
348.1808050883502
348.95824207646194
350.1198696695825
351.87321912541495
354.26080020116535
357.2787008661697
360.688105344095
364.18837436750357
366.84509300059557
366.95539073694295
363.2406246740877
355.38972727091027
343.86661241219616
330.3706288415697
317.51854849985637
306.970026111356
299.1893633356799
293.9224611309827
290.4072261097376
288.26389111173773
289.2792445585347
296.76292056287906
310.9988184033902
326.5846523315601
335.03173534822974
337.2211714850872
339.4467180893406
343.40485910735566
346.33232217772434
349.4006756708911
353.568559564196
357.29336744970414
358.8655462639265
360.0714760880491
360.4093152792542
359.11551022810477
358.034258455777
356.9456680370768
0.0
0.0
0.0
0.0
0.0
0.0
0.0
0.0
0.0
0.0
0.0
0.0
0.0
0.0
0.0
0.0
0.0
0.0
0.0
0.0
0.0
0.0
0.0
0.0
0.0