215.74426164664862
210.57940174331023
204.5162566302725
199.77285361898961
196.05264476768198
192.872256636678
191.76300782244252
191.89156827601786
192.9094077612516
193.9864256197481
194.834757978605
195.7150105749479
196.4719212528573
197.1497921962589
197.7424340531028
198.2971596305569
198.97899233107714
199.92278897889506
201.08218717233257
202.32471480974505
203.4877453036197
204.40745867467734
204.9691597652495
205.1039774499797
204.80076263511984
204.08533702320054
202.97373761615526
201.4682120259288
199.53431634014083
197.1701892451177
194.43187225573413
191.43749701155812
188.42826696622797
185.76516283731965
183.72255310359193
182.35964632543403
181.52429107092044
181.02257847807977
180.70719646365035
180.4869242693875
180.39465059998076
180.5516714594923
180.97931241015726
181.49202587649236
181.83882547819258
181.91925974204602
181.8372303075593
181.7534402763461
181.6879150584279
181.55414306453463
181.37033035940743
181.20788441918978
181.02258468367333
180.67858960042904
180.0782767895078
179.19219301289957
178.13569516715978
177.13052426790742
176.37068718231313
175.97316810817392
175.91279304292343
176.06427353763613
176.27027644184062
176.44778736386766
176.5505923066852
176.52774472108342
176.36918459213865
176.12360189426545
175.79636171812342
175.3148672115847
174.64190469452183
173.80656166482038
172.90760280807288
172.07263008980902
171.4288221220977
171.05928916312928
170.90818257559295
170.79067972737613
170.55246917531184
170.1813757270902
169.81258877419359
169.6017681422636
169.62420971829238
169.87800216959914
170.2394452775929
170.52922308855617
170.64813808053196
170.64665935290765
170.6181646708209
170.5964430211065
170.56156725784157
170.45471436502137
170.24621198723383
169.9240780989387
169.5133349535059
169.09773870577789
168.7707156047434
168.6273170403643
168.7438834521891
169.1212607599538
169.6759781098007
170.31941373403924
170.975924569622
171.5771982495355
172.0907933005425
172.49215764378482
172.7197455557864
172.72573325431026
172.47278959353116
171.9705333680388
171.34706382367875
170.7897050629651
170.40642124971345
170.22397713166075
170.21231567153433
170.28043070511214
170.35478087519706
170.39303295778805
170.34664039817514
170.2035170134318
170.00956528025426
169.80072178963002
169.60021353639334
169.47165988322303
169.45664502152306
169.56686976524853
169.7940203808975
170.13087541768047
170.5992351836055
171.21460689559095
171.90699825885056
172.57673135884403
173.15893737427749
173.66618960865856
174.12371441518678
174.51355388605037
174.80897986209584
174.97514622766903
175.02610829382073
175.0406834122099
175.06458456801346
175.07010880785936
175.05879645498595
175.0621382301837
175.0480203895633
174.96229875588483
174.8245575262885
174.69087361267793
174.57606382061203
174.4155172562743
174.16647598967378
173.82741109915767
173.37520559052808
172.86951402197536
172.37108030639035
171.90408518330034
171.51075126014965
171.24223538118244
171.1403844224589
171.21555409367744
171.39741610945433
171.58897038516187
171.700958528147
171.69482669290073
171.63188976688062
171.59217091442713
171.60011144459804
171.6484025105178
171.76719448204668
172.03253653211794
172.51132079915055
173.1489071167809
173.8475341157027
174.563031951913
175.21588101784442
175.6694954860092
175.86248129124317
175.8483702677802
175.72254346996493
175.613957083947
175.58242251930935
175.56562150233617
175.5225380696845
175.37225073879205
175.03605496816868
174.61036503773664
174.2351869251085
173.96740138988517
173.78975728972864
173.62950888699672
173.39724322436203
173.0621700199256
172.62735414481057
172.13594847810845
171.66418423886532
171.23503326940133
170.80230275597387
170.35428564367362
169.88843270040078
169.46272564909054
169.1182996563915
168.85719717655837
168.67527473418056
168.53451644221457
168.3825285477521
168.20414089629728
168.01506923967108
167.8593317704652
167.76761621001296
167.75044191976343
167.8284411165158
167.9786491587531
168.11713051010574
168.17927849131786
168.12794495958235
167.97125179413507
167.77554891031332
167.63066530755552
167.5994512461881
167.64730312904828
167.74843717375336
167.92638943622626
168.16217793432958
168.41095387369785
168.66668932055305
168.96014133237503
169.33437855037826
169.78545558590974
170.2623204054062
170.7253011384447
171.17961761504358
171.6083045874338
172.01972755324863
172.4084487944863
172.73705606520014
173.00460835461877
173.1772407435102
173.21681244456644
173.10935235428494
172.84683527929317
172.4945152870246
172.11603491157817
171.7332109460108
171.4442586050041
171.29137024932294
171.23000085608862
171.15454752001725
170.97504636158604
170.61962765831015
170.0687756864127
169.3855496189934
168.67916421177932
168.05307721803
167.59948953581733
167.35884287119163
167.26791310087006
167.21014471692703
167.09890384714998
166.9595110624898
166.89897554563888
167.0105007691922
167.2655071045475
167.56904456244757
167.86713153581712
168.07731395253458
168.18415027224722
168.28512826674987
168.45084898355253
168.6752586780163
168.91907738910152
169.13555880034252
169.2911078969381
169.3861274646301
169.44409636910436
169.50603086533178
169.6059718949838
169.7461402229148
169.93325611759445
170.15775916960993
170.35822102809783
170.5088734095114
170.61304303738584
170.63737367382822
170.54798733728367
170.3001791694816
169.81761951327172
169.12553715071738
168.3181452121692
167.48662964011527
166.73583061598666
166.15727409177566
165.78381595316478
165.6375546674564
165.67445186581207
165.7916486548876
165.92870031474482
166.07555075344402
166.26830531583073
166.5260731212271
166.84445266831875
167.19449444625803
167.55512464980214
167.93900883928734
168.36109139370149
168.82681054561115
169.3560159898832
169.9552291024698
170.5985777456399
171.2361983850762
171.83474218942126
172.38391098718054
172.8722134730981
173.28053970076098
173.59505664609992
173.79026354778284
173.82186239915274
173.69452430571837
173.4293381933161
173.06527481400406
172.65753298210328
172.25904375788116
171.90160416012972
171.5873293926685
171.3330299918177
171.18283732068434
171.2233381310438
171.46476088358457
171.83074926475888
172.22142417695974
172.5693289016983
172.83296804258748
173.0493202032346
173.25781691611917
173.45448841143806
173.65635876765148
173.90599418123475
174.2101402522931
174.53780262065206
174.84922211091546
175.13442122098294
175.41293797845958
175.7016366589063
175.97125355957797
176.15063272444786
176.245655008242
176.33512090006946
176.4092744445996
176.40278779140544
176.3145929977084
176.18178163264446
176.02262536432772
175.864296693035
175.72481820624708
175.58874419582114
175.4753178046878
175.40849601357064
175.38895252635197
175.4056008411492
175.43056730040095
175.41031812504565
175.2611577906055
174.932583280976
174.48032591743177
174.01746766609412
173.6288946828068
173.32129697898213
173.02877259122047
172.69528481330337
172.29364338281977
171.81895710780336
171.34326099448376
170.96919112185986
170.73953470831066
170.61298775614011
170.53170220099804
170.50660694061736
170.55067808155133
170.62134097862287
170.6815531995837
170.7638150525916
170.91484817897563
171.15349500377832
171.5003747478844
171.95557062950724
172.49315637933398
173.02520792151398
173.47441302231042
173.82543149720212
174.0958243612873
174.2671646284384
174.2974879409403
174.17522905388586
173.94619562643788
173.69642016736447
173.47107825071527
173.2895691812085
173.187034598668
173.1810234289381
173.24910451561925
173.33850028693922
173.32869079855618
173.10122117498432
172.68971371333885
172.20086949848584
171.69224505290987
171.24716674472333
170.89598675137404
170.62587277896728
170.4171792610262
170.2556087205559
170.21160605600832
170.34274356100497
170.57142878779595
170.8125809357996
170.96425012989334
171.00688530086342
171.03250566216863
171.12154536567522
171.28863589369095
171.54633956742464
171.83857830205014
172.08138379199661
172.25622341606515
172.37306490380877
172.47193214288797
172.62472946960588
172.83052994153604
173.14516504301798
173.61181391050536
174.16977554458055
174.7474565082402
175.29112786408328
175.7268819716046
176.02055412823933
176.25346996407697
176.44102711515694
176.54043539065273
176.488279273061
176.35057758063468
176.22999727136053
176.058336199498
175.7834863843633
175.44545410114705
175.11668316147126
174.80739525622747
174.55046792752773
174.35428158813238
174.14654450192853
173.93380330333545
173.72296072936234
173.50997328549371
173.30130444129205
173.14394829419692
172.97681908642056
172.75618413078598
172.55691999144588
172.4079495629646
172.29912927198637
172.2360617406121
172.16732151718983
172.0899616623741
172.06422837091256
172.11043159655586
172.25499300601797
172.48354752155382
172.71981241100275
172.89532807257666
172.97984504549936
173.01511855946632
173.062563856589
173.13260925512174
173.211723405366
173.30970711025773
173.3878320746478
173.45886056787774
173.55160173886293
173.6644377830927
173.78877781090546
173.92314311440896
174.0419454301359
174.0718436301404
173.9896777224684
173.79991530952373
173.48365189564313
173.0799940988011
172.67734902729677
172.31606979132135
172.02127551671333
171.7669432476854
171.52633176911027
171.27121891018425
171.0004099756037
170.78509599705973
170.65409147216954
170.6388154905327
170.74313048263173
170.92058195785987
171.07866185267397
171.16211880814234
171.17537034905087
171.14534891881573
171.12233018669713
171.09682139276026
171.0068561866059
170.84165262316708
170.67602034807246
170.60796085569433
170.68483617940007
170.86583622480475
171.05203008012177
171.17384790264015
171.18175972995954
171.09799389283756
171.0453716939485
171.11746241633847
171.3121942710926
171.6142909305712
172.0012346719328
172.40508009180334
172.75117586164868
173.0293719751588
173.2633758687325
173.49237141634393
173.7103876115516
173.8503417257918
173.82925971764197
173.6545766918383
173.39451853142344
173.06265733075884
172.63107539226493
172.1098375236237
171.55313513384667
171.0014399141679
170.41935416675454
169.80393010009297
169.24451443750442
168.81889165325092
168.59272061354463
168.63723356701502
168.91694949522656
169.2896119320224
169.6055973485212
169.81746427445074
169.94139660574564
170.00207915568706
170.01636843133838
170.002623602379
170.00448097425266
170.10475272606195
170.35044106466114
170.6917771637356
171.06754056802814
171.44189833684985
171.76801982260486
172.0522311021387
172.31825428617466
172.53913155476346
172.74058309649612
172.9614801254328
173.18619383234864
173.35650469467092
173.41243717337548
173.36618171356332
173.29496543889448
173.2084905950599
173.11703956159096
172.9956358501526
172.76230112658942
172.42893825920385
172.09921524162547
171.85739758906226
171.75581541671886
171.74923338691212
171.79173433977644
171.81019221128852
171.7977126609216
171.83843951795242
171.9666421375512
172.12997783360308
172.26304245361234
172.32623540232635
172.29127291834692
172.18467525371662
172.07224773464773
172.0244263482286
172.04323779219547
172.05183609554092
171.98536975126825
171.85400135248568
171.69984872555187
171.56544981963987
171.50714895830737
171.56294028786124
171.72169187691748
171.90899215698673
172.08024971991358
172.19794881999803
172.21561075082778
172.17064007073853
172.11810926212962
172.06823009533244
172.0143140111643
171.98628612634735
172.0068582818232
172.0676862196507
172.13656643699414
172.18623301352665
172.22830665413989
172.23873198475707
172.1848125446354
172.04737823548854
171.83122823343382
171.59120752661406
171.38804164607598
171.2585949914763
171.20054792097093
171.18082933730238
171.1393498970765
171.04386914199824
170.94131749247242
170.90325526153092
170.95647540903576
171.07489297144235
171.20667178507688
171.3503552850675
171.48877758731123
171.62630952101003
171.83743324477325
172.13779427870702
172.4818055119536
172.79564151630711
173.03627960353276
173.20208972965605
173.28618552371478
173.32715833858254
173.39641352424965
173.49165727464512
173.58067441146144
173.63007339735952
173.60957323604083
173.50655379405993
173.31283282678362
173.04088238425217
172.74370722418217
172.46460476130463
172.23730749379246
172.05318206487513
171.8810210847525
171.7197283470276
171.53027907681494
171.24328106782633
170.85786454799893
170.4098092023274
169.97985465762628
169.7183966625832
169.72906062729535
169.96832538247466
170.3266414250062
170.70973004444738
171.0448326605414
171.31410949312834
171.49861303682746
171.58714012223976
171.6744401042291
171.85707621747437
172.11309686720517
172.4187614755967
172.78488830176244
173.181196541142
173.60859510893522
174.14895001446445
174.86285892247386
175.71003170961575
176.557022752636
177.29233242556737
177.8592867246895
178.24755325447282
178.45175572985002
178.46989986653054
178.36517153514927
178.21576244512335
178.08256947554634
177.93536022627276
177.6877431860626
177.29929179683566
176.80365304487793
176.26972344598278
175.75649170574457
175.2627081897057
174.83247444804255
174.47478722557645
174.10518695778578
173.69787902414222
173.28332894871508
172.8741007415154
172.49866834317083
172.1946749206177
171.97634393938765
171.7868617388515
171.57244536242555
171.38398145952715
171.27285979497833
171.25187568495423
171.3426008801429
171.51143360957747
171.77087562745191
172.14687834358014
172.60070515607137
173.05388097299343
173.43489408758467
173.7187496193327
173.9753302197928
174.20476310693647
174.3994759968333
174.5579493376925
174.6126574935357
174.53321307766953
174.2927248281918
173.87265034111098
173.35482259392563
172.89355552515138
172.59240725459134
172.48577449644046
172.59727388053795
172.91654237931078
173.390862671822
173.91439251062465
174.38454496503914
174.75525182323543
174.9897054441404
175.08316179813303
175.05962271909453
174.92524272500748
174.7345723882757
174.58234663105446
174.51049554328594
174.4943927293893
174.47433101466012
174.39768652067667
174.24387309197246
174.0413848434581
173.90165323747976
173.88598682031488
173.95031527774827
173.96459640171025
173.82084059010108
173.5046384325576
173.004605690046
172.34022460352972
171.59429754014238
170.91120655250415
170.3057102897689
169.70386895476653
169.1300527156773
168.6410869524155
168.23938999132852
167.92048014124873
167.6658307033722
167.4525886978131
167.28862517085702
167.18038884271405
167.13943599877473
167.1691957873302
167.2277064374866
167.28999248565657
167.36950193971944
167.4861378014826
167.64123210065765
167.8394807781259
168.04852133941978
168.2065215691464
168.27848381674212
168.3161925470271
168.42653209957138
168.7012928247578
169.19772133104655
169.89496452510514
170.67923078667283
171.46885677629044
172.2656172444965
173.0332030528436
173.7190455047822
174.26373590387232
174.6251376852412
174.75148574752598
174.6248477345581
174.31604887464385
173.95225376698804
173.67190926937548
173.54382740791516
173.53799113162708
173.59202771531062
173.6192793786747
173.5289727777257
173.2996768358837
172.99281891373468
172.69093608829843
172.42109387675768
172.15093124519728
171.89353732028695
171.7325079882342
171.71664305719827
171.82254246974682
172.04239567834074
172.35664664958773
172.74089407095715
173.22068040354432
173.80468159877537
174.41046533022444
174.90091568401436
175.18702721020432
175.26826356717532
175.20150986614578
175.10727145048997
175.09538901552673
175.17607038683244
175.2890218881731
175.31493660429925
175.18269168752963
174.9585158065309
174.75750436266577
174.653075160931
174.6974024790719
174.88160614531202
175.10782787014588
175.2307250874842
175.11211845191633
174.7408269459111
174.21428374048645
173.71358137083342
173.40552066761188
173.31179376419547
173.32312320762492
173.29745419043047
173.16541944800198
172.96875631216915
172.74672128563904
172.4848536350723
172.22352560560176
172.04895472075364
171.97755360962364
171.99857444617686
172.09312316031154
172.21237882575977
172.3165118644759
172.43716500303321
172.6496278168077
172.99319291792858
173.42755427226498
173.8241770421865
174.04288383396764
174.056935600989
173.96396960422916
173.85084775025985
173.77357863419843
173.81764470599722
173.98976900410807
174.17521538346898
174.2423700248109
174.1650884395046
174.04120083520058
174.00387273906222
174.13244974363573
174.4062270431854
174.7007850287759
174.840176891361
174.711950621078
174.4063319754536
174.03924745692566
173.66761230708457
173.33274448296257
173.01945400189146
172.735523403111
172.58103694695745
172.62264434405057
172.80800675145875
173.04242626935974
173.23036049832513
173.28416711263768
173.2238981749593
173.1244991492124
173.01872020768405
172.87918804365626
172.66813030869963
172.40577241916685
172.14905545855927
171.93113368253353
171.75954256218392
171.61721236307892
171.50359005124056
171.4665458766141
171.56458761148724
171.83358962294426
172.22720528580163
172.63297138444702
172.95848228770674
173.15593318840516
173.26578626536383
173.3601596282135
173.43155977994448
173.42960911480313
173.3186608637453
173.11544049820975
172.86967426096624
172.65104520240203
172.5056087954137
172.46948299219872
172.53343793207588
172.6284170748521
172.69740876723503
172.70010459139453
172.63526475190125
172.56580481748884
172.57284446258936
172.71769298577837
172.99588729165012
173.2757917531769
173.42387918048445
173.38514508499395
173.20237952785973
172.99958543112996
172.8360752427288
172.68751683976834
172.53276407303613
172.32971049395536
172.03720870981957
171.6944373316507
171.36897778214072
171.1021818953511
170.89767123935803
170.76255523892274
170.73666439435726
170.8362011500623
171.03576295806974
171.2874312648779
171.54854086986592
171.8187240640758
172.14579560409416
172.558422062442
173.05140745102676
173.57141306495356
174.04908019613276
174.42435691533814
174.64163495974248
174.6774076199472
174.552190978399
174.35292648109652
174.19708715833113
174.1562218124011
174.22796912061077
174.37235370592043
174.5270542971466
174.64963114151976
174.79127777363425
174.9616531345818
175.15566061272412
175.3353900038945
175.4037638585516
175.28445334609708
174.9694124382047
174.45504440853068
173.7770571896576
173.07145299974715
172.51038880316904
172.18882423212327
172.08498762346113
172.09604278366467
172.1007235278736
172.0480464926476
172.00758184992756
172.04976852971635
172.18084908245945
172.35691528476036
172.52199889803313
172.6404934155043
172.69259472685758
172.69088900128332
172.67280376402422
172.6419052303213
172.61188823703918
172.5990239008283
172.59343625130845
172.63493570618402
172.74373120722885
172.8893517518154
173.10209815771682
173.42040004418732
173.85000640744556
174.3536699499955
174.8337329753033
175.2288605735459
175.55840152816535
175.83920104124405
176.04811489336873
176.21009305470218
176.35909921395054
176.5212992309186
176.67365157896734
176.71118977060775
176.5806644292466
176.2682950751728
175.78574030347056
175.17799635610467
174.46882367124863
173.71660857543384
173.02157577622384
172.45634192756398
172.07627562889107
171.87195825655726
171.78115979464366
171.71716832333698
171.60537289551036
171.43334807484257
171.2034743823031
170.95125811314182
170.70850355076425
170.49137608253292
170.3131341921176
170.1591557428247
169.98985841885968
169.8278682849106
169.72587516958117
169.69439887006052
169.7151565533313
169.77011920202554
169.83748004901045
169.953587289955
170.17866407982234
170.51212110340015
170.88962000647302
171.2483001588737
171.5380588528697
171.71438237641487
171.77648786905468
171.74809211035404
171.689750790392
171.70162215290523
171.77388109548716
171.85768578560445
171.92429885415635
171.92812620572244
171.8552651070806
171.71779819684625
171.5341579865339
171.29807095246068
171.04261251232197
170.86721013773322
170.81985503959186
170.83113857743766
170.84583130277886
170.85737666371398
170.839651388125
170.77359174011696
170.70000166081573
170.72781410599617
170.9462363222159
171.30904619256435
171.729767024093
172.16032571883107
172.57066930724375
172.9566946068868
173.3010934924815
173.58511005018542
173.79643892491518
173.84956612843973
173.7004096843743
173.42544174534515
173.11660549915536
172.92280904282777
172.95345125911035
173.18539776597316
173.5097404125598
173.75446364552695
173.798397641654
173.63060678006605
173.32065610804193
172.95740491879926
172.59337129761525
172.23827813143498
171.93990733220454
171.68589249214466
171.40795053049226
171.12687361160508
170.90763253171056
170.78265438725418
170.69202763379104
170.57473364396725
170.4468044076403
170.3500169229818
170.24292886108375
170.0894060435037
169.91002592157474
169.78120162036032
169.7811736987576
169.85858149046285
169.9245896110491
169.9965247984907
170.06512721055688
170.11972472922932
170.10558649389088
169.96603710212077
169.82792285202498
169.84784833322803
170.0501171884528
170.3478931008367
170.6511663804266
170.90274850786147
171.1207702134555
171.400434884613
171.7994224801721
172.25909861223002
172.74139793253656
173.21727312160584
173.57255970606397
173.7053116000439
173.59306070558932
173.34478640883543
173.14354299273964
173.03367759183286
173.02075027182093
173.08595127119372
173.16439577464564
173.21530755475231
173.2524540129274
173.2969917889242
173.34765603973295
173.34856598057286
173.25110326592818
173.05402606722063
172.79717046090022
172.5172449047076
172.1966833118796
171.82064938389007
171.44358335162232
171.0571588973492
170.6941492566268
170.41198336888732
170.23157130301402
170.14744175773848
170.09490960149594
170.04811065531828
169.98954088034031
169.89593474768122
169.76569111722293
169.58156236650004
169.36108847286272
169.19290863823304
169.2157885268593
169.48126732131402
169.90960637260645
170.36850393879809
170.77225721729064
171.14811939739178
171.54576425127755
171.98144376027082
172.45866185602767
172.8963745696041
173.16378345438434
173.19479532470922
173.04927944680864
172.8547854844276
172.74120022930845
172.76848024356616
172.9111877797262
173.06748995987107
173.15476131771976
173.20247625026605
173.22896715298103
173.1785237572841
173.01750294438574
172.74563347751305
172.4213137250768
172.1061928450426
171.78840241281256
171.46103197363846
171.139956204385
170.8486816142939
170.6100907880407
170.45469685390844
170.42807156959208
170.5320475102588
170.7078005785866
170.80617433692754
170.74944730651765
170.5285337361558
170.1930880588196
169.89397163855153
169.71166126018005
169.64060338256863
169.6544194559553
169.7100991922992
169.75960272044298
169.768518067172
169.7872057574601
169.9037567307031
170.1489031372251
170.5319525763028
171.0202470521099
171.495255862409
171.79428881937213
171.90814275612942
171.98671385607764
172.141924886151
172.3765861829405
172.67738883677802
173.0167131245639
173.29556811075724
173.4449704779764
173.4741076624734
173.35787943056818
173.14874767573409
172.90521598219692
172.64108921345104
172.40788331872773
172.24372896275037
172.12284259818693
172.09437965094267
172.16993422730317
172.34636586577514
172.60530881854305
172.84339272531514
173.0083175180388
173.11881638262548
173.11159023209495
172.9382013184159
172.6094577042604
172.18706067068882
171.79090575632472
171.5031311003822
171.3421848972458
171.3623987820627
171.5463448601043
171.8210092321283
172.0584077584263
172.15757165431245
172.17134476890163
172.10699708533926
171.99333910226372
171.85191408220064
171.69405015542034
171.54414989919206
171.46517377027658
171.50783540941978
171.68321770723088
171.97882842140277
172.31786309247454
172.6512567130565
172.97004495494394
173.28748693548658
173.62947654271238
173.98916939129674
174.40272687328888
174.82311587115643
175.2353136551805
175.63063262886342
175.98038071185346
176.25578077401948
176.37981840854087
176.31476812089724
176.09335566791367
175.81014925522462
175.6078655866578
175.53101487934197
175.55769347044395
175.64934196983646
175.73215833656812
175.75997727916655
175.72498852919188
175.62109941747485
175.44594512318417
175.20826180201735
174.91565822608442
174.58516867512537
174.23285100656483
173.85876132031845
173.49693852123443
173.13080774182757
172.7558981579858
172.42483442140644
172.18790571921727
172.08355630374572
172.12540447082205
172.30085024028816
172.58490236540675
172.89565843697244
173.19737111440045
173.43951919144058
173.56816423097578
173.59111753809225
173.52649744855955
173.39227880562447
173.23452384258943
173.08925604483565
172.92977517711324
172.72775194334588
172.4562354487945
172.05001554592187
171.49120614891473
170.83059142194455
170.21047300293804
169.75084504184483
169.50767175577352
169.4728014981525
169.5500051478291
169.6763479010424
169.78755788607157
169.89431528869818
170.08088254678546
170.3363294619337
170.59285655206548
170.81181888357258
170.9464106112028
171.0627034995333
171.18682725653798
171.36402170740433
171.5895553691442
171.78329080521368
171.90574558694078
171.96426950456262
171.99748225018467
172.06216720268395
172.18616233131712
172.3545798037443
172.541185402779
172.7270897929012
172.85630315954995
172.93666883388636
173.0271714373521
173.19026855497793
173.4464639187911
173.7321178722734
173.95187890103472
174.04665991763778
173.97128895466594
173.76703459988437
173.4829951381966
173.17028010131077
172.87160296264534
172.55801776400423
172.20293305977555
171.7738401810256
171.31364727453604
170.91572495796214
170.68980334306158
170.7432256341116
171.0921476138093
171.59939721364924
172.13200879882444
172.5803852340431
172.9061426278236
173.11648221021886
173.26362057504863
173.39257755804857
173.45519377869184
173.46127190041432
173.4197850520227
173.36741138410517
173.3693272577277
173.46430054730413
173.67217938292703
173.93553131408794
174.1916172022253
174.44116803391017
174.72946847094738
175.11051272001978
175.57571168597462
176.03419239961204
176.38270213845797
176.55038516073483
176.5518501445626
176.45493494055313
176.32953475007534
176.23666881510758
176.23372238361014
176.33620312954562
176.51233028496327
176.70444754589926
176.87717608854305
176.96925511480035
176.90130293810225
176.67029711738616
176.31395523700292
175.8766272761969
175.44805986662334
175.0545881100674
174.68044580882778
174.31681121182564
173.97460440274438
173.65662165949104
173.40838592569008
173.26017072261737
173.1758633871621
173.11151039493353
173.07970605890355
173.03600102012769
172.8933242651579
172.63851319408894
172.29680642440027
171.93231851301823
171.64905326475474
171.4897484856215
171.4287393480788
171.46725812801222
171.58973126286816
171.81431452758372
172.12430993024827
172.47570141582105
172.83454473490758
173.12461082238747
173.35148324005854
173.57430136310774
173.79746959662629
174.04519252642567
174.3565536889006
174.7043373623206
175.03654750153493
175.29026132274862
175.36506050376386
175.245148611358
174.99265403396967
174.69000078359923
174.41736170671263
174.23061249643735
174.12936650113994
174.0584580968889
173.93478631675362
173.7622488496337
173.59929025488412
173.5095452085487
173.52617144907376
173.6523537980493
173.83508989569603
173.9481973738316
173.94037117319488
173.8764962809575
173.80637328615063
173.72171060171092
173.6368629908496
173.5704718030796
173.50038368822186
173.40057655923405
173.2832886383364
173.17925811357898
173.08265996635862
172.992385163854
172.92718448527933
172.8749216856232
172.7967623700911
172.6932034890478
172.60504181390476
172.58196463114533
172.63936677325006
172.75438901734972
172.94162296677612
173.19828005167741
173.4932111564026
173.85521224775968
174.33053497439113
174.9033284369279
175.49536317912566
176.01713274151905
176.45915071914942
176.85781410648
177.2712376225457
177.70343954909842
178.0560064474097
178.27700742565514
178.38370289810013
178.3656121073227
178.24303293538057
178.08947180070095
177.9483522450094
177.80513995725752
177.60289823115428
177.29269156772594
176.86134972723426
176.34864090753325
175.84767614049204
175.38152324286216
174.92905025506062
174.51883314105842
174.2057138926478
173.9811266147816
173.75227429907454
173.42628721435796
172.98048318099157
172.4491352388492
171.90268015671964
171.41493015758627
170.99865196854606
170.64918652189905
170.36869649109852
170.14306830602345
169.95299233674749
169.77066072517965
169.58438772656163
169.42858656049665
169.35026040320605
169.3545745197112
169.40535913607755
169.4687263856549
169.54884199710372
169.65125400531423
169.75121144596395
169.84634594058556
169.9875782644426
170.25058747353052
170.69302246866985
171.2867290790955
171.94581874171496
172.5507677855806
173.0480190414561
173.46073297622308
173.90775123573695
174.43256764018452
174.92898025581184
175.26698970687534
175.3595791621609
175.26608864601292
175.1100249459526
174.94662088372868
174.85677254264414
174.888613830246
174.96823376612096
175.00312244647364
174.9374834518834
174.77161602098656
174.57220924480336
174.3383065535817
174.05981315143543
173.77647481001472
173.49787416245502
173.1907811599982
172.8329341020888
172.47533140060295
172.20278133432447
172.0259072393991
171.89465661085032
171.72887662554604
171.46744656633365
171.158931508384
170.8863391625753
170.6555947983527
170.49256001833845
170.49944599494492
170.6922636792082
170.95225515060858
171.17819271700188
171.36412918469875
171.5828019234409
171.9083683092614
172.36037829598106
172.8937529202825
173.4195690872219
173.87687503192655
174.24694472494787
174.54950429628167
174.83416799423813
175.138352478642
175.48562476341968
175.85425319065854
176.1316305240042
176.20611819744957
176.06373565937517
175.77753322572508
175.4694470992788
175.25965162714988
175.1343904785008
174.95662542949987
174.6766156056387
174.38714957609125
174.1701123886806
174.01546429596362
173.8748681849107
173.72083742303636
173.53660391717142
173.3242776611827
173.119862213591
173.012885026296
173.14027145555065
173.53314378157407
174.1242643760176
174.80469201454326
175.51865225786142
176.29229736026122
177.13529117551474
177.99658591920246
178.7205306611028
179.0970871004734
179.00167417410364
178.73532355806714
178.46996656097215
178.10797399391572
177.77619971962093
177.51283366118793
177.18632898648247
176.62079928635416
175.49420522678525
173.42459627535283
170.41515166331547
167.3203098982129