239.0026143814063
238.3598151608428
237.0576370106911
235.66199879318043
234.43164235499017
233.57691678055815
233.25064360523191
233.3211675214862
233.46348851858318
233.51607064821877
233.60904656680245
233.87454755802042
234.31129900536303
234.86087296938916
235.43645465807248
235.95973922253077
236.40903195912364
236.70853271781593
236.7895328110206
236.65683455129084
236.33730855810865
235.89962096635333
235.47086943946584
235.08727429810293
234.65063631814488
233.98903031960393
232.91957694052815
231.43435334011428
229.6507004766314
227.73338381553128
225.86634771559787
224.03146115950653
222.16936385628966
220.38836073517012
218.8627678566794
217.69769678733365
216.8963484304361
216.40667037669994
216.1531266110884
215.98850468815345
215.81931678499325
215.61642740968907
215.44405280979345
215.37090517110272
215.39644992743376
215.50545438036954
215.74150968916382
216.11889922934176
216.57106058348555
217.086522577327
217.7353681531104
218.584603897971
219.68635945818338
220.98727157279242
222.27086654708177
223.3040157014784
223.97280691657244
224.3679080250378
224.57458328273742
224.5430984477645
224.21512877415665
223.62408878976498
222.87626642607063
222.0693414382456
221.2477028477132
220.39284315930402
219.47512585750655
218.48173685044497
217.44997341962625
216.46952266549022
215.66423554877858
214.98889223781478
214.42708634208356
213.96049353517537
213.62917901003425
213.50108749051213
213.57147833586578
213.7754983610195
214.04340531259675
214.25210607053418
214.29658930082377
214.19957015417498
214.01459154515607
213.7772818075435
213.5290045982076
213.3791182665865
213.3843311514839
213.5177026663579
213.7408583481183
213.97769937940797
214.10698379591628
214.08849594581216
213.97036957063702
213.8489889062916
213.8219764494909
213.96190272862833
214.2325219509023
214.54093667816824
214.8644359822153
215.1996960185589
215.54738276358808
215.91233319818116
216.32001213532874
216.7896712948151
217.28858904469877
217.7259774785523
218.04217446813496
218.2482058739235
218.34718958769915
218.34342926778896
218.27627028272033
218.14457156752587
217.91844464823865
217.62380905402318
217.32474193991035
217.0866444277131
216.95940238137075
216.93000995193614
216.93844491071007
216.9126488761222
216.7595751152532
216.44295850975905
216.02899732264075
215.63042360219535
215.33609580269578
215.18367064316175
215.1183030746634
215.0771875672414
215.02303525072756
215.00299636639352
215.05487359591626
215.1958561500981
215.39599731075683
215.61610322657373
215.82859320159724
216.04196535054547
216.2865490592111
216.57970537966676
216.90501490949538
217.22506199251683
217.54747172657326
217.92139039399538
218.37339231603167
218.8829073440257
219.39599318756268
219.80929271724742
220.03208237617196
220.04025461721875
219.84911075963234
219.4935567998985
219.00759668484244
218.4389763144441
217.80674068824987
217.15903722777455
216.62249237563407
216.30351280120544
216.2097135768319
216.25693350529917
216.3002883636331
216.1951603985206
215.93056130926547
215.59765192341297
215.26423358611768
214.96925239139685
214.7436205258711
214.6132894083798
214.61528112909716
214.75637485661198
215.04192156632
215.462781804209
215.95515428272324
216.4004227077223
216.74915569348556
216.9909119988688
217.13967266782248
217.24078469107863
217.3075051511002
217.3757517195883
217.56318531782898
217.94234987943054
218.43280964729334
218.9189499430586
219.32975439632654
219.62593337824953
219.80972644241308
219.87859941038568
219.843278845763
219.7649796956122
219.678621058258
219.5764253515503
219.4114201385814
219.12113042639007
218.72635879588617
218.28976683523007
217.88582126726152
217.57323290528532
217.36182079342558
217.2219984049539
217.13869410602913
217.1027312383768
217.07114454087923
217.01517872817652
216.94712861945936
216.82981110327745
216.68031625129424
216.5092008997143
216.37892621029567
216.34955461922473
216.382600198378
216.36024654775278
216.20898407369947
215.9035292130828
215.5361938775087
215.27246150428675
215.23884386844483
215.52202495382443
216.10878530174594
216.861793170223
217.60017021542242
218.1992051936547
218.5881245295401
218.7507746444828
218.652623437092
218.32128952276688
217.85157640473878
217.30986829156973
216.77969642021347
216.39805694510952
216.23093285758372
216.24365089900695
216.38951947484685
216.60714136014644
216.81221687019988
216.92022654565056
216.97872970879735
217.07634256057713
217.1805569529634
217.28228513573657
217.40554154241426
217.55106082974146
217.73307596428987
217.97091251315106
218.20887332092937
218.39134109526174
218.45751388910588
218.40885557303795
218.28034897025847
218.13464361714747
218.01300934646287
217.94200242086913
217.9405970801395
217.99425719865914
218.13602262398757
218.3513711193768
218.5990220065008
218.82610166875727
218.9862443824587
219.1057943287576
219.20937514979101
219.28521169614828
219.3165703054375
219.25605051429247
219.1167637208993
218.9029294589308
218.60823981421171
218.23556815054076
217.8354354775911
217.46870935394065
217.2046252392377
217.05082396476172
216.95649084210874
216.91627123738806
216.90932835999484
216.8642387031329
216.72396213384638
216.46896242530013
216.17780011905427
215.92960953332062
215.76488603800425
215.66137388198672
215.58249826473613
215.49773133975665
215.4361095604151
215.4320032397179
215.48586308639707
215.651018840206
216.0149173043595
216.50253508573448
216.94184853076155
217.22448987770932
217.35341841519855
217.4343733522226
217.57077465481086
217.8037559355608
218.06759520796948
218.25882635691664
218.25933273511424
218.08593125842492
217.82637542704748
217.6144965164679
217.53295386412495
217.63563765750507
217.91924502350452
218.26811387481112
218.51529500423737
218.5530658409471
218.36457263454267
217.99558534270417
217.5244377249164
217.00770875366686
216.4948584297441
216.0133972112733
215.6047463241185
215.2574990267054
215.01934969930883
214.96454082976402
215.06889629464536
215.28187565614422
215.4782434415066
215.54134865648092
215.52156657126784
215.57632421926084
215.728502638724
215.91422955406148
216.09998077938042
216.25917098167074
216.35882834356823
216.38121786177007
216.40583631585352
216.46581445225746
216.52266401796578
216.57278073003442
216.58284002204806
216.5860242308124
216.57698882275503
216.5326915449089
216.48042930311482
216.4878694856307
216.5488388656334
216.6271572463821
216.63147197436723
216.4748139073535
216.15778167396513
215.72831642198238
215.30573384320462
215.0137020949656
214.86363488689855
214.91251835212068
215.12664686267502
215.4487780463556
215.73396659655128
215.88401599906462
215.86779383637628
215.76285195680424
215.64839307525284
215.52852834513317
215.3920196813474
215.29141104096652
215.24573503679463
215.21912279317652
215.22011211642783
215.33943314788417
215.63412083026563
216.12474951881745
216.73492904397426
217.42852174516338
218.1422271649276
218.7295193741482
219.08497778078927
219.18491434640285
219.16906507807315
219.1921707971537
219.32169800968802
219.50232570180327
219.60713023008728
219.57825466788609
219.4677090626165
219.32304912872874
219.15529786730204
218.9593914944648
218.78663071052028
218.6391122925325
218.51850696366614
218.3658907493026
218.09999455135016
217.70962109629255
217.23291480615603
216.77896785226918
216.45538062344386
216.26456508886335
216.18862986136222
216.15984248217154
216.12770552079667
216.09730706049635
216.15817618854052
216.41900477930093
216.85204169408217
217.31719217942137
217.7089750583409
217.95058048820582
218.06730076376994
218.0848657523373
218.02640419411756
217.94234574349548
217.9310953020143
218.11036582457416
218.45959177440895
218.79299569633224
218.96415836614466
218.89686420936965
218.55291190104106
217.99549718284746
217.3980871292648
216.98992312465646
216.8632766824929
216.9181608338788
217.0534566123814
217.23277298168054
217.44271901950222
217.6892619729159
217.93073810859835
218.06607987905093
218.06133175228774
217.9552516486445
217.78561072977942
217.67140140122683
217.65289069918012
217.6643551120317
217.63566451892316
217.57209738265652
217.4051235545021
217.12539250317832
216.73775225790786
216.29601905549714
215.92332321761916
215.700330435321
215.66774407904774
215.83202268898864
216.12858202752227
216.45910962143404
216.76224728986264
216.97386633835129
217.09725220603016
217.10907057502064
217.03025188304804
216.9319400864706
216.90320083207172
216.96979386325302
217.0709270586484
217.15852735469423
217.21670037329542
217.29845756915515
217.49580839384078
217.84134595978892
218.26280439355486
218.59706042467081
218.67057543996003
218.46617941618325
218.11581102377198
217.78938751329034
217.64094664618472
217.72241882960037
217.9410895878467
218.09633523619493
218.04735630097832
217.79165911645072
217.44622070702292
217.1378869419941
216.99187377839655
217.01446255052238
217.13472937597575
217.26815641279032
217.34893107301005
217.39964195764446
217.4050227994226
217.32336830462728
217.16002568832798
216.97363463880524
216.8681514585058
216.87317659193
216.9558857008282
217.00280704231832
216.95250680004295
216.8494812880544
216.79086455693263
216.8721916478136
217.05646822555144
217.21574950977592
217.22584282165292
217.01821779302804
216.63476580537827
216.2230993347685
215.8901060607734
215.70698613760314
215.71449063119675
215.8159418424886
215.9268262768011
215.9882206011819
216.01038002395885
216.03944726130163
216.1623448702326
216.4300123775247
216.73787946027574
216.97993099693065
217.12378505005177
217.14326581116813
216.98008349864637
216.6559241722655
216.20666021047091
215.81531865930089
215.5594654996068
215.52025082350622
215.74138266827117
216.12921842756367
216.52012652145115
216.79497130349068
216.92191315403383
216.93509309469795
216.86649264823723
216.82918337242933
216.79804514335504
216.65024338979484
216.38286991522415
216.07723947794625
215.8301408309498
215.7265360781264
215.69772275316805
215.6854788512157
215.70379893822906
215.76860893389915
215.86905605484333
216.04061743047677
216.26170096185564
216.4680928997369
216.6249033984526
216.72502102145359
216.74154847870216
216.71962997607162
216.5976335527928
216.37405619489135
216.101259434432
215.88788198679967
215.8237566708217
216.00609798007625
216.38271164094658
216.80292205513246
217.15427139931236
217.3524916227319
217.35339792695493
217.17350839323055
216.93110249104964
216.76768182814916
216.73873137319606
216.84828649764592
217.06998406988
217.31757290521585
217.51001585213703
217.59927301522202
217.5894823996765
217.5531078330006
217.58407534333168
217.64434410622707
217.71414209600545
217.75278720028157
217.74580580935014
217.74734170335822
217.82280311577142
217.9975628926807
218.17936267530806
218.22924458335956
218.05741746048105
217.71916853632823
217.23976983277691
216.71375461654677
216.2555525706107
215.87307106538785
215.50706817550247
215.17571157742987
214.92467781128283
214.83211946679262
214.82350526282085
214.88921658249058
214.96723328732344
214.9666022645566
214.92534996829417
215.00895160820994
215.15849056168747
215.2731800125621
215.29394543340572
215.21042554886816
215.10072654929223
215.08446889311512
215.24195264883096
215.55887443274875
215.99671369246414
216.4417995251279
216.7857339859293
217.06219394915627
217.36954035522223
217.69713321604303
218.0038804093662
218.24715728038177
218.3677085969294
218.42144121882282
218.4509680831789
218.42582625468467
218.3266065043563
218.1546860317678
217.82156493634886
217.34369884969752
216.88109691086075
216.5897292623657
216.48199351492087
216.4385399364308
216.30674719668332
216.05270965752118
215.71196942319256
215.3911525660542
215.23442287966773
215.33008630914458
215.58127594951867
215.88774607631046
216.17594876987528
216.4176112663134
216.60464513280738
216.75495462912158
216.8048016210388
216.70882461198272
216.46475788559962
216.10265093873488
215.69517842070897
215.27150005096485
214.82455156472554
214.40721062460943
214.11867914709188
214.02866781999703
214.15009583340532
214.52119159173685
215.01174061329158
215.50991316645994
215.97022152788298
216.42471047512294
216.83793587758908
217.1505389547792
217.30595356376568
217.4080830562196
217.46498558468636
217.4493694178103
217.38865642102132
217.2908963027814
217.09293933338523
216.8484810680794
216.6599129951458
216.5502633928369
216.57590866353954
216.73175937958055
216.95033738612744
217.21475354802078
217.41119406691928
217.4826426475951
217.37040399859637
217.1288569538287
216.83164892708896
216.61856440146533
216.5346529901214
216.4862659092015
216.40889330596247
216.34803629719312
216.30342265341835
216.25861936419486
216.23599618847425
216.26648916968486
216.40351455535182
216.65734310986463
216.95476570735602
217.21193409429762
217.3758145425815
217.50230196032174
217.6356105814525
217.76240855841647
217.81890610231218
217.7343157476405
217.46128190380136
217.05406970687028
216.6741634311051
216.4552360242336
216.45989552120466
216.6464936705747
216.86040493083027
217.0445718598949
217.2039523081283
217.31084063817335
217.3817426164716
217.39550314864675
217.32469823160633
217.2764182340966
217.2500874005083
217.23497437982093
217.19114228929297
217.123772435673
217.00824344154051
216.83146970490952
216.5762055000633
216.3139395200111
216.1012703574226
215.98966785501193
216.0408583880579
216.31465109160865
216.71237044193384
217.0886737344066
217.32300319466006
217.41646594451817
217.37561944179606
217.251249387523
217.05737983994428
216.7908381201122
216.46331809598266
216.0752162571131
215.65029518226368
215.31578061852883
215.12361374450896
215.10206903466084
215.23182819737377
215.41849244096022
215.5709383226155
215.70163021153152
215.81271884737737
215.87698890375364
215.90926996074649
215.9569118074368
216.00714372367386
216.0768266490449
216.15953031049486
216.2043729352968
216.16610614511717
216.09478521413578
216.01154827869294
215.93582271011385
215.8545256559684
215.796266189285
215.80097432326778
215.912908254445
216.1576216349097
216.58743604911388
217.04853098239988
217.40940606024583
217.6053178338771
217.63660009495305
217.54631300077685
217.34226015789227
216.9643371801809
216.57180973624315
216.26146983849802
216.12329117576382
216.10213302421897
216.0940633131031
216.07750243973535
216.04932742483876
216.0786806895898
216.1881770579021
216.3410573636948
216.49696914487788
216.60861863269733
216.65277410423948
216.5795666610369
216.37214636463443
216.1977305015387
216.09348743696668
216.1202077606559
216.29731895700223
216.5279422358409
216.72273571590404
216.81228899035943
216.72970180936355
216.47227513392593
216.119551214239
215.79475299929436
215.67048119468143
215.72093960975872
215.9371726922913
216.2250472756822
216.47411013455542
216.59114979806407
216.57224456843716
216.4889876484611
216.42769226318572
216.46195344335135
216.56499157388083
216.5966455843522
216.44303227479205
216.1412141007886
215.82787309404753
215.59984616416483
215.4515514607293
215.38990672573289
215.40968818700924
215.48387519589016
215.59758903542516
215.75450935816835
215.910106705462
215.99720024651182
216.0520826214471
216.06171753438835
216.01427935427552
215.83944994522483
215.59280669798167
215.4372215143679
215.4028031706053
215.55900481531955
215.787858027236
215.97607723255555
216.08930089452386
216.0742991921819
215.98068702088602
215.86240933116432
215.7618850196339
215.69935165492439
215.68441061926774
215.80101116331696
216.0673206107544
216.4371787391045
216.80681375913878
217.09235232869256
217.28511032113283
217.4220586548253
217.5112868937813
217.51049788418132
217.39090121910053
217.16717701247842
216.86013133129003
216.54620730645757
216.33768871449945
216.28161068373998
216.3539912599262
216.54805585872472
216.84851340839512
217.21042234925392
217.6274119299868
218.00187017810057
218.28547127305532
218.48881908156375
218.6496687280383
218.84561067541935
219.05279690806248
219.29080376367943
219.53718643116568
219.6165304944731
219.40136474236948
218.95807201300858
218.42441762748737
217.95613631180026
217.712448886387
217.73041259277412
217.8328904498269
217.8927945121452
217.90891613090628
217.85627963602687
217.72105678318334
217.53676504387997
217.32235906243295
217.00941028652107
216.64362894165794
216.32293974825959
216.09096909491626
215.92024767289678
215.80546149167066
215.71560072264975
215.64414991874725
215.61573717507446
215.61549406009732
215.57084388217598
215.51560631398402
215.5329689384401
215.55998752814526
215.56272404832146
215.59689100185454
215.71506085941473
215.91544219243488
216.1787357880519
216.41605430858738
216.61564870523102
216.82246982957943
216.94051111847386
216.9841048317532
217.0119053844026
217.01940062539603
217.00793561379226
216.97116763384452
216.8560008219827
216.60068410905342
216.30252061553276
216.0890479371138
216.0147798209544
216.13559643504158
216.47654746012233
217.021641659766
217.68254717049211
218.2477325219264
218.49286063517678
218.37675727688782
217.9847384491522
217.48715840034524
217.0836406714197
216.88010346647073
216.83500364332363
216.8802546523092
216.89343044875196
216.7684771008108
216.54029486848054
216.29882660158256
216.12136522827603
216.04271320900946
216.05699297317085
216.12915850665064
216.1342039936627
215.99194962300203
215.74891932406706
215.50038927641114
215.33083213221937
215.29290971117615
215.39919436863477
215.57603709234147
215.73326020528341
215.77227776241304
215.66240449051207
215.41588251002412
215.12026942334532
214.89794647188117
214.87814009830197
215.03114732820862
215.32036379105563
215.7000155201276
216.09876323435975
216.43916284470293
216.66774053325003
216.73759195452757
216.6714742580087
216.58689558439832
216.59713366067976
216.73596472690826
216.98744513273317
217.39006308863682
217.950482846104
218.53078167591894
219.02777184988054
219.32896165902503
219.3261840904294
218.98968513589602
218.37096584933752
217.64422752158558
216.96417110073344
216.4345836099549
216.06744421347122
215.83818475171952
215.6990407880532
215.6245330391242
215.58104126691643
215.51751554789226
215.4297260951452
215.32925040764573
215.25199052815088
215.20715759370344
215.18391230860064
215.1974784685472
215.23570596726884
215.28480920047946
215.36450134507197
215.49237033205236
215.65523629965531
215.87270429824662
216.1400309785929
216.44433771319297
216.73597717388685
216.94808198810114
217.03590656750438
216.97361496844246
216.82438066821297
216.681510176763
216.6085593724863
216.6615319705049
216.82909668675407
217.02632060307468
217.1579007966073
217.2125754881036
217.21284603306142
217.14922129147212
217.05228146532434
216.99239224908993
216.9958514616327
216.99100135599645
216.87762901843485
216.58016516220965
216.11282776503032
215.59146369880926
215.13450170759774
214.8302607996206
214.75232376199034
214.9545032976833
215.41999401132804
216.095734796114
216.85410055138482
217.50528740019723
217.90114893712374
217.92126842737937
217.6384864962365
217.23672178330403
216.80155875345162
216.33085463028934
215.82363445654448
215.43008826138916
215.11056805677313
214.90237364797875
214.84403139029473
214.96317779395292
215.22471834462806
215.53826015355708
215.78572536682913
216.02120346992916
216.22825081923753
216.42029161487685
216.63079256954296
216.78791501905482
216.79315081786933
216.62576858775392
216.29476102536006
215.89704457844618
215.49604226290523
215.225314982031
215.2268526233317
215.5017426605736
215.94918482360794
216.40728984566786
216.7483030278297
216.96742436478402
217.12820710704017
217.2751152154667
217.42784255710978
217.56653154911922
217.6762503565958
217.7326153905356
217.6948092094648
217.56839246649517
217.41128859924004
217.2786015045155
217.21533207927385
217.20796402286402
217.22794494777324
217.22721405221932
217.19703883895232
217.12088899236323
216.9689560252218
216.80033373182147
216.6746977171971
216.65436345972014
216.77578422171263
216.97652179296836
217.12377121198068
217.13283852260795
216.96072573462908
216.6261099269937
216.19153943410615
215.7628141917182
215.40676198591757
215.0769492830489
214.8107356619463
214.6374189235265
214.61157199498754
214.7647421325037
215.06046473184398
215.38684928244584
215.6561013003968
215.82752884888237
215.91513052592006
215.92212132469467
215.80660550894527
215.59217502883433
215.30234175450894
214.99666476272387
214.73727940828238
214.60604957475726
214.6096335955108
214.70410378385225
214.84980455491615
215.01567731330172
215.18011185116728
215.2985436869743
215.33272407022253
215.27241692095745
215.15847555346718
215.07329406558165
215.07889605549087
215.20696965851891
215.3926974779614
215.52157578443135
215.53104792984408
215.457443217817
215.32922730742158
215.1791024057618
215.04529206704404
214.93329190092302
214.86964081239543
214.8370327808084
214.84890000200494
214.95422764236048
215.15410944885457
215.373001565886
215.53158135608675
215.59140061596756
215.52988383715177
215.36901315123512
215.13915540049484
214.846561925713
214.54699542634654
214.30279223751637
214.13896397529783
214.0600859368735
214.07435338870988
214.18908245508896
214.42855699448617
214.77905544571627
215.13835043624175
215.42333144511457
215.58956574236714
215.62323676203928
215.53345397107228
215.33668702346552
215.07663740392832
214.86560578798156
214.76663944665628
214.7620760281141
214.79037957222312
214.80957333672194
214.80499263005015
214.75113171453054
214.6648620661001
214.60344668261632
214.64439361070896
214.81532888555137
215.07081045842438
215.35262085434596
215.50627468473826
215.45736574327637
215.2343858425818
214.94843495212166
214.7322922768644
214.6841430941161
214.81627939578144
215.02653557740211
215.23401797805695
215.3634933290789
215.40969012641403
215.38621354502132
215.3395560346953
215.34678246368472
215.40864141270285
215.48932233085648
215.61610005838082
215.75765035043435
215.95497122438053
216.2043364279646
216.48216366329294
216.76995790252718
217.02303217011962
217.22497489130126
217.39571527465282
217.50194865365705
217.47157221479677
217.2693818209131
216.92013206441328
216.57056418951788
216.33196579949777
216.24934092762507
216.27743578632288
216.35106351969173
216.37546277978032
216.28997626018182
216.1007008591946
215.89223903621806
215.72113418227718
215.5712320265402
215.4567202564917
215.4224961792093
215.47566387395116
215.61274539872764
215.72907478102385
215.76106230909477
215.73503650661667
215.69840974099282
215.6597091716436
215.66696828685676
215.7531541040979
215.9407986127752
216.23475993626857
216.55680483411476
216.79230710684544
216.90252043277735
216.89395124410302
216.78449695945906
216.59273868000113
216.31239080887633
215.93764212655367
215.4797892238542
215.0035944815228
214.58514805623605
214.2980728527033
214.19983216344448
214.25654063931802
214.40909185933526
214.5537929765937
214.61894501886215
214.5258017880961
214.30460650458625
214.12189513898718
214.1452246299309
214.3777017639357
214.69903763717076
214.89899848753416
214.86592556108187
214.659571604099
214.42807092299378
214.31644515052068
214.39187707158894
214.6315952608672
214.94873383120967
215.2359624739861
215.42452483465942
215.53410347960045
215.63714525871848
215.77724227248586
215.96445862614218
216.1730372277347
216.31898737775253
216.32346377333744
216.1990068031093
215.99995833514518
215.7834562248804
215.54519838522842
215.2935849324145
215.05687731222426
214.91876805892582
214.92457667277068
215.07286766823955
215.27757656955586
215.47810715361925
215.6423591151195
215.73217488396045
215.73365553361973
215.70390447988177
215.6735911982735
215.61823094611395
215.53443519575387
215.440392315025
215.33864130466932
215.249038902261
215.204673339455
215.22402686547633
215.2994173854873
215.40992259629053
215.49916710591012
215.51893233123027
215.4764120340224
215.3992011083865
215.3183794417332
215.27524015886564
215.3036051864438
215.37699899803079
215.47174332536565
215.5934415792696
215.7144497151986
215.79787203925926
215.83764242594845
215.84061067600607
215.7900188538332
215.73929858352244
215.75242992977508
215.89644965760294
216.2037012197991
216.55054095745845
216.79807026941458
216.89697224029314
216.8480035228486
216.69664945669143
216.49989952758534
216.2694831150015
216.0165309922208
215.7439532194829
215.48142069921033
215.23770520204175
215.0660006190601
214.9673968601838
214.86054802543518
214.6877968260296
214.4844000635023
214.33174414511035
214.3016264389172
214.4182925749058
214.6060693899214
214.77836763800508
214.87848546990992
214.95259927404052
215.03406234809586
215.039746007367
214.87075895387912
214.50532996817395
214.01819627135353
213.55600816285295
213.26758837526194
213.19411475436945
213.2520873732001
213.34945824712798
213.4704448077553
213.67765195725784
214.02544628854903
214.49959573044652
215.04472009617245
215.57181018166344
216.0032391781008
216.29586812971894
216.43372659272674
216.398971024382
216.23469479686923
216.0476364727444
215.9091962544382
215.81055669296336
215.67733580673806
215.4920645373139
215.31533055244157
215.19938774655694
215.1797845589001
215.25482124107174
215.38638158256333
215.53440218207373
215.66996002229052
215.7537089280992
215.7577630259765
215.65622981858087
215.46201440495446
215.24483417556084
215.0953476574892
215.01544879643296
214.9922695859958
215.03062794504962
215.1507859995592
215.3500125074636
215.61257058296331
215.86916824001156
216.02789811707652
216.03662340723767
215.89513307084684
215.65636085910586
215.39414573716857
215.1587984863021
214.94722785320005
214.72989895032129
214.55078475111858
214.47520240578402
214.5786021147239
214.8675392063504
215.27187313516578
215.6642651197186
215.9689586323808
216.17566061890082
216.24576105624635
216.2027281229229
216.0492488944122
215.77728408065443
215.4643370003634
215.22586505353104
215.14916373045392
215.27928407738145
215.5296193870774
215.78943598879832
215.9479951418639
215.99083290458935
215.96962729219302
215.978203527527
216.06586451396086
216.22044026188163
216.39227122863824
216.5244888939995
216.5849405468204
216.55642892009524
216.4328213290905
216.24832280679684
216.07061736234436
215.98080171435006
216.01698610375908
216.16537700655135
216.38159424633412
216.6317708666976
216.88490365878633
217.0927772197033
217.2181972441999
217.27379325090317
217.3117399939989
217.3543160276996
217.34491175315475
217.2278401173921
216.9680280451839
216.60638656355695
216.22793217485065
216.00794916809616
215.97366477634307
216.06863793701928
216.2009236894934
216.31442902752326
216.42265355925264
216.5418947633904
216.64949302318595
216.73286555882305
216.8166910251635
216.89478578944565
216.9670178965764
216.99851444498006
216.95115769902924
216.82961172111624
216.65954596685216
216.499894197662
216.42810459502033
216.47161410128376
216.57502200824243
216.67750220569292
216.74501027577895
216.75926859928708
216.7328571589566
216.68594036305788
216.66170392964625
216.69892755050824
216.76033654463907
216.7740947835188
216.73152311987914
216.6657931905379
216.5928111969235
216.5613743750562
216.59604958314762
216.66056614101018
216.76201897525172
216.85873508342416
216.8956701713819
216.83297269121908
216.66258162448827
216.42582588166314
216.2092148790599
216.0886710953803
216.0990851154543
216.23669715868334
216.4491394601677
216.71158286136705
216.98005052646576
217.16133764580772
217.15982626713236
216.92276324494455
216.46646798985745
215.9057811289707
215.36712526045284
214.91681298717262
214.58880254315457
214.3985075622376
214.31533234507998
214.30021181278144
214.36678577489627
214.57084185088138
214.90511347650016
215.32069948575486
215.73413936794628
216.05202294188268
216.17929850991635
216.1113397283481
215.9482641964088
215.81640581015677
215.79919831673857
215.85953297223136
215.90672446470612
215.83030960568098
215.61080345017905
215.3302443518809
215.11603877627593
215.01477114247604
215.01772130088804
215.08173678272107
215.11484770684575
215.11538040899336
215.08761421055885
215.1048331205008
215.20405483894987
215.40206602938434
215.6057371788558
215.7240143482203
215.7113351379818
215.59411995406805
215.48112149491098
215.48061679273644
215.63504961011017
215.89572024530497
216.1625908359973
216.36587523623817
216.47821090957402
216.52593197517555
216.54768362757142
216.5437900402334
216.49307572753213
216.35837896886147
216.1372330170101
215.8154464631335
215.4315679647662
215.08850290939034
214.88362789946234
214.87290998501734
215.0356189013319
215.2791014658598
215.4159735479921
215.34402910021518
215.06732245231933
214.63603197605457
214.15364839340265
213.7323051606292
213.47245911233284
213.3986600631128
213.47197476533535
213.63349629179248
213.8605003319433
214.17650164501396
214.5904234441158
215.06468219601268
215.5086603731351
215.82885815995309
215.97244228686586
215.95842712504972
215.83760693150288
215.6993365722218
215.6045255657571
215.56498946301815
215.55522315083908
215.55268670903308
215.55961689020057
215.60138420687773
215.76158921637344
216.11087961038325
216.62614983737012
217.1959820697822
217.66396616969752
217.9331996834115
218.04579060868733
218.1285624282398
218.22495785240824
218.25511825724044
218.1187938524999
217.89414639938138
217.88067049792977
218.37129912324298
219.3110345456401
220.2333556424685
220.46392200678568
219.57164311176672
217.31119722031067
213.68780508806282
209.59714729364075
206.09405870563913
203.05567174250456
199.96192366880962
195.89766274067847
190.97361174905132
186.35467996357437
183.74163026694615
183.7921191936326
185.41933935628424
186.56430928504574
185.98352417068855
184.05372346159692
182.2327615756971
181.8765378330152
182.24791490809457
182.91458192548328
184.02864327030142
181.57702654098537
0.0
0.0
0.0
0.0
0.0
0.0
0.0
0.0
0.0
0.0
0.0
0.0
0.0
0.0
0.0
0.0
0.0
0.0
0.0
0.0
0.0
0.0
0.0
0.0
0.0
0.0