0.0
0.0
329.47371559442394
310.72337724675685
293.0231601869243
279.6284563058589
271.1347956095087
266.82529101426553
264.96371916856515
263.902390611113
262.5541084480907
260.9248647544952
259.4548278716007
258.4571595524251
258.0128397864132
258.1147093595898
258.5615424790242
259.11442923964506
259.54341014464836
259.84210104319925
260.1015764737568
260.2856790672252
260.4936929097538
260.7860357658691
261.1098329482873
261.3039659947931
261.2072269781015
260.9675449875359
260.5887312159118
260.134313511637
259.8197087330801
259.6543908176568
259.37187320813655
259.14864501727203
259.32062579435086
259.568812622302
259.577880217181
259.50459632777597
259.3819382465224
259.24585815945875
258.89424992686196
258.13130484133103
257.0928411690626
256.20502568047795
255.6739246625526
255.57769736291505
255.64277294926325
255.70383228209138
255.8443701061373
255.99621775397384
256.2122763765036
256.4141185619861
256.61541995940956
256.75482674140505
256.73270775251785
256.76092082140144
257.0749083263682
257.6452462068515
258.2474881733736
258.71924854444853
258.9922788398735
258.9813141696932
258.72765913124306
258.39979553664506
258.1281806372218
258.0231256677074
258.1328417764674
258.34513135166736
258.50529025833123
258.5856324926622
258.6448209028137
258.63974663991837
258.5930797905521
258.46437670623664
258.2220122206947
257.91836934829064
257.65985580694985
257.3633561940253
257.03947166391083
256.7457329626911
256.4497488489723
256.159032209106
255.94495916322202
255.77870899397726
255.67525413231024
255.67067993409734
255.61016067185318
255.64320193719374
255.93932550240817
256.22130448879545
256.27185528218956
256.16096711429657
256.13214577867166
256.19622075063336
256.318710056639
256.43506919660126
256.3694414548877
256.2299349013883
256.2320341306063
256.4617483400009
256.8427781776003
257.3206209338199
257.80725699362574
258.07697778536055
258.16396795894696
258.2379403913559
258.29062129123514
258.2164222865102
258.19634323095545
258.25572508731346
258.19829301665663
258.04751807480636
257.85984798370805
257.71716378401743
257.67903287779325
257.6511935772343
257.5939161058102
257.5183574975627
257.44186354117346
257.4757959945952
257.58897644798867
257.74106475548126
257.81295937024095
257.71157305131754
257.44429328105684
257.06576435767687
256.7256138758627
256.61202545759556
256.7678515442443
257.14198570988395
257.46313223894435
257.60186195007566
257.59892725174734
257.5395737935661
257.58480405699174
257.72027289931145
257.9988086651217
258.4444168617114
258.921187864358
259.2421738778309
259.16527746244276
258.54294931044865
257.74700709044777
257.0942159829925
256.728846339206
256.7746794390025
257.1989670311601
257.6370414795541
257.7709145467214
257.59278200421585
257.2354180543307
256.79122655090146
256.3305698919545
255.77255607191745
255.25184668775194
254.88793712967717
254.61456611317763
254.79218757638677
255.59178225641386
256.3832972465076
256.8950256134039
257.1983020732166
257.376270552224
257.58205890585447
257.9247073349441
258.33179771085366
258.6081449387531
258.68605295982456
258.61488249584704
258.50550771082317
258.52486394136446
258.79427888493865
259.2861549089421
259.7963122547169
260.2915590633948
260.80443204042433
261.2428879294698
261.50185995085246
261.5319271656576
261.2749454438966
260.791841141982
260.23892062269476
259.7370546654284
259.3811154834685
259.184617462553
258.9906437643867
258.7574247393447
258.54817416594244
258.3830879567572
258.2684166879604
258.2592709435894
258.35352625058835
258.4746136537899
258.52504568625517
258.4658522771148
258.3270400150496
258.11357191960747
257.8318586922269
257.6043127508799
257.46190082678777
257.2898379979776
257.2018672493352
257.2764708447695
257.45527398932654
257.66558720463433
257.9733783109354
258.3989300227592
258.78090547256977
259.1043139830415
259.3803955754488
259.5674836389554
259.6645848566777
259.66732251086626
259.502888849965
259.20854931010706
258.9085300659521
258.65749244487927
258.61643218813543
258.85739876461423
259.1900685149564
259.40164570816074
259.4580232899307
259.3248040866711
259.0608985502172
258.78906117007296
258.51353213745176
258.14253288893167
257.57047089766354
256.99767567588685
256.76628071968753
256.87133987136957
257.04860298482794
257.25922663164533
257.4184932650852
257.4059520393698
257.2698271182034
257.02362019879433
256.7134334910907
256.4825269565928
256.4039385308985
256.4490646111408
256.53970817890774
256.6379538481667
256.76795005543636
256.87532280816043
257.0322261115898
257.28428673198397
257.6230942012149
257.9000727873479
257.99714207121764
258.0201175275833
258.0907685424369
258.1561040545185
258.17860977934305
258.2112282525554
258.2267412226737
258.1745850024225
258.0282418723188
257.788629187178
257.499770432095
257.3008028816431
257.3859660404849
257.77846091244805
258.298963109297
258.7054393614943
258.80314373961556
258.67754892844306
258.5281893820893
258.4499704383569
258.3291048242553
257.999172312092
257.5433847464521
257.17416929738823
256.95544595761106
256.84161962461485
256.80965906897234
256.8153626131392
256.8296636282306
256.6813398946882
256.4375349784632
256.3301461042282
256.5076786492101
256.81587932120897
257.0021988903519
257.0551227468809
257.1642591510282
257.13702780984863
256.8827902370809
256.6480561919883
256.67312596558054
256.9133940878786
257.20624347468083
257.336200863853
257.19275078086326
256.9525658445873
256.7786164100041
256.8039174838784
257.0044088981351
257.25655322843056
257.5124407837453
257.71782954174915
257.96524728381985
258.1064682183605
258.00085751774463
257.7560797124949
257.45148580899547
257.3121573276268
257.4095937794193
257.5479598958495
257.6371615554982
257.6608395370734
257.5582957142623
257.32296184073886
257.0549105754249
256.8756106479316
256.8817426694977
257.08478655277827
257.35957307407716
257.59417658713807
257.6768028857018
257.67805415115083
257.67087517420543
257.56186125824047
257.30294659635723
256.99437503313254
256.703015027866
256.42521989718466
256.1390832144148
255.79215635004314
255.43458592152334
255.16721853155516
255.0361523354759
255.02600478203152
255.10688118794164
255.2563319605413
255.36767007915
255.4521621119302
255.62832171524997
255.7386069398109
255.7688013738382
256.0077151742532
256.46539244889254
256.93740241042644
257.32131655413866
257.54887461929906
257.65707241380306
257.77501102042856
257.9596802311176
258.09818751747457
258.07798844571016
258.03473692335996
258.09493532054853
258.2263107221975
258.2612091351995
258.0188583771103
257.5522685273842
257.0724351976607
256.94574051327436
257.13463049883336
257.2918623421164
257.22644245928
256.9956805314358
256.75752123505015
256.5365218672481
256.33072119032715
256.17779523455783
256.03004808575014
255.9370849861194
256.0088691957652
256.1238231944838
256.13401741105235
256.0885379832192
256.0726301100472
256.125067912187
256.24173254654966
256.37403059256354
256.56128172484244
256.7882273947306
256.9623230293921
257.0862267735295
257.0898459843538
256.9731494858312
256.78625097743054
256.6516449073363
256.613317252892
256.65355710255005
256.70089159105095
256.7930878472272
256.8190678005057
256.7346150745086
256.56866953974645
256.34675858848783
256.08699873353135
255.81410510256097
255.66095360817675
255.84539794550074
256.4309942986095
257.14866118626736
257.46909683514707
257.3102718441215
257.0013714570366
256.77341504898993
256.6774212198911
256.94668853609517
257.3140461841345
257.52035850882265
257.45175381092565
257.17666391591456
256.90546568648745
256.6658936715339
256.44811728215564
256.32426075015036
256.385677686464
256.51833062681806
256.49309849702684
256.45451292785833
256.49190813007215
256.52232484871394
256.44082669958016
256.2541381564136
256.09919939718856
256.1092723650403
256.2808802251892
256.426908513414
256.3782121715584
256.34871858163285
256.35207175508623
256.4039767927304
256.41018339789696
256.35092376942464
256.3715431611622
256.44678614395366
256.52435511369083
256.63762350977214
256.7964913699235
256.9701235721163
257.17319307152115
257.35647291316343
257.5301944040881
257.7293561210284
257.8043218010248
257.747896187433
257.6914010191881
257.75656411732064
257.8042921952089
257.6979420177093
257.5871984260696
257.63994132959454
257.648848012663
257.6214657106584
257.6333485147871
257.57821690768134
257.4595791214671
257.33170726262495
257.3305368569892
257.5159559380589
257.79349727902934
258.14061123622093
258.2615446285905
257.96240872574685
257.49757699520285
257.17758582110855
257.0787352742188
257.0341372846829
256.86017242030243
256.5257164396353
256.172573891881
256.0780289735076
256.3196668599353
256.65942524825846
256.8333044714111
256.7807926659343
256.7113982961831
256.80749586011126
256.8942400121574
256.76865395160473
256.4643239853598
256.36434280372436
256.57681684349996
256.73953380220644
256.5600268908861
256.20368958478315
256.0534966588068
256.20475057117693
256.38542923144996
256.42744978608437
256.3727924333293
256.31221070020473
256.39090143847443
256.50673899153725
256.40500061274923
256.3084733232374
256.5685835294018
256.8557525368167
256.7417367273332
256.2966001510714
255.69338296704117
255.13684468478314
254.92071713063018
255.0557356560321
255.40298670628817
255.84894509857935
256.3942606124406
256.9823149421364
257.4709433367062
257.7215216415867
257.78979327855603
257.8218082282275
257.96557825434417
258.0173609083572
257.87265778030815
257.519475873363
257.0826505666739
256.5563129838085
256.03524824063777
255.71664448634218
255.56463950529115
255.58550526657822
255.80807848326978
256.0668716190851
256.20283833024456
256.1855977464307
256.08128282424224
256.0165557209375
256.0540827386386
256.32698768405913
256.6908011394999
256.96604373243156
257.1541504080575
257.22673907408785
257.30143326887736
257.3425573814366
257.2590941266045
257.20353145649955
257.1776309928065
257.1105756059465
256.9906537941798
256.897884043432
256.83040118936356
256.88398439746766
257.01985805255003
257.1715355006073
257.29406456013635
257.3441082520916
257.32668641642795
257.2573597985617
257.2111831121354
257.2814216516372
257.39236260378715
257.50928147112865
257.578924598385
257.5374786049945
257.2938432983501
256.88378874951974
256.4642020499313
256.2457747992293
256.2062367229671
256.191534338372
256.10253722486567
256.0576505850443
256.28202048242053
256.61007420476835
256.7005230878166
256.51726716480937
256.18853176941707
255.90187385131313
255.74558593992103
255.8033571935368
255.97908436440764
256.1360100261646
256.301269910394
256.43401312372407
256.504584813195
256.5012932634809
256.4846034782141
256.43913521319934
256.3793802532808
256.3129682686389
256.27497880921857
256.2974209282583
256.298185432719
256.28649627976586
256.33932064743084
256.3673287803567
256.3366629563442
256.4010047191533
256.6178731089061
256.8227757958259
256.9320145714117
256.8331494953346
256.39060926282747
255.86998041547915
255.51660140902044
255.5521228799416
255.9265537275098
256.2297033735073
256.2634383893759
256.1460161988417
255.90722302312463
255.70475778526998
255.63766225045435
255.78194391926786
256.0251382354229
256.02113620646014
255.7943943821658
255.53355775204557
255.50720677449343
255.58754897240266
255.58547659148505
255.51969926129257
255.4526034364514
255.42929803350438
255.4496932542236
255.4763950594385
255.5554609666443
255.69503200813372
255.901402857806
256.03287001911826
256.10393036091017
256.27450117351884
256.442751209525
256.4451065579985
256.24171765435665
256.0458895871279
255.91899711872213
255.8337523595329
255.63941696622356
255.41820718543826
255.15547333263356
254.9477709420692
254.92459687071994
255.12102517677343
255.44163341537458
255.74570318937148
255.91772380080806
255.9978683885315
256.0192247853518
255.77996315876732
255.46877273179905
255.19992193615928
255.03725475661872
255.16180787008528
255.39739564322184
255.5959980759844
255.74105328264105
255.82513457929508
255.71595480743758
255.60386545113323
255.49705983791273
255.4004545325904
255.37982064153712
255.48914588782003
255.6478240709001
255.68620287054944
255.60276947857955
255.37272787296865
255.24345984267092
255.2867810011264
255.40292135434848
255.60827675847614
255.84167181335434
255.98055124471506
256.09271685042376
256.17124884182863
256.3232879587158
256.62782221282777
257.012256984059
257.2226601529422
257.23095925922763
257.12014275234037
257.0239059883784
257.0028851094356
257.0657243787818
257.14884508138255
257.2175106600609
257.28882627409297
257.34806362286076
257.4819337054307
257.6813317856087
257.8310342659317
257.9681771510719
258.07321046287234
258.0731710878006
257.92634007186484
257.668400161146
257.4328620269788
257.21525651535376
256.99577623503495
256.6862690376419
256.3565980396382
256.2504152590241
256.269438443811
256.19041917330406
256.2218205217022
256.5733129295504
257.1110446029657
257.51239705092456
257.4263215765923
256.9145507485367
256.35199893315036
255.95931667598825
255.79545212418188
255.69896211458848
255.59015500596647
255.52446675345746
255.53436458922891
255.64653650310032
255.96977035862548
256.3415131193269
256.6929674674927
256.9327541007556
257.03477429524895
257.0495094918175
257.0122913200039
256.8304708712413
256.46118103913545
256.06243652461546
255.77682222826516
255.6591496982138
255.67580293796004
255.7993269473688
255.87312354269247
255.8414873688961
255.83334829481262
255.9471072009285
256.1937446568956
256.3640219753294
256.40984010875275
256.3388299398265
256.08422170284325
255.80237712538437
255.61575309021305
255.4374419485959
255.36208023207618
255.2711247994917
255.20132532614934
255.246372197497
255.48312022847853
255.87529507225634
256.2051746316681
256.26637718211276
256.0158038490888
255.65531706210083
255.3878113646714
255.3079539792541
255.4542607656448
255.878262837856
256.3791307397041
256.7031404737818
256.77435068323575
256.744718081314
256.85021392046195
257.1007252007925
257.30196063697576
257.53696003055404
257.7709110338792
257.8345748367798
257.7662719455067
257.77945084577163
257.78187985428656
257.6245490739591
257.20597363449053
256.5408364591649
255.9328814953223
255.69776829267437
255.81820293408518
255.94490461511674
256.0110056150364
256.10406223408677
256.1612433575695
256.0071898819285
255.65976370022747
255.17391221642902
254.69755888945926
254.48659585755473
254.5741919716276
254.72128129232536
254.89816582744183
255.0769556454883
255.2507717961033
255.33460619206252
255.36255671465324
255.43961338361555
255.59325245681458
255.706441493841
255.79995685918746
255.92600996208614
256.13096023609637
256.4364391236562
256.6838965327561
256.8509577543055
256.82746059367753
256.53932397321
256.20731491681335
256.0537294120104
256.1297239961767
256.2632515157686
256.24838555078077
256.1651125221476
256.2878865215862
256.7214604238363
257.1729302776424
257.2737009228521
257.0975016812055
257.0279745889691
257.0422757101113
257.03439604879287
256.7982285162426
256.33381661821403
255.81603157103916
255.61421305162062
255.76476864401803
255.8647171184326
255.85518720682643
256.12349528254146
256.6674032368596
256.96015904829034
256.83107570465523
256.4475240048093
256.0478802749959
255.69685100032228
255.45628930613208
255.31334042179859
255.26349669489912
255.5359023438324
256.0283662678054
256.37538562909964
256.49296922423247
256.56000949604817
256.65146019679736
256.6194081496726
256.37356282735243
256.1161844896118
256.0358596516041
256.2175603007181
256.56002538868603
256.9650304575566
257.14992004520167
257.17775088691917
257.2082478729455
257.11277570788593
257.02641792604265
256.8939863475396
256.7608641335723
256.82342866848137
257.09036697281044
257.2492807108417
257.2104842882404
257.13106306875954
257.1178705442213
257.16661622386704
257.31325024662203
257.42778909946657
257.6237020763872
257.98309992076696
258.22996394378754
258.24390527824994
258.05147813993426
257.7078517341161
257.4133834689726
257.46546424532147
257.6555853729779
257.89188356869465
258.15929520913284
258.3493315946251
258.4204686863109
258.42264792168453
258.5432448460714
258.6757816817404
258.5281835098073
258.2155653367491
257.87077382676955
257.7778727820844
257.99731683286603
258.335757612204
258.3371397906893
257.9925027568673
257.61004003334074
257.3589335146473
257.0638639585013
256.87715057774585
256.71592750852574
256.4912090360079
256.1688573683765
256.0420929886333
256.1754615731179
256.45296247543286
256.7191820981726
257.0655817669118
257.30606771939983
257.4127406016635
257.4446039121926
257.40830555761625
257.3198765126236
257.017656240021
256.51033768406745
256.18006413357705
256.2380628820985
256.455968296041
256.53586237555885
256.3724921467915
256.1060517051704
256.04791957317553
256.21478621427934
256.60192896095293
257.0250204025797
257.47870098352564
258.1487762014674
258.8210927461391
259.2115648087773
259.23057990466896
259.10808656558356
259.0383781646799
258.95863503467535
258.5835559476814
258.02687967995126
257.5932137923676
257.3251042966472
257.12647041836476
256.8581697443499
256.6519485495814
256.4745957379394
256.3543636237214
256.3467777325401
256.45127283575624
256.6660017639758
256.88287383948517
256.9971913965266
257.0301566924626
256.87812355223815
256.622154106534
256.3742366596067
256.27441583732787
256.2901077723515
256.3436533983191
256.44156190113154
256.71340025848986
257.0907740826312
257.2349270301203
257.14780209313324
257.01515485287496
256.90641035054887
256.9841795462662
257.17182757386337
257.2602520115697
257.1761117559135
257.0093502652064
256.9361535744
256.94743652402013
256.965122146598
256.89512113375594
256.59171348924315
256.2025549182203
256.0475190614708
256.0250198145274
256.1348343178946
256.1459033671633
256.0045676203736
255.82499905655882
255.71867503729763
255.60343963285902
255.50925651559857
255.39488621458992
255.2548190016676
255.10376687872898
254.97573999845798
254.89844590411644
254.8155872354174
254.70395872561224
254.66189324507073
254.53793651427966
254.36338304670616
254.3458592536672
254.52159473269091
254.878703178255
255.29568844839835
255.67870743414178
255.9662332128399
256.2095895652791
256.4534332824728
256.57370555344244
256.4858606776338
256.2548849532207
256.1713595277022
256.2959627996954
256.50396050197696
256.6845253511682
256.77731909104534
256.929790284454
257.00560132858647
256.90198619395017
256.69684118104453
256.4014363020002
255.92297047522717
255.4401156372747
255.0998565771677
254.90280679376363
254.82327669106513
254.73804861562155
254.70249433256484
254.8083316342559
255.00596799792643
255.2678212890154
255.4022082410596
255.23310221118274
254.95055191382545
254.9161242947102
255.10702158366223
255.2848303934436
255.15009235818312
254.78246197928962
254.3879121435949
254.01496780631064
253.89010298238924
254.09536530926115
254.436147625269
254.60052033510834
254.6764849838559
254.71787826610904
254.68148982257134
254.74709586245766
254.92961127728455
255.05132039171065
255.2135760968961
255.26943461659087
255.12173201589832
254.73170340030237
254.28955650196136
254.02364679269124
254.10606437261512
254.51183826457032
254.94149457786853
255.26359742253226
255.5936397451561
255.8567804557412
256.0117404843852
255.98771909715202
255.89989182608622
256.0462187128021
256.2841091266472
256.24496105905683
255.92399309012302
255.6298585454752
255.35995050924103
255.1851514434941
255.30396845814116
255.48411759979362
255.61296451523387
255.602479710943
255.51913310494666
255.3941237335457
255.13708389274325
254.92502330630538
254.80675163679575
254.9484118575297
255.3701540622669
255.85899931307083
255.96330723337132
255.92955609115896
255.9354808023488
255.84491478987235
255.92165409679689
256.1554753892841
256.4100227108197
256.61181662978765
256.73197453922046
256.8032355354304
256.667081293756
256.2005252318214
255.63913762560202
255.31958406649954
255.1267725683718
255.04764947565693
255.10472910242362
255.1874954121792
255.33403820701906
255.55375899008348
255.81344521187089
255.84284862098218
255.69372986994367
255.59416059541624
255.56982069458076
255.547433892855
255.5802831698839
255.68795815832232
255.82534845822718
255.868650209514
255.85873960041087
255.96018413420967
256.01793691224344
256.0840449945852
256.0143745634546
255.97388831174612
255.9593219811672
255.90137557716923
255.75253168213123
255.74470230036428
255.8864760169124
255.92234482364387
255.85995320647763
255.77644497022487
255.6818388734401
255.58794759990133
255.32909657669663
255.04373809377353
254.97962274303728
255.14684953964468
255.49450743150652
255.90612354614262
256.0247577028925
255.86563019869808
255.74411273267506
255.63496969785052
255.47998005794602
255.40163805614475
255.21058194056064
254.9136842756196
254.80572723497244
254.90952182128166
255.02279201432088
254.95180311949787
254.85797693498574
254.94024608962138
255.18586249570137
255.48294888764235
255.6139017135983
255.5563399983332
255.5520422436241
255.6024725920411
255.61968931751738
255.70945077628542
255.79764600074765
255.81733901296894
255.60360554262772
255.24432288037843
255.07447900104867
255.07332977715083
255.2295827577349
255.5056685901063
255.66340868832503
255.4105159176158
255.0319205867799
254.84959985768026
254.9314642555687
255.09141271745537
255.19694022074043
255.241805212847
255.30076426574095
255.42534746770363
255.365058624854
255.18730566198172
255.15276076143667
255.442712458357
255.97827349277514
256.25321572530373
256.30165173723617
256.4543186246472
256.73888047957894
257.01882930739583
257.0209368832268
256.7406665134088
256.30591379638025
255.81790474170464
255.4163408718608
255.1484274276391
254.9932473125178
254.97294973447796
254.9089518919956
254.80629045752374
254.649227883158
254.49130902943895
254.52964785752602
254.79745446550294
255.0493912824916
255.12133565717585
255.06587043070704
255.05314948721642
255.21837396321794
255.4598077354195
255.89572978600302
256.28969403389425
256.3015876261481
256.04293659390225
255.77457118053925
255.49339140517776
255.2670864742953
255.0662800602216
254.84560751897803
254.64542434924903
254.44163134038084
254.24998667830545
254.2501884211709
254.44171487028473
254.60228640450336
254.70061862999214
254.77843562627507
254.79096066654614
254.8278127539319
254.96945436883732
255.0820141336128
255.06979708373788
255.00123940458292
254.91517989891443
254.88160819437596
254.9405120099996
255.0744426336527
255.43783736491991
255.95340774649634
256.2565465504433
256.1681571953196
255.9405055949178
255.7481310133183
255.62515806412185
255.4753215578055
255.31034534409963
255.18391369293903
255.21254239491887
255.31434658988417
255.23793023349583
255.22599908416018
255.12581252340675
254.9231276378587
254.76517981024023
254.6921376387781
254.74070942266167
254.85103092719515
254.95220378186133
255.03593036382924
255.01048011329488
254.88609951026893
254.74812135681276
254.71295330224936
254.80182495691903
254.81953424035083
254.781908235596
254.6533386105101
254.43357908956546
254.28464657707696
254.34522382979293
254.43578010114499
254.4025218755084
254.46401842225333
254.73453959874465
255.014054457099
255.17931934230438
255.2519470189751
255.31045106577162
255.1762628140103
255.06782036964725
255.15016230972725
255.14792031074728
255.11261267592656
255.10532736961665
255.1409506854028
255.0806752882695
254.93771042129907
254.96769792140415
255.1428744203548
255.1101045925989
254.9443561533698
254.85472501499493
254.87659783839803
255.0135522239529
255.24745624507653
255.47045071451453
255.62259094288783
255.65557587469164
255.5780397190657
255.46898070212143
255.29359125830345
255.04982750877446
254.81563904657847
254.60579828885923
254.5198593493086
254.56541648874173
254.6197497880782
254.57179387331186
254.32040624258232
254.12976225988686
254.1654502135242
254.4141335242447
254.77033012113247
255.05834078063293
255.06333252481926
254.78158698702876
254.45477016266955
254.4011329286938
254.40584207959986
254.32834684347068
254.14517291257008
253.93522081620605
253.74561837247342
253.53823290288813
253.27906800013082
253.2026045200183
253.33240976733563
253.49432226954698
253.7696382801087
254.08903307929472
254.29099144454412
254.222460923269
254.2167312147626
254.48739604996078
254.9694738822335
255.33513108054223
255.37231106056254
255.32947976276253
255.39535281629185
255.65833211806876
255.9715716307714
256.15384066708344
256.1211723849526
255.99785420507385
255.87900589560377
255.85797394504638
256.12362653064815
256.61481602462294
256.85024296989303
256.92090757519367
257.1954707114474
257.4851557574235
257.28908263858136
256.7450409775606
256.1135440114778
255.6657189066812
255.50694164217532
255.626524261454
255.8101097041581
255.8280059729959
255.64285404659617
255.40791717732225
255.30734743005894
255.34808100560159
255.35581122617774
255.36509243144747
255.4596469935892
255.55597155406934
255.6061888431023
255.55043567137488
255.34876676886464
255.06153897907214
254.8641598596335
254.98600401311268
255.392740784308
255.80661102406637
256.1284817031676
256.4297951453953
256.6418222999358
256.7706830939643
256.78635129665577
256.59079752259174
256.2026893618597
255.75281152961702
255.7326296482738
256.086393487994
256.4177961822086
256.59746601802897
256.68105286081624
256.7088986808677
256.73433011913477
256.73482818233293
256.64933748447584
256.48758957941453
256.25619452359945
255.9968612121993
255.8793356020155
255.93186602081462
256.0237325724643
256.1511452532222
256.18493341071064
256.26061816686007
256.4081129761203
256.32168480270457
256.17955931672014
256.2342417530699
256.4293764799915
256.5287704979392
256.43525252590484
256.2400655518398
256.15903087043057
256.226463191211
256.30739010066736
256.2201379372518
255.95182872516085
255.69764268998853
255.49562836484685
255.51448042291835
255.72877706636808
255.99117999403376
256.24650734543167
256.4726503150855
256.489551417552
256.4054120532431
256.4905193384037
256.614646259851
256.53117088806357
256.19077718793073
255.63556089965823
255.1947249439379
255.00205303119938
254.78292939125097
254.59136247163596
254.53489803181992
254.58958680813788
254.6427165773862
254.75593693821503
254.93439094421362
255.07692351152758
255.05128375022082
254.89479448115617
254.70111723232287
254.5781658982644
254.5424976466714
254.58339234827847
254.56089280453054
254.64567938050905
254.90990744418087
255.09885119202144
255.27279899519536
255.62780447662078
256.01432169104237
256.3080467155636
256.4106268063679
256.1774322789099
255.8632451008704
255.63208718397365
255.42797227371608
255.21869066033668
254.9895109745361
254.67759097172427
254.2817180409948
253.909177098623
253.79802615383312
254.00980063614847
254.22510916706253
254.39668108041127
254.61477380271407
254.91009306515886
255.0931421565416
255.2390295838983
255.43673314001927
255.4527201308791
255.24977089256538
255.0376502427175
255.04094105737877
255.06250216869464
255.05537169672633
255.05293372608338
254.9499583596778
254.77585092840405
254.55676874076988
254.40976319547087
254.4297928623528
254.57104465188655
254.8509787363597
255.2695468504375
255.56412678913335
255.79544571898725
255.89378111912927
255.89463073201318
255.86467470124447
255.95416121660665
256.13405505064895
256.24672303972307
256.27707446987677
256.17136745975245
255.99096210731568
255.8332930294522
255.7254187340369
255.69392723813948
255.80806406827662
255.99051792701317
255.9843270611859
255.7559082754077
255.67327302095146
255.7879198510011
255.97167058423997
256.0102670487763
255.89994105622915
255.78279236085737
255.66541987031374
255.5808465062454
255.47597325400517
255.24673619124917
255.03366605583815
255.15685016914273
255.29582008750725
255.12187992718657
254.85377847830506
254.87565137915496
255.2350230374346
255.49871453075312
255.4608386423245
255.28628176717092
255.08123429486042
254.90240640622935
254.82917592018995
254.65746971146282
254.39204961274322
254.13526210562708
254.04238388769687
253.98772391522004
254.0716519114726
254.3993018010308
254.75334238027745
254.927681292205
254.96999959169145
255.211263170254
255.4453757945161
255.3325815484311
254.98015149982655
254.64281082316433
254.400416000675
254.26027769554616
254.17714746387006
254.0896540243897
253.847985967915
253.43316766031046
253.1363887793015
253.2227529505419
253.4393253711753
253.53112701397515
253.37186790933401
253.07044017448408
252.74025402325057
252.53377957929303
252.58719749130537
252.86344069439014
253.23109857647495
253.52000734158378
253.64728460310295
253.63210010511511
253.5131893239741
253.2300894860609
252.72059612949002
252.1713346140437
251.79164687954946
251.7203158712976
251.9604156277798
252.38340233232776
252.81635000089807
253.17392375432817
253.3829280232482
253.55694434185565
253.6779083067322
253.57559241958194
253.31772128099942
253.03287531622993
252.93638885328184
252.93908861187475
252.87203374345884
252.78509347875718
252.8933400014222
253.42135006992328
254.1744396397517
254.81210318234164
255.19017029186577
255.35898665231497
255.54271954831063
255.86172924606595
256.07307116970713
256.0566738346889
255.8696206912404
255.4828645390506
254.9676845922857
254.39981398505935
253.8673254242397
253.39295550808103
253.0082478996923
252.72701913421253
252.5143260867605
252.41304852967062
252.4760099236215
252.6964112793814
252.9941226706407
253.26341118597918
253.47207510369904
253.5940687743593
253.617399889536
253.62215581554915
253.6594687054561
253.7327400848949
253.72275808762197
253.63423151724766
253.5766847110694
253.61091946243573
253.821351896282
254.17249385984746
254.46759606163508
254.55890023479367
254.4267748408768
254.2648289272884
254.29243997118243
254.52425683972652
254.8497306870922
254.99498102470267
255.0614438680974
255.49730199101234
257.0665194259457
260.70340153498137
266.17959894460347