254.90121885266188
242.80438821062856
227.09341626938414
212.7664078361102
202.84037401794973
196.64377553702795
192.56868160420953
189.51730589690965
187.09235420656532
185.238755048107
183.96761123600274
183.23157897570013
182.86091685744663
182.6489002750026
182.48725151260203
182.40783685679278
182.4938869501665
182.74628612005435
183.0574907603223
183.26905186460976
183.25254585718272
182.91359444216798
182.27518553652484
181.5149521433749
180.743654471122
179.9908492666172
179.26398362433173
178.6044920779972
178.0270855980246
177.44502667095242
176.77427054865584
176.03352803729337
175.23072437782685
174.28582167942852
173.1822763864984
172.05330546304242
171.0743904468439
170.34515632474137
169.87337375193107
169.54621907281907
169.24575150630469
168.9878429721208
168.89623918567003
169.00323546980962
169.13646113472652
169.10634374394675
168.95615227827616
168.8889785939336
169.07878788782227
169.56408599197925
170.26922399998594
171.05811916565096
171.74471396184185
172.24826796729158
172.60130114520254
172.8531059320088
173.03744456533772
173.2193604746933
173.542527180714
174.00979220765916
174.49347997896953
174.8545134419873
175.00812012853052
174.93751001058192
174.69986257896238
174.32985228168226
173.81327284480034
173.21248849347708
172.6238587911029
172.10093866854407
171.67129575774536
171.3345956017803
171.02483505467097
170.64851386166703
170.24201111653412
169.91472031294913
169.70877765171883
169.6035051510275
169.52784013248512
169.34734597231662
168.98679099188942
168.50929446492563
168.2086719547815
168.26207132727325
168.53712614233783
168.88260790095492
169.29436086993866
169.75281779769378
170.22742842706825
170.66925813196667
171.04059764227162
171.35911392386893
171.65090688686018
171.92481072774652
172.18110276443068
172.3769699574801
172.49267593160926
172.51937273113452
172.49451672079877
172.5441416289473
172.73560534477713
172.96846488199972
173.0873461831028
173.03877320548287
172.8769463988194
172.61897520008895
172.2433881139323
171.81006577271577
171.4135545947649
171.06636642647538
170.64662942259244
170.13113701409753
169.61049182260427
169.15163543062198
168.86924493333944
168.84514990863266
168.9171456447813
168.97969865980053
169.01789016436746
169.0103062285156
168.95497674923055
168.8526421837201
168.7769308730882
168.78720698069185
168.9061706410539
169.10587787012207
169.3289565158588
169.56348183572896
169.80724823154017
169.97863031398595
170.08779603547916
170.11431819833533
170.03794698180704
169.9492161584054
169.88987936976093
169.88565805964083
169.96445330576833
170.13902584632473
170.38520195629619
170.63175825669117
170.85029289416482
171.0541811551318
171.194419667228
171.23362636403695
171.1751470996128
171.023885406678
170.73385147978615
170.28222564852658
169.82100856976942
169.4743341998192
169.15755354828914
168.89176376574846
168.7498341471304
168.71708972915582
168.87408387239407
169.14492066027944
169.42552627786714
169.66110115800345
169.8149727606675
169.82874532627815
169.7321505852334
169.7197716889358
169.80498465009265
169.8686345954614
169.86078471349057
169.81144351562293
169.86190347602522
170.26118662387174
171.00043114448738
171.9320546907136
172.86823160043966
173.6649509168039
174.22906245496358
174.52815019264006
174.68355112827874
174.77895983574516
174.81444851677225
174.79663683994
174.73586248479353
174.63584628522597
174.55243982031632
174.5473497749306
174.58069017250224
174.58235367991398
174.4975789473488
174.26883933568377
173.9094884178283
173.47450509625156
173.00888943477295
172.55406807774492
172.11148589220562
171.71054529231336
171.43001265043435
171.1771354361319
170.8254684981953
170.3601943827656
169.87383939850753
169.55235613593211
169.39266302095567
169.29450357850266
169.22525106762765
169.18876354998693
169.16796446738127
169.15627263344584
169.13543133401413
169.04550642272815
168.9573000298924
169.0561569145771
169.3927255637857
169.83667756689417
170.29443977387132
170.73824366489728
171.11199096190526
171.3982428526909
171.57372386011923
171.6206190810835
171.64434885088514
171.7068020847454
171.72719486144678
171.63137928392874
171.51265056384162
171.37895852057392
171.15914722449165
170.8784014264009
170.5417793171674
170.29339225819098
170.19180370435816
170.17302794656175
170.1349895915018
170.04988835874366
169.9711863867793
169.86127793307443
169.74766371450613
169.7302541801277
169.8666550372653
170.1246015968361
170.3850979696198
170.49251115847218
170.40118157979168
170.19925921647126
170.0014640110344
169.88868240239935
169.87610814743022
169.85760329481252
169.72497756492064
169.55554434735598
169.4245666415173
169.46757878713993
169.72821329643682
170.06897299692184
170.37794141780412
170.54806166986285
170.53434444483733
170.44541896307408
170.3610902278892
170.30384689589516
170.31127839633567
170.41058076337646
170.65922550912478
170.95245387131283
171.19678409989655
171.34879477165947
171.35662801277283
171.25991602514114
171.16948527812528
171.09137658129615
170.96738395674436
170.74255141646825
170.53457213616653
170.4730845223374
170.54635031782766
170.8211983733089
171.26503647714424
171.70691100949296
171.95358031005944
171.93886762676715
171.75456448653915
171.51735327663857
171.2978486711309
171.19270803031642
171.21172379876623
171.29006489318544
171.3756924924308
171.4564411578725
171.48863537984738
171.40776903041458
171.3005642938904
171.23201876799646
171.2624153143853
171.3816140130628
171.4644803003941
171.4542159943712
171.39477506424413
171.2491667935441
171.02495762503278
170.8122253345356
170.70893011662042
170.65513226558465
170.50619770201135
170.33453154384216
170.2594228895987
170.26410525691705
170.32533850662077
170.40049193065647
170.43765211196865
170.40913274708734
170.20177449428206
169.76100236879302
169.08732247407244
168.38214530521083
167.88941915729944
167.683917294559
167.6885048047171
167.73516715842146
167.77330420555776
167.70268175861327
167.56310641124477
167.47641020426337
167.42858600184462
167.48403819825694
167.62832883118364
167.78856964919925
167.91723452953303
168.03542831116516
168.20952286369848
168.47332041647914
168.86256773402306
169.3248363706034
169.84125586858985
170.3600749329433
170.7567176124974
171.07049056661495
171.40430010836627
171.7811786048695
172.2031906991163
172.64969038587336
173.06525978605367
173.39956209715473
173.62789808561715
173.78089766722863
173.87727130183754
173.88445185282933
173.79378670765655
173.64230802371046
173.45981951948343
173.1987010586572
172.76955215989253
172.17343530626363
171.44375279369618
170.7528264037865
170.27703242772284
170.0463041759837
169.93839476879643
169.72935329849952
169.36673987726905
168.81847567715727
168.21610335914605
167.7665110873741
167.5305565027099
167.46003066390784
167.39781086513298
167.28158006841704
167.15076419652388
167.00699283612647
166.87778511270562
166.85498247633961
166.95776221460648
167.18955694749326
167.46095876203248
167.6844244250119
167.8681770640782
168.06392802080282
168.365778260991
168.8159165035901
169.29452815541075
169.61888690534357
169.77638135150323
169.8902653651281
169.98565439912306
170.0741545528977
170.126702863986
170.13777574285635
170.13942356462556
170.18363028164617
170.3607135852098
170.70476126005946
171.12313536718585
171.49533392770954
171.78064983495227
171.99205921920827
172.1374429324798
172.19206325089505
172.1263103905708
171.9424032236425
171.65159895411034
171.23209818804216
170.6763795199172
170.11936184374304
169.74507455961538
169.53829022579552
169.4296331804999
169.37210901950655
169.3885683767085
169.51894245922003
169.75078569083055
170.00825107411674
170.1609956375941
170.11349482745263
169.9358384956538
169.6965568830512
169.48600387647807
169.43366410097286
169.49824390495354
169.6593792621735
169.8908001817447
170.18945042026994
170.54014036335997
170.89920991335572
171.22752109155056
171.4388834745216
171.487332222443
171.39499238765183
171.2194979619098
171.00385636197015
170.80365486258214
170.68543567750194
170.6316800747369
170.54717455590674
170.42144531140138
170.277069084702
170.1412071678521
170.05333277173446
170.0191759475418
170.08965842997378
170.2932317048369
170.55468728217275
170.7626303995952
170.89735739947702
170.9960294164116
171.03271091407711
170.95242552645146
170.73984703372741
170.4710219246248
170.27529696489754
170.25590481119343
170.4120098511928
170.6209942595163
170.7814953168222
170.87496242276762
170.9120604634328
170.88455886448173
170.83003750189417
170.84452182143917
170.93413163416002
171.01914749466357
171.10752456623223
171.28589014295275
171.58848586664908
171.98216140268246
172.3996600907019
172.7102195450367
172.82140165149377
172.73925735200646
172.64109212295713
172.6427336923074
172.65414776705205
172.59420290011565
172.4451029027698
172.13392095948052
171.64076573474716
171.05936204908244
170.56541913756763
170.26842970481331
170.12653715936685
170.05527189302063
169.97251876465975
169.85400466929661
169.73109979194504
169.64104189165363
169.56990856577042
169.45276272702876
169.2655104822817
169.01611370675857
168.6795407368993
168.23655279866762
167.7540131808745
167.33441450790264
167.01040134985362
166.7741330584473
166.62716798297527
166.56827651199762
166.50900168825572
166.3658722522141
166.20945480515363
166.16980358842
166.28656800446865
166.48529174216085
166.692510281078
166.90430539524522
167.1382679378451
167.40557076132103
167.72213560927509
168.05570513795845
168.35594665037434
168.63637703669022
168.93406241772828
169.19710282487898
169.33999979121546
169.3385726816776
169.2937757996759
169.37353906760876
169.6604691271139
170.08559057222072
170.45074239123787
170.65127097075688
170.7049570752814
170.67380370609453
170.6233383058515
170.58747580751321
170.58222222192362
170.655132499938
170.85620922235336
171.20565348497567
171.65135256141147
172.1184990139845
172.60697339578118
173.16466839937462
173.79518948686314
174.363969458548
174.71122956873788
174.8152128768204
174.84051499421332
174.97727119386775
175.21323791927276
175.4439308490337
175.6429300289307
175.7937857632159
175.8698794142321
175.7864410798053
175.42905088067158
174.77989884221472
173.90771782264082
172.8917784210456
171.7868974027598
170.68134519103467
169.64676904359348
168.70966914819599
167.95096370083343
167.47207114718552
167.17626873317988
166.91871789292534
166.71720695926928
166.6534505722409
166.721744305481
166.89088913707582
167.17705244710018
167.5882168865752
168.0528701883655
168.47532524739322
168.8367571219165
169.20239531120262
169.65106285849888
170.21765829084512
170.8720360292144
171.5108863536436
172.04375386359072
172.46831824574213
172.8457911830231
173.2493427877401
173.62956297765277
173.86939796965117
173.86232231348384
173.57968454105838
173.0903267278665
172.4792220764948
171.80034143229503
171.0812106272976
170.36978482719593
169.70454247892405
169.08767666389178
168.51050478433007
168.01963399392835
167.72563255482146
167.6640165890795
167.776612062302
167.9546539841515
168.11764413375823
168.25826304877387
168.39552498885328
168.52664615380593
168.6936194653527
168.90194700031012
169.12228966099417
169.36443111256835
169.61146300260455
169.82194837709457
169.97238529230117
170.0759929813372
170.18278794136646
170.29963140063796
170.35603930665593
170.31858201326654
170.25149180734377
170.20865873508075
170.16975942832113
170.06598605797666
169.83742806719096
169.51713132995357
169.2371355663992
169.01658344728824
168.91400498841142
169.0040580474207
169.2458669971253
169.54205358317944
169.83152150220917
170.11387933904598
170.36021756504718
170.54009487705306
170.6553658491118
170.70563932802025
170.68806643573134
170.59777835740633
170.4434049062343
170.22499542094937
169.92520004755136
169.599367561013
169.37558359810146
169.33791888810725
169.45256696911022
169.64254616913456
169.83478761634976
169.94694494796397
169.93566470311566
169.85439051903654
169.77868741470522
169.75316091781644
169.80368475514825
169.85494597380696
169.83433070430738
169.7492727744861
169.62119521632425
169.44816528947305
169.18611404715426
168.83531206507956
168.53391901803977
168.4052317939939
168.47523491671734
168.73728215659926
169.04446022669978
169.2385297965013
169.27301858201074
169.19963733188564
169.13341722619123
169.19532224939377
169.45646743257876
169.87019908365647
170.33759493863977
170.71332792686428
170.9120157092545
170.99297947123503
171.0375659844798
171.09886507089666
171.18157043305814
171.24835466413896
171.24783293215793
171.1553100324982
170.9891363662947
170.81570391826045
170.74070649295848
170.79687205775593
170.90127410922048
170.91223061985298
170.7759086119369
170.56546240596765
170.36389721581557
170.20560071129412
170.0919339758487
170.0245081122787
169.95188290001792
169.82906828391987
169.65454343890553
169.37673058292992
169.01404668290508
168.72288489679357
168.61296173029586
168.62702626391905
168.65175464464315
168.6856744594431
168.81517804756643
169.03286664889282
169.29447646505167
169.60255566815627
169.88984794363478
170.0089423232292
169.95530511645285
169.7868853565999
169.55438227351533
169.32189026457613
169.15682576692313
169.11030966578255
169.1716293728252
169.21660984480022
169.1960947172118
169.13794685733143
169.05004755322463
168.97065736962338
168.9699078405982
169.04969721449424
169.1557520544776
169.2382667311813
169.27091979553916
169.23212559543384
169.1457216881122
169.10620282344348
169.16726744325695
169.25122083964396
169.26626822721016
169.20063595757705
169.06960661358949
168.8952772963538
168.7612927135585
168.6834564707098
168.61112050676877
168.54728583254146
168.56983124310105
168.75459653331762
169.11776203200355
169.56656842297477
169.948318507965
170.2141425509494
170.4011153435655
170.55795313686326
170.7140577956754
170.8715918863143
171.06258014280354
171.2757827319303
171.42912062704377
171.4320856350471
171.28463049032314
171.0757953347632
170.8959395266087
170.7629543470569
170.66447247059952
170.61706380943687
170.6387653905267
170.7098504119492
170.7548630027307
170.66922956877494
170.40311074960294
169.99158109593267
169.5416388558071
169.13073061715932
168.82729060616805
168.7139801986309
168.7292137230409
168.80145813262692
168.8980660793198
168.93755087416503
168.88111402734498
168.8308961298975
168.85410336553977
168.89230835461302
168.86879276539008
168.81931757875174
168.82801337367073
168.90215300462592
169.0034192781049
169.1714633072971
169.36419701535215
169.59381457613472
169.90030601746622
170.254335070175
170.62369141029689
170.94749983812636
171.18082402298265
171.259755371761
171.17371872057876
171.03624853912405
170.94820395879245
170.8912554001741
170.8269707970655
170.80302618918628
170.88012476499472
171.01841567503536
171.1448607251628
171.2052631567399
171.1530027922666
170.9907312804826
170.7288717076593
170.3969627107739
170.1424992824606
170.14092946958124
170.32129671206238
170.4288196013356
170.3843962048178
170.24504396218043
170.1175966859052
169.99843797589074
169.86875060158914
169.79783727581494
169.79346041069834
169.86915502329543
169.90407660271063
169.85351438959714
169.75340006136187
169.61211138826775
169.43816630899244
169.22985871203156
169.04940747414102
168.9476575373664
168.94896708376848
168.96335319278487
168.89409425021242
168.82737527945326
168.82067598894315
168.94024696424793
169.20964814911662
169.5793538687531
169.97834176868852
170.36068802354885
170.74498402796937
171.16326238539665
171.6087123145115
172.07642330977345
172.55361593873872
172.94749268144264
173.1638048574419
173.2396719280132
173.21916528706575
173.0530333415956
172.78965988388654
172.5410440365757
172.35101826093214
172.222193775761
172.11734996394614
172.00688213377438
171.88759250067164
171.7831532334368
171.7393662298751
171.80063493247607
171.94589517154438
172.0678375295833
172.09938073453802
172.0042341481526
171.7713582446861
171.41959461202578
170.98547578409836
170.50428596536887
170.00806418701865
169.51542471385372
169.0782983258964
168.8277316165308
168.82837667907694
168.99212715739446
169.30420485018647
169.81179378326493
170.3353421595518
170.79571318142632
171.0776017153488
171.12341306115684
171.0452880694623
170.8335961243107
170.59093516169605
170.51374640282978
170.58813945917709
170.71015886685876
170.8615554785372
171.047070920638
171.29729751222132
171.66802986490805
172.11181898107395
172.53920331591064
172.86167168640165
173.03025646743967
173.05304147441262
172.95094584586167
172.76910059822728
172.53348872130465
172.40026093320887
172.42759231211645
172.56722057791833
172.80533634712572
173.11935690766438
173.54727220373343
174.1023267812128
174.7381061601225
175.34392362474378
175.8720259156974
176.35041606310136
176.7830380312405
177.09153993466415
177.13091747883266
176.88517876804755
176.37564197111863
175.72878493434956
175.07856280417968
174.496128072332
174.02019579584385
173.61592838953354
173.2503514354924
172.8688627614772
172.29890579795534
171.50840786433213
170.60762176727147
169.65114979934646
168.71482522404767
167.92932605055248
167.2978195386146
166.8164716683102
166.42588076977484
166.20268221093772
166.22769948132105
166.34361920363077
166.55089651979966
166.72792583972088
166.75134143871972
166.67338397025696
166.59448874064208
166.64765399787441
166.96574026906956
167.49409004713996
168.1378259841156
168.82008386048895
169.43200054683848
169.9539908198062
170.45831225616269
170.98798981527707
171.51912663522364
172.00491252527289
172.41834083489468
172.7554410337541
172.9990969047546
173.13034049927646
173.15414497296348
173.0952551270269
172.97415925555066
172.7842417749343
172.4929134861793
172.09630400803968
171.64661095964138
171.1963347517625
170.7970307231274
170.47857179559824
170.15418475915834
169.79318097965609
169.49942235032591
169.24011207374463
168.98646683269718
168.8087528870206
168.7319546533093
168.8002559261796
169.05694808875745
169.41567904811527
169.89205288449284
170.36503942233847
170.64891624132574
170.76929621093265
170.8649114959676
171.00082244736683
171.21829707987675
171.48194560269653
171.72599816710448
171.9506945146489
172.17607936573035
172.41133322549524
172.6969885369262
173.00780314756824
173.2332947970755
173.28747547560542
173.18125896200814
172.98107493083285
172.75420234254872
172.5474605676041
172.36836446927308
172.24048587686588
172.12061252325952
171.95521773086085
171.71580223756715
171.43140715446864
171.15954462285436
170.91065910211867
170.73990253532355
170.66295841180965
170.59709399021844
170.46152160632752
170.22692906739192
169.85504078625144
169.3170643094675
168.67159819307165
167.97744253095865
167.3944645474269
166.95838304112988
166.58908248783132
166.3156761993796
166.12708567078442
166.12098170680002
166.26479916609037
166.46825423580245
166.7584892695843
167.12234844649782
167.50396961620575
167.66640331806457
167.42078899491054
166.97429519374606
166.66118679875953
166.54580974404834
166.64915668746232
166.9443795699282
167.29330914241643
167.48402790924257
167.5445590969453
167.72292337019292
168.04044689492844
168.5841692402601
169.36098627838973
170.1473138664833
170.75224162222895
171.1597103928328
171.408102566696
171.54407260762676
171.56772193863233
171.45160749320956
171.1898002757435
170.83808564445894
170.51498577957432
170.27189176304122
170.0606492542051
169.83270897122958
169.58872801503938
169.34753166611313
169.18569059816417
169.1615306746207
169.1604988149282
169.13507395632453
169.00242214178195
168.73453195055168
168.42045272234068
168.1136291310334
167.78690566159034
167.36603430510513
167.09495237036398
167.0263547584509
167.07526561345838
167.28691973170186
167.51852065101872
167.76090779459463
168.0189970647352
168.30619656966005
168.6129412874937
168.83736504033737
168.8796924926501
168.72718033894193
168.65399450476136
168.7355608426651
168.82743067551633
168.86582425288378
168.8582686510967
168.85594100614864
168.98132318282973
169.29811426078913
169.7222825067106
170.06196429757676
170.1644064697496
170.06662342265736
169.92317371752262
169.77885303196487
169.63198025720675
169.52466870219112
169.4841592555497
169.45714000529034
169.38358046980062
169.2904784345014
169.20704171921284
169.14253070513035
169.0988997091272
169.075651092006
169.04886995991743
168.9724714297008
168.83127194913214
168.63397211815084
168.44027257031487
168.28072959894928
168.10210781156022
167.87518697232184
167.63431119495232
167.6063060509389
167.7917654950339
167.93147257637168
167.99375782358072
168.0920008739481
168.20604771432755
168.45556139496694
168.79469142539588
169.06652092799982
169.14533706773943
168.9116021093433
168.67671799529757
168.53710991734272
168.4456031611481
168.42546236612472
168.477564656754
168.59086763632035
168.74080425828274
168.81056830696835
168.79025646367643
168.69805442579207
168.54643218803145
168.40553681421406
168.31602231580828
168.2616031957535
168.09117828598923
167.9097043238395
167.92561598517014
168.14510120973753
168.56500714570944
169.0856577075062
169.589722877518
169.97896762984453
170.21696711954394
170.3618819943998
170.532242061765
170.83711890418914
171.15485003104098
171.2897433903555
171.268263333862
171.07776634052374
170.72224627804394
170.38950979987956
170.10479906624658
169.92363570477974
169.88290130549504
169.97957400218624
170.11487123625903
170.2114060287153
170.3037215967144
170.3721770349183
170.54565083862946
170.7915047154265
171.00350982765775
171.1784955495101
171.3071109961467
171.33864214179584
171.25983480225983
171.22061511656352
171.35906947113327
171.70239888375392
172.18528707256715
172.63611489350012
172.80986889665706
172.63359096728303
172.35485529783097
171.95406803990477
171.50081402274967
170.9778654226775
170.40048139830168
170.00693772848962
169.67579359913321
169.4151964610221
169.05099765742966
168.75541948909864
168.69373465337958
168.6483957859397
168.65413469305975
168.715589363582
168.7873225588227
168.8502435728072
168.81065670438355
168.45317447120118
167.90863783788492
167.72937779111874
167.89975333402677
168.19791580882432
168.50531476003098
168.79778006439665
169.19810115560063
169.72238462684584
170.31402567565928
170.96190024116453
171.58285765563494
172.04376550392072
172.30324620242516
172.37917857309617
172.3481316404186
172.3743753249536
172.5181997607309
172.76022623070605
173.01827760544947
173.17098224332827
173.18359599467252
173.09780173792288
172.93630481740718
172.62266428685356
172.13649736037817
171.5546444438826
170.92757631728873
170.2140378695995
169.419895851319
168.69736774801416
167.99199324051926
167.23873681315786
166.63439019652594
166.32036927790074
166.239045168246
166.42084942262338
166.67210720069104
166.98362205291735
167.2409961732554
167.38715872630763
167.70005014447517
167.96491327903175
168.01654370884634
167.92039051591166
167.86542215439323
167.83874393554754
167.76902168358058
167.8670231752996
167.9500901985637
167.92158382837061
167.87208162630543
167.84617867479037
167.86748109209827
168.00316680622234
168.38957028187914
168.94033936935645
169.4989897611627
169.90906001115616
170.07027633830688
170.01190861396725
169.77234465777926
169.55313559326106
169.29442570874576
169.0266047502728
168.88256408473933
168.91925361015572
169.25118139224415
169.6596121265646
170.08648006424642
170.4375010261566
170.56432830837713
170.55020891537322
170.53836489161668
170.57103175101315
170.70224110002817
170.8664053281259
170.9280020373954
170.85267304369057
170.68397709338387
170.4823354165599
170.27079920746155
170.03758596742475
169.90799635850635
169.79144487311615
169.60619804076774
169.49525779474482
169.48031067502887
169.57981390032484
169.69093829780616
169.86101636246607
170.0526613102042
170.09012356993517
169.9558133063028
169.63839815194623
169.24582881207039
168.9008409000055
168.73508929219562
168.82935111129962
169.09915134980582
169.29658921038418
169.20077689458583
169.0075672398434
168.86093318486226
168.74320537487682
168.6236816877429
168.4401723622295
168.17316840117167
167.81425611505193
167.4586425625734
167.16524982447817
166.9099648412994
166.68038499557636
166.46493799847076
166.3103655978482
166.2111628073415
166.19211161966945
166.34668322303003
166.72503160432967
167.33545926784063
168.12978041714666
168.96404199954296
169.6705310102722
170.17143393999913
170.45879393655295
170.5375850420262
170.51934259542514
170.49544394843525
170.46341010371665
170.3421523403337
170.06209531297756
169.66039924665057
169.24840496689387
168.99644826329134
169.043231990997
169.2801795722293
169.58109493358418
169.91473878567302
170.22061904058546
170.5318425646275
170.82554295807182
171.0571040223816
171.20827732635456
171.26088140577508
171.24004731034196
171.20706087743656
171.14260346485258
171.03230060773183
171.01433050193086
171.2098774545184
171.54486201871873
171.85911338600917
172.0649178931543
172.19162034868611
172.2615015692421
172.19092101014496
171.93377731667147
171.50671821919389
170.95475448488412
170.40949998157316
169.96164748245138
169.58069631052862
169.31566485712693
169.134084645996
169.00199878314652
169.00796578298264
169.09587790597422
169.18394671846957
169.28525306354658
169.50177842528223
169.8500028626359
170.2145451179353
170.5270006535307
170.70513559146656
170.629187509113
170.46408351629972
170.29546751052396
170.1054441718625
169.97722670590937
169.84472137208354
169.62536635952458
169.3965162145907
169.32360249945322
169.47972110539126
169.72400463496743
169.81484583445155
169.71130156727338
169.59211043271466
169.47370768735823
169.32562724161198
169.23409863461882
169.22062980701392
169.22260153392259
169.27021284774543
169.38407697871966
169.56052076612505
169.78336262325374
170.02481887977345
170.32222104403257
170.76416231062677
171.29473994988513
171.79378307785532
172.234259244863
172.622903473893
172.88649297264539
172.94230492895278
172.88413254455233
172.8913897297476
172.96839765431184
173.02166182451847
172.88971627649943
172.62413090669705
172.4581455162017
172.44529123698766
172.60800131453337
172.92776220868228
173.30263976339987
173.56158089798652
173.5321230652504
173.30320676162245
173.13538256632177
172.89803922845385
172.44034918113337
172.01015814633664
171.71477770744767
171.49701734542288
171.3482432915156
171.25130327676976
171.22851788539043
171.26500448682827
171.38157739971527
171.54434975204796
171.69841557462578
171.85869252606443
172.01912971511396
172.10390507631445
172.06674187003793
171.95867377014653
171.78940882110015
171.55193426377554
171.34499509577742
171.28075687521553
171.35029784838994
171.4893464192653
171.58500151551888
171.51321813809372
171.53218431504848
171.86421366004444
172.22859887305657
172.3585959535309
172.14615003836553
171.78058075849
171.47668348727342
171.24769412782138
170.84495745238735
170.21050121813315
169.6347851959716
169.15556682915505
168.85027286637072
168.7636682576417
168.87054386072
169.09898590372586
169.33452519386535
169.57300933627076
169.73242808563322
169.72351489337206
169.67990300970354
169.70180484692497
169.71833852957803
169.73246921118633
169.76782889166003
169.8632436251185
169.93062695668152
169.9450804733656
170.04791769844024
170.30417985107027
170.6979229123752
171.20975374200134
171.7793856383725
172.30714049950575
172.66978404198994
172.79623808296446
172.68804974464211
172.39576514128822
172.07667005236084
171.91725637019402
172.00802828811263
172.26130082418717
172.47447765700707
172.52932925770597
172.493665829627
172.42807419354224
172.33260015502583
172.27466562903976
172.25056783796367
172.24479613864276
172.26345700410485
172.22099687657334
172.13632260370227
172.0093235111077
171.80759047990642
171.52742082698785
171.17834581505497
170.8252320754893
170.54805743918607
170.3106512208543
170.12689119800436
170.01275700224983
169.91110176709373
169.79257468070332
169.6938545752924
169.6245959689546
169.5815471910148
169.569336594138
169.5907851763799
169.6692786548325
169.7844357798579
169.86918724682883
169.91703222843176
169.91187397291483
169.89169439710992
169.89705769804306
169.93705133552078
170.03411414889084
170.19696150753487
170.4198805979683
170.6190751511504
170.70166076582655
170.62609357267303
170.47411947838182
170.4040271796362
170.4601322085769
170.6008486148384
170.76502113555517
170.92607243634086
171.1209018245774
171.35652459294047
171.5504064560274
171.67437732191306
171.82541247371168
172.1045877085199
172.5446692907254
173.02732206603417
173.37492702960208
173.50222247552253
173.41334090345237
173.2439150297338
173.09489556322615
172.98937468295478
172.8451614846884
172.48559803351057
171.92702457050208
171.4420176953186
171.097766415125
170.89498774221204
170.8374853236924
170.81548305267052
170.64041923001722
170.30432839342944
169.92014150938473
169.46239449790784
169.15100868172584
169.00566232986688
168.9026588237777
168.81378979560466
168.68057988050592
168.51139811179405
168.3485488387508
168.25999558265
168.27354724838227
168.4138643418621
168.71924710786567
169.10292340901253
169.46138927723158
169.71305083034207
169.82019648679406
169.77631435914415
169.62488354206
169.499645807231
169.36302590646437
168.97958034242012
168.40796476921048
167.7657399428678
167.12210918109037
166.57092076008558
165.97571158008654
165.5284281237351
165.68897672537088
166.59752141935135
168.25576160711393
170.31236175987468
171.67377456099288
171.8500933319189
171.46426626647454
171.27492355997484
171.63899479864548
173.01785001837175
175.63556360267145
175.72731172525718
165.66997338641482
143.20841280230354
118.16411200822978
100.80470641103267
91.37306692667377
86.73282422341589
85.44614241890034
87.27075777287963
90.41510491745512
93.53968367612514
96.92944817418807
0.0
0.0
0.0
0.0
0.0
0.0
0.0
0.0
0.0
0.0
0.0
0.0
0.0
0.0
0.0
0.0
0.0
0.0
0.0
0.0
0.0
0.0
0.0
0.0