0.0
327.1156666419629
322.44668447739633
320.7022671659727
320.7285226709663
321.50230700553936
322.6625843794232
324.11521223228897
325.8258012240758
327.56369759255523
329.02888304804225
330.1667068954257
331.14230893489207
331.8280104963518
331.7002927279233
330.58727429777707
328.92949926421375
327.2134656807256
325.6776107228686
324.5205285519319
323.9736052824333
324.1308946572542
324.8391864672516
325.776472430997
326.6381009234892
327.3612509148178
327.87950408107844
328.03950267963756
327.77640941052397
327.30521551598497
327.0321212799299
327.1851146382272
327.7817760932173
328.69900775237517
329.67319101998055
330.49825724327025
331.0958654776259
331.37950805969143
331.4061253382131
331.3940450927128
331.5394089353316
331.9793997280141
332.8831207984044
334.1296389776144
335.34187718881384
336.2931719458865
336.93894714555165
337.47428635944107
337.9769003632126
338.28316537757854
338.1305307846807
337.52242543292823
336.79142336995744
336.19416022386713
335.82627926409634
335.7564049590764
336.07158952255503
336.83053637356494
338.114299410175
339.6968305332078
341.1640688198623
342.20039098336014
342.684138706191
342.6482622424711
342.3498367918299
342.0770653795447
342.06100751357894
342.3290178949998
342.7004767056511
343.0449959091539
343.33100394546324
343.6815165322097
344.0963546331799
344.5040739038569
344.83354921030707
345.00004645661943
344.93538342728004
344.54001560431266
343.9376739494488
343.3483620969356
342.9034224215918
342.6423228604574
342.68488904277604
342.89928719672344
343.1094818869935
343.1942959668803
343.1309147270873
343.0644521033173
342.9879493502808
342.8599779885425
342.76834748396743
342.7785092172251
342.88960224202697
342.9734409206822
342.8050109306471
342.34399800300434
341.8062701510565
341.49998551400955
341.46692702190546
341.69468399839735
342.0202907458685
342.1827855297918
342.1687657106343
342.25345118287515
342.57933213213727
342.97768052180965
343.3572528664431
343.740238302491
343.9739360159531
343.8194939373206
343.2694351169843
342.5291890344786
341.7918582820509
341.1721219074847
340.7822214444461
340.6213554078803
340.4700097151953
340.0722593361503
339.314270129932
338.3855455676005
337.6968186160553
337.44109373136433
337.56065159033227
337.74537876639886
337.80671548787734
337.69713012698884
337.33626258628357
336.90277631436453
336.59490226911333
336.5710408534155
337.0119349616529
337.971842439651
339.3166999189192
340.7257598743555
341.9154828099213
342.8203284108567
343.3215946610513
343.229753218646
342.70197061258176
342.1580656034089
341.9651963221967
342.284745112463
343.0118641417972
343.9672161205321
344.8763457678033
345.43198706349125
345.50876139508296
345.1993776683643
344.65972161389465
343.97061575195664
343.1015159373341
342.05350070446843
341.01147361953565
340.15589083516545
339.5930435004707
339.35423914551154
339.34059740701707
339.5060237346179
339.7301099251708
339.7881371710776
339.4940271475345
338.9132297816504
338.1992332671129
337.49153628039295
336.91398453724247
336.58701515884997
336.6092714781875
336.9052466862481
337.4215056005882
337.92429074568986
338.05939157256205
337.5961923231795
336.79377585394275
336.2724011902716
336.4624331456318
337.46442681199073
339.04795015433234
340.7340790832868
342.1082023682478
342.90281763711585
342.9338570321788
342.16315650736476
340.9269008089411
339.7685300155122
339.0513290766878
338.93360901578694
339.4467122831384
340.4156969071862
341.5081900393641
342.4761184111354
343.1775448383027
343.4464348685298
343.0934516373614
342.089186132015
340.7812641152949
339.5782855863891
338.7310746012256
338.27473006815427
338.18264579459725
338.3443705478736
338.57812567762596
338.8300739714248
339.17451094816846
339.5824107759877
339.9290975763944
340.11814130709797
340.0652192963219
339.8481757091415
339.6054045285857
339.50125533066006
339.6084395644067
339.8918803073755
340.1961159815122
340.4456604805585
340.6912032931459
340.8728702743879
341.0480938106166
341.32114373362276
341.6885814339876
342.10758713712744
342.49983718709444
342.7464593360501
342.8910692626884
343.1606340126539
343.6068203473834
344.06945604580005
344.35495428198044
344.3880702694235
344.2177684200801
344.0152149901465
343.9882881012283
344.1616011487945
344.40444286750676
344.64427485626913
344.90016494060745
345.1085074578532
345.0915050089539
344.7192264010687
344.05293255397515
343.2484441811181
342.42241042016025
341.49779729391383
340.4805011098199
339.5160148937863
338.8172087451053
338.56815002489867
338.7237605430106
339.07856913465247
339.40713770469426
339.658899297135
339.9043607669001
340.14860425078706
340.353861869291
340.46113732030744
340.4582942452862
340.38897303803674
340.3480776594732
340.3730851742613
340.4874695159652
340.70058250174475
340.96778820029635
341.21741402060445
341.45054574895136
341.65064103664054
341.7254318246672
341.63185080427365
341.47572409044557
341.4701104647975
341.8144140799129
342.5507966773318
343.4693578952972
344.2363385781224
344.66927689427735
344.7356587343021
344.34434926995806
343.49207497784647
342.3857659027602
341.3338858094188
340.547189384042
340.0822497122441
339.9167630473399
339.9915241411771
340.27722857635143
340.6548143051808
340.9881859078895
341.1458002527153
341.01313032747873
340.529994902821
339.7646231951011
339.00724049799
338.4196607217133
338.0295631437508
337.74070417675244
337.52639250301024
337.38112645167877
337.23863738555156
337.26911138873925
337.60279392682696
338.14490475060904
338.69384637937594
339.12707328176646
339.40125614122246
339.4899349630416
339.51597995938613
339.6216495449566
339.85303205717946
340.20548954041374
340.68316398894905
341.3640393718359
342.17575845822336
342.8930131438685
343.3365120608245
343.57110793494667
343.7945773922307
343.986223290428
343.91520080197284
343.51121426465346
342.9601140247288
342.381738748638
341.76786068958
341.18248493910636
340.6832040629205
340.38918575821
340.377652679226
340.4956005186655
340.55577994437954
340.4057671825159
340.00790316920234
339.4293475685814
338.7904559364108
338.1840351383775
337.75608567025097
337.6588731484809
337.93367943509924
338.59833404670786
339.437816587242
340.17235558763525
340.6379956348524
340.764803505426
340.53542651325904
340.05668882414443
339.4660138159372
339.0345861738211
339.00261626848516
339.23302567757526
339.4922507997679
339.76914571211495
340.2690443673065
341.1044373657118
342.0867118890716
342.887768110767
343.2440070457629
343.13656146794244
342.78146064887176
342.3949608404854
342.021955948675
341.5328496580305
340.8949645018182
340.22130353474387
339.71788233101404
339.52675975259
339.54494351246785
339.6707829703315
339.9468552605127
340.39073935695455
340.8806690928179
341.28904359325577
341.5970109810399
341.7230633669293
341.60682331606154
341.3433039766725
341.11208759873495
341.0614832688776
341.1658039416501
341.22353360635987
341.05520471521277
340.7172762598521
340.45942331978426
340.47968307606055
340.7877307050512
341.1245815726528
341.2868129437736
341.32889140603345
341.3512625188597
341.3715737326839
341.35319509361364
341.3298545701125
341.36467186206875
341.52175809958175
341.7432047078074
341.8932291871853
341.8803678408432
341.705863413053
341.4318547939435
341.1916425574916
341.16106697260966
341.4066611471932
341.80068950546917
342.1207688862842
342.0988639949277
341.62628307831994
340.8592844838272
339.99827266176567
339.2631587189592
338.7736805881257
338.56929040388763
338.67218512064795
339.0757758914856
339.59728221833484
339.94944664982904
339.89447287458495
339.48105505183355
338.97470046853243
338.64658895524724
338.68249895993574
339.0505603409389
339.63126249038794
340.2946520873978
340.8819277771431
341.27000371106357
341.398186420999
341.2664091591315
340.90919570954344
340.4606174944248
340.0862981338008
339.97303661549137
340.2844255027227
340.94360454789467
341.72172760257104
342.3262802570457
342.49599770972816
342.19273811602187
341.642258744986
341.097434389371
340.6762847730936
340.38011309536074
340.2424471005859
340.1694212204509
340.0854906574898
340.03807848044744
340.0443938035284
339.9842483671838
339.76530000984684
339.4711424675369
339.2943633751545
339.34637934772184
339.56829230771507
340.01915533654557
340.8060530390268
341.76855706708557
342.5309000797773
342.93061682515895
343.09947664974106
343.10002865008653
343.0109527688621
342.9858847647066
343.10469041960494
343.34292430181927
343.61447441834736
343.81933137203174
343.75896534934253
343.3954722554263
342.93930868758684
342.59949508098583
342.512593923904
342.63617404407216
342.8393383354046
343.0043564269483
343.12197851987753
343.18060884176066
343.0499184979298
342.6492929560438
342.1314907811142
341.7941442278427
341.70113448172435
341.74137826639907
341.8063887664588
341.8660950269838
341.9753025922083
342.1287864100924
342.28636057158946
342.43920852850965
342.5423950970931
342.5613893486113
342.41929752096223
342.0510718870747
341.6763149960903
341.38605018956076
341.0699723299572
340.8537331921119
340.831047020475
340.9730861198106
341.10925845845804
340.98651641189866
340.5600014340632
339.9371415000556
339.3622625084198
339.0750584712384
339.2319855793777
339.7844457607631
340.55000764397687
341.298236277323
341.91039644274065
342.4053952694145
342.8891124393538
343.2666805824857
343.312645012624
342.8350463235796
341.89046072675194
340.87342778376177
340.1105061607923
339.7137853556135
339.61825048598894
339.6923456992244
339.8727287854584
340.1282438455909
340.3923293890302
340.4131388713076
340.06086597283155
339.27880994508376
338.360756386055
337.7471934403675
337.4977829915931
337.61037068683675
337.96234765791127
338.39308749694436
338.9543700866464
339.54703468558773
339.845080619411
339.55187962943455
338.7366384487485
337.7767681861148
337.12901178374125
336.8675244854352
336.87286367969216
337.0655530967641
337.29832313807225
337.47115172738415
337.6210750932564
337.68755821058676
337.6511713439279
337.69877373988305
337.96600291713986
338.47037082434974
339.10442299654653
339.65424028077933
339.99588874132303
340.2522970422822
340.44910488487403
340.4569205795541
340.24430648969155
339.87350688309306
339.32027387219154
338.6452181286437
338.14895180704764
338.0461438750064
338.302595232246
338.65052862108286
338.925285827714
339.17134278494797
339.3568968566983
339.3521454362645
339.0522818655213
338.4957840585566
338.02864168873896
337.91065933958447
338.18896330784446
338.72341640384207
339.2992749941444
339.68856326301534
339.79470400132857
339.6315978984136
339.3007590402272
338.9367004679245
338.5920642842834
338.40502400724534
338.6002002773432
339.23563438419114
340.0057585896518
340.45312562056813
340.4244282843641
340.17214857623145
339.9664743643507
339.887241486726
339.9045140004318
340.00491082174784
340.2007864098549
340.58246599241124
341.11061334237104
341.58715827867144
341.8433910336612
341.8138602193604
341.49931678856433
341.0048255894734
340.54305954097106
340.22670115851633
340.0820289605035
340.0690682623177
340.29474142409066
340.79817699245405
341.40916575735855
341.85471837133446
341.96273063122857
341.7948189837115
341.5960064047296
341.5725921509502
341.76925358376354
342.14857183022013
342.57078364878834
342.8598127346422
342.9038003408604
342.6516582538885
342.06918840804065
341.34327925007256
340.6622225325594
340.1882338529874
339.9422924425868
339.89456546456375
339.9690552198508
340.1608475896545
340.39923823791855
340.56474237663264
340.44198178251224
339.8934702542423
339.0780845749932
338.24441567383815
337.5967506590214
337.204219126406
337.10856031893593
337.29414935726754
337.718246030357
338.2763808793352
338.7925735738604
339.32454359182753
339.89218193765146
340.1897642756768
340.16316215279545
339.92244883433074
339.7662780916745
340.0695492036375
341.0294164658867
342.5577123290873
344.40258335143557
346.1280973794254
347.41164168479634
348.09056043328223
348.18055576156786
347.96787301482794
347.7385240034653
347.58439813755837
347.37588200956463
347.06384111625994
346.84602245716604
346.7293609815455
346.52621908045734
346.17902841379566
345.72359040024605
345.060741257653
344.11395498923576
342.9941281896947
341.9055510004998
341.0986848177382
340.5915696766795
340.28727545112326
340.05723080325606
339.89705380184625
339.932552181599
340.15146775840094
340.39684484951107
340.4899238750934
340.4041811967611
340.2022540642646
340.15065007695495
340.429433054714
341.0898593667147
342.0837734870603
343.1184726676109
343.91384654523455
344.33197570255516
344.26452737101505
343.77846948431625
343.08690720053255
342.5267857158583
342.38454387653286
342.8233079705262
343.6429286232467
344.48015303672884
345.0485423788848
345.212450918576
344.9744907997654
344.39895672461756
343.67853836479503
343.04947305854273
342.68006192323867
342.5315480658954
342.5206317794635
342.61025902441446
342.8394439297092
343.11861848024864
343.2489276661853
342.9856413521069
342.33711645802407
341.5351523737289
340.7234175330085
339.9484798894129
339.3082971820297
338.8822972990095
338.64542005118886
338.51243310723544
338.5389352937294
338.69626997429066
338.8134090168653
338.945788206601
339.2247181246105
339.592829188962
339.95202232511247
340.2436133932565
340.4420374231004
340.57150106353834
340.8355164598881
341.29101866527037
341.89151123049965
342.5539473209465
343.0673943510113
343.1828313423819
342.85351804248415
342.40413324990135
342.1582894956741
342.2403917340807
342.58088992804335
342.91791710576615
343.14102807562347
343.3739834206572
343.53431906578317
343.46243738948175
343.12195563189294
342.66683417800914
342.2455172399127
341.7208303372184
341.2826131828052
341.12597752151976
341.14546225606574
341.11508886656134
340.8583900430307
340.5029742241754
340.25591829039644
340.3067865319742
340.5597782515077
340.91222136828185
341.19103644637465
341.07978528395824
340.62875253758216
340.23450004182973
340.13878712710925
340.20348404438477
340.272572648694
340.1267320638148
339.6617919425301
339.04300759329885
338.77014979644935
338.9036355105817
339.24967639323125
339.61018528612374
340.005893095416
340.3732291555476
340.65862754697815
340.97179893935106
341.19821535409824
341.11520532978193
340.84164177136137
340.5808454357657
340.5242866558575
340.7411327567315
340.9678175444317
340.9657798435924
340.8582710141468
340.9347274955783
341.20351845756096
341.55006347674566
341.8571633515254
342.0842050133061
342.1836087373967
342.3509516332366
342.77633716301705
343.27242758932925
343.57459114051056
343.4513378850629
342.8095120861723
341.87258618694693
340.96892176072754
340.37998659285245
340.30788289034814
340.66424283050105
341.07637750439017
341.23224768050466
341.19518498739967
341.0542394989558
340.8416851057717
340.68351984853825
340.6451107641252
340.73139508018886
340.8556717454762
340.8949171198454
340.96351434118594
341.18770591771147
341.5983763829643
341.90164698268023
341.8901268765676
341.7037864772538
341.69332711463437
341.96758699277194
342.3502588401863
342.48900945232225
342.30397168316244
341.9436156268923
341.6369980713178
341.4520193758914
341.1514911949202
340.6389547727583
340.192075494438
340.21635811655153
340.8535909027567
341.8032310493828
342.5724876128308
343.0381829052568
343.2329476281002
343.3403796013
343.43236442564876
343.43659142984404
343.45041449141763
343.4850660567822
343.6019493032237
343.6940677648528
343.60916189259984
343.4808244839627
343.3301182356566
343.21623277302314
343.04101619990735
342.5637481861035
341.61758274353747
340.4783671626759
339.6036896342654
339.0960623767611
338.7541006950204
338.61719157951364
338.8503578638822
339.295964308976
339.7617777235895
340.02844992167553
339.9457645156091
339.65556736677377
339.4350523982716
339.44153580749156
339.72663300025374
340.3466925530785
341.0461484808229
341.4934816494339
341.82170390127044
342.2008408782192
342.65452393117926
343.0098206716586
343.1292556907545
343.11492986725
343.158386678734
343.2084028979659
343.1112393718913
342.9264139969004
342.9193540357757
343.09233841848334
343.3289124580144
343.5869377133326
343.8649286952486
344.0918402381077
344.077292385545
343.7401725999142
343.11130356551223
342.1812000560961
341.5236700067214
341.47388591207454
341.7638767238095
341.858488506652
341.60613494023914
341.2581443212044
341.2364795333475
341.48541180383353
341.7933441394826
341.9289922970621
341.65628029897726
341.1803406217167
340.7681836536587
340.38932902821676
340.1128321210231
340.10678032135456
340.31463135833167
340.7098154840206
341.18477765554337
341.3200053142325
341.1096101536026
340.8546894179749
340.66220396000836
340.4361460326991
340.2362678371153
340.2722469110617
340.5853646157218
341.1287436556906
341.8603567091218
342.7759595192767
343.67948654963647
344.3140170649943
344.6934824592727
344.8406790235786
344.74959514558384
344.4532982809033
344.08263181494334
343.84517720079907
343.7595006439773
343.6891443391483
343.428825647057
342.98190010036734
342.4858298070989
342.05768556657574
341.602104835893
341.0767444280346
340.50042546657966
339.838393150117
339.3029292367287
338.9877848473909
338.8790255338605
339.1090039146739
339.6375441852369
340.1873239362037
340.5935818754613
340.77653856115734
340.6182194738414
340.13067908885375
339.52091157004634
339.0942554708687
339.08142136095614
339.54421475525555
340.27936795091017
341.0396899053797
341.6551517385011
342.0759573734803
342.4060862898958
342.78925326832825
343.2439190779254
343.6846000644043
343.96865162409864
344.12044972327584
344.261675891289
344.44387711846724
344.5202057684703
344.24330570876094
343.623268671276
342.8750449704962
342.18853583657057
341.6920186995128
341.41006649322213
341.28314004865024
341.26718920193423
341.26383030243034
341.1852163622437
341.1383810090802
341.18136502977075
341.13021034818655
340.8353769241688
340.30429331823876
339.60937580246724
339.20131963365776
339.3332995725847
339.71823712146954
340.2041542603108
340.75413226429765
341.26276900278674
341.62477715867084
341.7317561591554
341.5771815918388
341.3546100666174
341.37224094290394
341.71491336765143
342.20198633333524
342.65553253274345
342.9815763816912
343.21975707646766
343.5304878193973
343.954212339323
344.42878514247434
344.88535831979254
345.23902506973695
345.5066392174045
345.5767343743739
345.3664769434622
344.99106621382583
344.61727919335226
344.3714695448617
344.3324026725836
344.47826888880024
344.48339899695543
344.05222959828006
343.14253424399016
341.9487974305778
340.6676783026973
339.4177500765791
338.251171453168
337.6517824620645
337.57866962584785
337.7212555225805
337.79045299276777
337.7405729770769
337.64805161005904
337.61303831118397
337.92187109741866
338.4477244156871
339.04424650206823
339.5571395622198
339.8382571097024
339.85844523988806
339.6369218541555
339.29834793202673
339.0775219175425
339.1820787423554
339.7503786474399
340.7715635215255
342.08951807364235
343.52301984428925
344.79387751161715
345.6378557918649
346.0510816891999
346.17461908827335
346.0199154367428
345.54760011040895
344.82900702833683
344.093602735103
343.6918878001044
343.68255100195097
343.9839484862343
344.40795367987045
344.7602775897609
344.84056936647323
344.5538185263809
343.93842080365926
343.1621442108198
342.46906144861646
342.0330305158601
341.94727769168264
342.1322852353236
342.4296793687745
342.74137258825255
343.0074909842016
343.0819394051189
342.9193406256891
342.5885632347243
342.23891550016054
342.00104030148555
341.90068620723883
341.9320508595042
341.93805692683856
341.76418831760145
341.5203133938306
341.45943597435826
341.73200726490643
342.1327977755751
342.2822534450189
342.1562812547199
341.8707556899029
341.5898964795869
341.4207856600656
341.3944964800629
341.43480478176684
341.4968322456732
341.54815282022537
341.60628640919197
341.62746926883284
341.58431486911115
341.5011286173863
341.4724396120556
341.55973913357076
341.7414348035096
341.8830073824903
341.87499074271614
341.75536154123387
341.5863344075599
341.45677314729835
341.53843294335474
341.81682022058385
342.08910405749464
342.1543411348688
341.9975425311949
341.7196004311673
341.3921664600699
341.13126465723576
341.0326114697934
341.0186030765843
340.9409870026506
340.7628850916708
340.6287216699752
340.6966214507822
341.01501676193936
341.4637154739233
341.8257448893701
341.90690710878283
341.68687450170245
341.35195967754646
341.0561013655861
340.8773936926842
340.83991743821286
340.89140019485785
340.96120106441543
341.01441584283316
341.06981409732873
341.19339767799784
341.399828180534
341.625377633085
341.7636262957276
341.6769086316299
341.3292042403448
340.8804471944688
340.5233012870505
340.40142543259657
340.64955091168406
341.1472743697196
341.6955342356912
342.1903984204122
342.6857746751522
343.26020639342136
343.771405732484
344.0432891068124
344.02800858195343
343.81156729959525
343.4941962933478
343.1619709603472
342.8143652353134
342.39196323385056
342.01349683279545
341.83471204757774
341.7826563292968
341.7093841530659
341.4676801685709
341.02408653377137
340.6319052485747
340.4898871398193
340.51307645728036
340.485368895734
340.426660681098
340.52695244292534
340.83594524286013
341.17244680975455
341.4595397072899
341.71313879426714
341.9423952931994
342.1594159771482
342.35696034977457
342.4987423735624
342.5484058050407
342.56516525435217
342.6534306590901
342.84731597221014
343.1011301924623
343.3119779737999
343.38096560582164
343.3391514296651
343.30864762067836
343.3865666815587
343.5022811367749
343.53357279606024
343.5096790110255
343.52400400559094
343.6041003257278
343.7552545999846
343.9081419025124
343.8787809831247
343.6097066936767
343.14735905374243
342.59744496605333
342.12934241505974
341.9594838788763
342.12073475690653
342.44697850711293
342.7630574463385
342.938854824926
342.8848408457287
342.60662603246897
342.1972147879893
341.7992904899794
341.50518923553454
341.3157629327448
341.20503570722434
341.07886547340945
340.84459572931786
340.54828006330615
340.3431069322607
340.3643883896753
340.57470776984115
340.8053753354899
340.8932426513893
340.77006895452655
340.449567315855
340.0480495051859
339.80494621896526
339.89024117877443
340.2999805588797
340.8849893829974
341.4328289733861
341.902880940018
342.28581291937724
342.55374505861687
342.8162527101365
343.2176799658983
343.73111338936764
344.1615692935642
344.3795424205836
344.465271292809
344.5926023346464
344.80904054519186
344.9866080152923
344.92927706570975
344.53431770021115
343.88524855240314
343.156050892598
342.5018028414838
342.0375842081226
341.8264799242121
341.796314419624
341.84902385977847
341.9089867611332
341.84987493856136
341.59900234973713
341.2217611362639
340.8518950975735
340.5285804914664
340.175927818356
339.65584568929347
338.89905918915656
338.0382554829429
337.2374357610937
336.5493218099698
336.0471444261907
335.8661939429482
336.107792081454
336.63056233813404
337.1351533798865
337.43418838799516
337.5744838504302
337.77867355217006
338.2661565624609
339.1120257462487
340.1174658604839
341.02514589064026
341.7491732496598
342.3074804427067
342.774532900986
343.222722509172
343.7356488780855
344.4112485506423
345.23883588106935
346.05578727708456
346.6949952842375
347.10132161769525
347.20044596009103
346.9439030629361
346.39839601521675
345.7686074097263
345.2209684043077
344.79575773863496
344.39480747663276
343.97822172132845
343.63156647538466
343.4419421227519
343.3870425075894
343.34695194964854
343.2044764370675
342.877141531424
342.24419369559126
341.32148326941746
340.37707103133664
339.78018680455364
339.67951584775454
339.85981728710584
340.00008640707904
339.9595753175535
339.84237436064143
339.76298106086716
339.74686257316546
339.8037193177621
339.95157671872227
340.27879443524955
340.8545903744351
341.6671711566962
342.52715557259114
343.20529354177324
343.512530724203
343.4688986299496
343.220615960787
342.90117169648175
342.5973265954916
342.31453443071086
342.0746551366966
341.9754096104924
342.12057829040197
342.45972732934473
342.83016216126265
343.0356417491197
343.07300642225186
343.0443155756881
342.97048581329904
342.807070038337
342.4288013138215
341.8097952415367
341.04407789982065
340.2613579523263
339.5862338100536
339.06352515993274
338.6021550934442
338.07222413349814
337.53165912645136
337.1639384392595
337.0064973347704
336.96323968088655
336.9467156524391
336.8299295565845
336.61540505620866
336.61896240312706
337.04536177633383
337.77908952938185
338.5547004583616
339.1134481955696
339.4486406117873
339.6799549715239
339.96095976475993
340.432932886784
341.08212556001905
341.7536282886639
342.3896266245099
343.0081864495627
343.4753972164029
343.6294453465044
343.43799623310224
342.9112212862184
342.1396828669465
341.3310058681034
340.65180903322454
340.20543136297147
339.99435413477823
339.8713125815887
339.7432624649648
339.580501844307
339.36221916303793
339.1368633467169
338.92656072809626
338.7215326047275
338.562899386418
338.5386479220037
338.6301891516679
338.7395391391469
338.8160204280359
338.81422238563437
338.71464909388135
338.4668718191375
338.13990214757416
337.8225531978878
337.6047403734602
337.6094314526403
338.00063612937737
338.8667764572307
340.00332133708656
341.10314633577985
342.00608351081104
342.6734551584176
343.0892100391092
343.239814257366
343.2371892168124
343.2289945782283
343.2984981861897
343.37282774933
343.41609782959324
343.5429532913042
343.7345398919989
343.874103927511
343.89052597622276
343.73805420052554
343.3365258075169
342.6363118442634
341.764927361328
340.97297909184437
340.45051738802766
340.26624720127336
340.38355271050193
340.7063216560789
341.1276908592777
341.61900383017127
342.1425165199691
342.66262975170525
343.0868485160354
343.2857140828014
343.2056405341383
342.94271471802347
342.60285278213826
342.1813978347291
341.7357040436199
341.3847750706104
341.2597648009206
341.4466214082661
341.8761039836317
342.2989677249375
342.5135145315493
342.48459940069705
342.31581498200615
342.175224704942
342.234702730727
342.52703690454155
342.93727577007377
343.265255519832
343.37163192743475
343.23417696512126
342.8832435076883
342.44291414202854
342.0523313355024
341.6494747431707
341.19339530706816
340.71168589232724
340.23028507346385
339.7230139940553
339.1476450747281
338.70974038377926
338.745207873627
339.4697075616041
340.6325375049462
341.6362634737144
342.08116516408916
341.97422634134455
341.5314867514036
340.947113466775
340.34339416085464
339.77615193308344
339.40363926038
339.47339568248594
340.0617865993333
340.975451132513
341.89419037360716
342.41757717420506
342.29860052720176
341.64166940739324
340.80837791895993
340.07515550005303
339.5602639527427
339.2721020511527
339.2185049377389
339.35673447870914
339.5922692958401
339.81524089012504
340.05857926842583
340.404008304581
340.78549741361894
341.0521416233927
341.03837317358193
340.6357435261425
340.0081699489355
339.49472788519915
339.16901525961936
338.83631118929844
338.38726422521864
337.9458215822315
337.67268204713446
337.56533377219023
337.55614465532875
337.52861773488655
337.44773596027005
337.4291001308765
337.70783358287747
338.4152595960136
339.4168651425906
340.5286530867097
341.6199315413377
342.5906137329175
343.3137306216097
343.58082893196524
343.35820436123504
342.88684986995406
342.4356437298491
342.18988413045037
342.2280256196682
342.57232597553866
343.1806717633408
343.88919767446805
344.4926153177524
344.79034162512323
344.7102953191387
344.383090371775
344.0487641982034
343.8638186304861
343.76468022131854
343.6128607457282
343.39686595971585
343.05207914365
342.5150700932656
341.84330169807043
341.17428629531435
340.7658573813064
340.73845221228396
340.8961375730903
341.0133309407892
341.06879536773147
340.983297249862
340.67914563454593
340.22033421109165
339.74614261825593
339.33177947998985
339.0642243032598
339.0349047983815
339.22256713688233
339.50583982042207
339.82664056091767
340.16289358213214
340.5421944553433
341.09427157433925
341.8978129300277
342.84995436693913
343.74070368404017
344.28768882466187
344.4505483344492
344.64067093195024
345.4201554476557
347.2527206700837
350.3843364101689
354.4994432254565
358.85286053068415
362.7777586060366
365.71290064653954
367.5777950139491
368.55821804407105
368.83983729032684
368.54670883346705
367.942814306781
367.20933295965574
366.5102230168179
365.90681606858334
365.3975267000672
365.0519612074685
364.7667165985731
364.0564923185167
362.5383849464159
359.9885547426671
356.1546199380504
350.8041176227538
343.95869531120553
336.2452135143443
328.44236229280125
320.82109983937687
312.9232640379671
304.3089207415526
295.1427985823589
285.83711009190665
277.4964693406911
271.5992416939863
268.26864147993854
266.49799595616344
265.81252506774035
265.3279943734379
264.45922808339884
263.8229860938828
264.2419611283195
268.3175672053001
280.8660733965086
305.5555113176334
334.4359277048638
353.687604976366
360.23390688617604
357.1141301477179
350.65546346791325
344.0126521775074
337.2291475449339
325.70459817535067
306.17656863443136
285.1027606459006
272.3664992009213
263.93765748260125
0.0
0.0
0.0
0.0
0.0
0.0
0.0
0.0
0.0
0.0
0.0
0.0
0.0
0.0
0.0
0.0
0.0
0.0
0.0
0.0
0.0
0.0
0.0
0.0
0.0