0.0
0.0
314.74906763942215
307.17483459525556
295.2077121143785
284.47642193333456
276.56613457584416
272.3333927941942
270.99270754697324
270.89011088748623
271.11078524763667
271.1253239623601
270.7286433616881
269.8984850575798
268.6568142197396
267.05447762170047
265.22239305252435
263.15302664938565
260.7387294535015
258.1129868803403
255.7281223406489
253.7115046923583
251.85991084989251
250.2987963512036
249.4276424552626
249.1178592921556
249.03680514409683
249.00171867310507
248.98188529789317
249.06192839915633
249.2957218060234
249.61218470212583
249.87772300314936
250.05370801707463
250.15682525417074
250.17078978961408
250.025097472097
249.81411368519045
249.7871465407846
250.1395270125978
250.81623520494722
251.59324805527547
252.3098489523994
252.89472171056997
253.33588960400948
253.58251325517656
253.6040815184148
253.40805445859235
253.1356041928625
252.99610209181765
253.0058897441624
253.05194984155992
253.1186566988234
253.2846974902119
253.53078215237065
253.7561793329464
253.92649118644476
253.97341605710605
253.88049478719378
253.7257098890181
253.62820221922416
253.65565540293628
253.77441216237054
253.93473126665364
254.12918217161223
254.37896661015577
254.70778223138066
255.04903762486254
255.31032265795247
255.41811917829153
255.40249503525462
255.55472448337588
256.20369959395885
257.405447051785
258.8420466850695
260.03456765015414
260.62188485472166
260.4816843035457
259.869541400185
259.12680823625476
258.40044332759015
257.77521010918053
257.3247434554563
257.03980786748787
256.8799912931041
256.8524549301811
256.92807957072085
256.961403653782
256.7748854527955
256.3120170227729
255.6610799363806
255.0229561398084
254.49668898714893
254.01769407100267
253.50536319410705
252.98681772449916
252.51521127240844
252.0917927743996
251.81038482824886
251.7664023899915
251.97202066804473
252.38294294865983
252.9085505449937
253.43247909401808
253.8474910871522
254.16144293756025
254.54633972482216
255.10104575631306
255.68270117972878
256.1714390604
256.4940467600303
256.67128824151314
256.71234967471935
256.56171544290686
256.28478974014826
256.0403849209273
255.98976626223958
256.13738621520565
256.487087503384
256.969297069336
257.4531857195698
257.9089093790927
258.3550360272478
258.7486383775073
258.9715423240964
258.8536162254276
258.3663154550966
257.707257627167
257.12281484037254
256.78692444824173
256.7237155766139
256.7856011427225
256.85649653041077
256.7712280516125
256.5435055745073
256.32296619402314
256.2476866719017
256.4664276459554
256.8616136043445
257.1538352437958
257.2021356501123
257.1069535153556
257.18612169023083
257.5129298556023
257.9700761785605
258.4391690200941
258.9380585227882
259.5012552352375
260.1031421974313
260.65001063649686
261.0177656483231
261.0945293216359
260.95112150908426
260.656083978652
260.22723123115804
259.6431239266399
259.0662657470933
258.60653738586143
258.2270730656119
257.97136470448675
257.94267730032936
258.1284550376598
258.42451352227647
258.6477784026415
258.609926516733
258.30956951154974
257.8731049839958
257.45695104510463
257.220945812383
257.12354640265175
257.06644849370923
257.02577042625694
257.02171109345255
257.01197278638875
256.9775253510003
256.92123939299273
256.8919928164157
257.0007852989132
257.2612765688877
257.4790654773105
257.52894498405374
257.5966497279711
257.80378572092457
258.0769663442136
258.37535343300334
258.7618240730817
259.1442611697472
259.30474310653324
259.23269956984655
259.10569580616806
259.17795110981484
259.55210089114723
260.07884373796753
260.6067028982026
261.1306242867435
261.7043428033601
262.35223435989667
262.94082976482684
263.2437710810018
263.1350297811558
262.6789403107869
261.99872773527983
261.2013008572142
260.42443056662944
259.7368728710778
259.1010022624739
258.5133588043354
258.0291517562818
257.698905420227
257.4794818518228
257.26686107336303
257.0639294733677
256.8691301148285
256.6553235532078
256.39444695105624
256.17523094125954
256.0018925421768
255.80724039852439
255.60538654986885
255.43136924109268
255.33654219083073
255.36940216721158
255.50506533103413
255.688307163493
255.8662134844388
256.02694767554635
256.249708213365
256.61384148683385
257.0425408115284
257.4705288444189
257.87269692821064
258.25789000667487
258.5801127918076
258.74265747925847
258.74401373293836
258.63293837482075
258.5157115939859
258.44447778749577
258.4636972718656
258.5414090574101
258.5503920218104
258.52887824707386
258.58573392788355
258.66957518281316
258.55185471397874
258.11171255663027
257.4213589711379
256.649087970841
255.99176077940263
255.49742994220895
255.20459724081996
255.198959709046
255.47986090063824
255.82534259906421
256.0387791702476
256.00990104983714
255.84022793916066
255.6483256080961
255.47590220398462
255.2983520401361
255.09815631966777
254.93106656194254
254.87504034567627
254.92059286111993
255.04433079423933
255.21723877484266
255.41113012495902
255.59434178152708
255.83283948593365
256.1142888378079
256.35073056813656
256.4981879000299
256.4750584179908
256.26892032119355
255.88580762909095
255.53940963078702
255.43229414585744
255.63321347825644
256.1184413519369
256.769584556406
257.3493385785954
257.6437456298638
257.65580794746603
257.4666210674591
257.2528622650045
257.08615087851854
256.9504211770688
256.7937611238309
256.5677457918781
256.32644439702165
256.1596563594034
256.1299787937993
256.24391085590264
256.3886494137208
256.38742669220875
256.1704503650517
255.76138932511947
255.13991460769873
254.45333757220067
254.0033300023988
253.91050211523486
254.12259512095233
254.47159927669924
254.78551706568848
254.99552389567356
255.15985716073695
255.30576809737983
255.3701421688496
255.38784382110452
255.38643733976548
255.36974699230512
255.37249522757557
255.45130409518325
255.64763810931638
255.93192430907084
256.24035627100955
256.4705509839266
256.6319786299382
256.80679619228437
257.05505209594753
257.2274933384778
257.2940971346654
257.27979190991095
257.1229465339535
256.79245910535815
256.54059158992965
256.4949911326465
256.62797049696195
256.7760404237218
256.82247728055506
256.7661541043409
256.62975378719256
256.2867030603512
255.67450150796947
254.98694461660153
254.44567245269485
254.23406593330367
254.2694622866636
254.40162330161536
254.51826103988316
254.54931158580328
254.50723286625234
254.50046951054603
254.62811159577993
254.88374312726893
255.22654200729525
255.60030957201852
255.9497976650569
256.2217327140071
256.4662076099372
256.6755043781806
256.8094025006868
256.7849769014406
256.5316601550775
256.1270951558615
255.74277066022645
255.52130666336708
255.4296034653037
255.38129834915935
255.3638798615802
255.27868343547365
254.99609700543039
254.5549009697552
254.11552450605208
253.78099140645827
253.63758536684043
253.6846677683077
253.82261597272185
253.92816645936546
253.98922785123503
254.05048415261916
254.05912488161096
253.91413640505846
253.65020111413827
253.38199676672383
253.1954675762635
253.1614387648798
253.1568119253071
253.14091685793963
253.11333307716097
253.07779391380086
253.05981662992605
253.1105199380508
253.33717018470048
253.69941156135332
254.03369254233633
254.17718046563522
254.16688039136187
254.11260205299
254.05705026321857
253.9618811574739
253.86995308249266
253.8433401419819
253.89188225586747
254.01993919584146
254.15494796775857
254.20507361074928
254.3054686205734
254.5760560963104
255.0029446419847
255.42507336854203
255.7450046110914
255.90813452104072
256.00271207700166
256.0616578085357
255.8680279761184
255.4759194224413
255.0438579617193
254.77246744220128
254.71476973460832
254.7928566611033
254.85540166717624
254.8775327324455
254.87973377618636
254.85897650690694
254.75236973832634
254.44215276821433
253.99918123447043
253.53044356151776
253.23127359629487
253.16186858042215
253.26697621941503
253.37587735900865
253.35553709363222
253.23006736271665
252.99634552729043
252.82459599750857
252.87681813872416
253.31524328279562
254.0083095666921
254.87033518478853
255.69540329963473
256.34167587591094
256.77671061972626
257.0059433572881
256.96249024342677
256.8037617211177
256.58917553831776
256.2890352511665
256.1331183996416
256.11808968854837
256.07298978697133
255.92472194586284
255.61098509250834
255.29028511592196
255.03966918633955
254.84119204025728
254.71892946188711
254.60587441742302
254.45326268289318
254.28114227393618
254.1372243837096
254.09306895187217
254.12268659519816
254.2298365899731
254.42686850819297
254.6012591056505
254.61154160520064
254.51716661256123
254.5292913844987
254.78864542510925
255.20031395081173
255.48858229851967
255.6010005911129
255.60889261418797
255.55945271263187
255.50125211799426
255.3998937703675
255.24566972800926
255.1347608669058
255.14257810454268
255.24361916787086
255.3924139812304
255.54934968517745
255.71326828189223
255.9897160480076
256.3670821661531
256.8515058043177
257.34955682715895
257.68689725765415
257.8569788636753
257.88461476519353
257.759377879845
257.4673590787298
257.0643662496364
256.62017320937065
256.3179094665828
256.1823575733473
256.25803238767963
256.44327086556467
256.62410003358536
256.74261893335586
256.8204436497855
256.8145911992225
256.7205224475621
256.4247683270789
256.015279176337
255.61852811296802
255.31488834015664
255.09672399180258
254.93196329173054
254.85955227468492
254.8803055417962
254.99741308572752
255.08890351245986
255.07038851881384
254.89079399212122
254.62329996372665
254.49164055641893
254.64175130395392
255.0667925592748
255.57641271228312
256.0505968618046
256.4541531272306
256.7310021325088
256.93722376720353
257.07509254176057
257.02789300576706
256.7618889106582
256.4439333628268
256.13836674732045
255.87866086878557
255.710548211531
255.60885628221783
255.5683626568484
255.53941635914694
255.52604742316578
255.60344746649105
255.82144190910068
256.0114763166916
255.93598840774467
255.68913435085048
255.51980330764871
255.48898544485286
255.53382178246272
255.49214806530483
255.42709746670204
255.38300822321582
255.3260649788665
255.15614489561514
254.95136816664134
254.80816839624035
254.80399659609975
254.9465491901685
255.1601719729787
255.28170381002604
255.22648296948933
255.04189606759397
254.73410710663296
254.3543530860114
253.95334989630675
253.64608436014714
253.46075333537243
253.41207127030268
253.47783799634522
253.71126811278396
254.04134390874688
254.35750537892582
254.50814672168167
254.41757632784123
254.2752207094218
254.194652359869
254.19229652890874
254.268522232937
254.41769785313238
254.6891887285675
254.86967316895135
254.95151045377264
254.99582331845164
255.05470210938796
255.0986312800942
255.00882624654338
254.69871009795327
254.2936220654093
253.9600376471769
253.791263288675
253.6851882311607
253.6879323198246
253.72820808725518
253.75543546158042
253.88075642301652
254.2112853531095
254.66093606518172
255.18066237112419
255.71814967825898
256.3242849229664
256.840704013233
257.2108165118874
257.4005284420474
257.4046177995566
257.18382581922447
256.78841361658374
256.3462008224284
255.93383881653733
255.54390880964235
255.17637019624485
254.8910042801206
254.84094141303368
255.06057408844964
255.2522734291422
255.29167159816365
255.20523213932822
255.0222757887734
254.80098930913238
254.51201378272674
254.1975040570964
253.9267736535796
253.7166447749988
253.59491905327434
253.53309279793518
253.44578051014966
253.34279012967164
253.4007274806581
253.6516717794188
253.93755583090652
254.15327851388133
254.4157278704978
254.71371947424046
254.97660190537846
255.18243766353356
255.2171879036274
255.14412138763043
255.1179185045424
255.18208133467937
255.27069238921692
255.33674552341077
255.3956000986022
255.39123695805173
255.44937720548774
255.50658831388358
255.45403787665606
255.3154855021815
255.22793619774018
255.28932926040173
255.4323659246205
255.49161077608338
255.38973637234204
255.2106078597575
255.0229913838915
254.86251620078636
254.74792551923574
254.62775711195314
254.4079913848795
254.23140384722984
254.27201080845916
254.5232957397457
254.6355324353757
254.51840509988466
254.42994640272838
254.57608841833965
254.9456519512225
255.41628078884946
255.89036465359356
256.1890039513164
256.2613210608137
256.1422132128623
255.97894885651334
255.8308353896027
255.55337105378354
255.20526684745215
254.84727049488168
254.68839126186137
254.67926821241036
254.7437413686922
254.92656265706944
255.14395738020562
255.2358567768435
255.28429767158312
255.3333873647359
255.34396831221537
255.4456179015744
255.71858535942715
256.0161575760428
256.27655886387856
256.4023776686048
256.2816441251746
256.10798427807424
255.9761812882505
255.8020191967229
255.44003016142483
255.01199102532667
254.8209322582492
254.74472285102848
254.67053844899954
254.6525268790781
254.8230627411316
255.10319144843834
255.32094205415098
255.45167910104476
255.4701381702993
255.39666215505957
255.35632893073316
255.40974748753754
255.61953492403984
255.85300079963793
256.01496053200526
256.1444216471335
256.34862502580586
256.52631612672945
256.6154349030458
256.6544951882974
256.70107502303847
256.65347145275297
256.55041830221825
256.4074536704932
256.2287469352351
256.10013468987694
256.0679408115429
256.0706485462048
256.1530210158837
256.2859798468993
256.51344134274063
256.7670233683291
256.92969335562833
256.9658167581111
256.8843209947774
256.70054768742943
256.54008227511173
256.45737233549113
256.437080810279
256.327915608808
256.05986367236926
255.8500324280779
255.75458369608543
255.6687761043361
255.67405054788645
255.76891296125092
255.78646519152983
255.78429961709747
255.8687907706013
255.91007689899067
255.91266622605104
255.8045913360315
255.61003282073034
255.443614074842
255.344556645049
255.330596534994
255.42310485617992
255.61594406195968
255.88802839004214
256.05719803304964
256.116012292346
256.11179328717003
256.0051593714709
255.85464225758201
255.84127641859544
256.0512684659797
256.35859858449305
256.56911533575976
256.5712144498055
256.39448598608647
256.21317382443726
256.1935707770267
256.315681886691
256.4633980268378
256.5014512810264
256.526068757182
256.62957257007906
256.83040371634826
257.0644984610246
257.2100186078558
257.1743157690988
257.00309019787744
256.73498290798045
256.46325582599775
256.2437604620384
256.035205799808
255.624824276117
255.09735443598828
254.76487627456208
254.70780991052413
254.80711574230477
255.06987957762573
255.36647400056748
255.49151742369327
255.45021197757598
255.3973338815888
255.34704054373256
255.39892521664305
255.45406982102384
255.44171568446566
255.40635012134757
255.36924139138566
255.3085566960521
255.20507242680665
255.04457496672435
254.92557947306895
254.9198380723482
255.09110242016536
255.43363442078675
255.75421186584822
255.7430399540402
255.4253581442897
255.0321136885163
254.8822895016948
255.11013501762292
255.29958238516775
255.18757911081858
254.9328261603789
254.75570866534085
254.7754191346967
254.8990427881336
255.08873563640586
255.39877832242937
255.84876284123925
256.063922436529
256.00671948052775
255.8657401066397
255.66253727786247
255.43542161007122
255.19166810485882
254.9715629452433
254.775916742293
254.6013584397752
254.54125185482027
254.66050802916422
254.83443434427963
254.81782123908695
254.6328110112753
254.44958176689644
254.50015218839442
254.6961493204513
254.83483203947995
254.98184909038582
255.13210699525828
255.13333377381954
254.9602499085652
254.67533952375746
254.59794577573834
254.78809877296732
254.85372218195394
254.76509100899176
254.7689730159408
254.98560828986064
255.1361710595285
255.1338319311394
254.97617458537957
254.6887508416695
254.41547885534513
254.2378214630399
254.2502403081552
254.48947722280306
254.97275814851128
255.31725598409653
255.29530432264687
255.08852699521736
254.90012156516954
254.79651353592197
254.66219810964932
254.45095561086487
254.48981038193284
254.7988718711843
255.30194828808928
255.8562331803309
256.33637898477303
256.6267461769337
256.53893036057457
256.2083711075978
255.81917629483627
255.4862162247024
255.18803607448257
254.98100259019276
254.95720023690757
255.20891397922964
255.62271866892158
255.96530192369426
256.34174489159307
256.7470211390048
257.036688016623
257.22013859747483
257.30241300093604
257.20835683976236
256.8441019639436
256.32855789220486
255.85589556557608
255.51286539407263
255.26143460245265
255.02144966356826
254.9026890811364
255.0049805289879
255.21150169882657
255.4509511496026
255.75284832179554
256.06883749198244
256.2962175473898
256.39168328680256
256.36470695227536
256.32984409096434
256.2878549905857
256.0387246592913
255.67798348749977
255.2450498235286
254.8418876173354
254.5436641898622
254.3075996670456
254.12195059427984
254.02921059107157
253.92245940552448
253.76125258494847
253.6680871398672
253.65801752687673
253.83402463287905
254.17697811002265
254.26292790032073
254.1132455874228
253.9137431283033
253.82631396495555
253.80292330763578
253.67701843110015
253.40312544993134
253.0632120622135
252.95264041348074
253.10990063989368
253.41460382262247
253.75773717964597
254.14755405825073
254.6410591167355
255.04446241044784
255.3214062981981
255.55787737516877
255.61231297212382
255.43255592932863
255.20313872509905
255.10122422069867
255.12162167626465
255.0913809604505
254.95744950762338
254.73715883788694
254.4771797873116
254.42402547467356
254.47711749877885
254.48878796522433
254.4638980768246
254.45660302325024
254.61548944068932
254.89139883520355
254.99400453778793
254.82204893130444
254.45085978300204
254.12397745752367
253.96002634299902
253.8022929713852
253.70412203122223
253.88121126751437
254.17564690117052
254.24753811480363
254.0840092538025
253.71110141258254
253.3654015500209
253.26261998056842
253.35004836763585
253.35466582039209
253.42811283942586
253.72908657605575
254.115915756867
254.38482525565786
254.30979270245643
254.02900413825066
253.70163289655903
253.36615378050175
253.28077435425485
253.35229450164567
253.4445944457737
253.37798646057706
253.31520538017358
253.4605521102131
253.73094119889168
253.91196417531287
253.9828130212324
254.1424024525195
254.44866833460333
254.735417855302
254.9523219505832
254.95084894425685
254.89568711046167
254.8870491047197
254.96972263281125
255.1782485479936
255.33444762477285
255.21035838710353
254.95460792124533
254.6933303870966
254.57560584863126
254.72877931836902
255.11259439620423
255.63347037625658
256.2004617517209
256.5208078550407
256.53274824212235
256.41778089672454
256.37890030573965
256.4160108708069
256.40802058014685
256.21500611759086
255.87139570856772
255.49223573180345
255.16170379904761
254.90078728328277
254.70149799461157
254.7002402502832
254.92940385618647
255.15329784122022
255.17605855583918
254.9401056740984
254.557615905447
254.21796521272563
253.92041703740534
253.56300931163693
253.23042481151705
253.109292814504
253.32399097127944
253.56731619719957
253.6017256277244
253.51558057079913
253.43847098744726
253.47618495356005
253.68147386241463
253.93216490715787
254.1058467675756
254.18037046339558
254.42659247862125
254.82268867073748
255.17207730842222
255.428168020992
255.50402655921823
255.42628042822395
255.2554985724766
255.0628062751835
254.9121431331605
254.8298208892288
254.76231081551217
254.81098312799813
255.1040999395646
255.53416311919867
255.86342529128692
256.06052743440404
256.211295566439
256.4270745093429
256.5731990853935
256.58649546888813
256.4767154350679
256.3126434880086
256.14606721038615
255.95150069843817
255.77551743665066
255.67668783508685
255.80663435397224
255.98725492201115
255.98934173579525
255.86878105484647
255.71488454662605
255.69317816629814
255.6896839676015
255.64965252474911
255.60296428773825
255.68676617136828
255.8140482163953
255.97883002015737
256.151902500784
256.30579991400043
256.49474783362143
256.6848782208739
256.93914410117554
257.0658456831026
257.0854971651036
257.0338439900023
256.8796548544971
256.6680903026887
256.4617465645955
256.2971421444226
256.15241853636695
256.0190198102679
255.90668499993157
255.91143442400377
255.97449468010873
255.9956111581007
256.06364104613147
256.06961872512966
255.97303628733073
255.74561078528805
255.46780593173796
255.30374319597558
255.33320316866494
255.38260083594474
255.3017219236589
255.10699184595484
254.8678796514804
254.6556746349047
254.54565877803674
254.5167620865559
254.48406856961705
254.44645155868744
254.39653938861602
254.27026688849062
254.1579504288491
254.10889416525433
254.13876434680301
254.21962758151759
254.39424165236636
254.66298298845402
255.0012443370953
255.4404165780818
255.90988761273462
256.33277674559355
256.59018370455806
256.7402081821681
256.8510346921074
256.8741698635876
256.6641743726981
256.31679990759665
255.97062816622983
255.7119742431059
255.59499490562746
255.68895365705544
255.9903463672831
256.3605697608858
256.83448047093555
257.15816814616016
257.32261814578277
257.396626102998
257.34770047437814
257.0513074996295
256.6533412058075
256.2142833890542
255.9069192149703
255.77818288214496
255.74885811881728
255.7151200531803
255.49246257726543
255.21985787192426
255.0246487775136
254.84250700498902
254.71204671917474
254.59971710766584
254.52344509171064
254.52147884453365
254.674830755124
254.8330106042126
254.92937802202582
254.97564127145472
254.9920976604138
254.99485168699977
254.94361389534618
254.7768585910663
254.5590848200199
254.46812832389242
254.64471857567725
254.9311148288058
255.2494689845352
255.60294604706243
255.71255311334593
255.58662064840388
255.32470752929657
255.07402641799916
254.8302107196031
254.60191740767823
254.56998246896126
254.52022190219583
254.43417017244798
254.30291993795905
254.22231671627364
254.31273445780374
254.56017448101088
254.7963143852695
254.95890652805465
255.04228677901474
255.1121237690911
255.13782152719992
254.94770792919343
254.4390200871626
253.92368507405922
253.6068440737462
253.48471917040018
253.37709562744354
253.28834638857055
253.2047298617762
252.98297744732884
252.78353562237453
252.78120585907567
252.90116492326268
253.08599710144534
253.2191437910081
253.2780276355946
253.25391695922553
253.33424895297821
253.4136051210226
253.40736058457642
253.36183851423243
253.3507862300579
253.52451464741435
253.80094542673788
254.25135130001374
254.6123900075911
254.87803214749232
255.11524876433003
255.15953213881278
255.03041003706815
254.83852002767043
254.60058794292962
254.2776400890463
253.93251468351076
253.74904908930904
253.84769036681848
254.2693985858862
254.70417231028614
254.99509001110863
255.09594425533928
255.09470808742685
255.12921954129166
255.19053391015171
255.16782035060416
255.0533584452009
254.95941659872034
254.90337021046543
254.92580280510214
254.97682846261205
254.98422944342533
254.86231369806669
254.71628017778522
254.58301350092938
254.38713756046764
254.16077606601846
253.92806423403567
253.8006945497853
253.85905316436617
254.07524217118737
254.39139286522555
254.51556374288396
254.46607576700873
254.34192212494298
254.17476794835147
254.050982614318
253.9533705413125
253.9654585633959
254.16809157032054
254.38178741265665
254.413579957832
254.2921340212006
254.10584674097214
253.90307613445526
253.71020754750683
253.51657388181516
253.29692686602064
253.1308161186675
253.01870745031437
252.8610866763466
252.74304078016348
252.80880819264465
253.0132714120348
253.27941962945522
253.49626388875433
253.56607900047436
253.56448402796835
253.60429592150658
253.70549165694916
253.85843592524367
253.9808406540023
253.9843069612383
253.8660499085169
253.75630673133986
253.76372534930343
253.7964183122316
253.84134359690535
253.88559407033068
254.01408742169832
254.2418326550424
254.51255135821623
254.85496803838382
255.0930222141646
255.07771307673198
254.84606538973688
254.54170428207334
254.18991396446782
253.89252628963476
253.6913597399692
253.58912015441342
253.50166856192422
253.3853755192301
253.2829630888483
253.24100754581326
253.2172648869903
253.20692138060357
253.26571428055652
253.39800858498586
253.563939872957
253.6633873509855
253.80807931720673
253.91103699842094
253.90177807853294
253.84422865790083
253.8817068443742
254.00361181018752
254.22599939861158
254.51270186150353
254.77301546141797
254.99310351322444
254.99808540758642
254.86881893135444
254.90178794479127
255.06055377192286
255.3130700623907
255.64083580898497
255.98368091868724
256.2949181632963
256.4970700905773
256.59923238054563
256.55657776157767
256.5281460684495
256.52632572384516
256.5122653476457
256.43264462778427
256.25140237789424
256.05089095645786
255.86474194744017
255.76198572343736
255.73073480159883
255.75202608307828
255.84047241055526
255.92300973714654
255.92025527229237
255.9626073947076
255.97733530272822
255.83814434992007
255.6057984848449
255.363757261748
255.20100088214537
254.96933641680732
254.77841151801806
254.68991847106503
254.61185774235457
254.529642617242
254.43462117938736
254.3186630256073
254.1456894898499
253.86537639409121
253.65756793243017
253.65615555377062
253.6812713394948
253.71273545407584
253.77220045137602
253.88882199734317
254.09677082327107
254.35589244920513
254.5611077514434
254.63855360754758
254.53569862085186
254.29304258669646
254.00425289035016
253.79589091507708
253.6971958618293
253.6889137680094
253.60987999842465
253.4947170084941
253.42594423529738
253.4580132545985
253.59459164456462
253.65183070269762
253.56687994525964
253.44569477627815
253.2019165536302
253.04736955052317
253.10404574201394
253.37712929035257
253.7601076902428
254.1530622398614
254.46912240911337
254.6403297331564
254.69547915457665
254.73464052825707
254.6528263965315
254.38897816975424
253.992069739037
253.6588089567252
253.47971659906116
253.43329050253175
253.60389900993857
253.8867344633536
254.14157261551313
254.3475873443288
254.53010410689632
254.67693833917937
254.72771412801157
254.61381101458346
254.39864986078112
254.2074609176463
254.07600842305123
253.99239583859736
254.01526622547786
254.17801580651872
254.30146941587395
254.26802715686085
254.13056169339495
253.93268361103048
253.77388983721087
253.62141862809213
253.46207504484116
253.31142081682088
253.32721499017964
253.5762924382497
253.998693937648
254.38216274688386
254.53561504342974
254.50111198768508
254.36130090466966
254.15698796443925
253.93442243032445
253.72057077135813
253.54010476680799
253.26539119037838
252.93393486987785
252.69877551866526
252.56640382542963
252.6450439974727
252.86897274204625
253.1544642855295
253.43958819490413
253.75432136218365
253.9949867146344
254.20009475276925
254.3333426678449
254.34334936293334
254.30574389260428
254.24460389357273
254.3239889939515
254.51996888860802
254.8646502493532
255.23002531770683
255.522017897046
255.74144887987902
255.82655351859287
255.72728984963538
255.54477035850164
255.5141206220415
255.54668858619291
255.71056233213224
255.9439536641642
256.0716190982914
256.0402016679123
255.8660044926493
255.67471788740093
255.5321475364293
255.45159783403597
255.41482011727
255.3646894596847
255.39640907957545
255.606708532593
255.96715569981865
256.2052059758629
256.275831372534
256.2386503419241
256.1584216110739
256.0304824717895
255.72515424906254
255.29845574847715
254.97450676865654
254.88468218594988
254.9390930664791
254.95315831213975
254.82727647853994
254.56461227576014
254.35206917458672
254.27627720334962
254.3507843020592
254.52681470195168
254.66431056613598
254.83948599334008
255.04333125694706
255.256196074034
255.46965654490992
255.4098245510525
255.22535603380135
255.10972425634623
255.01743152478718
254.89336122472872
254.85483719217308
254.94277388068178
255.14531351525915
255.41655303563167
255.64795935783948
255.8777410323324
256.1777317533482
256.5089345006295
256.7531001579907
256.79663505934457
256.60976969537137
256.13916769241797
255.4696654235138
254.88589759564167
254.60434709606943
254.59966642954691
254.90105689655928
255.35028028038803
255.6570627982963
255.81247810461767
255.83513375300674
255.8199669233958
255.79710030876075
255.75488941555108
255.74889748594003
255.66331487841123
255.5460737759352
255.52334195053396
255.468534191576
255.25236982822918
254.95266162229245
254.57885502879859
254.35650419960731
254.3207329118899
254.37149525091945
254.5301625547986
254.6954769525579
254.73234155648086
254.69742383171743
254.6278143064279
254.670317912858
255.0791815232101
255.7424792543011
256.3048846094355
256.8182159295667
257.20326846830744
257.307891468072
257.25072324433364
257.11077168899624
256.90610179665623
256.6189433531571
256.4185313897956
256.19325948874115
256.00730675815146
255.95320870941612
256.12396398818214
256.3024438097145
256.4854068287447
256.7030763215132
256.9608686956776
257.2783529201763
257.5236694550049
257.56118033205803
257.3139052331544
256.8176523672657
256.12531866417345
255.46384586480536
255.01805058931424
254.8549749263471
254.95164430818232
255.00345699329478
254.9408562674642
254.87112451616704
254.80072621186753
254.70241591992942
254.5198573200674
254.32368395108338
254.31563912260873
254.44873993546085
254.58494713170893
254.69701861609929
254.79460217348444
255.0338252973657
255.39692592358483
255.77771419887108
256.01245912728035
256.0341348912455
255.91129097351396
255.7587114555962
255.56623669565306
255.45050643745125
255.52804481892346
255.69242950308097
255.83948914101418
255.88482728347157
255.7457040874313
255.50160175089326
255.33139843439238
255.0829885809988
254.80309668863333
254.82850476466731
255.17692200037405
255.7330017390895
256.20822578345746
256.5539307413088
256.87850562899365
257.252444535436
257.55838236372534
257.6569266410179
257.50959675053855
257.21722214811234
256.790269019863
256.3575807258945
256.09814189981716
256.0551152879121
256.3132568090776
256.8962361940678
257.86984927761046
259.2216812329052
260.61517056646534
261.213782156808
260.54921817773186
258.6208559020848
255.1840928259321
249.6824517334458
241.8467902636736
233.2219468683573