0.0
291.7957483046098
276.7677046364772
251.53066627454498
225.1297913496333
204.71464100737762
191.7986956974017
185.094233306921
182.40111825626147
181.71728949195818
181.7152642351883
181.74471313932594
181.68501701532531
181.6407086816631
181.63779647564058
181.6544214094124
181.75386849058805
182.0512729009003
182.6132760577869
183.38240443946
184.16457450734646
184.79724239624625
185.1942377224103
185.25674713439736
184.96548764844192
184.41596200727236
183.74039228788837
183.02689717636378
182.2769620890186
181.47129980817664
180.5712109045062
179.4868575956225
178.2201899228231
176.9287575420198
175.78320446645165
174.78859505300437
173.87298373113993
173.0658102604944
172.425065932342
171.89489999895392
171.3770767035493
170.85182624585758
170.39851241196544
170.12460303732385
170.11813947684527
170.39199648988512
170.8442537477996
171.32905982085106
171.7544519182684
172.09892685634125
172.39652095554663
172.71688058889737
173.08624229870162
173.47813454262064
173.83940595602994
174.11723487312165
174.35620254701251
174.6620440231294
175.0346947664888
175.35949873783497
175.52252743588156
175.4407331189019
175.10017456666208
174.63753998329491
174.28740488818232
174.1609397334705
174.14086689722117
174.05125033872324
173.84454271404178
173.5824307913328
173.33112421489852
173.1147903315487
172.87235038462944
172.49927257570226
171.98732659899912
171.41723313289947
170.85917310363192
170.35081597238698
169.9087748974192
169.45851789680893
168.9583230800016
168.38055278922366
167.7936059620669
167.38952528494164
167.25624054523007
167.3267169211261
167.51060417713464
167.7396577446753
167.97580424466418
168.26897065024804
168.68817450378373
169.2088553842034
169.77559988117082
170.3763750902342
170.9965545511551
171.6104838188289
172.17522999451137
172.57583480837474
172.7589059335985
172.7388028519651
172.62527254079282
172.57735193456313
172.67084043311735
172.85490768469327
173.0512593834908
173.27194102016915
173.54769116507407
173.8508160272316
174.07693171947088
174.10617292552098
173.90624403633143
173.52509895679543
173.01540307698332
172.47107256567637
171.99092315979186
171.60078757743275
171.28152605962686
171.0332464695268
170.85291219930627
170.70165265459858
170.58646669453452
170.57031680240806
170.70801860146065
170.9135571264274
170.9754557278782
170.77847140284538
170.40404159292606
170.01137466440596
169.69519531325602
169.46980144904546
169.30532207853366
169.1215550342979
168.87384590560407
168.61581626860277
168.39286383670148
168.22176270127494
168.10987742845208
168.0599593971747
168.0656430507265
168.11237901966908
168.1936028563731
168.3489695397627
168.59792799613257
168.9523352988366
169.42877735654037
169.93878291234407
170.3037560507954
170.40312535314638
170.2407912331742
169.93425560347424
169.66492675391234
169.57881048292683
169.74083625494006
170.17403330967826
170.857438789436
171.63619458616648
172.33442799700137
172.890883693628
173.30976599797543
173.59575308774092
173.7679660034483
173.8364486668694
173.80909110774877
173.71770271076642
173.59280739118353
173.40339468996652
173.1039047746121
172.72110299775522
172.3508927626143
172.08243732029666
171.94646423826697
171.9407415696725
172.04953517550078
172.1958041678438
172.23614013857508
172.07959879084967
171.73951165956404
171.29246404252382
170.8222125269434
170.37318033160486
169.93795811662218
169.50020308407656
169.0294485034854
168.5540102446335
168.1015325205408
167.70385357778022
167.46344154287033
167.40643457629253
167.39906058867498
167.4257721024506
167.46232713973623
167.42261042252616
167.32574790367107
167.22119884730566
167.08068810582608
166.90837636141814
166.69062157315176
166.41800693584037
166.14912792068185
165.89839681922817
165.58739844291068
165.2143529292312
164.91848205799772
164.83646752538502
164.95021335614183
165.10456626169503
165.1991934827777
165.26577488680516
165.40444064896846
165.62998947766158
165.86693394348774
166.1399224769691
166.4930333789907
166.8112620833981
166.96684987603194
166.98210304266146
166.91538798728445
166.84033331855554
166.92206544424133
167.04122050397353
166.9795356521763
166.7275448896531
166.39681757514384
166.15088028374583
166.05561299606217
166.03405327660172
165.93063038740505
165.6561930341051
165.25302555398616
164.80716034674705
164.46541409379472
164.227425821475
164.09233545315362
164.10129720053573
164.1044506209774
163.97779814055068
163.80609314476501
163.70730126836358
163.76556492931826
164.07050141662026
164.6341299320145
165.4056295092788
166.24980564177227
167.1148785102683
167.98846448583507
168.778066086152
169.50684891155313
170.25598931838977
171.0006073233104
171.7762961720614
172.70155619409286
173.7993156271059
175.0166843128589
176.26629129447545
177.42189447328738
178.37623868870614
179.11165949781116
179.69572271777346
180.22610039955225
180.758092984071
181.21637085282902
181.41983803309287
181.28187497715095
180.79364141881837
180.00163814796616
179.05659039720712
178.1158829609511
177.28284326182222
176.58981968528718
176.01512752004356
175.55175056311273
175.1985629059063
174.92895485613195
174.73417978436862
174.59114864174435
174.4768303485954
174.36121097483846
174.18124888222195
173.88333217897016
173.45905943038986
172.9761803170158
172.53129140879958
172.1615191983741
171.83400006172243
171.50814328701782
171.242248933217
171.14923004561405
171.21559220038256
171.384627392931
171.63289781473853
171.96771289147384
172.35492109414358
172.6972834447394
172.93464328429187
173.0453711326076
172.96165630526949
172.6546722844329
172.1839896157945
171.70800229496132
171.45575669416615
171.57771514838163
171.9876014293595
172.49614016327675
172.94016997623316
173.30171461359865
173.65325708881085
174.0067203489545
174.28311821368592
174.39803096512676
174.26881592960325
173.83493936145828
173.14668035466525
172.38000017768414
171.68286447482132
171.10273752861164
170.6881521157443
170.48462192674407
170.4355720200178
170.41311669039578
170.27186195519744
169.95763605265884
169.54966398779956
169.18241782350827
169.0015368458039
169.0293438546954
169.1339383307552
169.18990737257155
169.13273448164514
168.95447369163776
168.76470403106146
168.6826912561665
168.79052147754675
169.02422403552927
169.25919430717457
169.4317253553558
169.5441941362811
169.7752179435691
170.20077393558745
170.76212689293877
171.36595249743644
171.89619787887486
172.23816542516659
172.33765846662175
172.25029525434775
172.09788078022277
171.99022304120442
171.9419459161305
171.93642337990343
171.99721922694374
172.09714252171108
172.16903627217366
172.20806854735486
172.1829932813933
172.0635726910342
171.89542729012098
171.73149571340252
171.5875255933372
171.45501055294633
171.29514854334016
171.1115646118104
170.9245774111757
170.78333178812125
170.71783168987542
170.71044141433475
170.87944431413592
171.23469533171118
171.66315271545233
172.0345443904667
172.30512922217792
172.51211609677006
172.6475529057356
172.7092238077479
172.70169572966813
172.63893837865177
172.5633140395241
172.55363761739247
172.6924782204465
172.96297780610553
173.23255632273998
173.42548354016117
173.49697793669856
173.41926665494958
173.27736739126775
173.2253275504445
173.31997488100808
173.5302742070624
173.8117871455081
174.07314493613828
174.28593759303092
174.41332762335492
174.38976749241985
174.2226913119232
173.9525820162822
173.58695524282575
173.0843672073657
172.36128443829665
171.4838510978962
170.6102407174664
169.8111216634057
169.07241553385103
168.38532692658237
167.80242636198744
167.4643055635363
167.4216099127615
167.6030812999757
167.92275783594823
168.2494396776201
168.44903170058572
168.42791544393816
168.25986796713505
168.08318437823917
168.00753919126504
168.14525660010693
168.47763182169973
168.86636771893245
169.28108018631167
169.71104985697667
170.1438586316188
170.6313270313967
171.12443875405845
171.55239015189585
171.8897861301574
172.16986804332493
172.4585791082368
172.77339049362686
173.07705872409466
173.31475962081635
173.4219529903617
173.3958333017862
173.3161007050922
173.26050759758252
173.25493530733468
173.32532371381257
173.5236866338725
173.85909188322313
174.28039050133003
174.70136603483536
175.0679842601323
175.3629754036839
175.52929566558856
175.52862186537556
175.41199693747237
175.20233219912836
174.92138921084282
174.5927057573267
174.19360070747405
173.7530048150456
173.37251562704097
173.14686629857218
173.145674889198
173.38380694290524
173.81805402815218
174.36624301157883
174.95430359055047
175.56203293933913
176.1801323086199
176.76167382362956
177.28302955127475
177.722871287218
178.042034933501
178.23395850295014
178.2853250034018
178.15954591253825
177.83500485019113
177.36129084606372
176.86063675569616
176.39317489742533
175.92340667151257
175.35626340517803
174.67142796854077
174.00846556463287
173.46969081110052
173.03456941370433
172.65478028831035
172.27023296626328
171.8334468088318
171.3405443030134
170.796806631652
170.2481216320166
169.7933534276467
169.511745054835
169.40665363697508
169.40343004712184
169.4099213520226
169.3465771281298
169.1742403260639
168.88965427505966
168.5539204006065
168.31355503218197
168.22138962316004
168.2191098777292
168.31656243021249
168.59592818073506
169.0406623322348
169.57061364187732
170.1952027959697
170.87690879213008
171.5431965308407
172.12314203156143
172.52663161271403
172.73621550189398
172.87419603867755
173.07599174428066
173.35820141798263
173.64898394346747
173.85177188327856
173.90254589362556
173.79982337397453
173.5872207774725
173.3632625995155
173.2585735444956
173.28866444278518
173.36337031516865
173.39949219899276
173.3516839048178
173.23080282345057
173.08275032045805
172.84341459084996
172.36677641725421
171.7384273879383
171.11722677474586
170.56447096811394
170.09322235957842
169.70774026443212
169.48383324259532
169.47121305179354
169.6084838781801
169.77329377711297
169.8541391502625
169.78801832143643
169.55704384179796
169.1579334957472
168.62669741275815
168.06258654765384
167.54223234075835
167.13574683367412
166.9439920509603
166.92207733006813
167.00155370609986
167.10315693052794
167.15848337475705
167.2341482038278
167.41990988295004
167.68221699269165
167.94894835623492
168.12427172251043
168.25013248710385
168.4646240673147
168.7492313160881
168.98949998434102
169.04523938307833
168.96254453260943
168.85344651910535
168.80910884025155
168.9253381420496
169.22578140004777
169.7360848700052
170.3336518564651
170.8389927646122
171.25445048196326
171.60445398825817
171.7970773121001
171.8177236350548
171.71516560850552
171.54150661313048
171.34416480902007
171.19359760659765
171.13414138711377
171.14032041177208
171.207039215504
171.32297896735403
171.42392652248859
171.4927736628497
171.53351277245224
171.46703806676433
171.18755291634074
170.66771653428395
170.0129993243831
169.4179847717439
169.0301379402568
168.90716475067728
168.99429921143013
169.09669692027427
169.04009276493392
168.81559779274752
168.5056296939139
168.08331257484306
167.5448633369383
167.0471419285417
166.69254535036168
166.55434249099912
166.66102884855718
166.96569463685086
167.34831443897005
167.68059487925228
167.95003479577883
168.22783283970006
168.56323057411055
168.94283972533185
169.30287073287855
169.57976716072238
169.7448535824672
169.75677402990885
169.6498949272334
169.4757519584862
169.2844465300417
169.15377263863758
169.15448215132574
169.27706114103628
169.39960513716602
169.40693121237547
169.2651041676906
168.98327954838973
168.58808014972692
168.17763031262515
167.883393588704
167.7770145299454
167.83597589096905
167.92558034908063
167.90253138654134
167.77555270190192
167.64542881613826
167.61735125017884
167.73694827163078
167.9031609906422
167.9637352104783
167.87116473512066
167.61748638907557
167.2517240071742
166.89318624655058
166.68487689075357
166.67990264163672
166.84299296194914
167.18388552025576
167.63347622306063
168.10264990056336
168.56271689998917
169.05133885571198
169.61218040976695
170.20185090122897
170.71921252265182
170.99870737215736
171.0621775118547
171.06915919715448
171.144223011012
171.32747377437983
171.5747598345883
171.84472808934936
172.12910801794948
172.3974900091066
172.61804974633336
172.75335985071837
172.78156454980967
172.69908084895218
172.49091542095485
172.16830845109675
171.8266497866065
171.5464528138897
171.28233999964175
171.01177411371827
170.75162876030618
170.48525855634065
170.26902844814282
170.0912226396534
169.9416749138685
169.8189863253413
169.7229242794888
169.66368892748113
169.63562596871284
169.5900310598921
169.5563771089149
169.54792216868094
169.47754212802027
169.31026523458303
169.08438140168275
168.82427986270886
168.4935935988643
168.11477973125068
167.7989274282149
167.66948285242938
167.7672611929707
168.0792179544416
168.54825099582825
169.09526967756625
169.59828699719134
169.99049366017084
170.3481010384375
170.65332611380114
170.87464216476883
171.05202148314768
171.2351066249189
171.39115572344258
171.45944777423483
171.46892273668308
171.4819172585881
171.52802569052295
171.59818779093197
171.65107819208768
171.67137367535668
171.72439748261627
171.885560383871
172.13385481559789
172.32846034926666
172.31476842518518
172.02674161586316
171.51140207010687
170.89415411035813
170.2906289749026
169.78140336876203
169.46384741509294
169.39529248569477
169.5585781310446
169.83808246546067
170.1043003543382
170.29283135308629
170.47042525949047
170.7089787409948
170.98443958135124
171.25304122642498
171.43142835691495
171.44905343481634
171.3669388780255
171.2927096731146
171.26231154805413
171.28035415022015
171.34078074868268
171.39666110674335
171.41238038304215
171.3601834310225
171.30077153548268
171.28353968311674
171.2816589993248
171.26826819453444
171.23037881794122
171.13088194711563
170.9544392879259
170.74997456649524
170.55740226219095
170.45405495432541
170.46831481862782
170.5336375656581
170.53895571121393
170.3657223198805
170.0434327023279
169.706373798711
169.4830830801281
169.42318894205314
169.51118415498462
169.69252234957574
169.8444345707057
169.94319871965251
170.02170871702882
170.0847382846042
170.15282415385235
170.28516021163037
170.47081123103152
170.5659777276664
170.5812131487546
170.5896152622032
170.64510011057487
170.78339996888954
171.00629230285378
171.29126778298655
171.56463967584733
171.77408526077102
171.9055260806716
172.01485459919803
172.21444665338748
172.52189197138065
172.86935525087654
173.1652252124817
173.30731026659194
173.36773053409655
173.37306363359247
173.32716125999136
173.30905147993928
173.32682822202355
173.3970895569991
173.38270600997666
173.1204138560313
172.6646622234869
172.2736922141707
172.1229506743532
172.14741538984765
172.14847415658497
172.00888166067216
171.71042219594344
171.2587122859748
170.73473249177343
170.2423016062851
169.84443559052693
169.62575129082776
169.56528491449484
169.4793984468905
169.43679091242632
169.6226629568301
169.88407136844137
169.96338989515098
169.8630462538643
169.63073123736197
169.36161665128157
169.13319750449156
168.94760937298466
168.76356316135158
168.56016865484145
168.32281467260998
168.09132028516166
167.98547115894763
168.09898897817445
168.4059958197335
168.83020704073914
169.32177986597594
169.81347561462943
170.28637824879775
170.69360545260534
170.92526318829857
170.96498883625077
170.86451846305306
170.6786919533202
170.46723091188107
170.2381490640267
169.97738660551954
169.72507702425554
169.56077607541755
169.5103412601399
169.56183443652202
169.59932560422303
169.55189383744522
169.39632872535896
169.13331994471872
168.88572889573126
168.6697245477846
168.49247176321046
168.3827883271598
168.3125196592841
168.22405142039943
168.1142911117015
168.02954673010493
167.9805761028433
167.94142928381223
167.95410514951925
168.0599397167326
168.16128184296534
168.18107594204005
168.1228451649931
167.9412492782057
167.7578359502745
167.77278944530508
167.9149652903024
168.1056784772997
168.28166009834547
168.37377673486168
168.34410142072858
168.21142996837546
168.02814935008246
167.84831738225168
167.73184251745198
167.6637494776796
167.57127699690437
167.53797064856087
167.72787986305337
168.13626108730602
168.67601749005306
169.21049839110304
169.64384246547309
169.90033386243758
170.00929420118857
170.11178827350443
170.22809099772525
170.32141314868622
170.34725897505555
170.38660650105538
170.50970329441944
170.63875168022537
170.72345825954744
170.83304891069218
171.04309531618614
171.31151732142297
171.55131679755831
171.7559086140919
171.8991701059828
171.9218849223822
171.92922156076585
171.9007395980286
171.73236868625526
171.4286303596069
171.1559698055527
171.04863215584498
171.0042748475013
170.92700202144968
170.91466241482448
171.02719922306144
171.10083431704885
171.10944492768942
171.24918747149349
171.48052457660035
171.61592940591544
171.53194176658403
171.37212704661715
171.21358485211147
171.07787176807582
171.040710533613
171.01207113956156
171.14712812600544
171.38512854363165
171.63704858337417
171.91651363939258
172.18460950057528
172.4162048371997
172.59793188432153
172.7489179861288
172.88757576585493
173.0068471093204
173.04653417314904
172.95000201635236
172.7207428772947
172.3660081304928
171.8796645288917
171.34727944268332
170.93585068584304
170.75125201011866
170.6871074113156
170.6824976601215
170.87688703511782
171.2023618339029
171.4913022617075
171.65785742224477
171.65081234434479
171.48995822834263
171.2941575603977
171.09147455891804
170.80689239853453
170.47169113395546
170.17911074131393
169.88646797363407
169.521450717555
169.1506637309452
168.913133283241
168.89683244665693
169.07194511895133
169.35259296439867
169.65348093148594
169.886160478837
170.00693219921322
170.0559169317035
170.07675073481215
170.12118570076427
170.22942999094212
170.3834145454166
170.5325640720718
170.66495060513762
170.78122634099037
170.87420405183872
170.9864753189981
171.16825226265345
171.37297888120983
171.58310933380886
171.87238397576155
172.16107510193441
172.36730291737513
172.58053157372433
172.80144516976048
172.98551119312341
173.04383220676797
172.85167086795687
172.54768405393565
172.18721432669253
171.82121237215063
171.51025340336776
171.2990670939757
171.1950435689684
171.12055936930423
170.97029253610685
170.6113217981947
170.01377211199463
169.3888629437598
168.87491307032207
168.42734723473018
168.04082223084447
167.67428398243604
167.3657172091189
167.11284918456928
166.9166548798138
166.8354872425861
166.82522939747554
166.80304485475313
166.78728267225472
166.8414456244524
167.0486121352565
167.43525970657004
167.86763632372475
168.20415569328426
168.45660359729814
168.5697777855106
168.57493389466052
168.55547661363573
168.50002866968896
168.51452064253488
168.66300675900754
168.89660280347272
169.1644239926352
169.43651289405108
169.60721840888675
169.58354931962864
169.47997141785055
169.35572513964655
169.23473512562953
169.0457608019232
168.75880969924057
168.50175434821477
168.2823072910923
168.0989501738548
167.99697602202
167.97770220467106
167.94736331789642
167.92474853730454
168.10640193933648
168.45315815739895
168.81689528535662
169.10020027845331
169.25147673567545
169.283585972956
169.26029745421508
169.2193337249469
169.1108595430331
168.87145134614332
168.5323230401203
168.17641273833243
167.8513326572889
167.60922201566245
167.52813270060864
167.62250134648548
167.77344515250172
167.879772156811
167.93072255420913
167.89485704520757
167.79387117250857
167.6815971454836
167.50566965768726
167.34613514339227
167.39246526377858
167.55561113360372
167.67333275052684
167.66112433120858
167.42767791011264
167.12086323687114
166.9934229557642
167.01913591863251
167.1720643992747
167.41636912393128
167.69961509923147
167.9820254721387
168.1976532901627
168.30216955124286
168.35172069974823
168.44531987157896
168.61663128037827
168.79914134136905
168.9568686311097
169.10133884037262
169.1926448714483
169.2428848307519
169.24374331348275
169.15840131472825
168.97096274190216
168.6896516587725
168.35724292714102
168.082724608126
167.9589042984676
168.01122924753628
168.21100372502588
168.48322993316373
168.75832167187482
169.0454781757362
169.38892558032043
169.74491185029962
170.0358081854058
170.2517069954075
170.4222980122855
170.57820945855636
170.75029003083463
170.92533709918536
171.08693745086603
171.23901111897425
171.38239822217562
171.53259416661072
171.67208267632466
171.698847017439
171.62187048472754
171.57379081213756
171.7016724619623
172.05338713763126
172.58997597449087
173.26243596921165
173.99141970538875
174.67906293269482
175.237547656578
175.67077426650692
175.99630776942843
176.21005203359823
176.289665457625
176.13262782713252
175.70752090343012
175.05564537720807
174.33195719234376
173.70444532314366
173.26055482917295
173.03234370981923
172.93291113264658
172.80042367478399
172.60880561649708
172.2906328126627
171.79382519407608
171.12242404328103
170.37505019361635
169.74564942161768
169.3248157862924
169.03397280092986
168.7948231877259
168.57091508572017
168.37731261536112
168.27516670216932
168.28739381927193
168.39503896882601
168.59132634101815
168.8865354392238
169.29616384485996
169.75644457790514
170.13820299257378
170.3797286094586
170.5221438643057
170.7198604143715
171.0598744116857
171.46945421956923
171.86922695868896
172.2159272024287
172.4019208022806
172.3570299033975
172.1244419720479
171.82325022421657
171.56275134921418
171.39015386076932
171.26879730829307
171.15146734231428
171.08923198173994
171.04567796269325
171.10339140996527
171.3161747700272
171.63911542324612
172.03015792368134
172.2946833440969
172.30450634994497
172.1151711419833
171.84201247481917
171.54089521207504
171.1403371500539
170.55591867458142
169.93758030903854
169.3842665803478
168.81213016603402
168.33651742507695
168.0991999826184
167.98340917492243
167.91431950782788
167.97662694393577
168.20257973603373
168.5173483079823
168.83330150761782
169.10625872228985
169.28981279484455
169.365473506866
169.45714114193567
169.53465944213235
169.4875133914505
169.27264998760543
168.9687836904352
168.7674884629458
168.73371867823676
168.8118557335005
169.00609173025674
169.26947049028954
169.46228061371815
169.54579179038342
169.55247130245135
169.43457321064105
169.31194617397585
169.2395502958522
169.22196376590867
169.25953755794583
169.19465438356664
169.02348776411384
168.83571645213482
168.61372295075267
168.40097351626974
168.3074841479987
168.31081167496848
168.37389584232156
168.50972638839107
168.54563952344634
168.48800565711718
168.41967119925715
168.2488868912137
167.97563946606866
167.6466859608953
167.55073686292448
167.72310459300502
168.00621461997684
168.34901649647742
168.6105570529927
168.75045475875808
168.74265245627691
168.7036094165953
168.74490710030054
168.80902281115146
168.87494192046734
169.00635143112632
169.1760466591425
169.31850150261795
169.39259469046428
169.4251908209944
169.4685511373333
169.53183192410094
169.6153847456326
169.65081707932777
169.67111250642245
169.77008710086324
169.9529792539271
170.17487951810898
170.40187091144415
170.60482043254308
170.72688438374453
170.77735708056753
170.70920009810843
170.52244600307114
170.3682288388457
170.18050711998978
169.8628970497694
169.45712854332467
169.01859966021698
168.55330769590103
168.1606644345644
168.0116932456962
168.0847324947183
168.27659761744684
168.48611800060223
168.7115008985963
168.9896041087488
169.29008487987204
169.60108081171296
169.85118936980894
170.01358508466848
170.17340728105597
170.38811647065197
170.62969127466428
170.88432215063813
171.1859138487594
171.56973128873975
171.99750008201602
172.34515664312414
172.5766354214233
172.73494419165712
172.86118664702724
173.0165712070318
173.03449343085464
172.89544387190634
172.67270210866175
172.42645991611198
172.18713291035132
171.92403047201262
171.6699974042878
171.51464022040795
171.47353444053124
171.49751007370537
171.51342362620184
171.45371467325413
171.36363493346778
171.38626129622813
171.5759283322949
171.84105528310835
172.06919819083828
172.21930983819576
172.29974571585012
172.35356277942003
172.4422313295167
172.54407902287747
172.58772557442285
172.46770821085116
172.16009722723766
171.71680669463115
171.1660392510838
170.58030437411
170.01922266519875
169.536080225414
169.18880380758318
168.93037721009586
168.68566423944722
168.51421499341012
168.4765574285325
168.56944242381286
168.77541042165643
169.01811028942217
169.17995842125882
169.1913760150272
169.07715186523572
168.9232079873832
168.77801648440223
168.6792356161385
168.635484982609
168.59728720208994
168.53729980462958
168.44444909086155
168.22622735044604
167.92497845269804
167.72394141546405
167.69532769232467
167.72786770580421
167.68694018225742
167.51385769469812
167.2530543790725
166.98244163593324
166.75081378059437
166.58274925643013
166.47245354515442
166.3698619038899
166.16006406855598
165.8270578627935
165.48782615418648
165.240040113559
165.1252633259661
165.08741598988317
164.9714079755404
164.85493918220746
164.90631205063784
165.04278833927805
165.21787610265415
165.43782062081897
165.7421507236013
166.07965846150478
166.35294493778284
166.57002097497406
166.72316814606305
166.79965366211997
166.8820460658685
167.12457674971347
167.61328208147208
168.2743631535751
168.90791326608462
169.375664930477
169.63198025261477
169.7603140329254
169.9299173408841
170.2419950901032
170.70356449806218
171.21283269152275
171.62531473139174
171.81560504850535
171.73186002639372
171.4788183904002
171.20758378298976
170.914583344875
170.60030411801307
170.26724988613847
169.9042060078208
169.43059390876374
168.80680283754666
168.20941299622604
167.74569707223293
167.33635234303495
166.99986518267718
166.79792497102966
166.73019277079726
166.79928615210628
166.95171896186642
167.11345847188275
167.26042767325083
167.3979890859339
167.51698370592055
167.6051770232975
167.6588926793789
167.69779075004766
167.7790645573567
167.96807829185366
168.35196055288836
168.97925535276565
169.75903704045712
170.5590405545842
171.25000173277402
171.7445277733982
172.01815499844682
172.14703398665023
172.28760536258153
172.55135512996327
172.9107013523887
173.2897270121317
173.5781407516812
173.64477122360145
173.396101361112
172.94426295569883
172.6288303516829
172.54255714738287
172.62892750775387
172.73793912317345
172.73691789005647
172.53696974340335
172.13884437761664
171.67264656706695
171.23934946563094
170.93454807346276
170.69977248346976
170.33341709086446
169.73302668448875
168.98646998023483
168.2461087268191
167.62182713364282
167.1831580402581
166.97200240427446
166.98434938017684
167.17398870348765
167.40330999996007
167.50286385061486
167.56585081194072
167.64638083936606
167.68962888540767
167.71776397986966
167.79212888939216
167.89944066297846
167.94150272149153
167.87802329588936
167.7839202745994
167.74431356184417
167.77112598456628
167.85540599355778
168.02749972009872
168.3117725674436
168.67862076366308
169.15603509790088
169.74754093389885
170.2916497158041
170.71174029030777
171.0289733540946
171.23415214245847
171.36951774697405
171.48024404224014
171.52688116350805
171.55575891800595
171.68319991357401
171.93409830699437
172.29285421858847
172.70130369953623
173.06976979889305
173.37571693912366
173.62664399154585
173.7497304309388
173.76007434041293
173.70046309876207
173.5078182714083
173.0524821172442
172.35836634770934
171.58780552944012
170.86395434385642
170.341075863051
170.1002675972141
170.11128890191435
170.30697889227446
170.6189099979655
170.94589822460523
171.17510023020424
171.30913315289013
171.40761187975295
171.48821540181584
171.52958765195842
171.50286072740352
171.39877309154218
171.25508332026152
171.12936534267186
171.04762040795433
170.99984350194822
170.9612839829177
170.90293351879265
170.79459364165592
170.62024204857028
170.42214849975537
170.31572358421622
170.34979308185058
170.44516745403268
170.5055973628099
170.50989008629816
170.5069790470412
170.51527678664291
170.5212006801934
170.55305904753882
170.65395957403177
170.80962391305752
170.95501366849908
171.04226710405447
171.07241433814227
171.08174258189263
171.14426415546222
171.32217217372386
171.5522079153352
171.69694968348108
171.71258217753171
171.63987226220874
171.53468907354159
171.4140115520349
171.2636698273373
171.08384326022934
170.87988599801986
170.62293735771397
170.32502685269043
170.06683918734825
169.92309330057896
169.93100117999077
170.07417754552228
170.27198635855945
170.4533589357216
170.62343848083057
170.77496228668087
170.84823777889824
170.78881739177655
170.6075543610445
170.38719741699612
170.21501221745544
170.09509534171514
169.96526341089756
169.79094955896147
169.60348381017843
169.4295314391216
169.2409974488764
169.04717737529418
168.8808106641749
168.75466916405318
168.67957581840437
168.68260945083182
168.80268219117013
169.0686174958022
169.38999460464407
169.67019815484016
169.92337303209553
170.0908319696908
170.057812652959
169.96610707841918
169.86088369388494
169.82172967725694
169.89314173067345
169.98009928837678
170.004947489601
169.9389033504222
169.81469253244816
169.72664894460226
169.80329420020257
170.05268467475943
170.3132912266146
170.45513610265016
170.48351987010878
170.41451937430872
170.30766191041045
170.1431919279908
169.8735788919755
169.55123821426267
169.2511010694526
169.00387591555264
168.8197373026546
168.75411032318857
168.86668548397347
169.1536540514306
169.53364850798997
169.86110236800235
170.00032129216856
169.9249079494656
169.72211268511717
169.50439305651517
169.3289824721718
169.20202530874394
169.12339826469972
169.11234391576897
169.1705308480294
169.24892629755257
169.28565327161996
169.26387996846088
169.24074601041733
169.32826387642024
169.58773044933162
169.95522539097493
170.3357993404639
170.71307628871855
171.07751939372005
171.4245425037743
171.80565020920855
172.31604430417877
173.05286756869833
174.0051150078024
175.00930620657545
175.80852878079983
176.072988796849
175.56824754242578
174.35500687922303
172.68420457578358
170.89410635487104
169.37107049689942
168.45646641907894