313.38662108354566
310.59694645252205
308.71872696903574
308.02688993022974
308.2128379014519
308.82677968584323
309.444573986136
309.92358372626495
310.3991643410278
311.0017856964325
311.8097300296958
312.8099193170213
313.7643358769077
314.51580579239135
315.2314816563577
316.10693917152776
317.15863175432827
318.34342450912976
319.5570808115252
320.6582751461554
321.50785791932145
322.1912975275108
322.85503307512204
323.58800517516005
324.373246451483
325.1883596511875
326.00309881063464
326.6873812883282
327.1567319232076
327.60347837463405
328.3435700640106
329.3897492316079
330.45111300748874
331.2575046822141
331.7202199103194
331.82200166709146
331.61408207368487
331.30383202664666
331.2091945397484
331.5984700758937
332.49618328800454
333.70360390699693
334.9004146744601
335.923488394046
336.7301363398803
337.2424517596014
337.3639383186463
337.1839239551152
336.96006728188985
336.9091709563655
337.08104612022214
337.3675749303212
337.5796803100626
337.69464434878915
337.81263797676013
338.0103647034957
338.3020578337398
338.61291786302894
338.8757364282478
338.96330087192797
338.6969934828322
338.1675390361586
337.54031956069014
336.95533448796283
336.56463103054125
336.47795698118927
336.6449431123426
336.91111748029067
337.20704603562325
337.52783919284656
337.81892381679637
338.05649826520425
338.2663693387233
338.5183155368811
338.89277204126745
339.4715479452299
340.1751492766098
340.7766684910068
341.13360673010243
341.20454889669907
341.0710711593139
340.8882448888967
340.7665220741885
340.7520892196727
340.8499500884749
341.0210769417104
341.2162371076608
341.4057638552426
341.57648483763796
341.74669547147516
341.8427536692617
341.72564437853373
341.37526490764674
340.90740612552537
340.5042174665113
340.31739088283973
340.36876546487247
340.4676312734555
340.3581715193082
339.891439095702
339.0634152034109
338.18456934824815
337.54158583184426
337.27811115492153
337.43956579333417
337.9554732375857
338.77206745659663
339.7774815731752
340.82474243092395
341.71703149242603
342.1215634059211
341.94765610776784
341.55010482687396
341.18102733654734
340.9205352469993
340.77872171320826
340.74949450325016
340.767752503014
340.72692858875587
340.5980451292514
340.5392786541622
340.5942214400675
340.70148675531954
340.7943501663636
340.8099634577876
340.8455495214067
340.953736552587
341.07141843453894
341.2361092450089
341.5034870241831
341.8747325809257
342.24468233782454
342.42242760895783
342.3010715645882
341.86399215896506
341.21914424290924
340.67268943860245
340.4721547345876
340.5556001618982
340.68761777873283
340.6416924051253
340.3526229766364
339.91037609630905
339.3987086501314
338.9985337633313
338.92028094378776
339.19678360293415
339.68617770914284
340.1887431787523
340.6652650875401
341.106899803926
341.47158671737316
341.6667165025505
341.66896762690044
341.5151584508427
341.27988978940846
341.071324096873
340.91275855391024
340.78560277052657
340.70831853609616
340.6845443052186
340.7017529341513
340.74035506611887
340.75712821800835
340.68642294386916
340.4934728416313
340.23105655557833
339.9574216355067
339.7187622133274
339.53413522417793
339.40568292924667
339.34085460972824
339.3138141713285
339.35804756097787
339.50174539955356
339.71436425818786
339.8851273696991
339.8861967225006
339.80340728292185
339.7817483769667
339.7552483267483
339.64425000969464
339.4306759734311
339.0707218699988
338.5302955268246
337.9440984352722
337.5512209503408
337.54783251560934
337.9179436118151
338.5177613407146
339.23897987676185
339.8888854516268
340.27227330658684
340.315594161671
340.0622022037382
339.67316861814385
339.3628238984704
339.21050623424225
339.2032831008877
339.26815771372776
339.4178577184241
339.6296117030148
339.8368308229096
339.9418572706097
339.9047872410162
339.7895596027858
339.6848875430137
339.64467558242717
339.73573126018607
340.0449898642139
340.57273659761813
341.19025085863404
341.69104643634427
341.95897076792465
341.95659096183147
341.8406827788468
341.7677520258997
341.6810270724526
341.4742512283285
341.2558658067089
341.2894554297579
341.6224735644329
342.14882329454787
342.6751009977135
342.94988297403546
342.7865502047641
342.27112178548185
341.54853336447127
340.67056400954965
339.7590185627573
339.0135805946812
338.6150782416647
338.6936028144994
339.11035027330405
339.55014259061636
339.7785786465051
339.69319609924224
339.4317091326051
339.28991014550047
339.40238529684433
339.7620332437294
340.3450162805267
341.00328372938765
341.4414757324973
341.53532241996334
341.3013845441686
340.6655525285696
339.7737329946619
338.9697815549844
338.45423323010255
338.30921317250045
338.4787571190053
338.8160310418593
339.171773602207
339.4060901749247
339.453078931369
339.3303875325386
339.09902029797496
338.8399525230904
338.6021719073152
338.45833418235105
338.4539593196895
338.55312491163653
338.7864144875497
339.1335617454828
339.513399068818
339.71788261581105
339.6375176421104
339.3365809912172
339.00048133707924
338.72818385385665
338.4571545915272
338.10089544938177
337.7432982308875
337.5019001624338
337.54872701560316
337.84005194231804
338.24239339049535
338.7988894707662
339.4179002676083
339.8324142340058
339.9147600920618
339.68221526162563
339.1560291581021
338.41662229589474
337.8122953789683
337.7097556682131
338.1459459694218
338.8935529633179
339.62088199516535
340.15611210655715
340.4607668468296
340.52907007562237
340.49698143082
340.3750955888426
340.14270606955347
339.8903820621411
339.8043038126562
339.9105805587001
340.20413225102067
340.5029761548418
340.69762633131575
340.85322598892503
340.94894255799
340.8980857158716
340.69328547343474
340.3360796430238
339.9391701071954
339.61273283017624
339.4045460257653
339.27156277375104
339.1933086324921
339.2650979968339
339.53769992702564
339.88893020864396
340.13801267050695
340.1583828386679
340.027733979272
339.88654831089013
339.7820295744157
339.7472632737179
339.7820510716957
339.89724826422963
340.05967080434715
340.236228787175
340.4053829381222
340.5589929342266
340.6275815736445
340.62811411902294
340.4956955233909
340.28518413852464
340.0950371816383
339.8034116680615
339.4048984664852
339.12238063747907
339.13222924927203
339.50790769569164
340.0088186620269
340.43353618252
340.7349027271499
340.96818501647994
341.1404506085908
341.2187130384174
341.2439116546859
341.14767146301637
340.94938513770796
340.81034900318986
340.7904178097158
340.8116244533153
340.7991208723307
340.7696522944078
340.6668009661122
340.5103513800259
340.3154693855064
340.1596109096215
340.0843646876445
340.0660284747189
340.1209185246613
340.39390008787115
340.91349837863237
341.53399229292336
342.12966340239336
342.542870953048
342.69188952050644
342.53199973243676
342.13767247753685
341.7604631088461
341.4198497689853
341.07159049858194
340.78142364264625
340.55919115079917
340.48476455840444
340.61209042286134
340.7567092245753
340.743795780314
340.4517726365893
339.90766536660556
339.3968697142618
339.01615679914994
338.8292813432179
338.83835661083486
338.9998324142027
339.39827605861194
339.945000893233
340.43246371355406
340.82907817097885
341.0181926871595
340.84726850172365
340.45641105160246
339.9960063690579
339.6191969511753
339.3185229384243
339.1595025777711
339.2693729992946
339.64906953304694
340.27111342435074
341.126250477662
342.0976306021804
342.8469773772869
343.2039923188973
343.1459848877764
342.6767121285775
341.93356993732266
341.0141278430607
340.09986329225217
339.40672347946713
339.0728540843033
339.1938996943506
339.774570257027
340.594378404179
341.3337298277399
341.70676839667027
341.4716847629933
340.84468282615046
340.20581382751124
339.6601009204404
339.247008961744
339.10659395801395
339.20693204745817
339.3585822365184
339.38349787000453
339.30509870662974
339.28040451026413
339.3625530008937
339.5276477773089
339.8036714086236
340.17653994592376
340.5026474964177
340.73279765678575
340.82493250011595
340.8702686714327
340.92717753080274
340.95646150427575
340.9765804721217
341.00683258131414
341.0689615848978
341.16758581504325
341.2269549526901
341.23901828787433
341.15315906145264
340.97050186416874
340.90371092692146
341.03974725674806
341.3365617240865
341.7141637333249
342.0289010912086
342.2435451267271
342.3220375114989
342.22317095205045
341.96301078574356
341.5691936186382
341.027313313122
340.4343053756288
340.011642831382
339.76649920039114
339.5888803148504
339.3252256272888
339.0627119845053
339.0422942457241
339.2431226369823
339.42588943658427
339.3733361387259
339.02951509334605
338.68763247228384
338.57056842978574
338.71130577769117
339.0335572096545
339.3277371628632
339.42853513359546
339.2699853753659
338.95739756495755
338.6134583950942
338.4374098376006
338.51048624320833
338.76483954852677
339.10695379035263
339.4949165052333
339.8625282727815
340.0848870424291
340.0769980307146
339.91848015300775
339.73984404344236
339.6335983029183
339.54427060661584
339.4997382752868
339.67462360098045
340.1291498191514
340.796472225493
341.5176664212784
342.2534336525635
342.9815530892223
343.55637812408844
344.0045257214988
344.3508162555062
344.5258956643838
344.35162536369745
343.8238312317587
343.3533763021603
343.2176557564749
343.51384593143246
344.02736880899914
344.40903394220425
344.4158141920242
344.03038661553444
343.4440672387242
342.8277265405337
342.21745560267726
341.49215738796164
340.72181573862866
340.3036776508941
340.37780879328994
340.7026900283168
340.9392457736622
340.8857911924982
340.74447228892933
340.63317208445824
340.5639573973226
340.36190445979673
339.85556387493216
339.1284609785197
338.4897903349672
338.10996342813786
338.1237414627682
338.49561011153855
338.88543839558787
339.16278947174237
339.4649939299298
339.82375492701584
340.1720941405642
340.3967600750515
340.5242409875858
340.58569479129994
340.5793129087086
340.5321265246662
340.5816642656154
340.7839267012581
341.0535753418449
341.1939080787703
341.17264411721266
341.1178289306929
340.9991417237621
340.77156961815876
340.44094860771975
340.0584376314497
339.8809754445444
339.9731341497189
340.22550019415564
340.47396772017396
340.6202093257992
340.611717004033
340.60888610814516
340.6568693318704
340.67733631572924
340.5947467759389
340.42465133285793
340.2650049140579
340.1238552253117
339.94451969743386
339.76529248898703
339.60843270032433
339.47991896036655
339.3944015854047
339.3823608935275
339.35822415216927
339.2592716907194
339.16087063506257
339.2081235145873
339.2395443701805
339.1811212681201
339.05483091656225
338.8819167170037
338.72642874239733
338.62990103628334
338.67318347450754
338.84146843503476
338.9819046243974
339.08315679286954
339.2757775176185
339.57652298227515
339.89537369711195
340.032480257551
339.87589571104814
339.52633702993154
339.2993771000694
339.23330095953713
339.21174466047063
339.1703378715571
339.23579097252946
339.5451414769176
340.04256121155413
340.59985975690154
341.1532116723361
341.5674924460412
341.72424715593417
341.7763873672117
341.86441377136185
341.9008674093211
341.73850494712195
341.403369814256
341.1546570493522
341.1872995015653
341.5332930999712
342.01920682858434
342.44873959221394
342.65225216111617
342.73134908716133
342.866869408966
343.03422369000043
343.05845726695134
342.7542461124493
342.2024148451022
341.62145803620086
341.1460076095952
340.8198691983635
340.6450710054007
340.5175753510309
340.37361862827464
340.23531319171093
340.142692927459
340.05692397150483
339.95471050780657
339.8628106241999
339.75700083062804
339.61776310148343
339.47992496054013
339.4411433842943
339.46935630194395
339.5512653835323
339.6768737428339
339.7895937246081
339.8342614097423
339.83298260658904
339.8414149042837
339.89077641961927
339.99130703085785
340.10239750713777
340.23274504311075
340.37042417544586
340.4875707064468
340.5495914891957
340.5964181811137
340.6627832324656
340.6665124270686
340.5362995858884
340.26968388453645
339.925271693284
339.50187912085374
339.05389922853055
338.7259019400726
338.64377403522053
338.87418951257035
339.426170308308
340.10826404208376
340.6507897832103
340.8733277022444
340.6340004459759
340.04615023379927
339.52099731129726
339.18942721174
338.9495540459837
338.705552294904
338.4432176951632
338.1692017511188
337.96659122843243
337.96453639353103
338.33191449238814
339.04202285753564
339.8556112715373
340.4481702459896
340.68722973420586
340.8637508824027
341.18923667627536
341.7072669726345
342.32863532579927
342.9267639987529
343.407169646695
343.77280602684493
344.0408320762382
344.2018424552072
344.23861707711643
344.1389214605065
343.9132566213949
343.7852898404146
343.9114658332187
344.27357299041125
344.7299855859197
345.079877565915
345.1945819171183
345.0622833318022
344.6704319766228
344.06853295305007
343.4610312103309
343.018454696032
342.7504789804543
342.5488889247364
342.2159051905352
341.7225595632408
341.2572129537921
340.96992243742534
340.8237098530745
340.6552101331774
340.40755832544323
340.1223329995196
339.9129133649896
339.79027672516395
339.5783217420135
339.36879682358784
339.46269657683195
339.847022823721
340.30623147793995
340.6863772678247
340.99355664488735
341.23057526787176
341.33104930364783
341.24451640700636
341.00837203055437
340.6648415617473
340.286310349311
339.99237421308226
339.88792769949447
340.0119017512191
340.3239471439759
340.75911320642354
341.1942366542746
341.49484522983965
341.55633265809337
341.3540180625518
340.98843403519044
340.62934895995045
340.3758630277488
340.3069289806533
340.4786426173631
340.75322266810116
340.9607783069764
341.0949639036481
341.28690855328347
341.49833794235155
341.57213423399537
341.39676161087584
341.0289856209106
340.7422363284943
340.646987895806
340.64628517036857
340.6362132682127
340.6238411411605
340.53393468402896
340.3089266642442
339.99365820687257
339.74126976187443
339.66446840724774
339.6293797399321
339.5097269949324
339.4022086549802
339.3457739333779
339.34389446088284
339.37702824463656
339.4239533065612
339.4598427047565
339.412770182006
339.50979275943627
339.8930324775516
340.4003739220506
340.9018012314437
341.34022934543793
341.6871222765164
341.9347667887836
342.0790308789639
342.0981415801965
342.06809657869957
342.1078231072561
342.268114497469
342.54214430273436
342.89617314587366
343.2277437336914
343.45990515258814
343.5711333093902
343.62012167402446
343.75321018644047
343.99681914548546
344.3057624953305
344.61619767787266
344.8656013698056
344.9729008888072
344.88562391073395
344.57779728681345
344.0439193516002
343.3315865482635
342.5785441527702
341.9680986204419
341.6514831467307
341.6690210956705
341.93504002570387
342.3450160639835
342.7488119477949
343.0345498444986
343.13349977614735
342.992157958257
342.5998168963354
342.1917248299479
341.9597025380466
341.93924703867873
342.04599775543716
342.2279229531285
342.4603100743614
342.65004497466225
342.68957784315614
342.46419116623997
341.9546475546397
341.31060882420184
340.7362913611734
340.3164462978791
339.9721141522935
339.6754105927893
339.51425986680186
339.5528564365241
339.7429812893192
340.02005174172206
340.22974043228203
340.26602114085887
340.2657724246589
340.28022051786456
340.2822003283942
340.3009928344864
340.3615586550176
340.34226775339965
340.26042028810656
340.2643956483387
340.3566066657469
340.49214651701845
340.6219545428337
340.75988656035355
340.9492973337583
341.2027456055524
341.5260396101122
341.9526601975259
342.5191025657699
343.1732854372511
343.7776593488702
344.1947237874201
344.32393701515343
344.07165172704447
343.47509133377775
342.7685218873032
342.15397030168987
341.6729943083272
341.3002044980169
340.9368739246482
340.53246686201123
340.1097135755931
339.8287644435412
339.8345949357564
340.0406065031716
340.26518283679434
340.33036929980426
340.22838534434703
340.01997716202743
339.7532909228585
339.50363981015
339.3220294620234
339.1825296076959
339.0077037861472
338.7149276714869
338.4146157453933
338.2098860304561
338.0955100974567
338.09433858779136
338.1439607693047
338.0994046363211
337.86606980278
337.5520250382986
337.31239626077877
337.28847156110555
337.5743871449009
338.19363838250763
339.0697511171863
340.0606653906527
340.96115701663524
341.58095873274965
341.8627987942238
341.8321160874009
341.5692554970335
341.1929556615001
340.8321106132455
340.5771778847239
340.45921601491824
340.4765232946311
340.63710209330384
340.8974831607545
341.1270409341051
341.2969884579347
341.40777799955913
341.420673955836
341.33493375173236
341.1603485907439
340.93306246239985
340.7080986593265
340.5695044125105
340.5991372457428
340.8329981062038
341.19418585672855
341.5262479052325
341.72911344483816
341.68270037494915
341.3675082106598
340.9023002439893
340.5564267149809
340.5305717945032
340.8349678647149
341.32082645606584
341.7834143026247
342.14304213022
342.49200458882643
342.9554125996003
343.59493131545764
344.3141446594766
344.91798794472123
345.3468707912681
345.58950978574944
345.59377249560146
345.3512622852659
344.9618005607976
344.5252100941684
344.01752547234173
343.35005663758875
342.5428327845433
341.74475361030943
341.1761961529876
341.02507482630745
341.2269739819036
341.54340946592293
341.84541684335477
342.1201732050432
342.31798710664293
342.33515480143865
342.17021893405405
341.84265541671317
341.3500400116558
340.74944012274136
340.18443917463804
339.7786629818359
339.54665923731795
339.4428881853885
339.44751349265397
339.5659493853451
339.80716606628783
340.13248841012296
340.42966763146615
340.59835694794504
340.640411354513
340.601305802693
340.5028169286258
340.43271668947324
340.430134193478
340.416431081514
340.3682065690242
340.2877867254085
340.1306465673074
339.9950809196721
340.09459619629513
340.47413993084405
340.97992594019894
341.4411151323194
341.7012952376118
341.6361791136088
341.2087771255991
340.575524337331
339.88320907645897
339.2518047459677
338.74954200234845
338.425948161344
338.27786632496
338.2396751531185
338.275061401944
338.39922332062196
338.59504096598283
338.71681476523344
338.63105665993453
338.38668474260504
338.0564244716844
337.7886165031681
337.68993325134096
337.8240296292111
338.1665732705777
338.6128895246085
339.0503929463945
339.3984187761538
339.6502124129818
339.84693528164985
340.01181784830976
340.08843235161083
340.0550391658152
340.04032937082167
340.2726985828325
340.8700918128525
341.6639475017797
342.35172377423004
342.73758747255124
342.80486396135484
342.6222279581277
342.362208618739
342.21957451769424
342.27004196472944
342.51262867428386
342.8788503767073
343.20240421707916
343.324751730267
343.2156965058281
342.9406384336909
342.58750197953134
342.1828773295045
341.74674675212754
341.40258897107316
341.30242424113266
341.52785004057864
342.0531994507764
342.771098328626
343.48086463019365
343.9352028411064
344.01357256977985
343.7562735099615
343.32046233962944
342.8629034809569
342.47189182491167
342.16480631107345
341.85695529721943
341.57880435612486
341.4189194783075
341.383776815793
341.41662646844907
341.47545614679365
341.53565016434777
341.5631239510077
341.475403479236
341.2435058982604
340.8967664314513
340.4861139419423
340.10628936583
339.93423358643145
340.00037798185554
340.16671998308095
340.3682787009453
340.5512905012226
340.6744885787127
340.7048866651953
340.6366621435082
340.5358853367231
340.4881390558994
340.529307003236
340.7298390369324
341.11605367420145
341.58385084065065
341.9983213199698
342.2702685329987
342.42669344397393
342.5473344882429
342.69079324413923
342.85359733243115
343.0723905789246
343.3737374824675
343.6638885093869
343.81417483677296
343.7966158811515
343.67450723351527
343.51055882871606
343.2939273717225
342.9918012250404
342.56027547345866
342.0589652902021
341.6962920076301
341.5731375045626
341.5818157093409
341.68302307448096
341.9481739055103
342.3387496076646
342.6103014121154
342.631308585955
342.4565986866579
342.18463163059533
341.88348699225384
341.57536878048154
341.2966771042668
341.05451008559555
340.77890690024356
340.43674732821137
340.09409039953573
339.8125057464908
339.6474790800165
339.63698667689084
339.7762979824745
340.0495851315877
340.36807631619365
340.5884392152282
340.66486157397907
340.6204072030091
340.5179335928402
340.4288095353538
340.3559793207117
340.3206115060041
340.3604555227006
340.50951329184727
340.7981037694161
341.2010014614243
341.59843414487716
341.8433035935167
341.8924922646544
341.815904092867
341.6702250458356
341.48891650666326
341.2956261339127
341.1268064711656
341.00508698856584
340.992681534143
341.20748387338114
341.61247754212474
342.0556488013091
342.50127890234023
342.94227996177153
343.27154486117126
343.37301148273957
343.24686107054094
342.95326905968676
342.51181500993647
341.97214816342
341.40195226176047
340.851638033689
340.3815768531056
340.0648799516376
339.9658193732706
340.0675515307063
340.2738644086704
340.44942192776887
340.4750231201068
340.3361245972056
340.0795281669856
339.7677025739261
339.419502508559
339.0034458551652
338.5704751439503
338.2882561843654
338.2981677161744
338.64849392732816
339.29495667266644
340.0803880628848
340.77700243151463
341.2119234319839
341.3069252344927
341.1548586907119
340.89964498047624
340.66136348616214
340.5546614938664
340.5967682580325
340.6949037384519
340.82529255880945
341.00661122652366
341.2494077961692
341.56454291605667
341.9454809726153
342.3473992661236
342.68844050096243
342.949635428207
343.0984984673653
343.06926291920286
342.87811612805916
342.663029151456
342.5078207109061
342.432410124141
342.44880437860814
342.54667512373385
342.74547270478035
343.0836150739458
343.5881664235501
344.26287754950806
345.044848191647
345.8970381556887
346.7763264713055
347.624969474111
348.41338679524756
349.08174739336994
349.51125290440484
349.52849839730163
349.0742360343123
348.3318991224953
347.52157849868115
346.60005671290946
345.59915651079575
344.8648103461792
344.4119635828487
343.9938464933201
343.4022000048595
342.65672322676704
341.949183813866
341.24422701508234
340.29789183048445
339.25010614258366
338.27789076814105
337.3702624551909
336.5158814233122
335.80115374124955
335.2709842621955
334.88523891955856
334.6945026198666
334.8005284129976
335.22389450695124
335.88162742689
336.64696941915815
337.39871065230125
338.09115779441316
338.7476020391706
339.44066989838984
340.20511880783016
340.9748809568717
341.65810059408693
342.2205906620412
342.60113925457466
342.7364718030859
342.6639823293021
342.55730002335196
342.5842356557271
342.80333964986266
343.1146466722876
343.2978522849412
343.16250181463556
342.7042364148254
342.1205054278663
341.6319631102558
341.38602636054463
341.36773191427466
341.47100342065454
341.6045225704223
341.7034300743329
341.7203904443705
341.6252547225743
341.4548462280669
341.33409529835404
341.3368773471203
341.38642609498504
341.39865024074624
341.3366328913045
341.2048260714112
341.03385886859525
340.8487097600206
340.65430880863585
340.4687697147071
340.28799254644946
340.0730125986217
339.78283510449114
339.4148730990392
339.068207295148
338.84405663618537
338.7623477007364
338.839944821751
339.0888262260429
339.4380307382826
339.75498887551066
339.9168010791079
339.88686793188
339.718922524743
339.5200206514104
339.39366819429966
339.36475710089655
339.3941862933111
339.4876919868642
339.6863617640762
339.9930828049703
340.4099352097881
340.9684830563914
341.6451817893739
342.3010717490773
342.736963240362
342.81758922237697
342.5257543661319
342.0077365963855
341.47935338649404
341.069860174822
340.81629506923736
340.6740800055677
340.56751611921277
340.4955308960732
340.50343672022757
340.59453627624146
340.7745709657728
341.0201235244927
341.26766669464536
341.4785803962535
341.6018540801205
341.61966206498187
341.5598275390403
341.4699038025697
341.3791687611199
341.2835149760863
341.15729466336666
340.9902791790562
340.7806758378233
340.4795586281827
340.09198323564004
339.7220854209238
339.4621231343688
339.3615073820007
339.3496386582899
339.29821743979494
339.1581876610144
339.00311475625824
338.8864385063245
338.7951774110472
338.7399956667734
338.79153970867895
339.03351802521394
339.4334255715889
339.79592208253763
339.93183604177136
339.82680991219763
339.6370124510643
339.54469726805905
339.5595956855111
339.5876244198011
339.6152557714846
339.6496945506598
339.7216025264146
339.87895791536874
340.09350837389024
340.2412943985338
340.2040696667065
339.9791162969837
339.73428655908367
339.6990121876819
339.91840459039827
340.29259701014644
340.6800191656444
341.02669835993095
341.4019177146207
341.84959332568565
342.2681859084692
342.43220296737115
342.16250081760165
341.5210571500301
340.7831837761051
340.1860146682968
339.77659110726154
339.4984859317772
339.3141651355851
339.20277450101514
339.1420464554004
339.0770444673844
338.94311481713555
338.714036586625
338.4031325052364
338.07239380920805
337.8766261290591
337.95344159931267
338.3319975729576
338.81666296438345
339.1574664739604
339.26106231095093
339.2000495462994
339.07959062613367
338.9424232862433
338.78405691017866
338.67771588697286
338.76144160658146
339.10029699357375
339.6488279753153
340.3073693572826
340.9487138773464
341.50383898187215
341.9356252132783
342.2239122222866
342.3902239201387
342.5218641794421
342.6329341161244
342.7387146796997
342.89386739225995
343.15169606363753
343.45517899773864
343.7122835584512
343.89587771365706
343.96199773235554
343.8538483556328
343.5263607667265
343.0094504730031
342.40438571161445
341.81271374694273
341.28928830325196
340.8562785791912
340.5854274104805
340.5104918986759
340.6019536160624
340.74795487617206
340.8531882557306
340.8636327018665
340.77414618987325
340.6024245839138
340.4081477384516
340.30140571614004
340.2869127637009
340.3110717015466
340.32150060946907
340.2884682621628
340.2508966579404
340.2912047290919
340.500297109289
340.9194733123602
341.46453526923295
341.980205691929
342.311205098452
342.4344292317202
342.44611344730356
342.4162552128689
342.3890240716315
342.3443672044004
342.2411827854826
342.10747794183783
342.020540342252
342.026200575316
342.0843497261272
342.1504036518276
342.19890076836066
342.20437220641145
342.17641586044056
342.1674101634212
342.26853161539213
342.47757365358194
342.71125061187024
342.9247870992997
343.09620441137315
343.165797394544
343.1160174551814
342.9742876596657
342.8193357780004
342.7077049005533
342.6961028029437
342.83901803257066
343.09388800540864
343.30769053108594
343.3561896711
343.22120379490684
342.9083998543879
342.49748288199066
342.1319928951014
341.89966051755425
341.8031902692022
341.7587577492478
341.63365892124574
341.2941708375243
340.76892180472
340.2033774119899
339.6879562581904
339.2864443413167
339.00356298867365
338.8102815603319
338.64671775473187
338.4350652186415
338.1283380981989
337.78753656871964
337.53058006440995
337.47586592377695
337.6944789197882
338.10820900606393
338.5910060403163
339.0295146551879
339.3856621548621
339.6515546661056
339.88249028862265
340.17186385792905
340.58461446823776
341.1053340926599
341.6448202180321
342.1482601389373
342.7121661283373
343.41590900732854
344.2224435118373
345.00876217951037
345.6674120741205
346.1581361664009
346.4567952571582
346.52736149878285
346.3538282534551
345.98484074340683
345.5722864982316
345.19818486960526
344.88363437599673
344.59065109029166
344.29555732997227
343.94592315590086
343.4643938613423
342.90823525348236
342.37222526163396
341.9134801121312
341.5457955410638
341.1927019517434
340.7923912349288
340.3388084619072
339.877362017112
339.50923597248175
339.2500011371662
339.0482280962395
338.9322799850386
338.9954077549858
339.2449955423051
339.6023667974537
339.91663923508963
340.1371121461973
340.3512333658891
340.701091638843
341.25760310008747
341.90581821715494
342.4573082523229
342.8466603461611
343.1485528383871
343.4926475476019
343.93208157391405
344.3961765215325
344.73069849476593
344.85842869126515
344.7894329228295
344.60539311505096
344.37383891856894
344.12385002882064
343.82691734330996
343.40114494250184
342.815140091796
342.09022327171647
341.3577359351309
340.7536557528664
340.3185991110596
340.005518690446
339.7492794732412
339.4908906157184
339.2548691836197
339.1355685929825
339.14608300916126
339.1853489947673
339.2114244816819
339.20840812419146
339.1676947780468
339.0935964926399
339.0605372276361
339.1542676565537
339.37301777582394
339.64310526603583
339.9003930854383
340.07558349339087
340.13195104984464
340.07631626540655
339.94357480864227
339.79854830130756
339.6870079621624
339.62292336743695
339.5255077565856
339.41166578714376
339.321588074078
339.32225689552683
339.43558205313826
339.6474875266626
340.0280596859984
340.61793423998336
341.3213272240222
342.00438627425825
342.53255377529354
342.83815060862366
342.93435169497
342.876478544224
342.7728419507934
342.79885699561066
343.0368553764622
343.44563687716834
343.8897024115199
344.29592067351064
344.62202086122636
344.8457408987655
344.9042849888888
344.7611753321441
344.44602363132077
344.06783504119835
343.7260820569019
343.4959664899144
343.4217468284248
343.49729880388713
343.6626909267195
343.880188714376
344.10376380928176
344.26790949606607
344.2962368832812
344.14923583345967
343.8299298424517
343.394817420422
342.89427466532294
342.3435465876009
341.8496387613434
341.5916798279404
341.6991447611929
342.1634715017042
342.90759359165526
343.88377029524776
345.05455984986276
346.5101909208182
348.1524788900463
349.4143517250948
349.54592476784524
348.11544186203935
345.3143978595019
342.06620626059663