192.44189544505528
200.2251011271981
208.3514974299991
214.41254232049465
221.68010928324193
231.5242101801625
238.29648455926082
240.53106986289242
243.97152030146196
250.74164734328247
256.4757357224107
257.6370097474032
254.7376832792301
251.68214166846977
251.78261412169232
253.62960448547187
253.42149770096887
251.19129759728855
248.8914857368689
247.32770624966793
246.74385165268777
246.9345680061191
247.54864037027377
248.19492882946588
248.58640882911598
248.71220079368985
248.69954708221115
248.46234034526628
247.84633923341
246.88379419111664
245.73479656719581
244.5772406643771
243.47175399296165
242.3437300411602
241.06238282467575
239.52427098391723
237.67165212426954
235.5634456776356
233.40098792580795
231.41339931447118
229.64359986177368
228.04108766593868
226.4861640960998
224.90791326549976
223.38465747860192
221.96477393668354
220.70574876094406
219.66793594524333
218.9236863150797
218.47871837949884
218.27542879925073
218.23141169347838
218.23560016057957
218.20832081563043
218.19546744976867
218.28851907955834
218.5463696398631
219.01344401297263
219.60643142928706
220.17409601694516
220.63527532955283
220.94550066915525
221.11184155075523
221.14344829678424
221.00730499562056
220.6544513492884
220.14256041829125
219.66839609119774
219.38520702784513
219.3263012234716
219.43498050036612
219.62930501128145
219.87198041096048
220.1172569231526
220.27510200708758
220.30518820102975
220.24342552166502
220.14648652590552
220.1004138339901
220.13624995494024
220.19173648627472
220.18700559501372
220.05450959529796
219.7235514671201
219.2293992746251
218.6431781022457
218.06763543701618
217.62346343968912
217.33853195239027
217.20123782030757
217.2065485293664
217.3416775436446
217.60365130741803
217.9407183807595
218.21019327945004
218.27738776182844
218.05975105573694
217.60496164991474
217.02073378718103
216.44167418784613
215.98663170293975
215.6440967537098
215.50044303922877
215.6944650343405
216.2259737329251
216.90361052796217
217.56219754029695
218.11945484096265
218.56113840427622
218.88487401923854
219.08400939324457
219.05076502154665
218.710974502249
218.14334639468075
217.5867622291662
217.24273292269885
217.12959833495734
217.17775388950767
217.2300836539146
217.1219069181599
216.7969818146532
216.3625054589622
215.95730306731792
215.6693981506855
215.4924390694856
215.28973004268062
214.92932892106722
214.46591458172927
213.9763326517668
213.51681112085507
213.12245661086985
212.82109026910186
212.61637860923065
212.5755423313704
212.77611713303267
213.16934801262653
213.66716983610115
214.19694895898277
214.6669225980046
215.06189543800792
215.4026473600336
215.65820449129035
215.8772483569381
216.08826906254149
216.28487299806508
216.49249362227164
216.67708570921488
216.81912861002968
216.91886290124387
217.01977193631018
217.22914635823815
217.6322047682432
218.08257259895797
218.3931210203457
218.4606327138132
218.3609750098298
218.1975257690134
218.0201942435224
217.7884370258171
217.49794150562093
217.23606688683802
217.01570933049965
216.8379710292552
216.6861493960596
216.479346975891
216.23316589036617
216.03679395183835
215.93181469256587
215.90800515898428
215.9163343498522
215.8515404228752
215.63413602401954
215.28636493071352
214.87993655111885
214.48101504397002
214.19948794810952
214.10173355869978
214.13442057860303
214.25188635801
214.40905495451426
214.61209185500206
214.86888546220626
215.15678308713711
215.43243102044255
215.6962910252645
215.9489875213562
216.2075580356941
216.4373463889056
216.55937783554458
216.52890280929887
216.32696308718027
215.8985973511635
215.3268718581609
214.81880327945507
214.48227908697362
214.39286518627378
214.49482897068768
214.67795306033148
214.83536517995452
214.85612244419272
214.69152568104397
214.4415345127795
214.26049052664646
214.20738893416961
214.3211737234927
214.62124247019486
214.9797191399573
215.2899924639264
215.4392396798341
215.40341055922366
215.2751447404402
215.1027188506459
214.91058586678275
214.68001523967462
214.43894032125007
214.2911868732237
214.3090022029765
214.55932277264662
215.00888134886964
215.462286027826
215.74148201290626
215.8259014293912
215.79784281591628
215.7010845552391
215.50114983509027
215.2321844066117
215.00064609617004
214.91770954529468
214.98826465224556
215.09059414657128
215.06906625059554
214.94772170839525
214.89830276157062
215.00172459868216
215.22974394749497
215.4923128107725
215.63074268381007
215.54698332557894
215.3000446548397
215.07077907065127
215.01013396716348
215.15988891873616
215.45764747295343
215.805297490489
216.09951703261908
216.2893598087481
216.34564524284875
216.22249761056565
215.90980689427698
215.49076318232423
215.06298720910178
214.67701724073524
214.32429873767467
214.00662515633394
213.7903883269169
213.74600626968345
213.82948170207627
214.04742617340196
214.32678899660746
214.50629658431504
214.46004520047038
214.2628857346432
214.03570167131807
213.8649955030799
213.81137315619077
213.8217175892951
213.86811219882293
213.90146147265816
213.91307033220124
213.93348919648514
214.00732932287178
214.20770634650353
214.49691016100388
214.75223595811207
214.83355051309508
214.74990354160343
214.60715525254963
214.4827538854885
214.41468520965606
214.38741221955556
214.40682954826198
214.51373227564895
214.68679993029912
214.84811799103568
214.91109734350664
214.81131601351598
214.54010558513227
214.23070639264253
213.99750574082168
213.90064177897742
213.94327650888343
214.0703905373644
214.20959285007936
214.37942364325286
214.6089007705422
214.809293492219
214.8962666882371
214.8137458159234
214.59537169026567
214.27840345199414
213.94162023108177
213.69390571544733
213.57019188868
213.5256533194506
213.57146942344397
213.753440855455
214.05357977010826
214.4851127379636
215.086002211421
215.78589909238363
216.4058172726642
216.74149754895936
216.7780978516594
216.60999796171367
216.3285152383757
216.02272400501943
215.8003384941468
215.74355531379567
215.86084760514854
216.12535785158767
216.51073996319406
216.89440276684502
217.13537904177568
217.18837339691135
217.04544391828625
216.73978156338876
216.35017380068467
215.95768938173995
215.6175012924356
215.3705364070797
215.2187197621526
215.13630109785225
215.11388414240548
215.11579258038375
215.17670331529357
215.33123893944318
215.51161587163182
215.63970052157816
215.66658302774943
215.61853412458572
215.55013845396675
215.46384375784436
215.33060817852547
215.19297777466323
215.16408341682114
215.27732413080898
215.53295218729363
215.90827532160415
216.33448296444507
216.71901694822463
217.02804010475617
217.25652917439612
217.43625603778253
217.63141298625925
217.81681941348188
217.91587738412105
217.8583298624703
217.71172228414795
217.60479773861144
217.6333702656716
217.76081221997606
217.8835178372598
217.9312704776576
217.85895572889393
217.6499102237297
217.36979998117812
217.07967948724834
216.87619184613513
216.7798740070003
216.68805729825146
216.46766726475585
216.2142863171194
216.07828819792286
216.07989398070012
216.20580480826663
216.3645048392337
216.46802372703803
216.44268936003394
216.21980539350125
215.78957236034324
215.34492954749606
215.06458516454342
214.93424771491215
214.94093226011086
215.0373480857539
215.16320782860743
215.32315002643512
215.51494975030045
215.61005594389638
215.54161696720905
215.34413815631441
215.11828786617042
214.96457694794069
215.00020156065528
215.20694537737853
215.4336749286519
215.5506211939374
215.522252184477
215.36683120682304
215.13711377450562
214.9543420828651
214.88918035056207
214.91787722730334
214.92753331628245
214.89448400862037
214.95428863226488
215.04326501670843
215.0781120908972
215.05209771359404
214.96576991101324
214.94095019923117
215.1105846060267
215.4663021573264
215.85644299796468
216.14654786882116
216.27047812834576
216.19292134580795
215.94614942154806
215.61075361221205
215.2484328326559
214.8716241572961
214.51244374569495
214.25091908891818
214.14907351852995
214.20261091736867
214.36202190989752
214.56067240008866
214.72602611045028
214.79054917143282
214.7120298398391
214.5489165261834
214.42915304660312
214.43408013586603
214.5779533119859
214.8105277643858
215.0529012372258
215.22096469171018
215.28414544075943
215.26513065025614
215.1734417326859
214.9929611008415
214.71991030674724
214.40190849747518
214.12532227873575
213.95954588258684
213.90334124114554
213.93952195973162
214.0998696040072
214.39027658615527
214.76388241373
215.10999211896598
215.29089296797048
215.2869851585621
215.13537395947714
214.9432775534815
214.8145188584329
214.769172015925
214.80677079246396
214.86990233914977
214.8759093844601
214.87800149660285
214.84991919393283
214.76265509370018
214.6617416474502
214.5928131069199
214.56137430416413
214.53207800609704
214.52049216178372
214.55178143631656
214.62452882619692
214.7241199418898
214.80150427203284
214.8526509933627
214.90509981236664
214.9631494489612
214.9656130847736
214.85961276865442
214.63857268193684
214.31685023089702
214.06168647009136
213.99022663360154
214.06418990178963
214.14398739538967
214.17221962697147
214.1427919438218
214.1057630659199
214.19058774210117
214.42811832465026
214.7203593086421
214.90574255282195
214.87753206574095
214.78539264305675
214.76461341484202
214.9274082227949
215.2277592471703
215.51475122968162
215.66201251829446
215.60684554049524
215.41772656843654
215.1952852768714
214.9890043703678
214.80643030871536
214.65780133310722
214.6337423236768
214.77130122249892
214.95765706364054
215.10442622219475
215.19649168463522
215.19813569417417
215.08805568151467
214.93314700482483
214.84644622213193
214.8514211995447
214.92334060501935
215.0865281471481
215.35307831113764
215.60013847869044
215.66064850550075
215.54119084531058
215.32437111932535
215.08271136447848
214.8611620887246
214.6317103469762
214.37572594096792
214.11392323604494
213.8595018119379
213.6839407911853
213.6486739083802
213.74892856031542
213.93116668232778
214.17439119570105
214.40400525606384
214.57746802841797
214.7246044012194
214.83318412857943
214.96881408311
215.17546516611344
215.38721951512073
215.58625180190703
215.68827598261842
215.69758356760883
215.68723844607314
215.75447262630914
215.9272937421134
216.05251568300974
216.09788244442075
216.04070339129044
215.95814896407458
216.0284431420395
216.3140025733464
216.72751093006886
217.1185445789448
217.348170559904
217.39649038935508
217.3388292745688
217.2561483341259
217.15811445745373
216.98728680157268
216.75038776919985
216.4207554997563
216.0028000291287
215.67637942443756
215.54298076017238
215.53715855807064
215.58432688183106
215.62429072588816
215.6490113027672
215.67760404597146
215.70234972136126
215.7280356590003
215.7702386384031
215.84573922615374
215.95350189308652
216.12712081984714
216.36030915758462
216.6127787438771
216.815312695601
216.90767932466537
216.8923900103094
216.80944009519686
216.76357749461624
216.82851830555597
217.0572082342226
217.4083739383448
217.71705863802177
217.89748528285008
217.91699557814655
217.6974146507527
217.24433735534825
216.76940800483942
216.4378371684201
216.30615158412365
216.3214609336293
216.35917263480718
216.37661557186857
216.26427798810752
215.89570431038663
215.46276197281776
215.1635623040508
214.9757797012162
214.8747485742263
214.87620868996817
214.98964350600588
215.18896230861566
215.4244450821458
215.63625857417668
215.70408460125563
215.52527499577118
215.07097989795594
214.53388995874883
214.15918667823377
214.05006885520066
214.1629453340567
214.40847652352306
214.7258615421721
215.06035400656785
215.41060331427462
215.7789530442147
216.17354162288945
216.51788153243362
216.76971393921968
216.87907263338707
216.75633397742368
216.4578088672207
216.1292217243785
215.90807352968758
215.83130362684923
215.8216496071867
215.76183977565935
215.58494138133182
215.29478865697055
214.92430841816517
214.59535802736826
214.4119238881298
214.37940335049524
214.51955318655132
214.79636174699766
215.10538366093584
215.3218115587738
215.37631639609344
215.31891497661871
215.29011393989836
215.3245462703835
215.34921324861813
215.29216611119955
215.15542521670676
214.99810728019872
214.9730882187347
215.12295455218882
215.28386415716858
215.32880850979387
215.31457374693804
215.32524707530132
215.4254140127081
215.67113712820043
216.06144017057636
216.50773889086815
216.95069551941205
217.3512483839497
217.64482693948693
217.8241687863883
217.909411094189
217.94998409220722
218.0146457088595
218.14153574978803
218.31453287883403
218.4750573364361
218.56471134997867
218.50489507348036
218.26071857951735
218.09911577178204
218.19073468333335
218.42465574616355
218.61662318686638
218.62758772725488
218.40483314115124
217.9357769860742
217.41417857558594
216.975879755271
216.55777590622966
216.1816653908483
215.92890957979432
215.86953992706543
216.0447386416431
216.3519575326573
216.61182006952748
216.75160144699854
216.7964265499258
216.74562197063057
216.49080606469659
215.96544643986368
215.33703627687737
214.83197740361848
214.56010590414013
214.52513169423793
214.63271773150885
214.76460845841171
214.87537058237652
214.96474683341552
215.0356740334207
215.07320624307408
215.06019236197108
214.99784748058283
214.93877203840984
214.9251733188314
214.9797519374997
215.17146303023463
215.44043312138535
215.6088441948289
215.58779740282637
215.46118092833677
215.31439834403557
215.19337234384614
215.1677328008991
215.3243921589597
215.54983807112183
215.7650205911842
215.97203000017078
216.10924058844034
216.15467907293416
216.1348820046996
216.05709315954968
215.93995430935695
215.8163048971976
215.6845208774339
215.5559512288733
215.42878561604937
215.28068456116924
215.08734251772142
214.86965461885478
214.75362251799066
214.73684186172912
214.61872612266146
214.3073511471216
213.90316234095872
213.64244165797325
213.6276662038693
213.76244021235178
213.91713665472895
213.98683922068216
213.90249613737222
213.71100326345487
213.52137188726522
213.33869804788424
213.09495551784582
212.84620694944743
212.66868169855218
212.66361807936588
212.86407761453597
213.1921951887778
213.54361623264066
213.77632849636106
213.9506575839213
214.12110905457195
214.3232130453921
214.601620923931
214.9343302465714
215.23584308280448
215.39754921962157
215.4695079214843
215.49835032713136
215.40292833528633
215.17027379326902
214.83708229907953
214.53052736611727
214.3945717535535
214.3766485544267
214.39739212644284
214.42658938472914
214.49530283118088
214.62708342085278
214.77809201353998
214.89251209890233
214.89262868662146
214.7585909881932
214.5847328729589
214.44143097320745
214.347274670636
214.28976545303303
214.21991420245774
214.08163782568477
213.93004398062124
213.90286582097497
214.06817232211716
214.30020012848854
214.47943315892462
214.55719486952657
214.55863859262757
214.52235891933296
214.45674641702036
214.38592527205884
214.3721858610234
214.4372557068246
214.5610118559307
214.73144489999933
214.91737176663017
215.0243577882827
215.0273016239468
214.93701838125804
214.79861612054452
214.63892484640024
214.48536028045743
214.36181880128402
214.2997285873956
214.3008127766711
214.36183747854898
214.46794334920452
214.57871990592062
214.68625966737358
214.76998462296393
214.73495795231148
214.54668405033658
214.34309656335017
214.33936492459387
214.5748716886853
214.92469381159063
215.26264979216484
215.49319565472143
215.56788651695655
215.54309707160817
215.4618523941137
215.3465203302164
215.24671310768912
215.2223319395413
215.237102978138
215.20775113103286
215.14231837580047
215.12867665319507
215.21549961218167
215.41156925856797
215.69688785039847
216.04811173912432
216.39547931313058
216.52979813433035
216.31235949551606
215.86146393462082
215.50076341959613
215.4636792321543
215.65168229318436
215.8849400393609
216.04973124282336
216.11505657259332
216.10495211610112
215.98285098583654
215.78761137553386
215.63243892419501
215.58595618652652
215.52606793713846
215.41383354247336
215.28358001315334
215.21624126894216
215.30047206437473
215.5139194954375
215.73039843315019
215.8405936136502
215.83678470159788
215.7655963165546
215.70655067277053
215.66125119333893
215.54178557775532
215.30039763907618
214.95499799032865
214.65531898040496
214.51210211980222
214.50745769660926
214.62244456858826
214.85195670935707
215.1869834812998
215.5508964335331
215.86701442919195
216.1139627846043
216.32807104883227
216.49617524895086
216.60004632405088
216.65839220696535
216.69853123040326
216.74143015955627
216.7740845707087
216.7673129147575
216.7021496290805
216.58043012081674
216.4960579393195
216.51185651951272
216.6224809779413
216.77104672296684
216.84631699878244
216.78957952031655
216.64638984196654
216.46855275015366
216.27828349445167
216.07208521423277
215.86701750288947
215.67199600440125
215.46074427124725
215.17884137557718
214.8344393126998
214.51927532907095
214.2990397949481
214.2078600407574
214.25213857238606
214.3931385958627
214.52053622264938
214.53030062350112
214.42176953112474
214.23753007837684
214.07426071292718
213.98538022720464
213.9751341495287
214.04245084963694
214.1466701545337
214.27617887433468
214.4580327106075
214.7226304961207
215.0589034617732
215.3715782597481
215.5227195049903
215.53205924742343
215.54850890444828
215.59463351637146
215.54009115712304
215.2866833593123
214.98572605825626
214.91101607514426
215.09361436461933
215.37806225154006
215.61326875125138
215.7478858796804
215.7788577086648
215.67104417134482
215.45961187654285
215.18697512244503
214.8910792007053
214.6260888290596
214.42680599495606
214.30034164841544
214.20708229352832
214.14934963587484
214.15902978283367
214.23715392371372
214.35905734230676
214.5208909132683
214.73358740893133
214.96574939231775
215.1784597900475
215.34656039475982
215.4907584870037
215.63826654942955
215.81185442700587
215.9948483168624
216.15841711617395
216.27931272680996
216.3614171952776
216.36523981707904
216.25964845107586
216.0764315121359
215.86154832760738
215.65489901049017
215.46349352118938
215.30642870693563
215.18736550869806
215.14154700900536
215.20381520693567
215.35210323563945
215.53735420777133
215.64602054179252
215.59934939881848
215.4238152572535
215.21154871751844
215.051799387862
214.9628435310783
214.9017199309202
214.78912369891634
214.54876261151395
214.21130558729774
213.9291381265883
213.81246304369276
213.88017864627676
214.0913010932475
214.3990123725079
214.75985750115566
215.09017011929154
215.3438840131528
215.5203051959021
215.58799115726396
215.47121998821785
215.16070859087054
214.76141888873093
214.418184631498
214.25056643197584
214.24529417272657
214.30456367871153
214.30351360461307
214.1695281184104
213.94294572701443
213.76562552485257
213.7442703695413
213.83690439603816
213.9023880457326
213.85989409434063
213.72641933615222
213.61824790028217
213.6185138567647
213.68715036535673
213.76967857248147
213.87681309337785
214.03812277352586
214.22600953719103
214.3926689744477
214.52672945386604
214.65104664473776
214.744417523302
214.77338884478905
214.8345006436502
215.0342510811811
215.36118347793106
215.7282283254226
216.05045208170472
216.26435324391193
216.357616000271
216.33125732981168
216.19346833255193
215.94392552291654
215.6210071301046
215.28532856772375
214.9176684254365
214.49476769060723
214.11851909662843
214.00587612541636
214.1559255265442
214.42895504646012
214.7305537629181
214.90140380923938
214.976233836968
215.11594718453154
215.34344173653284
215.5591069391613
215.7768771817372
215.91788745142344
215.9000081190157
215.7230879600138
215.46549874420526
215.2091564223275
215.03521136003212
214.98000725954012
215.0676266112537
215.26990683243775
215.50260407846358
215.73044545404164
215.97781889105812
216.261061336319
216.53782438929022
216.72765085228914
216.81124278552937
216.80610257068548
216.75540761147118
216.70020011435943
216.63826520362755
216.560427691578
216.48061356235326
216.428405238827
216.44556332596758
216.50642782392447
216.50353889430488
216.3669771299809
216.13439765085903
215.89274841138464
215.699233597254
215.61298201480017
215.6088550861618
215.64450775650738
215.66530311858855
215.63827733497095
215.57431912147288
215.50498305767815
215.49788018250604
215.5071890151654
215.43345746966514
215.2234591284281
214.92956735912367
214.68369115913333
214.58434679654437
214.635638533021
214.76564224230052
214.88389267717017
214.99139242693812
215.12361269331635
215.2747122770297
215.41884431729233
215.48314109237884
215.36760766627495
215.14548740878666
214.9711373521128
214.92973594222065
215.0581822198797
215.2482975184618
215.35650955154364
215.35143081034565
215.29337967414122
215.2487657644644
215.3131399870765
215.43025010124163
215.52290591411503
215.5989378335418
215.67790204950703
215.77801409504235
215.90950739168997
216.04144590905858
216.13852060699304
216.18723748956893
216.1501259029383
216.06034399892206
215.92808812069438
215.8515087257108
215.9189938280264
216.0256029493921
216.01936639740035
215.91198008331872
215.85543218121725
215.80782792305575
215.8456696214712
215.95470692510506
216.04068956343923
215.9793510302455
215.75973945447902
215.47299805707354
215.239047182321
215.07267791350765
214.8904464157477
214.7219937193378
214.6072540184838
214.58292854882632
214.63961564202756
214.68731890046217
214.7274947889277
214.83646187248002
215.03178169091433
215.1743708717637
215.18523314463647
215.13465591920448
215.04561866579454
215.01537253205285
215.0887502082423
215.24314167823684
215.4323634267381
215.60967967097378
215.76856377214003
215.88855641383373
215.88703185886783
215.7283730982407
215.42171420183521
215.14822506193627
214.96289944781944
214.89832444362582
214.92570274955156
214.96538412025433
214.96737281788296
215.01317101741887
215.12928789283967
215.26105229138486
215.38452043486436
215.55841258415356
215.71545152610904
215.72739211355062
215.5330853392182
215.26640487863716
215.03148603036865
214.69861329214478
214.31423211970414
214.01175342377226
213.8872065510864
213.91910310113366
214.01038214303463
214.0988142193776
214.1457849107748
214.19881021733266
214.27852112075453
214.31317443443007
214.35647555935563
214.43219844823716
214.56265229245952
214.79994788480678
215.00277834060827
215.0810366825537
215.007684504023
214.83003748928923
214.6649806222525
214.6270517178246
214.69013141830675
214.7867610780415
214.90823818688614
215.05974523448867
215.2465295123726
215.46660589245045
215.7143071810632
215.9334189253467
216.1000803897814
216.17464982041344
216.09299187125225
215.98852387604953
215.93763219772686
215.93616287776274
215.87126881262753
215.67126145049153
215.35509801591706
214.99863482217776
214.76993787046325
214.71139816893782
214.6891741821624
214.61187631156503
214.45987821445442
214.2874219337738
214.1888299790559
214.2283590497361
214.360474900457
214.50136863013824
214.63592278800462
214.72141114112765
214.70322262149247
214.63673951346883
214.66472438876878
214.83531617235462
215.0809067875386
215.3631213512411
215.62738059324707
215.85455395331923
216.06419456663647
216.24150768202037
216.32584686844166
216.3098569980791
216.2466139998391
216.20293021994902
216.160765879265
216.05150917345256
215.83322462942323
215.62586405700773
215.53068341012687
215.52923937042243
215.5741830441167
215.63992622758644
215.74355004522306
215.8896736246038
216.05300135291145
216.273296467092
216.53303417722015
216.75397529484323
216.89321429646304
216.98024029354696
217.0319111498148
216.96932824430408
216.8094928014886
216.61137103805405
216.407807655027
216.2656781503124
216.12676219008588
215.89474129721464
215.5573115448717
215.15046362514278
214.65810676483298
214.20841495426322
213.9764102281648
213.98783549164125
214.18077952096317
214.34162493853592
214.31806164452732
214.03085301957032
213.57165684111908
213.2467354267367
213.1085460404849
213.11348738983503
213.20615195224127
213.29940980738556
213.4085480680469
213.65312990868503
214.0320264631825
214.5084469179584
214.99606257431245
215.41828997509083
215.8000666268201
216.23299056115516
216.65205546282272
217.04671622067417
217.35741329958293
217.56896374596448
217.7541422161566
217.9389057354563
218.07809275161543
218.1517039433191
218.18707234701264
218.15238963334258
218.03786355102824
217.88156533778493
217.71543234112568
217.52256372820352
217.2297415140205
216.7962084235264
216.21192755638813
215.54706349627978
214.93486874331353
214.41582806660114
214.03875435294754
213.76030681504645
213.6217799568558
213.5907670430052
213.5464587084391
213.41865624311941
213.23757794531664
213.083856115626
213.0311310183388
213.0964273807448
213.23463363536104
213.29844733390053
213.30365657134004
213.28904637189498
213.23537897952838
213.11191173986833
213.0752017770652
213.12787910863273
213.25277888966934
213.4336685235744
213.68830246737923
214.04470240026512
214.55253258557136
215.24648333577844
216.10298161253328
217.07267084260445
217.97272818805232
218.686570825729
219.15817276494482
219.40289217614676
219.4134294371639
219.11611379195384
218.5387359182475
217.87343209260507
217.35732298509078
217.12326434003248
217.1281919589062
217.29925110395956
217.52838134449598
217.76278139355034
217.9709606053793
218.175252747599
218.29561859657434
218.24212334143624
217.98489585185297
217.58016525514222
217.14318840874284
216.7506671216443
216.45097082613043
216.3102168247393
216.25198899683718
216.13431213559656
215.8894513790763
215.56263133500357
215.2958969556039
215.24620282864362
215.42679037971462
215.7173784921638
215.97318361577263
216.17513090163013
216.39529500044125
216.65710840410094
216.8676015809555
216.93358372628998
216.9226588955097
216.90216284639473
216.92186985082262
216.98728796206933
217.082404416342
217.12063052617583
217.06393785793352
217.00286426507947
217.02413063085726
217.15507765832746
217.40066198412862
217.6711361114617
217.93054873392668
218.10206420715198
218.18026629193943
218.12749756081615
217.9511638117358
217.71219664110913
217.48171602673125
217.31517010710155
217.21571380370224
217.16386670129685
217.17327056396184
217.21606199798632
217.25110374927618
217.2526325822702
217.19162063565014
217.01966358913901
216.70619325338794
216.25570187083798
215.73169848100903
215.28098599364307
215.0059917767336
214.8394863682663
214.7157490338233
214.61372257703835
214.5293788579524
214.43957191554586
214.3670237607903
214.32214112396778
214.28533464689107
214.22791122890465
214.16614847659406
214.13670329510666
214.15170216569155
214.14667114844272
214.11572523121282
214.1149337379681
214.1831194199242
214.3719691117255
214.69236170104955
215.13450381585028
215.63632539248533
216.13069961023473
216.5921755944699
216.97055759505977
217.20122954516464
217.2129295219524
217.02900661929772
216.7138399509807
216.32987490341608
215.98671128333098
215.7605633074085
215.66511138345626
215.70242690536693
215.83952544691692
216.0233468421843
216.24897258649128
216.54308767713988
216.92203049363206
217.33981503197177
217.7280512373315
218.05473698151542
218.2990640028683
218.49439976451498
218.68498923578983
218.8868749850522
219.1169840043448
219.36783445604902
219.63127826625316
219.92537041719987
220.18163297139935
220.31496117462737
220.3810745445725
220.49536289118225
220.72983828621253
221.05740749526421
221.41462577764082
221.76443824803877
222.1216225133418
222.46796746264155
222.71446184533693
222.8573763305155
222.9336046344347
222.9868672303221
223.0188733788795
222.97578113203235
222.75851637559592
222.35000777441894
221.88048124058065
221.5084060604666
221.29910821565582
221.2024686365924
221.14012748863107
221.0265849952538
220.82898529188157
220.58197122516287
220.31309045480918
220.0027195343443
219.6019305616224
219.11838283648348
218.6047707919968
218.14796435005434
217.81065801564276
217.6201120502273
217.526511741132
217.4450404333358
217.33575256046447
217.22042450576308
217.1784990432774
217.2380015335682
217.35140298857058
217.47020145782108
217.58765122054444
217.65986588870553
217.63459260424565
217.48721547966656
217.27118158233847
217.04990310047353
216.85914078815375
216.76294356357545
216.79033760482037
216.87805725096175
216.96065441273186
216.96362254025334
216.86860536980896
216.70908133465696
216.50019790837973
216.23913493239058
216.00184605826067
215.89422286610187
215.9087734898438
215.97853585412065
216.07221396747087
216.18213287745522
216.31982445352585
216.55854501531311
216.93519049858014
217.3846524900232
217.74397594207642
217.8756081158509
217.70908741700612
217.3213656612598
216.85487440400598
216.494583871155
216.2874549208374
216.10182791011917
215.82497614276394
215.3694277265518
214.73386339013894
214.0148323247044
213.40144366755393
213.00425576827652
212.83037756660045
212.82750067772142
212.93115070020784
213.0756611121978
213.1942482896253
213.26823018486346
213.30482487881133
213.35414682749604
213.50650693027927
213.802964336684
214.26514836396188
214.9035747462626
215.68990554517893
216.62525208552205
217.82067486585015
219.30700639678196
220.82113265550439
221.65685973809448
221.07993840604172
218.96342991195343
215.80194420187578
212.45435328523115
209.87990784883374
209.0250409496798
210.30051737280763
212.67034821323574
213.77585263281816
213.31614275570644
212.05942815153185
211.82821858035194
214.25063712258972
217.92343295699038
219.53635993391433
216.41421605308182
209.9269531121405
205.75995583676533
210.87462950292846
225.25481007276014
245.36775216567594
276.1711688343308
314.26659241287365
335.8381035660543
325.86043625873356
290.08758793511527
249.5785076150387
0.0
0.0
0.0
0.0
0.0
0.0
0.0
0.0
0.0
0.0
0.0
0.0
0.0
0.0
0.0
0.0
0.0
0.0
0.0
0.0
0.0
0.0
0.0
0.0
0.0
0.0
0.0
0.0
0.0
0.0