212.33373687086294
203.58807019744114
195.2895702612036
189.99177688148612
187.15043060349092
185.40370254055495
183.9439843521645
182.46788655663335
180.97468640591254
179.62008624710654
178.5918283681994
177.99873950212776
177.89237985314026
178.17809488104047
178.6649941344531
179.17659061461268
179.55055886970274
179.6971817253498
179.6847600893596
179.7427596106639
180.05367215992587
180.55116996475547
181.10884022306226
181.53428623416147
181.59292971213313
181.28352613460405
180.80472240189795
180.32810696095981
179.95190572210015
179.6239305489741
179.11935580573495
178.39202627919306
177.59957676202873
176.72210024959656
175.64506608415843
174.5359148421999
173.70268343730672
173.27526347905885
173.2331885635303
173.53804911473725
174.06597903301727
174.59445195290004
174.9329365288665
175.047501537487
174.9730919969544
174.79884563088285
174.63435983546472
174.4598099876888
174.21042818215815
173.86272074769215
173.57357145383278
173.38434888993396
173.30408328619814
173.45355922830674
173.7690267878172
174.1527624552367
174.62803928215493
175.13595550154798
175.64849378548843
176.05766957881414
176.29017597214545
176.3291806896206
176.0300209213612
175.44851403041724
174.7215142940802
174.10598769924394
173.39218431692376
172.5021616047199
171.63423256219258
170.79068383744973
170.04384846137134
169.50316050654828
169.15296652289322
169.01238614421135
169.0494008826093
169.17171312905157
169.32444478229849
169.32635778729644
168.8889675287909
168.1310203194211
167.38737173181912
166.79100279398816
166.39805741587773
166.3273025635043
166.55665761113198
166.93200355881459
167.3343737662344
167.81969720146841
168.40762922958345
168.9837586920203
169.6567197682232
170.4661067488586
171.30953252338858
171.87208659871987
172.0248877865302
172.08821897137153
172.28842976698567
172.64184108139273
172.94819284450654
173.09817308609158
173.11914017304431
173.09344432279042
173.13779821457865
173.29161241981194
173.53215299531178
173.76647720190942
173.8614671427576
173.7999937609921
173.67721693492797
173.45108348935457
172.97565330584536
172.39385120590418
172.00496455998848
171.86821621586273
171.9524008921732
172.2358752449881
172.6932574851396
173.37682645590237
174.36237881304584
175.600032938036
177.01769475125786
178.4270910979114
179.6976991882104
180.6818386737428
181.17128172561777
181.22560303668794
180.96676903656555
180.41841515128763
179.7100462866037
178.99310916002116
178.3617070767645
177.84756065674634
177.39738182521387
176.94722294694304
176.4603654734845
175.92902217185434
175.4829974990152
175.22346346868113
174.888022419724
174.5269283340878
174.09581682512325
173.56469066194703
173.03222733591096
172.48567443608098
171.9703734161242
171.52918853071202
171.11514513857693
170.68834806462385
170.22176084191662
169.7471307039345
169.32212722973176
168.93207811308162
168.54866939826405
168.14325156076177
167.7855982201517
167.52643722858375
167.36048661682318
167.34101105644766
167.48317819506033
167.72141234205986
167.97117093095505
168.1394724905212
168.17983888676434
168.1963174466927
168.35601065776984
168.64967068490364
168.9371970216169
169.19185212729485
169.54210323662983
170.06723761219558
170.71653584188877
171.49996178097246
172.322526554019
173.11729629626564
173.86789807427505
174.50189134918688
174.92754707359757
175.1320834448279
175.15173926219612
174.9269495436064
174.53972985917216
173.96896203481663
173.3725533312849
172.94214950453664
172.564577225669
172.16111466168923
171.6876334727025
171.14073415118702
170.5927413025913
170.1585332641257
169.90197277608112
169.78802470745563
169.75193770280563
169.7559340390198
169.68870179793657
169.43736482579158
169.0716375778761
168.78681457724872
168.61861597187297
168.4610208442195
168.38978122616282
168.3699152684994
168.39443382027247
168.6011907907791
169.04854958314684
169.76396475717107
170.71458401331788
171.43273818834044
171.67670826113687
171.55961633243874
171.28401221529964
171.10051716737243
171.0745194020535
171.18480163923476
171.3759411161017
171.53863726558217
171.5583832645695
171.358892995377
170.9308467306871
170.44719401115412
170.1878685097403
170.12415961898913
170.3051140605078
170.7040408069802
171.022942386754
171.03117905922088
170.71241484540622
170.30850807833338
170.11689232422125
170.24401632077286
170.50078612212397
170.68231149079773
170.72137915894157
170.52763883382704
170.238646605199
169.93466604801114
169.57388919804683
169.20899172595688
168.9582548464591
168.81487715593062
168.6831292372785
168.70572730800558
168.88736379703144
169.0412665751692
169.07888870264367
169.0642568206457
169.18457019192505
169.45957567350447
169.76354693321065
170.09877493267487
170.46036907538866
170.71047997472675
170.71179255040138
170.41593558951905
170.00694753945493
169.6381056096224
169.46462278160385
169.6332772062613
170.12801635884782
170.83383682174727
171.60570158149963
172.2569899364601
172.64956442427325
172.74467539495492
172.67478424119867
172.6658550959916
172.74085181799586
172.7257849896014
172.42964313649605
171.941634457794
171.2997610958344
170.59568879892473
170.00236219235586
169.51698336237138
169.28137708569358
169.20723620246045
169.15953495971345
169.04518384842993
168.83658544681595
168.59187365341535
168.28495523783542
167.97307202898062
167.6449353287525
167.35206068354782
167.23235501069306
167.33118811697614
167.6532608671624
168.198911184443
168.89252036744364
169.57773613704416
170.15089377397402
170.53990647213774
170.71086922347178
170.86074667821518
171.07534373739904
171.27851024912664
171.3994295442747
171.42144811258248
171.2678942532185
170.89504527366324
170.4502693568041
169.95908701310483
169.55051979589848
169.31574342992434
169.2386922771654
169.30257103462552
169.3984299645823
169.46198417846588
169.47745559444934
169.48595589370487
169.549295469205
169.6632326025422
169.79308515391787
169.95554050507556
170.11783644930196
170.30526736299583
170.41413189674336
170.4173982689639
170.38998727340945
170.28028579328202
170.18674201399625
169.98894805890194
169.80559680656248
169.76216848583866
169.78937948626427
169.93554259059678
170.1670810603324
170.4967016514978
170.86477974285148
171.16648385966732
171.3023962708131
171.30274658884764
171.3170855996808
171.36395035889842
171.43063591505484
171.4571992806883
171.3586138678584
171.1620034119821
170.95487642632295
170.7994071177042
170.84343304401833
171.11039125505246
171.4738208179644
171.77358331024575
172.00003145905245
172.21432979169236
172.40852829927587
172.6445804745862
172.9400098713976
173.2301376144229
173.405310836658
173.41901766185563
173.3176957930991
173.14531240556767
172.9011440153589
172.5565854697745
172.07019975350394
171.6397360410581
171.46414967073002
171.49797974989335
171.617464147298
171.75606435450655
171.91372525881457
172.01976303489354
172.02871309005064
171.93203558193812
171.68526767883887
171.29496586681438
170.82691299028153
170.36845229092572
170.02750758427618
169.82053329012285
169.70166925526019
169.5792950280392
169.40124214242118
169.29016038850892
169.382973216066
169.78732156928956
170.4118292885721
171.02645721305527
171.41527089987895
171.54608437016117
171.62965205629882
171.76318798003143
171.93813680190155
172.01556250270323
171.84499201272794
171.45527300913722
170.97587616162073
170.48698887330022
170.06836108672144
169.84455996139096
169.80990766729423
169.92054601295087
170.10247039759196
170.2209939301629
170.2741723828503
170.251599336031
170.177171007586
170.14285879348978
170.12364704952077
169.98657414498143
169.63808271049487
169.11643247968397
168.64853431740855
168.35287946694706
168.22069057120723
168.21786329199446
168.26362122798412
168.35870348413846
168.4989264602401
168.69988056195928
169.02035967248452
169.39979542629993
169.6852042822796
169.84778626998536
169.98218803695516
170.16496048281448
170.32583631426746
170.40348319891876
170.43690684870816
170.36920568752075
170.0910130192783
169.75259850299906
169.60696500101574
169.62016185392787
169.6777691960092
169.7596318307949
169.7396480110547
169.60571948029124
169.48154230892766
169.3516493005721
169.13772546493365
168.8429075265958
168.49944918795472
168.16889591168442
167.7945198448083
167.40301227755552
167.05922820358947
166.76616962976732
166.54479535934246
166.44543138241562
166.48441330386208
166.60482600391506
166.66205221265818
166.59282699995603
166.47809673492438
166.36412703844456
166.3764787728236
166.5407695229922
166.76060690366143
166.95010490472743
167.1177351396116
167.40338246827855
167.84230337636342
168.34983345960796
168.9087653924937
169.56002234916906
170.28368783051607
171.08184110225264
171.93296890353207
172.8013671677704
173.70173900789575
174.67390465442713
175.62380136317316
176.40816522170934
177.002689978583
177.36011940466608
177.64892564011262
177.9135616523679
178.09466885373652
178.15064243684594
178.1032846376604
178.00581110935337
177.86990294102637
177.70469036165127
177.4619684478603
177.05570021735537
176.47738654707592
175.75253874332705
174.98717206242677
174.33291679632023
173.8552798982083
173.49929804044635
173.1766877347398
172.82772940139267
172.39837820809683
171.91413967748355
171.42806759912838
170.98646706394774
170.67538155050534
170.45805397086755
170.2401042030411
169.95945607362273
169.6364715523727
169.37977915783983
169.31298921061125
169.52136436996742
170.01661886886205
170.65307697914474
171.25737310929077
171.74036772990593
172.07426463714057
172.25998448321963
172.32655330965676
172.38456764641757
172.49282291529917
172.61630914234394
172.71063380041193
172.74197988152292
172.7056186257187
172.65481904455424
172.6372282866208
172.64391219988582
172.6602298348567
172.66070332461663
172.60846227315432
172.47994610015758
172.27603519038055
171.98792384958705
171.63066068770138
171.30131596450371
171.0680730704582
170.95075605598845
170.94088421971273
170.98370184769155
171.01416821717342
171.0369240106201
171.0544604201716
171.00737965310714
170.89912908214896
170.7846924920426
170.659387241952
170.48729560617977
170.23968853783217
169.9228167624189
169.54081048351884
169.1223195217953
168.7798807339983
168.6454608729982
168.71464967383835
168.90903800312913
169.19679513511733
169.53705504577812
169.84831267696006
170.09569456210082
170.27255067068438
170.3728250290414
170.41191609792708
170.4164241706167
170.4290928468968
170.5001933667323
170.65378731557283
170.88403776954937
171.10906732489548
171.25697067906344
171.266340176506
171.1614961088007
171.0679884424457
171.03300208962543
171.0822407542738
171.22914653966575
171.42651739562325
171.55726614265598
171.51509892579242
171.26574952466925
170.86026402586015
170.4440753029183
170.10234822633765
169.79250553130723
169.46541699200253
169.15673712882148
168.93848820072822
168.83662652599875
168.84264235767577
168.8923729224058
168.8643044127998
168.68897506241228
168.47733483150188
168.3945039672094
168.48667479938337
168.72131446586812
169.00566286158497
169.22570196488044
169.3270946285853
169.33660983237226
169.32150563816134
169.36574048203744
169.47142054066373
169.70540282129042
170.18249671176517
170.86735640602765
171.611357709327
172.30482935763035
172.87383685452502
173.27134848180395
173.5458030100291
173.77501438423582
173.98008104220546
174.17172772341752
174.327183360133
174.37265129337624
174.28535480707558
174.07790434559004
173.8092062064967
173.51455616968573
173.16061470511204
172.72173841440951
172.19011749123882
171.5788430416829
171.01241526639208
170.61405052125258
170.37369028407753
170.20415335521685
170.01669886256747
169.78371633365774
169.58283205208784
169.43359249269417
169.39467731959996
169.5432161594515
169.8147066699987
170.1384539084855
170.47904583397553
170.8069634938966
171.11417393584355
171.40214466322922
171.6450271439351
171.820736004219
171.92585177933535
171.9689168517038
171.9257768273294
171.82812575567544
171.7237403975589
171.5752291858047
171.34723110285876
171.07996426945294
170.82897753508735
170.59067697925016
170.33497298988195
170.08472935019375
169.89399717793486
169.81317448194488
169.854673536562
170.00348348052057
170.1891111564834
170.3572720192187
170.48516082843796
170.54293085709213
170.51920596458828
170.4154479847312
170.2535524951708
170.0545442686595
169.85393835254527
169.7052017018237
169.66917942015746
169.8096352517506
170.15367927596265
170.7047497309113
171.45416996068687
172.31847678109247
173.21310121722024
174.09650225601519
174.9376697224678
175.71205789172936
176.3579434272272
176.80019620959862
177.0516121902319
177.12075137818906
176.99470801252198
176.68451230413112
176.19673458828026
175.6142078688968
175.0629268459122
174.59579637607555
174.2359635372938
173.90139835946115
173.51376595519378
173.15032971645746
172.8875155053216
172.68588572054298
172.46212225374964
172.11103993903944
171.59134478789068
170.92149958626152
170.15701218420537
169.37900557130124
168.67231143000603
168.0828915071596
167.61908396820962
167.3088733730351
167.16419878322296
167.15546761634292
167.20657067417915
167.2181068622843
167.1191737601051
166.9051688662523
166.65878256118134
166.47676226861046
166.40739538254655
166.42406278724854
166.404666204088
166.30262786748523
166.15977171113178
166.07218439635906
166.20841417839523
166.66197070752847
167.34816665088067
168.18657103406088
169.07094155911977
169.8213411151349
170.3586331995573
170.78800614861356
171.23360041777045
171.69289793182986
172.0830530184114
172.3994132065895
172.67205171021652
172.84324506085147
172.93331880613613
173.11826166062664
173.35382797243804
173.5916267383969
173.82649371395178
173.90010954225937
173.77310948587132
173.59754425847277
173.3091701896356
172.90962983268136
172.4821139273808
172.08476445928665
171.76977219328398
171.53157228219433
171.3467047650839
171.26489724761774
171.33988230692566
171.52311359018182
171.76853789059487
172.0497933654707
172.32409890813312
172.57808698870178
172.79529417252658
172.94191384520877
172.97793272005498
172.90432614442537
172.7580855830546
172.587187277632
172.4484749715538
172.36868456063542
172.36838908439145
172.50227907683913
172.83763309413072
173.33415537078088
173.8415974627025
174.22842001134364
174.45981677614776
174.62954461689026
174.81719092672444
175.0345334924057
175.22492581443404
175.24429792978415
174.98656393011626
174.47881787202547
173.80173107657075
173.02073093820115
172.27401429835874
171.67282434581847
171.20967868309916
170.84166649372065
170.55353349039746
170.3666110822145
170.29921331260698
170.28781163559947
170.2158641206095
170.01105155957057
169.75515140827574
169.5521840783989
169.37571279205306
169.1659718755617
168.79431005032959
168.26272385248805
167.74635522476362
167.31413949757646
166.96571564118844
166.79700524513532
166.83877503372824
167.0511237895738
167.41777006829994
167.9316456312852
168.51680957078347
169.07878601432006
169.56487388752805
169.8832667203855
170.01824232861367
170.04318451783882
170.04630318897216
170.04643284811186
169.93428279287588
169.76455568641575
169.6648748872675
169.71584364981408
169.86458925327213
169.95759944695405
170.00586665911356
170.0543670005889
170.14432804971406
170.24405778846096
170.32522606965063
170.43774412623654
170.55817330059512
170.55173751149624
170.36696477165924
170.08669318673475
169.85073352964503
169.79265055691613
169.96407213252857
170.28574787582926
170.60786484559742
170.84416617382402
171.00874264534315
171.12643902234657
171.27316730027417
171.51107979736003
171.7408969848671
171.86866192415962
171.89216891153455
171.8287092114488
171.68479184805057
171.46508792907383
171.18251229982494
170.8781029917495
170.63508957143029
170.49180783136075
170.38027064381532
170.2714131910376
170.24731089371625
170.36741922904443
170.55564212885173
170.7171120643664
170.85926343447574
171.0307386310553
171.261576530193
171.56095884921493
171.91951577540732
172.31546554379315
172.68419852357
172.93626949207896
173.09271416322076
173.25290959997537
173.486653491867
173.7802085965663
174.06710312924454
174.32933808721643
174.45840618111785
174.41444338877594
174.20583273569906
173.83095916680094
173.37473046251995
172.94038667434214
172.5347243842164
172.142087815019
171.71177955777375
171.29362408700376
170.98628062647526
170.78662550565042
170.49864323416634
169.9567003188224
169.39977329319683
168.96759917155796
168.65561716895354
168.46106049502615
168.34707415963416
168.27301068798707
168.21414052081627
168.10163498240556
167.85703540612064
167.60993562091687
167.58761990199952
167.81126384745153
168.1401314955637
168.42939862574974
168.6671336926848
168.95082191972946
169.35989712655766
169.87870174106962
170.45158572779516
171.0417436577326
171.6169028709765
172.11774214078682
172.57419664001725
173.03446494935886
173.38907636606987
173.53781549736982
173.50063289324072
173.28081183342874
173.07807907024585
172.9646767859769
172.81554263537086
172.54668072866937
172.18591964094165
171.92270637434717
171.80535087727245
171.7496733739093
171.707868018996
171.63658016737725
171.54055110384758
171.56844451837995
171.80628913084877
172.19015210727412
172.54081057084505
172.77494086616403
172.84619114238572
172.77705424806354
172.71722736624793
172.59356648430796
172.25203733719474
171.75449889936323
171.27004582600517
170.8182876719246
170.36353106801658
169.91182801772462
169.50840747036062
169.21833221448742
169.09939286024775
169.1371395327099
169.16712893444466
169.0476695770984
168.93151667905155
168.98161121017233
169.18502687812725
169.55053725276474
170.03145282900186
170.47469195304487
170.76164848812093
170.89586920660042
171.07680609413632
171.35755975623812
171.71504860590886
172.05815120045196
172.3252628365729
172.57537425112204
172.80630495960673
173.02116962964865
173.14173342040863
173.20945135361836
173.22525323340315
173.17147089553504
173.12798962193446
173.12886124761076
173.18488797782862
173.2110890721143
173.1871602529848
173.1583675051638
173.10077271839637
173.03654997646112
173.08757673329936
173.20019421141978
173.2588941709267
173.2721915177428
173.24706295366497
173.16852688944238
173.0723046729836
172.86787603238895
172.45005255482653
171.99069044334934
171.53546018854558
171.1576582700901
170.94705834759938
170.8172560857546
170.72270388695273
170.68586898164838
170.6606197179963
170.62384650388157
170.63526603232467
170.7460877283034
170.90378959292946
170.98329514907863
170.99151910265323
171.0041586348445
171.0631424225203
171.2078004022577
171.42039668615934
171.59605379121885
171.60915832534653
171.4516508294198
171.25389678966738
171.0533477046298
170.8547152531507
170.70294143382375
170.6631273764263
170.74052096296293
170.87819742782287
171.04893879924356
171.24441235393311
171.4880748782902
171.81918253769302
172.23885716843503
172.6833852399987
173.00001534194314
173.10252374021297
173.14610806030288
173.2470514910389
173.3498254745815
173.3573716057535
173.2202962561608
172.9928414984771
172.75509784010788
172.45449881968432
172.10851660112982
171.7844287818714
171.4898746459405
171.26612415900087
171.1622221452287
171.15290309882357
171.17135166270572
171.17060856045586
171.1783676487955
171.23279622833167
171.30548224266445
171.3613479747393
171.38316206235336
171.32888266916243
171.19581803630103
171.00883200612725
170.8233107555097
170.67879662376856
170.53032324296467
170.3583599237735
170.16759246980743
169.95732227403715
169.77967322077848
169.7418635380225
169.83718885595488
169.9627760855251
170.12917567706575
170.2139636253723
170.08666524063824
169.89455149319667
169.83685872562296
169.94536552948108
170.19954882538852
170.57574603198483
171.0342876871599
171.4955043688757
171.8240087464912
171.95167598182792
171.8869843413141
171.67611986977272
171.48453009672565
171.43848283899015
171.56916831684597
171.81759897502485
172.07347505088268
172.31587731516254
172.61210985523286
172.9775512244295
173.32926561927195
173.53179233889207
173.61831420993127
173.7136171382391
173.8017268553855
173.7861916946022
173.56179053355905
173.18690781862173
172.72587524162358
172.2461539395071
171.82292041482594
171.49596061233484
171.2625186873468
171.07535998213277
170.90074270484374
170.71587643221602
170.50027436474417
170.28875443074756
170.1045485759418
169.93200469775078
169.82651961001991
169.79244954840033
169.74003158696297
169.60051640821712
169.30229704964916
168.8620353808509
168.5394277282421
168.3935141564422
168.43595409564534
168.62863095080485
168.875064597138
169.0999626049427
169.1833465948822
169.2473329554255
169.3562892329572
169.58512982576084
169.9745978005254
170.383135049977
170.72562521569648
170.95155417843938
171.10198681104447
171.23521761671668
171.38238537919162
171.5262099076105
171.60722312013218
171.58081155604526
171.4745331576617
171.34624279558142
171.22971461318244
171.14179351511888
171.10495834475142
171.17695290584265
171.36640437718572
171.60107933179142
171.85741211467436
172.09069862435598
172.23699718176545
172.2576437404911
172.15015547069967
171.93878168502388
171.66209222248068
171.41415055773678
171.29518992965626
171.26694508752664
171.27245520811078
171.29981538388967
171.31443474285913
171.36250126097366
171.51421424500808
171.71221261377983
171.91489165510825
172.12332435379165
172.28603371673898
172.36331890003993
172.40824331517285
172.50849833311213
172.70699936203704
172.97686505441857
173.257572816141
173.48393347950008
173.6468968490968
173.83940358501832
174.1164182081404
174.46581305664517
174.76259928751097
174.89115369962903
174.82723522812478
174.64967085439446
174.44157852707946
174.15638826291035
173.74731479661904
173.40489469179016
173.22670198708735
173.15321982693627
173.1271810595884
173.11104150684392
173.07331587008872
172.99534770983584
172.85708492291607
172.6740618728939
172.46146958216164
172.22194966559704
171.95186161978165
171.6717353517896
171.42880918812807
171.22064672579137
171.04288444012963
170.9546968888402
170.99861411966157
171.19367451470526
171.54084646683816
171.9709300229957
172.36817675646444
172.67021606938204
172.8936568257647
173.04940237351678
173.09831837283866
173.02609456461306
172.89700852044697
172.75256049605946
172.60366515116365
172.4894013236982
172.40909124515665
172.22639899483778
171.88199120682853
171.60639160220103
171.5971565280334
171.73831154510745
171.84097178791325
171.82128600860068
171.70819451163823
171.61308053224107
171.59551169297595
171.61032757071033
171.62839367448655
171.66161796633284
171.75021389301708
171.9378412229419
172.16644405995953
172.37601949743623
172.6528379226629
173.06656804865875
173.59540359723425
174.13316740097846
174.66480533969792
175.21663213970925
175.71194756120218
176.0303654005396
176.12850174871306
176.18035256537235
176.14258309652354
176.0819940290245
176.07414827193048
175.95297020947538
175.5478458508016
174.87006678278766
174.17907554811848
173.59164816442168
173.15676354720068
172.8355473092601
172.53222740728128
172.20951849031974
171.88327526185748
171.57125654634743
171.28129121325549
171.04336632975068
170.86478690808713
170.69775306429185
170.47267450928388
170.19035230198912
169.9316325804974
169.71493408524202
169.48342876555864
169.206272544909
168.98256718956847
168.90550241149208
168.91823998766117
168.93613389689108
168.9343260711577
168.85892562373664
168.71564659436748
168.62444343863058
168.70019320996371
168.94423585209464
169.26554905966879
169.56976293718287
169.7981670738247
169.94992696853748
170.11954324789616
170.4314398960102
170.9692917260848
171.72071776205735
172.55145998372095
173.3525513766246
174.0943521451244
174.7806820352514
175.40313151376952
175.90583482242369
176.23203836397235
176.34871426941507
176.27800428263882
176.03956150882493
175.70236380804218
175.31899999443652
174.95373761179331
174.71076286020502
174.40606696037702
173.89490242015464
173.31769273254577
172.8567863594867
172.58210132833625
172.47076217366012
172.39017069207398
172.22157390270678
171.99164235440983
171.6651807050495
171.23755267610346
170.75016250905756
170.25489424742162
169.84615837189398
169.56654964086636
169.40781173377414
169.28644821104743
169.14683752256374
169.02176609900775
168.9495219913253
168.91542244862245
168.90119022392824
168.92975756406057
169.01925151652034
169.18322485759273
169.43451020589137
169.70797438892848
169.94049252078506
170.1575810015155
170.43971141149967
170.81911194672026
171.21463696445008
171.48034494781837
171.5491404862946
171.4887241602095
171.40579905141635
171.4127799337705
171.54124680853033
171.7578733812153
172.0571974458423
172.4143158855412
172.7504799148354
172.99854302222138
173.10226564440478
173.08710335510676
173.02870993616926
172.95783105650392
172.8968024979098
172.84659434112876
172.75993764071205
172.6605766862222
172.61975488360144
172.69154999848433
172.885965017662
173.1109740117254
173.22626330233942
173.18309107440115
173.0331396309348
172.85469387805966
172.67755628691418
172.49805892537137
172.34583501892632
172.23657339268303
172.12976425167744
171.9794241286129
171.7397287437019
171.40894365661248
171.03896149153803
170.68150181771782
170.38194223408254
170.13942254551924
169.9375321427307
169.8562443057947
169.98079976989314
170.2991416187296
170.71684373458945
171.0154448979719
171.03207331998698
170.9473550053611
170.84002592712017
170.65275851861185
170.36426298450436
169.97576214974748
169.50741536057762
169.03869566165076
168.77980223403128
168.77589909197292
168.90293093612047
169.0609455178446
169.24497335381943
169.52011643168376
169.9219358691611
170.4073325144556
170.8712838072223
171.17884977059023
171.2773351958006
171.23333339466404
171.17384708891882
171.16061865192225
171.16524955362226
171.25343909480733
171.42480008907037
171.5362080091307
171.5642834702165
171.6710977420906
172.0234663998868
172.6387004587892
173.36127097767744
173.9834662642327
174.37990810892276
174.5089886713776
174.41488571795426
174.197568461418
173.936341024521
173.66613895723785
173.36479662250508
172.97738645857714
172.4272077325184
171.73864750379386
171.10927238863488
170.6196353373326
170.27676704853548
170.01837766731657
169.81753588522432
169.65785936514303
169.52661270696404
169.47827399559654
169.49230538683221
169.55689783225733
169.67531683485103
169.8218376429965
169.98528468341306
170.17163278885522
170.38914288325185
170.6774500875939
171.02583726791883
171.32997296957043
171.44206777015145
171.35211854238887
171.27243488255368
171.18666473989677
171.04358052883344
170.9066587952362
170.87501737385873
170.9966283608225
171.25950346466703
171.63950072203582
172.04687132681875
172.33287005263784
172.40271531382155
172.29989115624576
172.15669819274706
172.0798468912322
172.12247498653406
172.20561091546418
172.15681536122216
172.07553933679768
172.10176381753317
172.1936366007414
172.2996771037796
172.39355779894487
172.47038930815532
172.53603975363976
172.61473278351605
172.72778723570073
172.87532427927752
173.01105455284838
173.12556166458182
173.23550733374657
173.24408468206354
173.12579092176182
172.93374490423975
172.71889423155073
172.5092106320795
172.311606681195
172.15055484543421
172.00617462696744
171.8440607345035
171.72982618465065
171.73125658904522
171.83135488198417
172.0094362904322
172.20890294768392
172.32565504035594
172.3312572699274
172.24934307451193
172.13165019111125
172.05306454439568
172.02262817003086
171.98145082842544
171.92864586474326
171.88243037519868
171.8198404941528
171.6664447829383
171.4477969505138
171.25600205655712
171.08750164392623
170.9589398741763
170.8488231995105
170.7383734484339
170.6517532743281
170.65862674787877
170.80257929741046
171.0488841079487
171.3127888300928
171.46688891911955
171.5029661637065
171.46356148028028
171.38487096441128
171.39749359566
171.585291665464
171.81901421864794
171.89326836359066
171.863023693924
171.82363270891892
171.83705002398318
171.9319886222158
171.9865922304273
171.97677283372798
171.84303667874246
171.5575538359286
171.28078290848748
171.19733708076313
171.34268650119924
171.64049529773206
171.98789776095663
172.37685997644806
172.71835542919143
172.9091598376367
172.95172670165118
172.89148467069882
172.80506811079147
172.77136040789463
172.82659640922287
172.93014177292693
173.03844838936945
173.12229102989508
173.13623799208835
173.06125010328333
172.93509601478507
172.83771806406713
172.785555844771
172.71559523190703
172.56998772712424
172.2991365493561
171.92003411977402
171.5535089361353
171.25816160319818
171.02425560575327
170.8502247062798
170.7167746337778
170.6017119253974
170.50002028864836
170.4543400429397
170.53398164525123
170.7282320321155
170.96256640091948
171.2083761539988
171.45809693468522
171.6243641361068
171.61389534784445
171.43561496418985
171.219727695973
171.1029880426507
171.14237601373247
171.36105920980657
171.71045590118982
172.086507078792
172.43529548407824
172.7570593289653
173.0853824189008
173.45988662974332
173.8468828825415
174.17348470296204
174.4482136993613
174.67599077082326
174.85834615076772
175.00169110053207
175.1072627728537
175.14441450123832
175.0693382664324
174.86723850108893
174.5445435748768
174.16484171481662
173.83356561840182
173.5646940536808
173.3019174212091
173.02934288044423
172.74956979012595
172.45736993986029
172.1535294111565
171.8432585715721
171.55654703859085
171.3196666096142
171.17364467037135
171.1060940666269
171.013686118402
170.86623919740717
170.65413011232613
170.42531859223757
170.24225296931277
170.10531142173735
169.96356496712775
169.8199636908268
169.69936818544366
169.56713103645677
169.48707279095754
169.5482337395554
169.73254380948904
170.003421474399
170.3689286123166
170.77628020446824
171.19564307161374
171.58112273639293
171.8320102575393
171.95984247130653
171.9905681984049
171.95522256704805
171.9335459125249
171.9017473000585
171.84255148054
171.79049300353452
171.77511550446604
171.82487913361973
171.83334874341145
171.71209947020668
171.5145617052053
171.3101467681876
171.24562150541055
171.42218040375403
171.71647112414473
171.82818622911321
171.5890341031275
171.23184568950015
170.9473680541017
170.78579064818786
170.81497725480085
171.1530353376408
171.85798590406947
172.69658859215065