0.0
0.0
0.0
428.87413089546715
397.9713384762056
365.21612772660103
332.84932325143694
304.1023154621939
283.6360985339707
271.88095259152027
266.0157019772312
262.4729732106614
259.3313072832459
256.5330651441907
254.27205311229523
252.6699539961587
251.8730449055787
251.82137395074474
252.21696672750733
252.7586163763932
253.35458654572332
253.91174867915265
254.41127025343326
254.94211341571543
255.58161605659873
256.27776946424126
256.76681241747735
256.87471377938067
256.58520909673484
255.9383935675687
254.99231195768346
253.9134365860354
252.97846246138414
252.3652670419816
252.05707405843108
251.90784822759792
251.77014155175453
251.6076178674133
251.37420305172768
250.96823337600142
250.39283485677373
249.82183829788565
249.41755579321637
249.39707648459222
249.91403486145566
250.8556913007011
252.07154446419463
253.3801855880514
254.6140495309556
255.60886594207557
256.2793122490706
256.6971148818987
256.95650265754347
257.22378365312966
257.6449385122243
258.1328451859374
258.5731071792829
259.03515263430927
259.53668802538317
260.01159681095123
260.33630272450245
260.3872557372505
260.0829678360128
259.4829067771735
258.78079072745686
258.06920399605804
257.236166586227
256.3213685300275
255.53980130675885
255.026275031296
254.7423861451215
254.56330258564884
254.40126559516403
254.21247773279336
254.06414305259239
254.07870450262755
254.23012258716943
254.36356092527672
254.41206123125087
254.37181094727455
254.32986992706668
254.39516724748478
254.50643813849626
254.70594779284545
254.98435565916935
255.4200415014609
256.05420017159054
256.66954950858053
257.11283140585886
257.31331918732906
257.3763381337625
257.4843696300446
257.50764339582554
257.26109196480206
256.77315625213555
256.2271690594648
255.8386508913554
255.62442164967723
255.49596053502464
255.34814474902498
255.07921028105775
254.62271068037091
254.0022127929469
253.3075800109111
252.59852585639277
252.12707645843747
252.0809925719994
252.39767832118173
252.90237866158645
253.47088957122315
253.97918848102637
254.48592733662815
255.03790031520475
255.43390358257855
255.6444327004022
255.63749828811572
255.42852345021322
255.23100136267107
255.31130183435886
255.64210465175782
256.025780415467
256.48441380070904
256.95975495667597
257.39870203130124
257.7435463080834
258.0165222899848
258.24664797024843
258.38595933087163
258.472349276339
258.61505548468057
258.9090343857409
259.3621498790133
259.80503756566907
259.9471640924713
259.80771238223804
259.608485928665
259.44457622946913
259.240442284726
259.0276856244244
258.8640318396972
258.71732108965347
258.4735979071931
258.10531610240423
257.68417076537276
257.3671664742912
257.1732730739028
257.03551703376075
256.94597858171244
256.85504480845555
256.6513493166173
256.30858741861687
255.80179971344228
255.1107805005609
254.36192322144282
253.64691923430553
253.04223651554787
252.72918823517443
252.67107468561136
252.84271938677924
253.02574699287936
253.0012551796841
252.84312542843662
252.74646031222366
252.87482616226148
253.1101338575396
253.3166119546639
253.4749300752479
253.62580478360385
253.80985336017096
253.9711751818681
254.04155421067264
254.08159600601306
254.18273071431966
254.37772210960767
254.6592705927102
254.98978312090424
255.27044082443723
255.50359393307335
255.69239501017682
255.73719760612983
255.7263185144676
255.7550059173725
255.7624947702496
255.67668324488113
255.58860248317546
255.52056855035534
255.51174233694744
255.5734028502296
255.6952564441039
255.89934835600602
256.2232680310148
256.6299068695384
256.9279866606029
256.90642258570927
256.4338675046289
255.5376210628948
254.1898306683135
252.44815873444347
250.4749560192893
248.22487078838904
245.44662259255335
241.76801320431332
236.99701714844923
231.24183658686945
224.8158812951167
217.9798542978956
210.94557495827806
203.96672703481153
197.00574401766033
189.9336419959816
183.0124871979385
176.73719572828284
171.51441696765596
167.44695629037744
164.50247235628797
162.58701923760847
161.34030614485803
160.4278985752246
159.71187333200348
159.1275784767031
158.69764989491267
158.5100020826814
158.5458295314748
158.67602891743013
158.88035658262768
159.1936791202432
159.6005714522733
160.10586929191945
160.7557164271008
161.51513745192338
162.20802876211923
162.6134368453461
162.6437522091608
162.42753668584342
162.1806834247838
162.06295912898753
162.14364462415375
162.51237974255008
163.27593713650623
164.34871276003776
165.4717186637569
166.3763194115308
166.90394074592749
167.07384503269915
167.1134187090969
167.26995187247357
167.61941612519902
168.02776116971512
168.30435371206397
168.42865428825513
168.5183901389318
168.62360765620082
168.70168649863638
168.72396062272193
168.69867094551378
168.64848137637057
168.5463154423478
168.33043015692476
167.98272675841156
167.56188138017052
167.19183908443657
166.9562667222932
166.8712241879641
166.99819523548268
167.29178584583
167.621407266246
167.87770936963508
168.0088702882193
168.0599713111043
168.1387455748714
168.33730914905996
168.7179387431788
169.17916236207785
169.532460906599
169.705348827525
169.67021718672618
169.52515330326202
169.42378661870754
169.39674389341445
169.4133846248083
169.47256590128936
169.5389199015588
169.56830727967105
169.56727309642943
169.52215586948893
169.45890592092866
169.42697938529483
169.43998838447268
169.50982511751454
169.63341382723993
169.76318653404437
169.88388738777454
169.98135672094162
170.04859909752486
170.12790143560383
170.28056401507513
170.4677779028467
170.58791998798185
170.61953560935814
170.59060751258417
170.578736914302
170.723136413819
170.98012180900815
171.22496555806998
171.4365156146264
171.58612183082158
171.6259554240449
171.5715002940778
171.45563264348897
171.31558793411057
171.21227516706594
171.2262809360763
171.35716194669192
171.54455081751462
171.7041407439841
171.7439073819063
171.67617205458325
171.51403279394526
171.31632738880958
171.20050281665095
171.2245457938376
171.407342928076
171.70657264047372
172.01915902435553
172.31365021531502
172.51260742148654
172.52907759839002
172.32537724862954
171.99051795326255
171.69709212316863
171.41508700617766
171.09039721591938
170.62669784056266
170.11471221971357
169.704501613486
169.4567899528317
169.47787680122357
169.69551780271496
169.95158661403815
169.96665438438987
169.6899302788043
169.26807632021828
168.7981752099996
168.45481789327945
168.27660750753824
168.18538969911805
168.1306908695974
168.14466306042976
168.22376368367952
168.2635608543547
168.3234093179053
168.472519633478
168.67508570156895
168.83973000647202
168.9105598883409
168.91270112805336
168.86328277144767
168.7147397653732
168.54130993542293
168.49341474565782
168.54438340888214
168.5946807034496
168.66550160317848
168.74904248746353
168.83331086040928
168.81463152737652
168.69301272873918
168.6240727718128
168.6636006503476
168.92566409950308
169.3643195984603
169.82096040128684
170.13943694111464
170.30406380409232
170.47872258716214
170.74020420995086
171.10934069617173
171.49248764773276
171.82181473013213
172.13344455685765
172.41263836743607
172.57720225156726
172.54003497567598
172.1334313099217
171.3532059079969
170.39550738404154
169.28020605911001
168.1981007880041
167.57099371114685
167.17295337909172
166.68885511333033
166.04737530895287
165.31167333562166
164.80096861445534
165.01369268960076
165.93464742187572
167.22698265808398
168.98741271299156
173.09231429391775
182.79800944535572
196.94338132374807