0.0
457.9656900426321
412.52363666845434
369.6816267626335
341.0792009373847
326.0058390379772
320.3644231147565
318.99042210203146
318.1664967372209
316.608747610636
314.60638147076315
312.74943735005667
311.3777652285171
310.46610950942755
309.9534669068097
309.838631971573
309.970636542784
310.20689882222854
310.713179069233
311.57774068598917
312.63764581998913
313.6303221059456
314.47672442174246
315.2798612101693
316.2530399375833
317.5258703978027
319.05992653514073
320.87520360268985
322.98665986964147
325.338233140615
327.76934519316364
330.00473765822784
331.80093214554745
333.1119313947376
334.05080264575633
334.70389915619
335.1172545138443
335.45147727918595
335.95854656136896
336.83043990638413
338.0311700509996
339.3233929627407
340.4461569985738
341.2075227427698
341.5831067136836
341.69931938840426
341.6247152069271
341.35362176466526
340.8640537285093
340.09633003454087
339.1972520861186
338.47661837671865
338.1448328236913
338.14689983881124
338.2965246401095
338.49940406750795
338.7580091857492
338.99965011292034
339.08804931360606
338.942818416212
338.62102350275666
338.30908358440024
338.2062394779141
338.4061894533284
338.7890897748746
339.2905776900043
339.99139236271157
340.87785595636115
341.770219234284
342.55676458843345
343.05950099472426
343.21497183777865
343.02121772366286
342.5363885393228
341.9818840919382
341.5420572923294
341.23369025072145
341.0930795702739
341.1257895493687
341.3543836919414
341.74241938482936
342.00306530818057
341.9624675287446
341.6190129121629
340.95384293207667
340.1639600717641
339.5627871148979
339.18433567421465
339.0251157743407
339.10819505234406
339.3037077754571
339.51569987307266
339.7479740486039
340.0714934201844
340.58946420047386
341.24115992990414
341.988407530661
342.791784326862
343.5093019265695
343.92050838352804
343.9011838935428
343.49484676322027
342.8573397611698
342.2429899370566
341.8970098403613
341.8582618611545
342.0066461804551
342.1288804588427
342.1936978459607
342.2934184711814
342.3092253823129
342.14750932601794
341.8937693874075
341.6280193821472
341.4113069745806
341.2137389087235
340.9288640170301
340.6088302379132
340.3756609279636
340.34421167485436
340.4599504309592
340.450493985793
340.22797900909336
339.94099956589184
339.67432034579724
339.3104249043418
338.8071594495089
338.2507017491597
337.78106786123965
337.6283589089111
337.9075841879526
338.5589683871187
339.3891996068454
340.15175570810527
340.6130832879942
340.5857155701025
340.08962248809394
339.28315537942484
338.41667766907415
337.8043029632132
337.59825649895595
337.73121524331924
338.15913109896536
338.8096925969489
339.46566710824436
339.99480561905915
340.2938666167367
340.20323021707156
339.6535583498148
338.7667667195637
337.732534069735
336.8790918339725
336.31296359705186
336.0057902027927
335.9888846562942
336.19464943452925
336.475275312238
336.68090041063107
336.74560255715744
336.70945267354637
336.676895585633
336.6857177667449
336.6919192144485
336.68063569370486
336.6726688970728
336.6220611535781
336.4953253609783
336.3739936208537
336.33582096021036
336.3511779827037
336.4489641447157
336.6761267313879
336.99092362406213
337.29964513786337
337.5292866823584
337.6923056364284
337.71480318836745
337.48235726954533
336.9017546607813
335.95387522891957
334.822614936749
333.7259288606475
332.9578900111971
332.662252790565
332.76536944222585
333.1020137080246
333.518214809367
333.8397685323948
333.89707898850526
333.67255170869873
333.2950946797886
332.87376592207306
332.43679754453086
332.03041841118085
331.69497937342567
331.4217964442732
331.21847166274364
331.13098145824944
331.15938940635675
331.10950653545
330.7109536393563
329.8739924119294
328.55314002046754
326.6820352428078
324.04658240373226
320.40223949241886
315.4568064702687
309.094493674662
301.5534309515535
292.9882019717727
283.2269409107808
272.4692980310796
261.13821499957226
249.2787778946133
236.81963964565074
224.17153425594182
211.87672027073856
200.19973546069258
189.54416501100553
180.92891330505
175.05778997962193
171.38343137217677
168.6492203710287
165.93516658318646
162.88544422113932
159.45493653637786
156.00473645527356
153.237531240704
151.97097532655505
152.77890897238052
155.39960602382828
158.75909760243678
161.54018271510753
162.94472078010133
163.02482030412583
162.3015717362186
161.4498123333928
160.88775103705177
160.6292541633667
160.56650270007032
160.62549432895804
160.61960857253314
160.40691378313142
160.0196088912666
159.56262440354863
159.23329166615878
159.23655517775498
159.55555903266804
160.00069614601009
160.50452121866033
161.1752503276365
161.8940136127252
162.52095800765835
163.18172766881239
163.9655302129512
164.7676432511628
165.46885271770762
166.03850082822024
166.54515396954608
167.0688765775372
167.62385645907074
168.23192340708619
168.9939068619261
169.99730323643567
171.22848267609692
172.52133997824316
173.64381529436452
174.49224688095813
175.13913672684401
175.66786034621313
176.08817858821322
176.38394954164946
176.56142574986745
176.63036211360503
176.61843970702964
176.68397016741196
177.01724994568147
177.5492256266634
178.0193258145184
178.19330222364673
178.08287023084
177.8667518117282
177.71134466955777
177.71557412646257
177.86973292607564
178.0961765029187
178.38166549856393
178.75651677501932
179.13813434163797
179.33080140277644
179.17109552561587
178.65493764808528
177.9404688111793
177.2458217817779
176.59327236277002
175.93694921723653
175.3112244742311
174.69438693642394
174.07825614310119
173.48989150090262
172.87415986370885
172.16448252869742
171.47581460602302
171.00546255930067
170.89252239631568
171.01866497903558
171.07598172101734
170.86909184089166
170.3899554490536
169.76979717678586
169.21147182945796
168.85282273120526
168.8265788983736
169.205141962316
169.83312998648222
170.45196043767902
170.82838953980496
170.92814556229678
170.81021412163363
170.54267648314726
170.29174771721338
170.2460432386688
170.40336796799784
170.69188713317314
171.0164365746964
171.26952279892146
171.39556150334266
171.40401661453777
171.3385468775854
171.2313217727324
171.0584593483971
170.82495548470564
170.57566122463996
170.33893621459518
170.12623257075293
169.9686985512295
169.89244815182784
169.84673055781496
169.71497284192372
169.44439999982683
169.05784134076737
168.59675649411506
168.17281069176914
167.88664917032887
167.74841832970114
167.72429664715068
167.77855294171457
167.82155627352802
167.70334144260065
167.37533005251333
166.91950407316264
166.42069912793852
165.94420323790683
165.62291068572503
165.52441164040926
165.40474058991555
165.12893927564585
164.82030294999734
164.6068211347891
164.47944989221895
164.39040514886955
164.30289022153403
164.25968678619256
164.35341825485114
164.58690076043592
164.89226802601996
165.2675615793226
165.6456077582638
166.00857346010395
166.35068160075863
166.6056757714443
166.75767694621982
166.82523507350197
166.7816073563854
166.7008630884032
166.594957352175
166.470501867951
166.5662627889944
167.0157710012475
167.73160190954337
168.5551193579588
169.31071399329943
169.87778518665556
170.25838369386042
170.4720071593995
170.57481928523046
170.71717668069107
170.97583308614037
171.36154441707893
171.97238559406517
172.92334837444665
174.12594561061508
175.34597347816026
176.35420236593816
177.02022844208352
177.3639464195022
177.4255303988561
176.99720341587175
175.68350166366676
173.32434799765605
170.57574443534995