247.16636063607913
245.45799656076724
243.89340086497648
242.8307242142611
242.15950637213282
241.53323842273392
240.78978260902898
240.04855487347788
239.5229051875994
239.35242125651968
239.31696677924057
239.14712514759066
238.82950673590926
238.44119513027707
237.86534583713288
236.77595517226675
234.8958131141755
232.27532327313963
229.2918726946075
226.37391388188982
223.87891924234478
222.05041040608342
220.88769837549728
220.24522450068434
219.8460344515089
219.39360707687376
218.78280044484504
218.04974235339506
217.32164387010926
216.70294094184965
216.24752233309366
216.0086757483518
215.99273026478554
216.12270413479956
216.25514560716366
216.31430898137538
216.40929882012776
216.72418337588232
217.27746646688874
217.9100194223385
218.5109339430009
219.0744664724503
219.54770721196545
219.88857402209376
220.10356983246302
220.13007173012318
219.89750747028
219.4073130568049
218.7340294363272
218.07225210494178
217.65660145886721
217.5740728372089
217.5771607771149
217.36468804306037
216.94757304993038
216.4348372242948
215.98689377004425
215.72632294881433
215.661277815506
215.73482402961181
215.84093944512634
215.94595088309154
216.0968382528515
216.27888597548417
216.49707188717477
216.76352695845685
217.0913450614867
217.4489825861108
217.8190142123939
218.20954869764577
218.5538458554868
218.79622189147432
218.9282423360408
219.04692594775196
219.18507773146808
219.34373203360454
219.512676300797
219.66945966277902
219.8279865881125
219.83764720980324
219.58404596142088
219.11708387356595
218.5614799099528
218.06427627281792
217.64173025286445
217.29103112685473
217.021912512891
216.88540122001928
216.70637529173973
216.30889199934307
215.59848986549287
214.7352827639384
213.9405467143969
213.2109084629769
212.52653942625673
212.12322897486075
212.02930068025847
212.0307518179843
212.13988084511203
212.2987771087449
212.4644654058033
212.65748125071548
212.80191285856318
212.7886425053713
212.61263002338896
212.51668261575082
212.48961715272725
212.46887378943515
212.36337166966456
212.35630638952415
212.67329503944913
213.24227842408916
213.88893315660056
214.4384984701262
214.85786707682342
215.3805702416781
215.87889886725978
216.0692644341678
215.88322860027282
215.4885449614193
215.04246657736815
214.6290526444729
214.42714341031675
214.4460446924441
214.43719583381784
214.542794797455
214.81066267340682
215.09874693626446
215.27014867552577
215.25293882634782
215.02171856618705
214.73221144706454
214.71281054988438
214.8482616068306
214.9252433996606
214.7687307056965
214.27517494984542
213.8193391598819
213.65344082261691
213.65088909434783
213.70893502454624
213.79013749499103
213.79987124653667
213.7399437759732
213.6505009739642
213.62764858060916
213.75856548826624
213.9627847009991
214.18549916830878
214.4996585910398
214.85096169294854
215.1235496986429
215.2294877187332
215.15737680264147
214.8660277228124
214.37713587236186
213.95656510656477
213.87011351804284
214.14356880396198
214.55805408993828
214.84087660951747
214.8750451008765
214.65346201287173
214.36186242807423
214.10203037914408
213.7045191498905
213.52025394649547
213.78100885624863
214.26163215832793
214.67866340328817
214.91878760427443
214.91367571954538
214.69474304897165
214.45963324345837
214.23965360671838
214.14028532457627
214.31875133324257
214.59845043396615
214.80654347211146
214.86019722080678
214.71312990285173
214.3838717831748
213.97054226349013
213.5436013767333
212.9974317077607
212.25898202341574
211.77689612561875
211.52884100467318
211.1563824649555
210.42228224570613
209.41780591506586
208.00230738068228
205.9657528468229
203.21635183548597
199.88759556675416
196.33746402616526
192.74178272347706
188.8755611541812
184.7547038883682
180.47809063254212
176.21461476628022
172.19371078946415
168.37391177825418
165.0770198256646
162.38417852649712
160.23389855372488
158.85703671218525
158.53205407606092
159.3852577238497
161.37309466015725
163.457546246688
164.49095810299733
164.53485774503255
164.30519267587525
164.11368704179662
163.8464211960018
163.37146002975533
162.7628101921048
162.23850605003753
161.95878556868172
161.99981952077977
162.3812219383602
163.00003934485477
163.68235689920863
164.29701553142223
164.72166983696474
164.88201119552917
164.82181664854804
164.70577855052807
164.7618776253214
165.15747844257135
165.84173543425172
166.651712778993
167.36461266416413
167.72911075493448
167.68998521792048
167.51712450801972
167.55123472158775
167.90999117168712
168.45799745958163
169.08124174728272
169.6975874094173
170.17593168761522
170.58981683182455
171.07762263545845
171.60363115585739
172.00040146507007
172.18009181088868
172.18166804994644
172.09665476503784
172.0489661170638
172.1354747422031
172.35486901294598
172.58368700568926
172.7541099942388
172.85795226732645
172.88267800235428
172.89850532268014
172.94963281485656
172.98491404551558
172.96658480026622
172.91903859081157
172.8642885827371
172.76142158730494
172.65538415872695
172.7256280562276
172.95762748237712
173.21727075658902
173.35283353154838
173.21110779758257
172.75631946714887
172.0915909160098
171.4112592693226
170.8168512868272
170.38552029774849
170.1910091940987
170.24233030490296
170.51500876495166
170.95983794481398
171.46905783938425
171.9390141649463
172.2997026297728
172.47442396561573
172.4725651256965
172.4423760988267
172.44424868252187
172.3666120263506
172.21380148370744
172.062576765656
172.01668786895863
172.048253066493
172.01180607439613
171.86094012952066
171.67471066486397
171.54502135906614
171.54427528319178
171.68999752190217
171.90833603991797
172.09728787578618
172.1759706065797
172.14591395466653
172.12142587911782
172.20001007256434
172.40591256680935
172.61499347616117
172.6549388956287
172.48929198068515
172.1462315125736
171.6536434298575
171.06722584696735
170.5256498747276
170.12991388061843
169.95632723806733
169.98910550145376
170.03820483311108
170.0123053027808
169.93889218163815
169.87399359540782
169.9328867888371
170.1835148500565
170.55708933455603
170.9052674116763
171.03945041354373
170.86507209737093
170.50083283236967
170.12444897363397
169.82117993621233
169.6260132580772
169.54328860930121
169.59175052224612
169.76564655395487
169.94027157320033
170.00567030043965
169.97385507855006
169.89989507393858
169.78771270604503
169.4846277712074
169.0395800699995
168.66818410509129
168.45212004264343
168.41700293068618
168.5995318223231
168.86352695220927
169.17956851332562
169.55897583140018
169.92635775371804
170.2653290190592
170.6014551375588
170.9320214619392
171.32985674650888
171.82175619122023
172.36589654793016
172.88276100588794
173.30301160188196
173.6202105304203
173.79805744574935
173.84259569571634
173.82594577440986
173.79673553881952
173.78012009772425
173.83915987785988
174.01749234363865
174.33193094768396
174.8952729526186
175.7037223289061
176.6852664253929
177.83942194898123
179.06318983538955
180.2316994279675
181.32161909646226
182.1107824938443
182.19708521821047
181.5147795870804
180.3290661200623
178.70930698959157
176.46465701778453
173.61469149284616
170.60918961022884
168.0270348300907
166.2399253404861
164.92456377162063
163.89329542999963
163.5182076239647
164.18496692274852
165.8532305836796
167.69187236424614
168.6439164503704
168.67301881098606
168.33948903108634
168.03839336376666
169.3111453622069
171.7770093917034
172.59189042507552
173.17767113794773
177.50379474524976
187.58229515608627
196.17933214697047
197.1820020709783
196.75691109069263
199.0270087676165
0.0