361.6779119881753
327.16206868394227
288.29192799668147
258.93643151775615
243.0236420469364
237.4586119701413
236.55921841913337
236.22069253565704
235.4962739565497
234.09330750486748
232.3651436914529
230.39276289181709
228.25375662471865
226.1607289427498
224.3032041696672
222.8084673356541
221.65349727246033
220.83534350484808
220.4867673690023
220.62294010979144
221.05837341408755
221.5417820248519
221.87030661630737
221.99260730212447
221.96294123343688
221.60097537699176
220.62350048092924
218.93587632051992
216.74297785405386
214.37200694764178
212.19126486107837
210.5237628309055
209.41111316552153
208.6362660214702
207.99893111970223
207.4259296207624
206.9019211944322
206.50400638857835
206.25573390120792
206.06611432644155
205.99466727011463
205.9690456295083
205.8594830286561
205.70515835353746
205.57994731656953
205.55996749091088
205.62570765579048
205.8536145796084
206.32685518455557
206.97658342032707
207.75077478818505
208.5444673221207
209.26164057286095
209.9082197305523
210.56569632644954
211.23578376188695
211.82479895931732
212.29837206019764
212.62069589679808
212.81292441921343
213.01049795089114
213.39198890686103
214.03375168119086
214.7755831856204
215.37604561440838
215.7351346241414
215.9084294086638
215.99605904788302
216.04660361206462
216.05106824495132
215.91831437728618
215.62440262739645
215.2733976769178
214.95070042770573
214.69936859826774
214.43217581221626
214.12951092583455
213.82093934978167
213.56837648682387
213.434033657579
213.47568115841958
213.72476122925312
214.14822081397733
214.5877328724493
214.89159496805786
214.94815833483358
214.83107730831418
214.7181058105481
214.76227723954548
214.91963764462946
215.1198848275796
215.25703677329335
215.32460347390008
215.4320928356515
215.66335788811034
215.94276741204496
216.2241009089311
216.49731204608918
216.76763188800726
216.79933237775407
216.53110746882862
216.22169814226504
215.9148749260474
215.71044598300247
215.71469058357388
215.90437034838047
216.2210936108926
216.64913464894715
217.04352071219634
217.15453664880374
216.9908323476376
216.71012016904467
216.41605010899752
216.0821863682272
215.69792799759625
215.4180825269747
215.2546500375932
215.04921373089277
214.87762576750174
214.81046780735778
214.97683932197253
215.30002304122047
215.6368104038669
216.11395031531106
216.57996834359756
216.94192041475046
217.32711062126086
217.66015275450036
217.83457279698
217.79856141434254
217.4996507952269
216.90146938507576
216.22767425892317
215.61881327753628
215.2713335742725
215.18051239219824
215.25670571625716
215.54588381205537
215.8544258143586
216.04969445940355
216.0822206009472
215.94864423465745
215.8536234518067
215.92948825377604
216.02632811731698
215.9958262620741
215.7737813484821
215.58426840368534
215.49838832290186
215.5000484306995
215.60895421132057
215.7214549130586
215.80038069803396
215.9395706886569
216.02077707664031
215.9909310376151
215.85125949175307
215.5938238760142
215.38606435808097
215.19989732891935
214.9052518815467
214.6692066429931
214.5720456195278
214.73478223481303
214.9304451666348
215.10868101305158
215.3879980430848
215.57508688735746
215.61591846994202
215.64357006170098
215.92817417331554
216.44633524860356
216.8354626383151
216.9091675460798
216.76875513403786
216.63855512554213
216.57596305580782
216.7001487521914
216.7962285119207
216.7448925373439
216.60846979175014
216.54083931871884
216.64998471957605
216.98386155234576
217.34985205253136
217.51950707494152
217.51286438730224
217.3926749407301
217.3105097629692
217.10423897874213
216.66945433035266
216.18919811848258
215.83663158081697
215.42869649878344
214.7274035831019
213.62217730034462
212.1563204629894
210.38584294636595
208.21935746972244
205.61314006253752
202.47470078557726
198.84660650216034
194.6289599221505
189.83668125225222
184.85713316371965
180.04571338568238
175.44062318308792
171.01792643963392
166.96846524432374
163.68116462003314
161.30865217137617
159.55746413269966
158.11006335403903
156.86875699216125
155.85043908211674
155.0426553590364
154.42363203708675
153.97592906162112
153.64332270272672
153.3657914882945
153.17452104210662
153.2103534269231
153.61201642584965
154.42002392536057
155.56586357764354
156.86793522455753
158.07088879741897
159.05921967577916
159.90598271391426
160.73570327452532
161.5511044948401
162.24503861518798
162.80855760988464
163.384806941894
164.209602550146
165.42283990529756
166.86116002328788
168.17947745267657
169.15955361530214
169.82050259583076
170.33342826745456
170.86548401074182
171.4631704390479
172.09486190692954
172.75489967436968
173.41566145940038
174.02264230523105
174.51798306920327
174.83926820925913
175.05308245480103
175.3385607044464
175.75821692871278
176.26195478844474
176.75420181252736
177.17578023983776
177.46763900807656
177.62902034716424
177.73837230613555
177.79923710973372
177.73582388892703
177.49383576610606
177.0496543425334
176.39874565175123
175.6311528053898
174.82404306566033
173.9884736990337
173.26545135223967
172.79561376044614
172.51769079006968
172.27262583549015
172.0065275945973
171.76571240858678
171.53899555856879
171.25354562324765
170.90968742140538
170.6499648425682
170.52940012220336
170.4822272937166
170.4351138081575
170.36970545295296
170.3034360845142
170.29794959612238
170.47580931053653
170.9441574837327
171.53768710818844
172.03765736532065
172.38233478823327
172.5051576973061
172.4578428137719
172.32560250965275
172.17211197480282
171.99643326997796
171.79837483886365
171.5730686001435
171.28592445434901
170.9574541563594
170.60564947981726
170.24416544567453
169.85110046487708
169.3776673051608
168.90713189932646
168.59489793385916
168.37833776888698
168.18677281189954
167.98415688787492
167.8095183241917
167.7483194495202
167.88880874930362
168.2385147278708
168.5455775568393
168.63260307564195
168.52435718851964
168.32772472951646
168.1449945544122
168.04907330521868
168.0008456692014
167.93831527197264
167.89457642231238
167.9183428716875
168.01122815015066
168.19409442462532
168.51591840940205
168.85572038253042
169.0646309650202
169.1714906965126
169.27776270281583
169.39043574585213
169.4217263299731
169.41309366532903
169.42602849441835
169.38759445320798
169.21426363132596
168.91667269295397
168.5586506893525
168.14386206483965
167.72317222526274
167.33019687964895
166.96629592505792
166.62979765842385
166.38851832887678
166.43124342162977
166.62108541990094
166.76138689535463
166.79858078071496
166.71909644875555
166.56719787944155
166.42188623266048
166.33813972133288
166.313875871392
166.35101251362593
166.40943846990228
166.37830276079336
166.2670457597457
166.28574671520823
166.31141832613577
166.3412336406202
166.60200586085762
166.94253516196954
167.38926764252776
167.9533850159861
168.5959168333605
169.2628920534243
169.8043725826141
170.13468301205145
170.2743400357889
170.3404678359544
170.46238545369505
170.72161241435393
171.13885611869313
171.7197231263408
172.45943459428108
173.41121846898488
174.5160879690542
175.65941323270644
176.67824833607062
177.359165022509
177.61601808268642
177.4462047869509
176.90156601198177
175.970721406239
174.600933551582
172.80076164380714
170.59281940108488
168.11229537189942
165.83139687475543
164.46627973257839
164.99460682424146
168.05607671280484
172.4148192148736
174.98212760214375
173.9880903399104
170.79242208402042
169.629120925707
172.18132858366607
175.0140685912584
175.8689186150985
174.54091571265678
171.10651328582748
166.98859598671427
0.0
0.0