0.0
563.4256671442511
562.4319910758026
548.9726500871922
522.2897440628768
496.1759035064572
477.00039622801853
454.248059490738
422.2401599133299
388.2123287203555
362.13801965262655
346.6002720867788
339.2503579323965
336.6772836769825
336.30146179686784
336.44674682720813
336.2414052751942
335.31394497925265
333.82539728390316
332.4029490779735
331.2772399970354
330.30637091016524
329.3113833566192
328.2427141835885
327.36336291957326
326.95478705296114
326.90433730480316
327.00037260832124
327.15065961926956
327.32137981297444
327.4615390937057
327.5556727211559
327.657995132049
327.8190172835805
328.0275968049875
328.2568005564827
328.5674813366926
329.07642190627337
329.8919584397159
331.0492884534729
332.4245463213119
333.8613220359625
335.2443870086485
336.38929851233536
337.19183875673406
337.8049202195958
338.42648791489825
339.0938057434906
339.8386300178921
340.9292189283209
342.6435305692848
345.08411222218905
347.9037523203932
350.3481884563307
351.97567057216975
352.76192819907703
352.8869383432698
352.548571691076
351.80979185765796
350.73682809058533
349.4713230264812
348.116402992983
346.79920201536083
345.79727220207684
345.33334384643183
345.3279191090346
345.52453640366
345.67733173992644
345.60033403627745
345.29185016450066
344.96387322781504
344.84920237029206
345.00143168682837
345.2327606334039
345.28931784852074
345.26882477351404
345.4590775472206
345.8767511100314
346.42990138692977
347.04248312375637
347.60323406025816
347.89066747753157
347.81661063946467
347.53693481634383
347.35518607927264
347.39508605174643
347.47829148675356
347.49872647461325
347.51470001288783
347.51268028619745
347.37285308553896
347.04215141841036
346.47127565318897
345.6714810312511
344.8127174036176
344.0646259811297
343.4060444883704
342.80249818211064
342.2782122137078
341.8578994577727
341.53765845478233
341.3572856065402
341.2690376489893
341.2793373633989
341.4030559271125
341.60426300545396
341.9167271001452
342.2724760889678
342.40736698830074
342.26941778809726
341.9696184943037
341.66097610934605
341.43028624901706
341.2410476227192
341.0197303367769
340.9673201707541
341.3037464231501
341.8937579507201
342.4427793342769
342.8335245804943
342.9713934440144
342.7669109655345
342.29359373884546
341.71509300771805
341.28443618703693
341.2840317855373
341.74384809107295
342.411773160464
342.8583685651192
342.7273962486978
341.9001437184937
340.5726217692025
339.29106497207135
338.63034358944407
338.7421597041794
339.29491606106484
339.81199720423484
340.14432592863886
340.51193655081147
341.08874591449194
341.74562721540093
342.2571783577304
342.4571285654888
342.15468222938244
341.31052706137865
340.1183245508501
339.0241501697163
338.3424589646672
337.9987092717863
337.72857460598516
337.63905273036266
338.07618571111266
338.9710673900162
339.7989155616222
340.1350662367885
339.94177659094345
339.4629551553842
339.14064145441387
339.31062462628216
339.9425037333117
340.77994119229254
341.67539019387766
342.56543458371186
343.5399643851274
344.64202187658407
345.68701870612466
346.47118797475633
346.96090458255094
347.13555244427323
346.8817778268411
346.1816304149624
345.1563355164478
344.1166904969913
343.3862660801815
343.0219702866337
342.9325381624125
343.1225511508325
343.58281205945934
344.05175050307344
344.3371967543852
344.3899018972286
344.24482481174437
343.8776415074231
343.28877596847997
342.59154390444786
342.0738506877822
342.0296715709866
342.43548250696654
342.89405269620966
342.7989288137652
342.07971372009933
341.0123328280017
339.67872702019275
338.00562231575543
336.026062239065
333.799039453819
331.3173744831361
328.4778664566189
325.2149448443585
321.3450702538089
316.59137632544025
310.8380479949282
304.1289036570997
296.6073503391679
288.41018645289245
279.86663621856906
271.3025750389438
262.50295504090434
253.05687123169508
243.0960102627691
233.35209658868166
224.35916650813806
216.3037699220797
209.13667647879987
202.59986859626673
196.31380739698764
190.0570654282718
184.26099671532506
180.13574410100276
178.34541748616317
178.25940663240715
178.52441207310113
177.89561800422013
175.84731659434217
172.74784207926865
169.780839349999
167.85240958690127
166.90710843443003
166.35832274358313
165.87664265733176
165.53449671754802
165.5312377714852
166.04498776037832
167.03820176185164
168.2242984814947
169.38132465834548
170.45241207905283
171.31232990333916
171.82333590093083
171.97176990397378
171.88862874316493
171.6941486701308
171.39601663196993
170.91659683438115
170.23334851994576
169.49493671436372
168.93749025482373
168.65611287608004
168.45489371809154
168.09630026604952
167.58421171164392
167.05066766509196
166.6190877782995
166.3074949165321
166.1166359512865
166.10033159602767
166.2730333510682
166.5958830768968
167.0704878522282
167.6451739643231
168.254813860612
168.85746204543142
169.33735476409416
169.53542260599656
169.50464126878484
169.48265509100972
169.69579797647583
170.15122625184597
170.6475992559856
170.9906530427582
171.06769395627902
170.93508454576573
170.82453168105548
170.90347134686664
171.11277858363053
171.28872077110918
171.33776482080842
171.28017563879848
171.12320205658995
170.87448261232382
170.61745772324258
170.45115222149514
170.42456705138088
170.53608362875744
170.70934447017868
170.9524940932528
171.0930660628685
170.80849703730198
170.05410064579416
169.18675929319264
168.6433960489049
168.59655355643275
169.02569295017258
169.7841567401327
170.5996742975051
171.14383042278013
171.21721003083212
170.9632275762164
170.69448739233965
170.45913985814522
170.1080582429034
169.58580023376842
168.97813878244335
168.40244798602703
167.97314851910406
167.82700730055436
168.02284598581957
168.47362852133682
169.00366790688454
169.49120618423035
169.84517661855338
169.85925171251907
169.48632384037563
169.01523500826147
168.70732281786195
168.5852071728424
168.60362182483925
168.65711200235904
168.65992553517552
168.618214773135
168.55822622200333
168.60272962774314
168.9796509119962
169.74112378007263
170.69217751790902
171.59027417328232
172.24042529160636
172.48863855721828
172.3313172443947
171.95259353716915
171.55276042790837
171.27737229145922
171.20511522825353
171.33750070517823
171.58073142027786
171.86178111215386
172.15109647415204
172.3712801596086
172.44460288998022
172.33414802891744
172.05872795237894
171.68388276293462
171.23392546597208
170.71252913169937
170.22397276820232
169.8251632913971
169.4817492121385
169.17557184664398
168.9617558573035
168.8999027068307
168.94029963990022
168.98248781521318
169.03015594513212
169.1110019802043
169.20841658829306
169.31851401937462
169.44299436478119
169.53794561476587
169.55653540946113
169.51531955735652
169.55598515891882
169.7802810354369
170.15605009452526
170.57282238107396
170.90623928421738
171.07457222611967
171.08017627127538
170.98294092386664
170.88924537038181
170.86944689706786
170.84272513273663
170.69194137842166
170.42477204059455
170.10117833314885
169.80006209237933
169.58963795877892
169.4260297802421
169.26573972998364
169.1231157030053
168.98773822337648
168.84617898544488
168.76900814272653
168.80017096166836
168.83046753626218
168.73460806356724
168.50225318525582
168.1926350629709
167.9715575513084
167.9915932521425
168.19286914424887
168.3554234550395
168.3462889689964
168.17907652305507
167.99143118152085
167.91550520796272
167.97812805824148
168.07733223107442
167.93575913036466
167.28560176680705
165.97617598259075
164.45522676619262