0.0
0.0
0.0
0.0
0.0
0.0
0.0
353.53121707264245
326.0147557702333
307.058585346091
294.1160698396286
285.731232806816
279.9744917923519
275.6686760837101
273.30931860571786
272.20749834166406
271.2253431007468
269.9857249535672
268.54627906957626
267.05178448792964
265.5491346796898
264.0421833276
262.77198310247445
261.86664497436715
261.0809842833163
260.2418292865542
259.3958417308318
258.6389290595089
258.0751706883651
257.6881407163985
257.24167512584836
256.5752640769993
255.6700398657188
254.6593771887379
253.7345431634348
252.9906954079383
252.43109152879163
251.9822505011253
251.4661453881263
250.9718383657577
250.76151038489576
250.94722499991448
251.47729725043212
252.22314331768246
253.06488575230236
253.93613284222366
254.7364189072819
255.45542716218662
256.0923716981889
256.66731819053643
257.29255934405523
258.00649955601693
258.7984466776661
259.61457698662684
260.437264737688
261.26430732656956
261.9740049785211
262.45872003734326
262.67245822470454
262.519189218679
261.9784740499182
261.16021773237014
260.2922629397452
259.5349911699579
258.94924056664246
258.55968248364155
258.2762912279013
258.0621615152808
257.96391273467145
257.9650598582293
258.02749098928183
258.0519883930872
258.11008096820507
258.3298359967955
258.7299454037167
259.2796975436605
259.87285483505593
260.28675205713745
260.43928267832115
260.32578582115843
260.0239535578636
259.66570171118394
259.4782718086627
259.54409470445995
259.7988025684291
260.19270568343086
260.65235803938884
261.1123968260596
261.4892362988265
261.73340656756693
261.8683639435698
261.8298502960861
261.5064744932511
260.83997863508813
260.0046681964433
259.2139629725426
258.637028356962
258.3376153010645
258.24539040889965
258.1940420719304
258.1164427579205
258.0149667591356
257.8951717240208
257.7369178762441
257.5479432159645
257.3270548644525
257.0573438089442
256.7816323282212
256.5962037130005
256.5683647247164
256.6606449568334
256.85093392619194
257.1522782764525
257.50040164999143
257.8232020260457
258.0424624747073
258.150148818351
258.232630394935
258.400920661187
258.65819314306214
258.9149822207469
259.1355556297715
259.3545657007378
259.6032364428441
259.8905624519427
260.1364499764004
260.24106355953325
260.13593864881943
259.8393556248707
259.51322739811417
259.1694065016309
258.8009059582895
258.39027924324523
257.96481664697836
257.60392562473044
257.31914039949066
257.13790738076216
257.04981129121
257.0206836860125
256.94680402657167
256.7482804183825
256.4705240715775
256.21538202522925
256.037137602812
256.00588134159204
256.2392074706785
256.7422431871973
257.35449524126636
257.9397410398286
258.32207941230047
258.496515396263
258.4751631464313
258.32310868386
258.12034406716333
257.972065402717
257.84185047778385
257.7813963276966
257.8152004071532
257.9813273823334
258.2731797069635
258.6870802737608
259.0091643645955
259.05889774785874
258.84564449320015
258.49421987777464
258.13327958861123
257.72587964866
257.2804795481621
256.9182329662362
256.6182618872268
256.3276732065424
256.2580862147778
256.46335800519023
256.75600559298437
257.0671628787046
257.28884431791505
257.38874105086325
257.3759281460166
257.24185041607353
257.0294369327712
256.8322673325477
256.7706775678023
256.9089246413662
257.18613353426025
257.57516804204295
258.1167648975657
258.6219840213557
259.00787520793773
259.2275875632673
259.26167020132806
259.1621884228331
258.99027837291754
258.8205279468253
258.66202419525507
258.4574518537648
258.11614203083536
257.5712503174778
256.8696909844523
256.20065405541885
255.4821226967337
254.54632372826904
253.39518669392254
251.94300321479585
250.15626546267654
248.02199574985724
245.53387014398248
242.74674628475947
239.6809440189814
236.20803803528446
231.96912675153462
226.82309515895508
221.01688728590912
214.98565712353317
209.10861514714463
203.41132425727469
197.81951888122703
192.50452990869871
187.79246662132334
184.04091569901664
181.10545183325127
178.55559583117284
176.0685736597979
173.55489324235106
171.23461209924415
169.4055956114592
168.17791350170182
167.42354122121645
166.99713078396348
166.7767503541048
166.66489499808145
166.71552169559965
166.9738047644694
167.33641109902868
167.61536191130298
167.7844332131188
167.89964434777468
167.93518231483444
167.89995982661804
167.92826717064403
168.09901071652754
168.4033812559682
168.79716216056784
169.24212395981266
169.7346954945034
170.23878175163262
170.58209216269654
170.6396649093477
170.43458817257425
170.09358405258985
169.75117547600857
169.50856365615448
169.39410882491106
169.31672603802508
169.22504351930337
169.07938956852422
168.8965938966514
168.79203820622897
168.8439102267674
169.0148246046578
169.1831649051914
169.2810193883812
169.37031610889733
169.5562117509143
169.87009351795163
170.24694687194017
170.57284518363235
170.7555056078116
170.77437073808576
170.6723000267734
170.52934951995843
170.4235718796151
170.38564663143998
170.4554410824203
170.6694490360336
170.94645139611424
171.15519972684424
171.24817720723664
171.27139048180277
171.32495285405918
171.41732646335907
171.43633134825058
171.38570531706176
171.30385264306645
171.13174449421808
170.86224660964191
170.55104485758528
170.2508676197064
169.94398215602922
169.72458148035452
169.7341961619835
169.9898701015892
170.4679614338677
171.12992234480157
171.84120610021057
172.4223085476471
172.73378208271907
172.756639582435
172.62710921374273
172.54987183594005
172.6335885530299
172.8496431561807
173.10132369247358
173.27793431337687
173.38269208930643
173.48620994206416
173.56651165990434
173.58647504686115
173.53470960407031
173.4561552763197
173.40306085013043
173.41634772655755
173.54499429747383
173.7575502533952
173.9314978223779
174.02148311875027
174.01917069304335
173.97339027572843
173.92820282045017
173.89671031887093
173.89203807574796
173.96112211610586
174.17495636099952
174.44277002178336
174.60638272158178
174.57929518642302
174.32910782874498
173.87905563669594
173.2871876676494
172.63649043303855
172.0749193708518
171.67470122874403
171.48484209148228
171.52726872744626
171.72346657460577
171.95558790353311
172.12603385827478
172.16360095354452
172.09820288392243
171.97212825291055
171.82471789432233
171.7074769281645
171.61111864268864
171.48298261493312
171.34767031917858
171.2703543853987
171.2669438886078
171.39750065719767
171.66063820145544
171.96343253749555
172.2296713661201
172.3360000467789
172.22570967446262
171.95061163201922
171.63325776276065
171.36263169285877
171.17474513388078
171.0803929571733
171.01574186371116
170.93453512024436
170.86472471949065
170.8853451437189
171.0949624576301
171.51588257937752
172.04911711198773
172.56905478025553
172.98620356925753
173.30212883219718
173.52583414978827
173.66797283957993
173.75711373493397
173.78273822144098
173.72580731857477
173.57171470042715
173.1982100790494
172.36937355039834
171.00887341237132
169.56664466917573
168.4845092987593
167.3881943451829
166.05665417878697
164.65127508826367
163.36246534788742
162.1162422056018
160.9513675760226
160.74615274121436
162.93682234979596
168.13731132812697
174.02170513551798
175.80238195616894
173.0376531972213
170.50240713571773
172.12381410466745
175.6587244409946
0.0
0.0
0.0
0.0
0.0
0.0
0.0
0.0