0.0
0.0
0.0
286.7902933719202
330.9359590703309
370.78675811117967
392.1899609293133
391.8080814993178
379.440719552363
361.97064056116903
339.1313214806787
312.99693476747007
290.5082113685325
275.6089787661723
267.4165706362274
264.1592395962716
263.15021321440986
262.5534888932583
262.05222585137875
261.6705500893853
261.5070780614843
261.7401717893806
262.31769342064575
262.93798980986986
263.33089955378625
263.4007995969162
263.2566635983125
263.03215919589786
262.72545038346317
262.2114940469698
261.39457457123024
260.3152353995001
259.11910282924305
257.95727590763505
256.86436208443934
255.86742915212267
255.07544283668207
254.65322890732284
254.78729068649693
255.56722596795194
256.8501142067704
258.26556435771465
259.47577137789835
260.29881866202015
260.6503439309608
260.629532960242
260.44824581012
260.25844529847586
260.07033494942254
259.8584319414955
259.55277127793426
259.2145212465145
258.995116347617
258.85676029546937
258.6152364856082
258.17654059022647
257.6166091511334
257.0462368117905
256.56828969849875
256.2472915397564
256.0782834376189
255.91074335683544
255.66901358765307
255.43145191694472
255.27236696995135
255.25868007226478
255.40415523756516
255.69738947116943
255.99932538483597
256.1315230749633
256.12422024823235
256.16334795567496
256.2791892208786
256.46175728918706
256.6970922774818
256.9864661831354
257.4025397564676
257.8827806554781
258.23467935789574
258.365702253148
258.40008033720164
258.4401441547674
258.5673629493601
258.7194290399977
258.76415648284996
258.5948767942225
258.20314081520905
257.7059152359936
257.3766725439237
257.35963841621543
257.59509581846646
257.93642295003133
258.240873745204
258.3665750505714
258.24180848670943
257.9211760140995
257.51783636640357
257.1063040546659
256.770399515719
256.5595209690312
256.43262784755456
256.3024215051131
256.1777757443343
256.0765820108709
256.0856513739727
256.2334337220002
256.5220006898576
256.92294919681024
257.36753573159774
257.6622169468846
257.6861086152905
257.47648368323104
257.1518989457949
256.81824280007606
256.55593991281995
256.4239145171899
256.353500140307
256.32045308638936
256.3535087356636
256.5021926078015
256.7701955266071
257.07434561652605
257.34602020121093
257.46492716473523
257.3158485341849
256.8975159074712
256.4390131369528
256.11588892488425
255.91678222977944
255.75668903195998
255.5709207746013
255.28396609095475
254.98728417031077
254.95190958489036
255.32895400991646
255.9697259336515
256.6176789282248
257.1422460777772
257.4520445622521
257.5915964793141
257.66771270634547
257.812582104918
258.195288721394
258.8438600164458
259.6368256311293
260.41369547795847
260.9805602719416
261.2726295081586
261.3455681378412
261.29741807742806
261.2257818058569
261.18293460850026
261.162343364619
261.1315497248709
261.09107534259493
261.0718415322682
261.2190745829567
261.4933076472331
261.73373076304796
261.872402833707
261.94625823960314
261.8567541316225
261.54268328812384
261.1012099818638
260.619029031586
260.2293743287207
259.9613323939314
259.72097191036397
259.3926301679902
258.9854675640049
258.691222350135
258.5937389201214
258.6914847917056
258.9666959849547
259.3410979454773
259.67285602842844
259.93047927044654
260.0742318018398
260.16888831286843
260.24239998636074
260.2580731759455
260.20428996986413
260.09621405013627
259.9876909972411
260.0019315308875
260.1075557465575
260.2372624539157
260.28143570239104
260.18363408952297
260.06828623395097
260.07874533921716
260.1774296694211
260.2368762490888
260.2224578013073
260.16961384675324
260.0283619212116
259.7074202352507
259.2557560806125
258.7623571219905
258.1845900196885
257.53444994796104
256.7284233771127
255.71596534527094
254.50692560074668
253.1937410817721
251.92798631207626
250.6162240050287
249.017158721695
246.84255124998717
243.82562046383228
239.8456709601173
234.82240341249397
228.89317822939736
222.5852609234961
216.28990824928948
210.09106934555223
204.06405096005324
198.2774655380372
192.82910965838687
187.97161987581148
184.0408545301275
181.17365827787808
179.23537732495123
177.87452999305094
176.73552830218293
175.65510480587662
174.53678123873217
173.3772734530976
172.35613522781202
171.63732903453706
171.22792182230575
171.0819808801063
171.0631993467431
170.9718172398536
170.66375559193054
170.101033457546
169.35618038588495
168.62300558294746
168.12110461041192
167.9266238992162
167.9271735458027
167.9463414747773
167.89575295711057
167.77483957208798
167.5724243238012
167.29072608149352
167.02390247663214
166.822793177795
166.5951445974515
166.20452531291232
165.64846158874622
165.07954799151872
164.66065534338588
164.4881103977379
164.52300207740967
164.57666986046812
164.55514954236963
164.52824684490952
164.56045656100773
164.6890924123115
164.96883698924358
165.39993522918888
165.91541739763642
166.34332368226217
166.62790236980817
166.84997335264947
167.06233206060384
167.3639508569204
167.79563884574424
168.25496923695965
168.619744345843
168.94822548667793
169.35737181137478
169.79485747817645
170.18777924360677
170.4920325384373
170.73049823164843
170.96366475285788
171.2267556652639
171.48595532704917
171.61697446190956
171.47097873422726
171.02714610230487
170.4338891896063
169.8747905527111
169.46353350528307
169.21399967025937
169.0615738739598
168.97170057891097
168.87532564482018
168.73702104629322
168.58501861549968
168.46309724004243
168.44026658279282
168.560981300116
168.72952379850966
168.80003858642422
168.73680901449632
168.58302233790303
168.39952899974782
168.3023729636629
168.3440108402587
168.57779252180768
168.95535867956954
169.31297325279206
169.53481124257007
169.530477475151
169.22883987227885
168.7254358847594
168.1895598326248
167.7880881070378
167.63503033805353
167.6770991692863
167.77989140943762
167.915223315667
168.0597743436967
168.1540641046298
168.20167454567257
168.23427971626865
168.29802607672514
168.40807101660033
168.52731639454208
168.62746963954694
168.64263420490607
168.50658199556463
168.2772140785235
168.08584359571705
168.08138410452685
168.22999848402802
168.3691448621219
168.4091799098255
168.3398456286033
168.22623224699797
168.14899834085108
168.17951852539957
168.27956811217774
168.3323862289051
168.29736824432916
168.16328186971361
167.86101937868335
167.40184719905858
166.94972513249917
166.57060669781436
166.19398712650064
165.86075908539098
165.6577873322353
165.5665406829885
165.5333039856371
165.5675606425201
165.69754541887494
165.9859591212587
166.48835699908216
167.19910854240945
167.98937554971943
168.64112709588278
169.05791236571577
169.3477059934257
169.5717757567613
169.7512185331037
169.9557325146426
170.23152003755177
170.5468653339233
170.92766183254167
171.46887614410656
172.20282793558943
173.07840477632567
174.0414945486723
174.96813529134982
175.68992338913455
176.15441790079228
176.41954286197722
176.6061509398723
176.78137255838428
176.93737921979428
176.97212216823726
176.74631947378245
176.2147580235288
175.4513937130393
174.5691119057611
173.65647365327737
172.8132139574296
172.12901527801603
171.63384532448947
171.26178304200818
170.8910649848729
170.45770839575266
170.02340857509327
169.69396640969825
169.51054032250758
169.50571704607316
169.6918550940153
169.99560450163455
170.41734792071097
171.01244733615363
171.78225592933302
172.61689366947758
173.38692299995594
174.04506389721487
174.64061033295263
175.3319717380768
176.1198514918986