253.014589283529
253.27876324386068
252.4304247492962
250.24029201210794
247.22215584136558
244.42117576929286
242.34731993724716
241.04066145075336
240.50876855532783
240.59035563477582
241.1837093753345
242.26108667383775
243.69818903154578
245.31646465733257
246.95908790146802
248.52831665936534
249.90710671356032
251.00572805883175
251.70230690408528
251.98549648209394
252.00904942815845
251.9917431001735
252.141788407268
252.56645131606768
253.21028121253426
253.98192823473033
254.8538627129008
255.84463906321415
256.9496376971285
258.01300917207277
258.88533578716056
259.4648621569626
259.74699144355213
259.81555530020864
259.76914888782073
259.6705723441126
259.60696484458197
259.4763035444955
259.1184991806831
258.4484926932978
257.4988346234841
256.4299166573395
255.46709880607978
254.69491794113748
254.11814260828743
253.79846901310682
253.73297639999066
253.82502559485604
253.98802735983804
254.17122893358518
254.36303003093462
254.5737184454243
254.8084824998399
255.0645937631561
255.3277678565021
255.5754929243688
255.8321018521405
256.15497207146507
256.6175570663763
257.212218384703
257.88042404330963
258.5969411372795
259.2531842615319
259.79152182724533
260.1108392481847
260.13150361651867
259.8845218161057
259.5386293231174
259.2970438670262
259.1498416689445
258.9795180828257
258.690825707678
258.1905176737656
257.5826723604931
257.0410011021102
256.5935263809286
256.36201347202393
256.33072966527453
256.4140962988378
256.56301519415615
256.70042580885377
256.75978641776067
256.7152151951965
256.59292769737505
256.51082812200116
256.4988909598985
256.4616031160569
256.3741867305981
256.30738083664954
256.3415272666682
256.5744225774359
257.00205340283173
257.4844623816656
257.8513100404633
258.03694682637354
258.0473650841724
257.9389101851873
257.8188573643552
257.74613589158764
257.7514318649309
257.9155953448809
258.2848882164154
258.8333872965109
259.4030384747275
259.8279321968176
259.9857826909805
259.90282043591884
259.6771883446048
259.2945914866975
258.7500901721954
258.1400097522652
257.56736817199067
257.0643395829178
256.7713007873498
256.7053055658121
256.7903615157775
256.9149096637305
257.08251517474207
257.1857125364634
257.13135337653034
256.9320160959897
256.61354986863586
256.3057736589411
256.11100000678084
256.111950417066
256.23370092436323
256.42912855447867
256.6711277300452
256.993298469392
257.34060890700744
257.53215557244516
257.55888060747884
257.53222019461504
257.4685118546975
257.398816017084
257.3441847411027
257.27751025489556
257.23533503411744
257.2301077467717
257.1126579908987
256.93621548087907
256.8396204031319
256.9699228824796
257.3271158139087
257.7034022245141
257.8838850985635
257.7623171624779
257.38601383809265
256.84362584777733
256.12490402185466
255.32230440358146
254.61431737129772
254.2788392245229
254.36659708469801
254.66972581128846
254.96271393407932
255.23091084658427
255.5645996874503
255.9473699667854
256.3609598524698
256.67061864089527
256.81125203597037
256.83662499330643
256.7708718600268
256.65200100092113
256.5528403440609
256.64323651144036
256.89715399791066
257.01095606823424
257.00341650702126
257.03896552359976
257.0951177750749
256.892745108305
256.35381926575167
255.67158342224877
254.94307758071164
254.14837823769128
253.34379396807498
252.46512192857216
251.4737962212467
250.3026632466068
248.7820678892034
246.86890894515776
244.52059694638035
241.59223961180808
238.0471988012379
233.85294975326042
228.94850996275383
223.3202477734252
217.04479986694676
210.29764952099174
203.3888468954795
196.46548625973446
189.695410471803
183.6177476036806
179.02129862308146
176.20434835395284
174.72030165857228
173.82602515191132
173.03607870793257
172.06258049593828
170.55990218415124
168.28744060961822
165.5031521729037
162.95470129963388
161.33017962901613
160.32341252847996
159.59361930738513
159.11176936165862
158.9252259513105
159.02075296323196
159.29202200379797
159.65022846786752
160.09813457798438
160.57717783949488
161.09988097174332
161.79342034747128
162.62719462192018
163.40152469577123
163.93463612135835
164.20285621462028
164.23385642543792
164.01207613853555
163.58263582223336
163.0728956425781
162.64431264228477
162.38033003926276
162.2337434425672
162.13254569510184
162.0490927673623
161.97821670352485
161.96947950621148
162.03781199514515
162.05809943887985
161.9226125304656
161.68069678643695
161.42060777838395
161.22488102450964
161.22722268445492
161.44225239194742
161.81971113655212
162.3483012711185
163.05730857150667
163.90642683659786
164.72734777932004
165.4563713367572
166.12543715474774
166.7006160700194
167.16004400695508
167.5657838941946
167.97354100704706
168.4117301779847
168.81961166665596
169.1923906449003
169.52411185289344
169.75413419658943
169.91590357742513
169.99991790779836
170.06556885334484
170.1992981096944
170.41493183290223
170.66583509651852
170.8233492808412
170.83588616077915
170.87872051360486
170.99311922401193
171.16820668447303
171.33690036650256
171.36085443610273
171.3005485051864
171.16634811717307
171.14166932645912
171.353514432903
171.7031886618267
172.06805360030086
172.42197222819428
172.71340066760376
172.79022570942243
172.59910678361712
172.2699712967356
171.87155556873353
171.33564696307988
170.74730478213635
170.3478175010315
170.19274798001214
170.137180098555
170.07416343477936
169.86851161855694
169.58076620882701
169.47147176791788
169.4319217542777
169.3458235610513
169.17620401841063
168.98508607515043
168.8554384372225
168.78058413916656
168.77868950896476
168.8727281059167
168.99351627608053
169.12053080952072
169.14322571887374
168.9744815162844
168.76475439495326
168.67089641292011
168.78678785962651
169.04064035662668
169.16055841303927
169.13745846211842
169.1357456468618
169.084818318016
169.0834307511536
169.25980938849204
169.60205856015568
169.9723138403028
170.21750916755644
170.24082941565402
170.03145779428138
169.7376902667305
169.42960784537152
168.98482495160718
168.47109365120843
168.1608522608555
168.03021862341444
167.8770243688531
167.73015669518168
167.71346904033928
167.8601085285582
168.08760987388226
168.27733801116176
168.32452819668652
168.08655111731312
167.83717658144963
167.80111860654424
167.85557920872327
167.88128966098776
167.76663209699527
167.56361100036588
167.38666191649133
167.26107042167945
167.23160806571366
167.3662354218689
167.57245820999768
167.74100265655565
167.8426992893971
167.86758030155843
167.8203575888501
167.91211353530852
168.41019533297066
169.10573061372622
169.56173057108856
169.51663045725385
169.140660560386
168.8042054342131
168.70385522559735
168.93717138494847
169.53561489314578
170.4754549616129
171.6661065472187
172.71527246105842
172.8754800783315
171.63907287326538
169.57757761385426
167.9642629270179
166.87974830498572
165.94843098860161
165.00716928017567
163.76720261206327
162.52928178039716
161.8340258410657
161.81785201291424
162.0701340938748
162.4023488309189
163.6782212796471
167.07603408821777
172.15309854110677
176.3885515004148
176.87252513252037
173.26469846435265
169.20121136156087
168.05111248297356
170.45283086162294
174.8983907731103
177.0920703194211
176.40007091277937
176.97055382884196
180.32820168225714
189.4601424488397
204.97732360674135
217.19361064567394
215.9014188090414
203.63449296020457
189.27642205170434
179.53689813856363
0.0
0.0
0.0
0.0
0.0
0.0
0.0
0.0