240.1050577329209
242.52004591033767
244.0974923832639
244.31747812846515
243.52036427878284
242.26644071050785
241.1602994066363
240.58102984104914
240.6464829894533
241.26323275451134
242.16236348306631
243.09807854412657
243.9862205173747
244.79986134864728
245.49806851787216
246.03058066512745
246.42049431921873
246.69694468398774
246.7484101911495
246.44380254870134
245.69846830102642
244.53711631972175
243.02863417474924
241.3435290865555
239.7793860813274
238.57981546742064
237.89843876218657
237.7843046746945
238.17970085626922
238.96294020574203
240.03370129712584
241.36695031583014
242.926431642842
244.64436259289977
246.38888415453698
248.10060225235733
249.77498438239158
251.30872116892698
252.62897158298802
253.82366903823078
255.05477523125035
256.51633068511336
258.2791851352838
260.26266922297964
262.31793153997273
264.1777721697457
265.587211529551
266.51355330835486
267.07141406520384
267.3364706062448
267.2873903029467
266.8268579750803
265.92467266639835
264.8153549361177
263.81138648243916
263.117737340073
262.6631010625122
262.1548669829301
261.3433632325256
260.2314761886238
259.07864376699393
258.1960909039255
257.710193741756
257.53559071282376
257.4446202096692
257.2403721321975
256.93084361385587
256.59852179020453
256.29058643606925
256.0411651044686
255.9116078740393
255.9363460057084
256.0622496408072
256.3139343771361
256.6996434201034
257.1504163749848
257.6343237849953
258.1908890437653
258.7632600424082
259.18186495999214
259.33578482251227
259.2513542283788
259.08686312513385
259.0072810960281
259.0666062751626
259.1943161141495
259.2164163140486
259.06729275941325
258.85983926813805
258.75278628884564
258.9069329197561
259.3816957354156
260.09107060159835
260.83329559789445
261.44627861557586
261.83286078666396
261.8872745863683
261.5914155537465
261.05325521176934
260.4379080027029
259.84709029975943
259.3206608565046
258.8940441268113
258.64278467481955
258.5975420643474
258.680713245192
258.7854801150501
258.8547184883914
258.8223003699343
258.78197112023327
258.8218835766195
258.90177050101727
258.9369602130039
258.89053034205233
258.72392238035815
258.4943092613313
258.2944013391724
258.17236600393915
258.1674607067291
258.2993644354018
258.46235698019103
258.5424641468874
258.50994617264496
258.3431307827998
258.08246418059855
257.86164330675547
257.77625774421904
257.7796190837323
257.7651012897094
257.6989616543798
257.6232761250397
257.51167519769876
257.36496164131535
257.2659273765779
257.2545584459247
257.3011610869601
257.39302980631965
257.4302709126707
257.31303554976705
257.0917056645945
256.8819994748273
256.77983600399085
256.83244966554224
256.9889787871633
257.1744467331636
257.29692614975636
257.26089545703127
257.09423513047653
256.8458791829464
256.62509899312647
256.56066675160025
256.7189476295338
257.1078916447758
257.56554593169005
257.97141618220377
258.31890874791907
258.5346247132289
258.5417516719664
258.3882930875807
258.2047551227887
258.0568507122732
257.98257941162916
257.93973436350905
257.843737057731
257.73316218111745
257.7632184139087
258.03915040016665
258.48633169340496
258.87846418756226
259.0229723148559
258.9439311928404
258.81115018677326
258.7276331053491
258.7318075174427
258.7462660294076
258.60442687130336
258.25768324262197
257.71411761509
256.9981379720324
256.16842940039356
255.22704791896672
254.08405026699836
252.6029662905706
250.55800025837908
247.76969339071258
244.13995282073432
239.7008362255099
234.58234893014284
228.97726471297747
222.9817048591453
216.60518883441455
210.10240946624327
203.83508284680678
197.87318934349838
192.23715267854385
186.9620243015542
182.24144196900096
178.2564526328125
174.99619706942758
172.36565430800366
170.34615581601741
168.9293027723399
167.98784156375189
167.21649546104453
166.32195473384485
165.25066300141822
164.185447943468
163.35775117305204
162.768291143877
162.3634806241505
162.14842848526655
162.07676320832763
162.03934294223006
161.97712449672775
161.89470803342573
161.81383417695054
161.75303552809115
161.72925740173417
161.79575833781217
162.0755618011071
162.62493278103264
163.3561532867122
164.1084250305713
164.71998819113955
165.01947481531022
164.9677060125954
164.72248004314156
164.51264218543213
164.4909913127902
164.71947038183026
165.2069503425034
165.92910972239144
166.88564648845403
168.03063189620332
169.14686248818307
169.969479860136
170.35457522794064
170.3767877548702
170.26093602468728
170.23487847204424
170.4396029705643
170.89338808869135
171.46285717173646
171.9185769528036
172.11558043453815
172.05438785405906
171.84199524707603
171.6051026044977
171.4004471635594
171.25184535178977
171.13189208152028
171.00114624412257
170.88942149854356
170.84349166792737
170.86856701004785
170.96612154418324
171.10397498155163
171.22043873156758
171.26429175626868
171.21437428443187
171.0514889154439
170.78372768368973
170.51633107661075
170.38672612218255
170.47915467658066
170.77031567879982
171.11840136103308
171.32840133250124
171.28507691147942
171.059958010915
170.8507386595906
170.84829844436888
171.08852884861147
171.47721898767225
171.8808198508127
172.1539984965612
172.18605628251484
171.98410298140965
171.66391008286703
171.39017693561564
171.29104351508923
171.41271871997333
171.73221900721165
172.15308069415252
172.4668084711328
172.46917497833945
172.15151591202866
171.73659380376907
171.47491112263384
171.44606347771344
171.57912038797375
171.77075471059098
171.8863635929184
171.88607210558115
171.81430245776323
171.73514320357128
171.69743594419134
171.67988406339188
171.63141147024652
171.47745958389172
171.16431213524572
170.68349254704333
170.13934009731224
169.66762531072393
169.33241810043958
169.2419309202838
169.33579028477536
169.4532620506145
169.46843198559404
169.3888144179911
169.35871207589923
169.4747185506593
169.73593722546826
170.01629526078995
170.19553474993754
170.2886168499358
170.3548540861036
170.40039002396452
170.47497473006084
170.66956337965527
171.02012854125343
171.42774320268484
171.7264034400012
171.82548664121674
171.69119289239345
171.33534031272242
170.88695843796654
170.519036978251
170.3621327045493
170.4490066530816
170.67852052668258
170.88687433033346
170.97360738386396
170.91415295822074
170.73729937871695
170.52034388423021
170.35820188606894
170.2749881129447
170.1960599446175
170.0547302650312
169.84992232467533
169.6336737828175
169.4581712943861
169.34884036006682
169.3011194335524
169.28498478793873
169.2662729247548
169.2016235810504
169.09458857336594
168.99702089365405
168.94711473419838
168.93561488174177
168.90697958123377
168.8376101829849
168.73495865969824
168.59669390558545
168.42677301461126
168.28251938061058
168.25812130311002
168.3953521506318
168.64387165677593
168.8954319149193
169.06817967455862
169.1539049666539
169.1873789408178
169.1998657809079
169.19720762256566
169.18730692470115
169.20214222797676
169.2318502342921
169.20543619560078
169.1180628446278
169.0454047141689
169.07366305863636
169.16510139628443
169.20702734764066
169.15918425656878
169.0181951086839
168.83809588990022
168.6383483692692
168.417334491775
168.18976156137467
167.9624153226579
167.74236777121143
167.5479505732534
167.4109692598793
167.3475442783726
167.37021546240467
167.47637483758
167.60871662239012
167.69356197612927
167.657770830207
167.55411667514107
167.4735297439679
167.41639049448463
167.42334781007185
167.57418885646376
167.85101423314333
168.33802172117234
169.19486496025016
170.20788844144852