234.98522850697762
234.28822194743856
232.14352654046672
229.25180947368975
226.19204976944752
223.37064464886623
221.13413455612957
219.56277585712144
218.49914503963177
217.81402383822913
217.50321635378856
217.679019275753
218.3718778141887
219.43810154430358
220.6358637264986
221.75578245501933
222.65250783832235
223.25079899145672
223.55530630804466
223.5868316644008
223.4309337698745
223.1691525154695
222.87914126455735
222.59997298974804
222.31222268120894
222.08573634599816
222.0285418324221
222.06298426277272
221.98964058242598
221.66841521445843
221.06540126725884
220.22726487006963
219.2528849497211
218.27111369324962
217.38876452255482
216.63358914605826
215.93408685083358
215.19574974940298
214.5152630579226
214.0638182365828
213.8978045698129
213.99796301802064
214.2537091567885
214.55518008049646
214.93145946101
215.3454899413102
215.71493970650792
215.9825350829589
216.1617599941863
216.29134333182432
216.2755602386954
216.07063724468077
215.798171906219
215.63813427704224
215.76543270859275
216.2002314800709
216.76688205982546
217.2366044317479
217.4693319581293
217.43763073866972
217.18716748986753
216.83687821553733
216.51766679520136
216.2995919690067
216.1834113260444
216.1844731179688
216.27203581673228
216.3988679701693
216.58628273716468
216.8296373299142
217.08677055497714
217.2853419871203
217.354293050322
217.3016514725085
217.22321592231083
217.2221643119301
217.2796560703687
217.2622601268808
217.07508132413142
216.70696410454596
216.20137082773562
215.67146829888486
215.2833812548079
215.05782900078657
214.93442722386746
214.82989908862163
214.7269959200159
214.75581808440802
215.00788791015103
215.4530159723821
215.91940233966938
216.3274145968098
216.69737354989482
217.141447289539
217.6061775829537
218.0216040659094
218.3356030607332
218.43718954888365
218.22747453521094
217.83264260570917
217.450941389256
217.09064491199496
216.7583105589096
216.52241204133907
216.41851935279058
216.45143963142817
216.69784752567523
217.21501297751175
217.92858300942063
218.6343115413291
219.1832127810901
219.51859494882444
219.60941604880412
219.48470266583308
219.1354508285268
218.65992412832207
218.205160515369
217.86562092277387
217.60290246162046
217.3772139211168
217.1024230930189
216.78413167316305
216.54081397954366
216.40951592357175
216.35123374483578
216.36626279371384
216.44981850640204
216.622671613957
216.90531799267544
217.24256830924426
217.52423786805684
217.7179405209441
217.8144986716008
217.7497568130359
217.50295255717003
217.1440069617007
216.7904494589883
216.4725523585421
216.24069876128806
216.14059862518548
216.11052196449776
216.07069659068836
216.01280925849866
216.0034564328273
216.03625639646702
216.15227026696564
216.3234807782132
216.51039577634745
216.6143129162801
216.58316172113933
216.47247002614063
216.38325114490607
216.44327921494215
216.62284703791073
216.8400473960001
216.9947395360851
216.9707100699988
216.83795709615916
216.76139256472155
216.82941944505438
217.12489723858454
217.60936488124233
218.11114838857222
218.49474846750394
218.73033578389027
218.83844243987193
218.84509694888567
218.82323486518646
218.77474249806423
218.75553672378453
218.84025220221457
218.9606261285879
219.0388406905633
219.06017609703656
218.92133242985463
218.59740693811645
218.18952873489147
217.81022988742825
217.54088159164246
217.42710733060176
217.42301349260836
217.38753796182672
217.14201876123641
216.61919685776797
215.95308839155433
215.39275867038805
214.97089017839028
214.51470078415574
213.8250102951214
212.7572751523158
211.20625416606694
209.03077770454098
206.22030007178986
202.85336271790416
198.9243257303903
194.48025452292498
189.92596741774372
186.04443520854267
183.33064718752217
181.58856690530212
180.28275229275124
179.00233222440764
177.60410298166073
176.15296424096874
174.83391002858727
173.8154940693151
173.1188139160787
172.6712302276937
172.35604148448604
172.0185759210636
171.58886378453104
171.1878828144192
171.03108534455401
171.26538826826558
171.85507529170408
172.62222105966066
173.42158914199712
174.2004969814575
174.88717280929734
175.42058789852018
175.8122184151237
176.06405004697888
176.18008332621758
176.1877368503976
176.11141946349102
176.0306005942799
176.11092249236097
176.4283973793159
176.80757176511867
177.0506760478848
177.10844882839655
177.0483131756772
176.91923741981395
176.72688915958656
176.49402400471547
176.1967025883046
175.83094818899158
175.44200749332504
175.14983679387473
175.01333549285835
175.06931222311044
175.34251391304423
175.75530296673222
176.1826010856659
176.50213695218966
176.7336902349462
176.9435844293029
177.15312895836843
177.35066573902614
177.53621158512124
177.65076238541397
177.5560901285035
177.23630844155167
176.7731245451123
176.26854641005
175.76033537727284
175.28680497857832
174.9388554074416
174.7691282941761
174.66931729423112
174.4434404480363
174.04094469256557
173.56857895485643
173.18394579144146
172.97334325072504
172.90762604679878
172.83690125690845
172.61530222324018
172.25973177707962
171.82264295342742
171.40613355522302
171.1279599388312
171.07209932567076
171.2618844229164
171.66690572422516
172.2177283468018
172.6983280133848
172.94890936310443
172.99280662487087
172.9309379639849
172.77840770797354
172.4624612160535
171.95959088108225
171.313465830143
170.6228011273904
170.02716190391942
169.6537309862156
169.5618658181733
169.71556547806065
169.95923333631077
170.11053422727207
170.1162367628571
170.0598245095906
170.0987933598428
170.38419793461023
170.90415765726044
171.48563427514267
171.9441296601837
172.11990862690763
171.98766543678886
171.70211743338993
171.50722023133935
171.59769580974756
171.9441718249587
172.31599447327943
172.43055627708873
172.1995982993263
171.74143195873285
171.27123254956024
171.0210830709833
171.04733508833553
171.19883010926378
171.2837792540641
171.27440539785206
171.2813240507481
171.36005579728868
171.4126500928406
171.30852418473486
171.08102756779599
170.83748257082317
170.6592674474632
170.55188413852562
170.46185255936402
170.3746959858549
170.28668435284914
170.20251764143052
170.15363791927695
170.19334869154898
170.32874146652273
170.49576980950005
170.63911799039175
170.7608899815609
170.896302744728
171.04750131876446
171.1780267136213
171.2800105191067
171.41395771749916
171.63397513061403
171.8655648713386
171.89536846347835
171.59874254655352
171.08562658456015
170.56484452799572
170.16654085127823
169.9605518196504
169.92475184643934
169.96307140288565
169.99103586520786
169.95400845942083
169.84141606618434
169.70287156030662
169.61414832068863
169.62284357314832
169.77583419399556
170.0458199890325
170.32579155429568
170.51008496039697
170.5531254441165
170.4927249126021
170.3880399884295
170.27972861499887
170.22952521801125
170.2468371028528
170.2283124026853
170.08813806922717
169.85632060530764
169.73583094558387
169.86667340479542
170.1173695770949
170.28574307602008
170.37944066203846
170.50562333761067
170.73799992380788
171.08709324254852
171.4889715777466
171.8040640163823
171.8850180621235
171.65718455398869
171.097591962582
170.35138719684173
169.60817160437688
169.02009276994863
168.6785320937641
168.60242626941198
168.76544021919057
169.09967355219186
169.4952247485026
169.82910019527844
170.04811361197153
170.0888718024056
169.93563184944287
169.8062985690704
169.73399760856307
169.77680693909303
169.97831822293165
170.258792335041
170.45877016518924
170.14819617798395
168.63301657304635
165.71278919561237
162.5954070732675