343.73715023828674
338.9057289369367
334.24907787850816
330.96057004449125
328.0253564622757
324.5471603057241
321.0718857722857
318.80143720778676
317.9915279589245
318.2414422620219
319.1339958575428
320.35742267896757
321.61208923523833
322.7062326625511
323.5452843436244
324.0966073287117
324.3751453602822
324.4880480028321
324.4577763044437
324.24959003224865
323.9821154435194
323.94513446686085
324.25259555150114
324.86687020300235
325.68239576543647
326.5041332519947
327.2028233602194
327.70522596971887
328.047977617441
328.4714520591933
329.1731349081206
330.1489656512717
331.19662739727835
332.01174504572737
332.52330397643647
332.8081031598027
332.94384331530057
333.1091143515568
333.45621962973166
333.9948260493626
334.72337981848443
335.58735259647057
336.54660699856146
337.54084813827285
338.4510474438989
339.2221748031273
339.90974068411253
340.5966381581419
341.2496380388956
341.8371841108826
342.3002839129697
342.6708768498231
342.99225877662343
343.4632011464178
344.246861249005
345.2334181288386
346.19153312461196
346.9158512588424
347.3198792716662
347.4810183015119
347.5565697877546
347.6713884921715
347.7588778992452
347.6437435084
347.29167845431624
346.75595271261477
346.24638025569897
345.90246197531184
345.6434106727313
345.53887380732317
345.6411379830024
345.8424507001095
345.9786881516632
345.96351792036387
345.81360743243124
345.5853046139432
345.32971131950507
345.06721415223035
344.801920396425
344.54836549576476
344.3301107961593
344.1241363261244
343.88830024538044
343.67372398542466
343.58832068720415
343.61480530653535
343.69914509558123
343.8449477011927
343.9270524220574
343.8553090983751
343.63067254833595
343.311483284705
342.9026019824365
342.3902528449766
341.9979025766023
341.86269613746146
341.95829145640556
342.21824222497037
342.5448847977959
342.8586906345546
343.10368095186595
343.18616784611186
343.02995549827506
342.6591375175669
342.17083954981933
341.73442910480196
341.50533700547135
341.4814962161742
341.6650462411366
342.08451420608515
342.74027191565045
343.5034828659403
344.16598724092
344.70983043446427
345.0641985941763
345.15077781352426
344.9659749368505
344.5804884177714
344.11211235018726
343.5803382632578
343.0908779286496
342.72946661515175
342.5631147303459
342.57880489268257
342.74833408387997
343.03806888464163
343.25269270819126
343.21127985835057
342.9604920630752
342.64006744131035
342.41034408831626
342.2938326749497
342.24994211296786
342.23950115724176
342.1610611692669
342.0066691008691
341.8730181869009
341.79715190757736
341.7004997885674
341.48218893744155
341.12415590338065
340.7314494784068
340.43092927854866
340.21015477474214
339.9829716373773
339.6521115159799
339.2509944580463
338.9224807828727
338.863327276651
339.06280170930546
339.41594887434275
339.76941862753847
339.8307101323384
339.58088928456067
339.2093689375225
338.88786271427693
338.7084894257986
338.67475873219547
338.69112569057825
338.7245186534356
338.76520553392317
338.79604498833686
338.85512244228204
339.03919362669535
339.39330308607043
339.82932606729935
340.1682668280447
340.32486750728077
340.3207173792287
340.3695820944843
340.6066592315891
341.0590241646497
341.66559579337434
342.3276135497206
342.8662221765117
343.3554865049016
343.93762019938333
344.562220840476
345.0698350227525
345.4085971198368
345.5991089288918
345.4994166328485
345.06468386946017
344.43479080157454
343.86879666831317
343.55646442515183
343.4490370673655
343.3173970728068
342.77387622360425
341.5588310428677
339.54298077563897
336.6926962005857
332.9336530579764
327.9770984736102
321.4893983696767
313.1829976590526
302.78925570468715
290.4761336783537
276.90878991028023
262.87701332782177
248.86668785333944
235.24440185185583
222.57261597355796
211.20860285853246
201.0872059774666
192.34088398428344
185.3822759739423
180.35286145524682
176.8445872755024
174.07208610143857
171.29625849946552
168.37450662453054
165.8538535336333
164.3818612612724
164.1916705995685
165.2410857513715
167.34676391492513
169.84772792922953
171.58716236796698
171.7049949537569
170.17128937256916
167.70071754505466
165.55007690895854
164.67852044991574
165.07667668594723
165.9696608187043
166.57703094691868
166.61057519391758
166.18488419476677
165.57407740970743
165.01716164004233
164.62769177432708
164.37591749672117
164.12930573953423
163.7999360728209
163.47850380676186
163.350695406769
163.52133558253814
163.92636047284228
164.4119306172302
164.8967555783105
165.49449525382454
166.41057885344827
167.62987384010592
168.837940869119
169.750867882777
170.28827359722322
170.53949748791854
170.65381661028078
170.80898462422297
171.0671734806923
171.31130419623628
171.57408024775717
172.06679894294626
172.94929534100748
174.15527962719955
175.41000120911153
176.36221928961442
176.81535779072308
176.9015084399008
176.77269947096852
176.53062249223484
176.28089196920467
176.22018883017887
176.5150821612554
177.10772767312451
177.7101402585056
178.02262488769335
177.8738960323331
177.3288529296895
176.63677441837714
175.93514164250013
175.25766396176567
174.7028842546068
174.31107283948342
174.03201614121386
173.91974235250694
173.88329296682014
173.83372859813707
173.71791143060707
173.47351685758457
173.08751232534684
172.59188812992565
172.06982757676894
171.6566955667326
171.53092282679748
171.75951686495296
172.17459293069024
172.39339738587287
172.1184548520879
171.39145832061905
170.37121184359404
169.28609104839708
168.41304894410686
167.94613660076038
167.9810608134943
168.46899154929545
169.1015922944028
169.57355602379312
169.75483251220433
169.75350435734484
169.78591076549208
169.90893581518793
169.99407107620263
169.9903536288744
169.93404837334336
169.83690257903032
169.75266992179866
169.77219347643955
169.90342104665606
170.08991194722023
170.22961062623415
170.27868656013183
170.27031097329777
170.317322039693
170.51706641944077
170.84694054176714
171.2560863191778
171.678461574148
172.07342502082054
172.36914164240136
172.52513088969565
172.59198281041367
172.68038089245275
172.90517866939663
173.22111581278745
173.4731991033325
173.5401175780565
173.32445071429487
172.78199072952958
172.04561599955736
171.35470796877763
170.852303795813
170.61983441266176
170.64404949183407
170.83409192462815
171.09602382840856
171.35627737532388
171.5677579285045
171.6638199588856
171.6425836569465
171.64501957993951
171.7155365553168
171.78309719803735
171.82362328830055
171.7805962219697
171.6980228777074
171.6580539217966
171.64715805518614
171.5909030273794
171.46310495019642
171.31880805283802
171.26345039124394
171.34423553687407
171.6410451454754
172.1718026151828
172.9199661057113
173.8645790164822
174.76918197129348
175.3571130085211
175.57096594168382
175.5271934635782
175.38479266619143
175.27291068073657
175.1735015682582
174.96044179238376
174.57257126071306
174.0259475998755
173.4270129795443
172.83659691567712
172.2439442218752
171.75580261561427
171.4911284354162
171.44353925994037
171.54488768539574
171.62334912403026
171.4940368725766
171.1076068493649
170.60864143515818
170.17735926055383
169.84791053918863
169.54431143863917
169.22772130187926
169.02182862244845
169.00804315885864
169.13345145887092
169.32419545238224
169.5366328499101
169.73186786730633
169.87591035381564
169.954166337075
170.01621519192778
170.0509373867056
169.98602028122235
169.83110910219477
169.64707374081547
169.5472004852382
169.61509318625085
169.84170428266162
170.19698368887666
170.61526949400633