0.0
485.74269825173593
471.18553157091196
436.7600984890525
395.5187885623036
365.34774506405097
349.1877294338963
343.1174336575216
342.98643597079075
344.1650490701793
343.8321435404492
341.8897465724722
339.90422623670884
338.70877460487776
338.31542866952606
338.36347815422135
338.6374309756404
339.10135984247694
339.5555986589117
339.8137201460239
339.78877618044226
339.6096764696762
339.52035257132974
339.87591076467095
340.4792075820209
340.5089683875109
339.5464533649508
337.8009508809914
335.61458468019237
333.3196775088071
331.2300779360727
329.55781287645857
328.42122322459056
327.8016023986654
327.4904895763098
327.2004351069649
326.87959685878883
326.77614902233273
327.1418877701291
327.9587048483677
329.1213977387082
330.61026077205065
332.4134981146612
334.3287364108397
336.0167803792221
337.36073594812274
338.4257597318036
339.33227661406113
340.17525743367713
340.93180248480564
341.4449753731571
341.6976094099685
341.8588686386347
341.95473732571304
341.95834159040623
341.9874009627239
342.1692202947388
342.55930387293813
343.17316970309594
343.8817590369745
344.3755647151658
344.49293014360836
344.35121694616635
344.120409583076
343.8607059630391
343.62604038502167
343.46570526975427
343.3961169296258
343.4138425929315
343.32492627153636
343.0787972159104
342.68745041560715
342.2232329563891
341.86797363277344
341.78351369290357
341.92149143973757
342.0606673073705
342.0734122582461
342.0396177595943
342.0233335728095
341.90928600447006
341.49496985730616
340.8205830739902
340.12853798226774
339.69878753718905
339.7505802983587
340.3722362959513
341.3756545465079
342.39539699832994
343.224676417848
343.7902308639899
344.1519833304444
344.32991830329206
344.23596745888585
343.9071128328161
343.3520732942331
342.6209168408465
341.8073561964093
341.0130298061359
340.48683303928476
340.36703195584874
340.5646775528828
340.8286840514672
340.9803110816055
340.957688802662
340.86187279744047
340.85920440573847
340.8659550877818
340.71430166379264
340.4305758207187
340.05913410777345
339.7080555833746
339.5359965217126
339.6018123516916
339.81072411861066
340.04492233752836
340.3270340236558
340.7017272262541
341.0463542584156
341.17886851357395
340.984019114647
340.5126614956105
340.03110384194224
339.70401547802555
339.6157517238047
339.8090126464449
340.24142087220224
340.95114616680166
341.86948245916045
342.8646577053075
343.7958491321314
344.36862199321007
344.41562170849653
344.0780726467
343.55283046276224
343.0494225381451
342.8646370384738
343.1044859315738
343.62659585297064
344.227282001661
344.6868456827712
344.88134915930266
344.93299761878495
345.06498451391974
345.3661755409642
345.7521802125293
346.0438042184769
346.0326786902684
345.69361297944545
345.089092777706
344.2676735718979
343.3519367719093
342.48550903863463
341.6726131264318
340.89818936151175
340.21772909422225
339.5698714627498
338.834606112871
337.9686334126699
336.92236204324547
335.68277307380856
334.4499121332624
333.5502099285183
333.1735296978611
333.35565118046935
333.9845509328743
334.8249075833685
335.5874796792017
336.35898256845417
337.3683493893981
338.6716240953516
340.1278685738838
341.5911196649875
342.91312341565583
343.92309914279514
344.5555176638417
344.80116760619603
344.64501128214334
344.1295434210161
343.5441773965397
343.3038212655872
343.52677869877203
343.86870520143765
343.98404403167257
343.78997604786605
343.32401797490394
342.6337331885279
341.78475199032727
340.9713382957263
340.28746722841606
339.7584682563877
339.3188839987363
338.7561225486679
337.77595677541444
336.1951217411937
333.99140187241767
331.2645872460016
328.0816002826609
324.356315859721
319.65719483959975
313.3314562602026
304.9809743740868
294.95774087361985
283.95598907658155
272.4582134018226
260.73463409114095
249.27275964756004
238.85939417531455
229.78595208274416
222.09930751963398
215.50716751788897
209.6198320877237
204.47450524684365
200.23587216231232
196.46226407998083
192.67123307723406
188.82485254187273
185.36251198437668
182.4649942930695
179.90312034743314
177.35828670669434
174.80595836444368
172.52242346734081
170.67012587787946
169.00521153684986
167.1505893129884
165.0035423774232
162.68979713521276
160.49975574579358
158.80743599442047
157.88175280634806
157.74114669032008
158.2080280650456
158.98231621565455
159.70538563798243
160.127668006413
160.08857200634193
159.56580771131186
158.78640237858934
158.08464090761538
157.66856321720186
157.54281144410447
157.62427792653182
157.8629632668269
158.23159536666486
158.7112960266202
159.3456869064441
160.20262888371303
161.29661479177173
162.54442365312087
163.71592432058964
164.52218116846456
164.87050233789543
164.89511368534068
164.77791079291404
164.7861117742334
165.15230657681582
165.93621965429165
166.9678370072723
167.9235163645318
168.57827464735539
168.94207130860775
169.14995776714318
169.3707576369129
169.72295180072072
170.19130877288893
170.644164371414
170.97391106265138
171.24997857883045
171.6350672368677
172.25780128719586
173.18122457962167
174.33488002547526
175.46436329338255
176.27857320755916
176.61321988229457
176.46364814955376
175.91481269421223
175.14049899315688
174.34383124949022
173.6794888615529
173.29516136955857
173.31482468266765
173.6818683094143
174.171152666397
174.54079542404605
174.63027918383236
174.3674755644017
173.8261562494414
173.2585725567262
172.87410066342906
172.67770717753405
172.52937211763106
172.27277192258975
171.7719302635295
170.9205745937301
169.72512935042278
168.3915747565909
167.25564717281966
166.5713621655774
166.414753560967
166.70699799008216
167.2530894317276
167.85641638344862
168.39589965801665
168.85127533001832
169.20027476637767
169.38317871686922
169.38922978099856
169.264861455584
169.06104844964824
168.88265943977572
168.82491194807122
168.92993949936283
169.21312307186417
169.65726359586955
170.17803640448957
170.62161932362397
170.88850781728274
170.99979006674843
171.02207904622136
171.04054557501192
171.18008863183678
171.48652704896162
171.85943091817725
172.1352176548457
172.23381609746716
172.20300820967333
172.1108270858006
171.9683773792618
171.79213202642845
171.61341207077834
171.49210162107482
171.45666030605315
171.4978777631931
171.5826649706108
171.60458425509069
171.4417725095998
171.05805332169655
170.51829384549194
169.9885443014657
169.62883118135687
169.4410927978443
169.31432394262185
169.1799400051965
169.04362710763047
168.92077382372537
168.83274821889668
168.8356109061618
168.95847662548584
169.15640547956824
169.3776805861369
169.52850961638728
169.52853227410714
169.3829626430869
169.17161402880018
169.00928739600712
168.9662850201483
169.00789785694712
169.0696838437137
169.1307469251416
169.23807343893154
169.4847863833868
169.9266096635064
170.5162770169163
171.11711219642234
171.58817502366676
171.8548432785143
171.93133018528852
171.89813075930664
171.81980211523077
171.70125247916275
171.54177481574504
171.39976458931758
171.33828025190147
171.3864280004805
171.56109796276587
171.78912528416168
171.9798579796249
172.0322648967008
171.89107396627878
171.60622010516806
171.28411366437115
171.01491027228516
170.78306605692345
170.50391221155445
170.13492291956447
169.68726017970783
169.2114306447608
168.76355076697286
168.3813860732622
168.1447837052121
168.12879926200046
168.31369084120865
168.5961547500089
168.8471906414075
168.85513896667607
168.2273610002055
166.50546530404966
163.69908208989565
160.95610781779365