280.4470697102096
267.81915883871386
252.61710571863375
240.2814198147854
231.66511952170313
225.71063387223904
221.86081405098815
219.7789499101469
218.81457045811487
218.3882379359908
218.17339016339275
218.07404791137958
218.15806152667489
218.4709858274129
218.93163806774152
219.435371470223
219.87840544146556
220.22411030195934
220.49450466192837
220.66037300717616
220.58788505660576
220.10464604660612
219.14095637277495
217.64642118319006
215.61637536239547
213.2576720565271
210.93201560415488
209.01829144178228
207.73533194464437
207.00333245564983
206.6380129478432
206.64235789162262
206.97046387297527
207.49997071009125
208.14858526217859
208.80833683933628
209.39965419997486
209.84744779638612
210.11285343683144
210.1973157919291
210.1774834777696
210.14673749683618
210.21586595626349
210.48360549085925
210.89191662306996
211.34672450361768
211.83081571077403
212.39058865634746
213.09256880041465
213.94221939941957
214.83531531077017
215.65854005431504
216.34845256932914
216.85883681091167
217.22154005102936
217.5328309847102
217.9048290282714
218.30048134992828
218.61248181634858
218.669234362931
218.34574258001703
217.74891497236678
217.0786832926409
216.51100205950513
216.16541086270334
216.0803341775832
216.25235222770542
216.63858066912132
217.01473652334795
217.18147398003168
217.11120879130127
216.85474377059612
216.53911373099655
216.20568024369237
215.9320995262669
215.75810518517568
215.69187873983753
215.7397937151036
215.88484793706874
216.16862844901127
216.57160626808025
217.03883392091933
217.51113873850394
217.92944350004677
218.23202582859065
218.39165420844807
218.37873331816712
218.2446759167702
218.0396622481249
217.79487064726038
217.52647801066956
217.25352972503597
217.0700345892528
217.02560919891192
217.08439875526963
217.1674626439226
217.23630036361186
217.24795620380448
217.1574490966695
216.95043742403067
216.61493377476853
216.19232853543997
215.7810248605621
215.48211452571024
215.33743703980224
215.39950060275228
215.59429571656207
215.85181566807015
216.15480762148178
216.44832893888795
216.61627086769016
216.5873491314163
216.43495199585934
216.3569279595732
216.4875845609717
216.8081003979447
217.2457655413672
217.65386884464914
217.8986538247549
217.92655110684348
217.77250115444792
217.57798317304767
217.50635258902366
217.65191161190995
217.99535796441592
218.3927980310941
218.6854070223515
218.79928469544734
218.7067790850426
218.46681050241773
218.19600642384125
217.9689013257139
217.8312975383245
217.7456277768278
217.64693108311388
217.5467668668399
217.52066601341446
217.55025684202246
217.60273067602643
217.57844584193217
217.41812436861971
217.18804757222472
217.03536417912835
217.00203380712105
217.03006975167716
217.10679894060934
217.21279089820672
217.30130727786604
217.37690610438503
217.46950586091458
217.57454225297278
217.5966596172641
217.51346119858462
217.4041040591319
217.38334529332212
217.51531793347272
217.74332779435682
217.9595367169317
218.08735532623976
218.11476853308187
218.07502129249494
218.14020624174725
218.36777431753853
218.678727653211
218.9657010586959
219.19590836933375
219.41623079743448
219.6508590977356
219.86841432558737
220.04824459072165
220.09453317092053
219.95281624254864
219.61865841707927
219.2493314952127
219.04476390462236
219.10225067058425
219.27988839266564
219.31085611024722
219.0015304353754
218.28237662332896
217.17487639244519
215.87671788599948
214.49588144846192
212.9693786895892
211.15018767184745
208.85368508165578
205.97091482584972
202.45599002964997
198.3942125022203
193.79264016106347
188.71409130344148
183.5659288325525
178.92884094867043
175.08931400487415
171.78825322384387
168.57703453947525
165.53418151174046
163.00062200184283
161.08020445359
159.60219778473638
158.43598899859148
157.61175610389492
157.15755240055415
156.99571629052176
157.0570087473135
157.31343592887873
157.73876325691577
158.3775923361018
159.26502972233772
160.32115192046305
161.36963453746876
162.27790241271973
163.00836838885925
163.59637801531335
164.1999747756484
164.9384685665102
165.60217442310616
166.0205284263651
166.1797054549209
166.169438562866
166.16010786246216
166.2931047061715
166.68700942559815
167.28861455596055
167.85351503467513
168.1574505987461
168.19219945239246
168.14124302762056
168.12329022798195
168.1908487785463
168.31600559652807
168.29651051531454
168.08927144749606
167.87866774138823
167.71440655291465
167.55769966261903
167.45727330860828
167.50021558528002
167.6327001575189
167.76456352964604
167.85941615232014
167.80212705305019
167.67946394483337
167.66297961296988
167.72070769469383
167.8096367680396
167.9362040630317
168.02939145184632
168.03700783917796
167.9588496724432
167.86862557764212
167.8886364546785
168.03416811192656
168.14540960862448
168.05197871851152
167.83229167225733
167.68672922447644
167.72701361775262
167.90374845843235
168.06510076532854
168.19992240315918
168.29262922438699
168.25191084498877
168.13038123184276
168.1103719739966
168.18181586529317
168.1640689929653
168.05569853535346
168.02073202631738
168.0500878516093
167.97228918039565
167.802410517861
167.67723096892598
167.5810211364591
167.5931987657868
167.82124333665928
168.13716816026806
168.3104499762253
168.25372535381
168.078027578302
167.86781451407336
167.69563036911666
167.6714038579532
167.83833460574624
168.11606369971278
168.33169727287313
168.5047449613252
168.67653144384383
168.74996937215502
168.65922308295265
168.47061415014906
168.30705050994385
168.15420687885697
168.01253034467697
167.96797785588723
167.96542814522144
167.84060012581267
167.62356971242963
167.430287524453
167.24774307129485
167.1239246044522
167.0585256681663
166.9485634759168
166.89290502694416
166.90974837791396
166.96935728816482
166.93504036612418
166.79789751634718
166.68191668375385
166.4799654267199
166.4183727817313
166.6357234433553
166.97322965310298
167.3018991364404
167.47995383842053
167.40265939127568
167.28623379656239
167.18633060897162
167.05813703103473
166.87610187580503
166.6133233980732
166.45658926678436
166.54072008934315
166.81227329427205
167.20661939895004
167.6538970656567
168.04904126036965
168.42859863067756
168.88060533403683
169.3605154711209
169.75574072246414
169.9316875949895
169.87742596479222
169.77680431908124
169.75653851383277
169.8198380301453
169.86907474736705
169.81004472499643
169.6663631301974
169.45713388900697
169.11812156370834
168.62235735944736
167.9102451212394
167.05317895641147
166.19038465681874
165.31811460460477
164.4193666024846
163.59784833656187
162.9698318713848
162.65416451823592
162.7526540803605
163.28543190752737
164.1264718741394
164.96367031771987
165.50659340743942
165.54144164276283
165.22047391385817
164.99781491828742
164.58820846519433
163.49429351049142
161.9558470263859
160.53365588860464
159.38736099644456
158.37962222152265
157.23618533164333
155.16687487812473
150.92324393996302
144.44380459044686
138.583711605986
138.01970241628084
143.12902061426422
148.70442366913997
150.53273198945305
149.1777127435942
147.0945722036551
0.0
0.0
0.0
0.0
0.0
0.0
0.0
0.0
0.0
0.0
0.0
0.0
0.0
0.0
0.0
0.0
0.0
0.0
0.0
0.0
0.0
0.0
0.0
0.0
0.0
0.0