0.0
332.15725994554964
310.323142248599
287.45905202732104
270.6433998399444
259.79286279695737
253.47587388309148
250.71740860584623
249.88021676597012
249.70609850170914
249.49826299180438
249.08298221443715
248.64752095034152
248.42724562712792
248.52742178689408
248.87360753086423
249.36495114664956
249.9429002909221
250.58002284603106
251.28002292711682
252.09783128634086
253.0920879056589
254.25981750563403
255.47396911832936
256.5537344611609
257.40126770753557
258.1530889602572
259.0785271474618
260.21180900631833
261.3390112574431
262.25066098362265
262.86679571322077
263.22414365347066
263.4349111733138
263.5748749387159
263.7180285272705
263.9553186124159
264.30553835083373
264.7558553689876
265.25220779286735
265.59652114480036
265.52303349618217
264.89239775746603
263.7088679607432
262.11835303170363
260.3769700126624
258.71161164596344
257.2911028557428
256.2377258283066
255.59229524077963
255.3181367270428
255.27169349308474
255.21727054200852
255.02073801445832
254.70351505879503
254.30489069554136
253.82809126533357
253.37506965635785
253.0855201058194
253.0880773273993
253.49058036580885
254.2688693322038
255.19986214270517
255.97465149637065
256.3583401719373
256.2383367863531
255.8306150394344
255.39841532241402
254.96150454624032
254.44376896705694
253.83374108458503
253.2584250746378
252.851783513008
252.6525867076931
252.61181371629033
252.66576773281952
252.77293586899364
252.95872711371433
253.30657038335357
253.75538398397026
254.02058484283396
253.94582379571048
253.70715894167282
253.56288632946007
253.55364434015453
253.58378875598225
253.6381363025758
253.8261920591698
254.17735659400307
254.58485565090402
254.8671392324079
254.92748354621295
254.87106065219933
254.88182832421307
255.0671674269213
255.45368260310204
255.93066867628
256.35809109047204
256.7141988235792
257.0404246284668
257.37689019382026
257.805347647127
258.41331672903897
259.1437847556067
259.8413905414183
260.3682774768148
260.64457787313984
260.67907755417565
260.4767104769685
260.0788274080171
259.65129952069094
259.30014182088826
259.00629814023785
258.6907287889907
258.30391617216156
257.8558359287996
257.3532266634677
256.7885998113353
256.203104435014
255.63256443789703
255.09612327821563
254.61844039840082
254.26582210840942
254.1084058800545
254.092528272793
254.05169815848458
253.92884214677795
253.7562287762421
253.63582074233534
253.61108308516583
253.60907516567053
253.53969429290518
253.33267425363488
253.01233263961757
252.69308243290365
252.5103235008377
252.53097494753743
252.7473086950311
253.1174689912796
253.59088270223765
254.03036331808795
254.2594281939584
254.2371045284723
254.08065394840872
253.89959644217313
253.68466340079692
253.43647374421465
253.23298560285
253.08580431408117
252.92533825204933
252.69521158142226
252.346664321259
251.95506016579574
251.5927292020698
251.3111881879256
251.13693039092513
251.06840784525178
251.12799918767791
251.31563742354547
251.60676050305727
251.95724317113326
252.2603988700249
252.44605319843762
252.55834383722464
252.63259219366674
252.61939721847983
252.5019793309628
252.27758208943493
251.98450581323797
251.7367941819557
251.65866055025126
251.78163617422197
252.0172847054171
252.26950109991614
252.41657337441848
252.21578686723208
251.48780512727137
250.2360984118588
248.56435954379918
246.59027397559927
244.37949003853245
241.9468211446312
239.22350609219882
235.96349774758983
232.00346393268995
227.40609859872004
222.32594230882827
216.88086402546247
211.04185163762972
204.74559345908537
198.21713517923692
192.04387130932216
186.55746168214574
182.0013843847535
178.28826703467809
175.144294369547
172.34714249463664
169.7863304528074
167.49973517157406
165.55780421739237
163.9467799683783
162.52803919526264
161.1448395600204
159.86604197830957
158.98969860767377
158.72972146031483
159.0392020216135
159.75131968854888
160.62089339703385
161.46199387120816
162.23308709346986
162.92531655738333
163.5919215039774
164.20457284258856
164.52209873086525
164.35858407218626
163.85215896800008
163.25295768423547
162.69282450906044
162.21202406137076
161.89266968430206
161.89468811472702
162.33867684741625
163.21930171400328
164.41834154231805
165.72381628715064
166.86272610718498
167.59807705496277
167.82938824055793
167.68174894457064
167.43799581198843
167.31689802863295
167.3054364811547
167.32682737285364
167.42201045822065
167.63209083595106
167.97288519114062
168.4646007082375
169.08948835812404
169.76850087165332
170.4476601304899
171.16103234112924
171.89656756220015
172.58571005879082
173.13577127792914
173.520857553513
173.8715470879612
174.3639690534013
175.09846763137767
176.020813359046
176.92602393860764
177.57913031948496
177.87606280462745
177.85242107091716
177.63160736202954
177.37994792173055
177.20081216666586
177.05997124129811
176.9043382266891
176.7596626454569
176.6436712261434
176.55939697640952
176.58524786849082
176.8244816627689
177.27425747213078
177.8123221603385
178.20910356562544
178.24830297842595
177.92729103441727
177.41644733976995
176.8626958428117
176.3379870506183
175.89532847160496
175.53773923733036
175.24487534077207
175.01022367063285
174.8450942017909
174.77607048665544
174.7972269946974
174.8777273796551
175.025770743622
175.25442500878597
175.5138745748617
175.69960313106446
175.71567486980558
175.5420128955912
175.22429237876204
174.83467289626304
174.47488880379348
174.19779775535238
173.99993361183277
173.90390291424768
173.89616871499854
173.89753697753918
173.86584169454287
173.80430721009813
173.70966107365342
173.56251813136333
173.38536806086682
173.23831982164558
173.10573744428046
172.9036664819193
172.60233293335293
172.24657713349364
171.8978535188628
171.61436229338983
171.40888214930033
171.29421275978214
171.3116641289065
171.4359918939922
171.57420418894054
171.6554498337025
171.6999677527013
171.77567667380293
171.89549720167756
172.07584930411957
172.34615752020284
172.661849826354
172.92648227816431
173.0852035119969
173.13848259718782
173.13778383730465
173.1384061433699
173.14477769878147
173.10884754288645
172.96828667198236
172.73461078707197
172.5138782616462
172.38431787490993
172.31522745222554
172.19573994892164
172.0284558878965
171.93939577879695
171.98210784250412
172.14177717248543
172.34518849291112
172.45694847276428
172.43276816994901
172.32712762953108
172.19545545856033
172.08755593857475
172.01241339388804
171.93468938475934
171.8527844627823
171.75106436671246
171.61580799541088
171.46043536860537
171.2871437183622
171.16813789886237
171.20249167020873
171.3669552436508
171.54029951870095
171.6599322349013
171.74917201981123
171.8312401347775
171.93658585917836
172.13119895449645
172.46363066621677
172.96348408881926
173.57284082705564
174.1974144093106
174.82132964800698
175.45012109053204
176.08338186365287
176.71518506729618
177.38849533677376
178.23633201334113
179.349701922671
180.68656452038283
182.11706431248894
183.50062947270226
184.6589133047398
185.38788720061768
185.60148073036797
185.12348288057262
183.68700928159532
181.13661642430046
177.6085606755923
173.8606886307326
170.67292548989465
168.34382387083878
167.53920729010565
168.71758825095176
171.30645416761234
173.46264635072424
173.19522806252309
170.5985876866893
166.73509715880868
163.42498322438462
163.32122950890314
166.940548061673
172.57301899745497
179.25564180009206
184.52560776029333
184.7467583077962
179.89868823753932
0.0
0.0
0.0
0.0
0.0