259.82213349643786
256.15231399074
252.33972620844136
249.59993052341932
248.1625918134719
247.6449825434242
247.60979947849
247.76594299747183
247.9589613479054
248.11199014785413
248.20327009198286
248.2326933277924
248.17682056252613
247.98059720411595
247.59592036429467
246.97834947897792
246.13333838074732
245.06690674537197
243.7971025766647
242.47793964077277
241.31704772557993
240.52599545761
240.28903288897413
240.6322802145076
241.43980598243465
242.65315748092002
244.196936813513
245.90801604018657
247.5803070935454
249.06582049759567
250.30834060945665
251.31298471611427
252.0941021993146
252.73589552784844
253.3397006942532
253.90328091785256
254.36276569277894
254.666519633877
254.7462766629171
254.675380303488
254.65376959335669
254.82241463637678
255.11235720641366
255.33965208616775
255.3582421975978
255.196242253017
254.89052264755142
254.47380972564144
254.01409635892253
253.59934943393426
253.29449540749363
253.0804331136983
252.91087174642112
252.75802988285633
252.61036572244439
252.536070364547
252.5493778058129
252.4977586975071
252.27086747348852
251.9597953037619
251.7976028791528
251.8943300050069
252.13327784696403
252.41711067424453
252.7210143243589
253.04720852277052
253.40996867265977
253.82198500152867
254.22131782688194
254.51602557696918
254.7211359193355
254.92868467532077
255.15352666612048
255.30435018383656
255.3378468203691
255.25613239110083
255.09340620478616
254.90408486845402
254.73564970397805
254.64016567046343
254.64630668190415
254.72794148736955
254.84145484822395
254.90090306272987
254.8179496847029
254.57572658728813
254.2401549831865
253.9481712719377
253.81477164304232
253.87790606452174
254.08501597343485
254.32308145506974
254.49107042281273
254.52143328713836
254.45965478687674
254.4536035706983
254.57060099909165
254.76774517910357
254.90172352814378
254.87544687057363
254.76414376125706
254.73170724963404
254.89732035402307
255.267489279404
255.71950257343983
256.12064375390594
256.4267657450015
256.64575946692827
256.78559360485434
256.8284696526723
256.7976908509342
256.78126707019766
256.81646697489384
256.89408869380725
257.0057238135678
257.1009329044883
257.1138261666745
257.0195232138984
256.81687314273483
256.50715769360795
256.1278592907876
255.79572527841609
255.61547160540601
255.6111893661074
255.7460875880086
255.95815360327921
256.2038732925455
256.4578187392275
256.63383873263274
256.67972032844574
256.5726657701731
256.3039992905692
255.90150031779547
255.4407074028796
255.0623271318611
254.89872802555337
254.94606426828116
255.10259905581609
255.27375227783529
255.4439374958744
255.6559860905104
255.89083866472174
256.09873947522965
256.2492283161189
256.37331891540987
256.5223068590333
256.69758832020966
256.80936986075005
256.7904641383748
256.6640932079502
256.4968083040962
256.36496531108287
256.3126967972996
256.3010595166526
256.22693536559734
256.0298617018534
255.74922924789132
255.45172618060735
255.20967518336545
255.20348926532432
255.61988950018733
256.3417294229597
257.097488223598
257.62463729643025
257.83269868529567
257.8513526441711
257.84422075946594
257.7769167714882
257.52151993369876
257.06368314105583
256.43844064839755
255.68968748800518
254.8636898432023
254.0020896795752
253.10454149906556
252.04263831441506
250.6851853604418
248.96285950315476
246.8117474398321
244.12577250712826
240.7297776235058
236.40165954387095
230.98519564263896
224.55602951379052
217.42260091021643
210.04774184756326
202.834749404724
196.07838731250786
189.94688263076472
184.56434701569873
179.95740956449353
175.8944249367225
172.0300171469948
168.2789184314211
164.80567882421713
161.84012719625312
159.40864376565582
157.48686060056065
156.13560593679762
155.36066920850504
155.06398305366017
155.04947326361838
155.10987399280245
155.09159593090203
154.93230176290155
154.7148434812862
154.6288167191601
154.80956263241234
155.21269272303306
155.7338836727802
156.29247232571808
156.8318606305522
157.33412962009334
157.82572144845028
158.36403140078215
158.93483968843816
159.45677809337064
159.8920927024289
160.22272996648468
160.51699899797836
160.81714784979917
161.0466677657588
161.19221193729607
161.41238531570633
161.77962041370017
162.2376594830219
162.68309238663682
162.89012127467186
162.7671272863564
162.42222624713705
162.09114564038146
162.06892377990863
162.44285399182021
163.03564038679238
163.62131229352303
164.02633801278844
164.20001132120845
164.26788891423496
164.44644243925515
164.87764274234743
165.50474592053826
166.0775511183355
166.45535734204782
166.7400023780827
167.0047290016677
167.31010732419742
167.83220662607556
168.51446666539402
169.1265414808414
169.6438260229067
170.14951806671712
170.57126174912725
170.71796707022406
170.64314723905215
170.510743173593
170.30812564727282
169.9908582471549
169.6188344400671
169.26973552490816
169.0721304857875
169.1014507323547
169.2870749246481
169.49673588021852
169.5775823692912
169.4378175989259
169.25294514958205
169.12014174975232
169.06656496455136
169.08194514020533
169.09550991648678
169.1938870971646
169.39841823928913
169.66846314799528
169.9203973246312
170.00896852917475
169.92562080253896
169.83091631724938
169.8126729915678
169.87864987056713
170.03013000112918
170.32351512791587
170.77681971821494
171.3262719716602
171.86699775208592
172.27450208639243
172.67153318087506
173.13743959937014
173.58470242500147
173.92420200709807
174.07025552700577
173.90855024236453
173.3595266498783
172.4944638296819
171.42269193040784
170.23555988882975
169.1177288540374
168.26290945909778
167.67900570483982
167.26193524886736
166.9330145903743
166.66421801663526
166.43442830024554
166.22743258267667
166.05175900774486
165.88954443348536
165.702365767451
165.41243498381152
165.17000316737312
165.22729879473835
165.50632493800018
165.84037201017009
166.12951669962533
166.28358982987334
166.32666612436557
166.3291884387188
166.2901581360575
166.2594698993393
166.27025519962157
166.46373202730558
166.89101140168947
167.38030349493252
167.72886236852978
167.80136765130544
167.71139491394675
167.56607110575172
167.45741771944563
167.52248860796163
167.78758934537632
168.13509029150438
168.35262786941854
168.3677761910959
168.31583155161263
168.37277075170837
168.5688713486434
168.82384067460708
169.15360529645582
169.55546080165496
169.90290801258212
170.10205521061323
170.1781877949987
170.2091887475695
170.3209008751323
170.63495379534197
171.05938333906727
171.33027489200083
171.20328435661042
170.62956308432246
169.61122578677657
167.98472841572172
166.00268757081005
163.91435238629623
161.8997804728331
160.3011038003274
159.4436094695839
159.753986414789
162.55942954656598
168.76277129212482
175.32184924064907
176.36726561376122
171.335076282444
164.17176602384598
158.39155807358247
155.0621480875362
150.88131896521125
140.51501491469028
124.43596362033662
109.51293793752266
100.54894821986753
97.14376933525492
96.85724904329012
96.73223802856107
96.1124738601224
96.79965536777038
98.5544716075091
98.86897275051422
96.84660842869528
0.0
0.0
0.0
0.0
0.0
0.0
0.0
0.0
0.0
0.0
0.0
0.0
0.0
0.0
0.0
0.0
0.0
0.0
0.0
0.0
0.0
0.0
0.0
0.0
0.0