226.5274396128258
222.55168821404442
220.24037049030437
219.9416419560643
220.58361908667834
221.50021643186034
222.42059041938924
223.1326757685278
223.57896980439563
223.769716341411
223.8032044940702
223.71066516439555
223.5093410241485
223.32175303060342
223.34178825821334
223.67317651318177
224.18588331420614
224.6139892333928
224.8258282781974
224.76251922608623
224.48953026492944
224.05082698968735
223.49937596874906
222.95041450444813
222.49998031508164
222.12234453803887
221.7326647178375
221.31661275873944
220.8932735611006
220.4465776780932
219.88867001054757
219.15727270544022
218.30682854722176
217.45420114644025
216.76347873722028
216.24317502616822
215.78696993670013
215.37437551671886
214.98654454091803
214.60692999980887
214.2076973610748
213.83540855779324
213.6508459219147
213.6174138525787
213.64969406204435
213.72469830801583
213.82388127488497
213.85357903204192
213.73909473547909
213.5240337499551
213.29755198459955
213.08059093567135
212.83259206921736
212.63070486834874
212.5491603066267
212.55375186164056
212.67331984926508
212.91281018760918
213.16363127671508
213.3544833327254
213.45417299267518
213.5299842836987
213.65262214021152
213.84915974643144
214.0641785585521
214.23666558162364
214.41878947645893
214.56750393239594
214.60929236751798
214.6601330728936
214.81084564867078
215.07957730124326
215.40601144261595
215.70593885601957
215.99222694833537
216.35266670329509
216.88057124961884
217.4941213687341
218.02067789344076
218.38591821018488
218.55414080467523
218.5034036969193
218.27728256529957
217.97432264381092
217.71394383721037
217.54643680310397
217.4311605410484
217.29638913994563
217.0735691454128
216.72692406240046
216.2739616252643
215.75720995495877
215.2933194805764
214.9426885828524
214.74441971317617
214.70409584346163
214.8291187232711
215.02418889200618
215.2719990325933
215.50860853462223
215.6687637074384
215.82020318609418
216.10304073510068
216.50643171649241
216.95511549105805
217.34571823715294
217.55237636456894
217.63213911194794
217.7119718929222
217.7571411749737
217.80459563305396
217.84701898193384
217.82585364004578
217.72139597527843
217.47517566291125
217.08273619848723
216.68855701465907
216.3966572661472
216.1607087013339
215.96462285772094
215.7643051159182
215.6353520653064
215.6737631155043
215.79724422434862
215.94200627869773
216.0033974362882
215.99434431998125
215.95655166100715
215.96414638854122
216.00723650059044
216.04639867103657
216.04193262563723
215.95267128408636
215.85320261201073
215.8343119857763
215.93327363782896
216.1802547367357
216.5890573516379
217.1133741041703
217.69453548050888
218.31963321865345
218.93235876719206
219.4149445819008
219.77165844077268
220.04081985865164
220.2284334676278
220.3740584447212
220.5344942082334
220.7404833760358
220.96257925555062
221.10778927558505
220.9897320229406
220.63997023026403
220.22450101870686
219.84942994516604
219.58607634475803
219.45349463602514
219.41797642766417
219.38315435876493
219.28692897096235
219.15243289889113
219.0063094349347
218.89020318823123
218.79305632544109
218.73569638344875
218.70057260063527
218.71827585530892
218.88342111519705
219.18377972256485
219.48103016677112
219.63322840794726
219.60829760886293
219.4612225824801
219.2870445074613
219.12583064998444
218.90906984605743
218.64673731637376
218.42385447952518
218.32408587724146
218.37560043144504
218.5350021145888
218.78254508113537
218.98957186241535
219.06665042259306
218.95811738611394
218.63710739491327
218.1974737240863
217.79328941393968
217.38976955480837
216.91911930531006
216.25012135711575
215.29054491446237
214.06790859913332
212.54160778212338
210.81731121479345
209.00073697197217
206.91872950240514
204.23289612950487
200.62313733946456
196.23815209112354
191.67413074664677
187.25091419123302
183.2117653751345
179.75839178051913
176.6683418128285
173.61800337085458
170.59894193960588
167.80854326948003
165.46889307704825
163.67171068109326
162.35027860582142
161.3714391312503
160.60168944265354
160.02502815454096
159.72138568292192
159.646194057378
159.6092175548375
159.5473549088785
159.54215947206328
159.62519028503493
159.7869381881191
160.0580733868
160.4667187417818
160.97523930837144
161.5594627006488
162.27680753944563
163.10205006472438
163.9436130658841
164.74488320092513
165.46350646812158
166.04122935523753
166.46273799093674
166.76849289394298
167.0437695956307
167.40112442063042
167.88918285036127
168.41923007703082
168.87644612080672
169.2049113508888
169.37975744892012
169.41697119403213
169.3421393092766
169.15467074320546
168.90904054090953
168.68711334266214
168.53559043905497
168.4154347995515
168.28062998835105
168.1440940839433
168.03495370833662
168.01414871466656
168.07751813980124
168.16469158401537
168.26024927210227
168.39716020252794
168.58491342089562
168.77041874048152
168.8888656532284
168.95209095756596
168.9970531691576
169.03416714808583
169.0654431264333
169.09693237949853
169.14157542781354
169.18663076320016
169.17019001783686
169.03172046120167
168.7856218973839
168.52568789871174
168.37673804431637
168.40330119023025
168.58393073410772
168.84653160310614
169.10841629962414
169.31988844539262
169.45539067906833
169.48823998823758
169.44917424346423
169.42086128202928
169.4514252529884
169.52060966269528
169.60927689707447
169.73222881256945
169.86952039444108
169.99316917167548
170.1162932374855
170.25949113422928
170.43955459016794
170.70176572224182
171.0243534253877
171.32176545977623
171.5502103603327
171.74222374267248
171.93339396335116
172.10497023593717
172.20269470755053
172.16449741758785
172.01199164325251
171.8193693127431
171.60022078165503
171.3547625473314
171.15756856390368
171.07834947875602
171.05223222214974
170.89298467320782
170.51876573563402
170.02414752153067
169.56777780320118
169.26311858724583
169.08107701043946
168.9205211042379
168.7127689188049
168.4610815669589
168.19152099987377
167.92960725797806
167.73456740672103
167.63253354014023
167.59746121394343
167.58907371676202
167.5286825610681
167.3508066602709
167.1037873959813
166.9564298543868
167.01041961086403
167.20186101267927
167.39267684782237
167.49400731946344
167.5235514488049
167.55014497070945
167.64989802311743
167.83166594340756
167.99364565127684
168.0374263559376
168.02835149283388
168.0352137755753
168.01935994696737
167.94644836659543
167.81399067560682
167.60536979683607
167.3469471630689
167.17076685690145
167.1625833504638
167.25851207840128
167.30849855858614
167.23330715728835
167.03735394136365
166.72464490430994
166.38474667330794
166.17401825182137
166.115659066522
166.11002534199724
166.1127239719265
166.14505959120564
166.24775333943637
166.46924613274297
166.82845135089485
167.2710485029096
167.68926094420337
167.98711192625143
168.118171919166
168.12596226141008
168.11515312712027
168.16154531496147
168.31695065702942
168.6207501966116
169.037173153054
169.44165467911256
169.72066488188273
169.8944278056499
170.06244184255092
170.26966812882247
170.56514677604395
171.0265383893223
171.62250472146295
172.20498363075492
172.6530034965111
172.9201430281925
173.03446257836987
173.0896534789889
173.12024092093168
173.06335923418933
172.78851205341283
172.08624650364612
170.74085194888525
168.69784806614638
166.12622026252953
163.46821420936521
161.45593021838306
160.09319811847143
158.70857688513325
156.7786660186914
154.03445015782665
150.31008578208076
146.165305552582
143.0244616676728
142.17590000103698
143.63216050517386
146.11305946220875
148.18861894060385
0.0
0.0