0.0
253.83104936288464
260.3703970851099
261.93067693725123
260.5233519503208
259.0961870504907
258.1424290969511
257.71525382093915
257.44046951528435
257.1454573983122
256.7865212152794
256.44482163866985
256.2547350791657
256.26265858853077
256.42747686305745
256.6439276131912
256.7598482413374
256.68053039702784
256.292761850917
255.51046890126273
254.4066273766756
253.14099494378956
251.94176973587156
250.9523009853998
250.26357282507908
249.89214079229603
249.70419097528043
249.48958965373828
249.24887331430727
249.0710472083249
249.00759414600395
249.10122364217827
249.34999547107165
249.78104969173123
250.36395745807727
251.01399147992566
251.63614994496237
252.14457669796187
252.5466507388411
252.90683797484087
253.27795477407744
253.57289906074647
253.70659086566087
253.7135218131044
253.66907901125782
253.66415678576325
253.7648316152296
253.97214875122276
254.3163495524099
254.71196668984
255.0614782525068
255.29141775571702
255.28580400951344
255.07019229615415
254.73328890414444
254.387036798454
254.13591783324293
254.0708013688675
254.22624339761487
254.58195505970073
254.98191215424617
255.2936108475431
255.45305793731853
255.44152314117605
255.31941176523327
255.140246699224
254.82317438787086
254.41126517078328
254.08796932740785
254.00085112098844
254.19594492553898
254.55872342904325
254.97422139719762
255.36993553127456
255.62495914725937
255.71582574871834
255.74380585908705
255.75748706536388
255.78301652838874
255.7602430236271
255.57865656348775
255.26314267461498
254.94349847647388
254.69233424999234
254.53761591746212
254.53171925827718
254.7215311928851
255.0917154723846
255.53898464257622
255.9406002117875
256.23700539740486
256.44232833658873
256.60554455821347
256.6900495648848
256.6487049499209
256.57504304972394
256.5431025571638
256.5974772818314
256.82183295920044
257.23809157512517
257.7332066735572
258.1835052046927
258.496570081123
258.61824797044426
258.6134118510903
258.45715646693486
258.1229238131548
257.7076475705286
257.24041407406366
256.85799470094923
256.71384974834785
256.82601691172187
257.152211089298
257.47987535444514
257.56264812366254
257.35648994292563
256.98653655264167
256.63892775214697
256.35450426684235
256.00143356550296
255.50813119405356
254.98494125670803
254.56607110462545
254.20533708323134
253.9179655395697
253.75856553589745
253.64985352704213
253.57482265360414
253.5652172812977
253.719380267825
254.06030350056318
254.48399052686423
254.82381453693145
255.0731324736584
255.33655525923436
255.6947452686991
256.0907477028026
256.5129973391848
257.023193742354
257.60230883041487
258.07530269983346
258.32753919901586
258.4198040880105
258.4011498073392
258.3152564395942
258.2135315152949
258.1170117641069
258.12387928575913
258.223018060817
258.3052451569731
258.2613402222215
258.2082142827191
258.24337519699935
258.34739691928905
258.45250134159534
258.4882063623551
258.40893511269053
258.20826716376973
257.90365422510513
257.46505578647606
256.9030507548893
256.41268049958984
256.13011134455564
256.0475848918322
256.10876964299416
256.3479214112369
256.8351211618934
257.37822144482567
257.6942475867726
257.7799939568037
257.8269491379481
257.8614606352394
257.8592174778615
257.71550865422233
257.4521579798909
257.0974112799721
256.7077334958253
256.3081605349504
255.77438373680786
255.1205819125391
254.4108197668367
253.67960435329474
252.86266827571464
251.9196311193503
250.8358344667622
249.57712194878206
248.0701423945882
246.2150450880176
243.85591831549465
240.91251420398476
237.33284346182165
233.12240170830663
228.23718731651772
222.57401382643627
216.16226902706288
209.0292082932857
201.17833277350474
192.95807870583903
185.09366778195687
178.60565891131884
174.15728502293382
171.39847039746715
169.527991620974
167.9908268677681
166.72201572036346
165.75396795846976
164.96444496944434
164.14519995179626
163.1392231077062
161.90057967455002
160.53194406364815
159.23115635288252
158.1458692275245
157.39466757162933
157.07213398907015
157.18532148951215
157.61477563274244
158.16584602235082
158.64356742197117
158.99714163929082
159.37703735744054
159.89803801730085
160.53356668545473
161.14799167608373
161.59207547628898
161.88250436543476
162.11652876614323
162.30473396936227
162.41615418072044
162.51613224320405
162.7362566545196
163.08200320480364
163.47969236202863
163.79136645025278
163.86896733377412
163.74918298036357
163.61720703819904
163.61170690122466
163.7190465821548
163.8674590717875
164.04392171666444
164.30018149643666
164.69270240456035
165.19914939570972
165.7994060820962
166.4597014861786
167.06025845987847
167.52615012244348
167.81811896960858
167.92929880793798
167.9283853185869
167.92731281561123
168.03951667300916
168.34393760958383
168.81225344164199
169.41482499700612
170.0625494449013
170.58931674671288
170.93187524084937
171.17284242024536
171.407225352586
171.69634911392237
172.06469955948882
172.51610180584163
173.0027608007455
173.43868043751738
173.76145283509587
173.89593685134804
173.7975900767834
173.56022631209748
173.33169120335336
173.1634620957443
173.01135419952223
172.80186787567007
172.49507241996852
172.15262025719278
171.85332845070621
171.64386747697046
171.55510911763503
171.52761406608644
171.46569720144882
171.38342481364663
171.321130548272
171.3026053737234
171.36984081523536
171.512963174001
171.65855742691383
171.7416948664648
171.76546093475065
171.7636016469907
171.6912974359625
171.5221586962047
171.32767822379577
171.19225303808057
171.16047400464996
171.27248235868507
171.54302779702195
171.92918651815387
172.3903703587413
172.8492822342693
173.2401590620825
173.60418822322694
173.98839531508983
174.340100026469
174.60516219060895
174.78391692754926
174.90293226637573
175.00942760837
175.1035295429688
175.11450245482405
175.00995286351022
174.7736457810858
174.41138408171167
174.01622053475916
173.62316866402233
173.22229042450897
172.80231637430384
172.35975794552127
171.9294588567634
171.46958221322564
170.93632937310312
170.37876852403764
169.91214416833085
169.6394240571919
169.57742071868262
169.63897489722584
169.70802088786266
169.654746128838
169.43435008759062
169.12009488417436
168.80644306688401
168.51225118524846
168.1913141609193
167.84647831944807
167.57038400605285
167.43240188466805
167.3889310292954
167.38237477399576
167.45654831721475
167.67948335338625
168.0470165389987
168.53418007926518
169.11710879197952
169.7335464281313
170.30647678480932
170.72670403004346
170.96698774276115
171.06545938599004
171.1303936467734
171.33732876748135
171.77542462637243
172.3589234749259
172.92401496321745
173.39819550343861
173.81826585342245
174.24447244280964
174.64812588514016
174.91936875740444
175.00256308844837
174.88363478346542
174.6037511053721
174.18730789090068
173.59925951872918
172.7405246115094
171.45554471208854
169.61450528340418
167.29446668719416
165.09755469747176
163.79006282948507
163.05712602574772
162.32311827314112
161.50738554247857
160.67271823967053
159.73915808906585
158.64413209615765
157.57568492270187
156.71479546899604
155.89197628542814
154.7234686878856
152.99908451371033
150.85390381615082
148.43358298789613
145.70675982168441
142.62253172756647
140.1052920561928
139.8877704262535
142.30011471046592
145.27527319239164
147.21988483577968
151.17103876924344
160.4196449647576
174.20330532175387
185.04365423646695
184.76803000972114
174.44401443279583
0.0
0.0
0.0
0.0
0.0
0.0