0.0
462.8611309450284
450.49373701023245
433.97233164195484
423.99937155647467
429.51511948149425
435.6370423164833
421.75008153875416
388.27967586086237
354.39601387164527
334.259362511907
325.5676469051281
323.18921453942534
323.37513530355307
323.98603031634786
324.8098647465773
325.80268640717946
326.6285644586788
327.05615488849776
327.01816973156673
326.4904879483157
325.60924733477464
324.52389370448685
323.4647434380382
322.6458965961374
322.0345272775425
321.5010105967702
321.0296317170234
320.6929015733689
320.6164120784325
320.82343751715706
321.2150017611333
321.7360491572313
322.34311651841847
322.9879703139799
323.6145765443208
324.2560558501185
324.9061542898394
325.5292218556971
326.1320377845489
326.72095426179277
327.1911083103347
327.5674918690285
328.087409560196
328.97676112786127
330.38422543797356
332.25714325898923
334.1552048343702
335.6638081305267
336.61673406341134
336.9833620979674
336.9235692104928
336.7514089852602
336.75943741277916
336.9828689056675
337.4553739231967
338.20100657724566
339.1310908423189
340.0339597222822
340.81937767906027
341.44397694687893
341.91150264387375
342.28015214989273
342.66187259546126
343.1122431069096
343.5090730852605
343.72856421450416
343.828823762206
343.8144835554513
343.6470697859772
343.47844064656164
343.3397833753893
343.1647215621383
342.86421445118464
342.43864068357766
342.17164531942547
342.25386592827977
342.6868040857927
343.3595849450459
344.10419316461474
344.724461195565
345.0729545092913
345.2177616860717
345.1359609025622
344.89588515170783
344.7183754409915
344.58207282031003
344.4503934481786
344.38665433869767
344.3261978470159
344.2324597744673
344.12385820444104
344.0457157799049
343.8466924266254
343.2520398049838
342.41240416175685
341.6869821966225
341.2103083802001
340.8663102935328
340.47738529790945
340.1428066169458
340.025493440215
340.0820074417619
340.2434780669289
340.38924550465714
340.44455361012706
340.4096201645128
340.354360370393
340.3688647037711
340.48042480836733
340.54657552072746
340.4357622128581
340.21384060349044
339.9932048206144
339.7547005865229
339.587809787097
339.6342989467788
339.85265453555303
339.99215952998094
339.8763947004821
339.68375542831836
339.64745155522274
339.79102463615226
340.0052524068841
340.220856031087
340.4102554151071
340.4665424772651
340.2598236733799
339.8302959557076
339.33728891566267
338.8986588781333
338.5744337227525
338.54640550569644
338.91677775831425
339.49043946099596
340.01138817487123
340.37140934331603
340.5558290412599
340.5691331742043
340.44891097126606
340.29887421955664
340.17822280641565
340.026971591074
339.8202954022246
339.6242889299568
339.5859185609476
339.7459692095336
339.9672903241191
340.1671749146476
340.2304535836646
340.1256874314374
339.93304733977277
339.7511120576544
339.56309738633854
339.3349070112906
339.0691671588547
338.80638038795496
338.58558737469434
338.4667730055792
338.4596645315893
338.4869596913693
338.5114362408217
338.60214972440275
338.7431774741957
338.91764457927314
339.11581801122503
339.2885941865334
339.3899020927306
339.3771304726655
339.25456143729036
339.07112653034693
338.86407251460327
338.7105835041661
338.77280940175325
338.97757538747396
339.28401381161706
339.6676524165443
340.09876776384453
340.471065897813
340.5885948667169
340.3013992378164
339.74333376433003
339.1147008174186
338.6246965093594
338.3403726450548
338.1335249533341
337.7908013331761
337.16672749782543
336.1359912507988
334.66123272344294
332.77864869582714
330.4498763581297
327.73707596447605
324.6976801675479
321.10811048202834
316.76451465189297
311.58875358862554
305.30940344692567
297.47086449261417
287.92070849457406
277.20331438547714
266.10836662795793
255.24413339768176
244.69550186021414
234.43023991289382
224.691653941847
215.3640506495737
206.02676044114546
196.895173467194
189.0668963625613
183.6313979671974
180.80559774882596
179.7996852608826
179.579843558542
179.74540485768267
180.29261776505618
181.00172614669523
181.36661560678672
180.80804496568487
178.92841917858863
176.0578148876178
173.1837947751763
171.2490574523723
170.69461779261104
171.23692892315051
172.0646456902455
172.41695308226068
172.04765400648958
171.23918856373808
170.52330959830257
170.43798442414663
171.23670148283946
172.7252028439063
174.34376257774815
175.51450605254863
175.9597406926817
175.6768347690275
174.78756635473422
173.41280364722144
171.5847998418793
169.29367757027399
166.60884631598984
163.75930725914068
161.16981502842742
159.39401372596893
158.7426305487932
159.17990082460176
160.43672728970557
162.02523738579453
163.5252301415364
164.76412854976567
165.7796506488644
166.67463985525495
167.48937958545315
168.21348931056912
168.87188496190402
169.50234812745606
170.1593011202249
170.88011197115924
171.52814601833634
171.88686376376694
172.0240319742662
172.11000615604425
172.21260726022513
172.32355699806467
172.4094685077563
172.47824197045696
172.6032260017165
172.780571272297
172.84080208158952
172.6170402594388
172.15014099285293
171.64556429203353
171.26546068038476
171.05726074614643
171.03737267522877
171.1666837995718
171.31926609169312
171.38945590512571
171.37468981022744
171.3844325811639
171.53885358040657
171.80026048185408
172.06075814663666
172.24540483665388
172.30614968494547
172.2163574507291
171.97720143197392
171.64291385072573
171.3061521587604
171.00224811472177
170.69914171763526
170.35618237903378
169.9908863121595
169.66980472101437
169.42045316351295
169.17104962782358
168.771999151222
168.1785749523935
167.54580397627677
167.10470148553793
166.967406526802
167.06586588038343
167.27652117845975
167.48054994259658
167.5954127385418
167.6707043335728
167.8530643991777
168.20217287307162
168.65395153487765
169.0318887952458
169.17061999239831
169.04881627205208
168.82401582922745
168.74100207846323
168.95548900456544
169.40228701566855
169.93293930015247
170.43287428672897
170.77694093174267
170.89670939949121
170.89732157343386
170.90525622621814
170.93530537856606
170.9795925324889
171.0735011854378
171.1851086379024
171.20158506435212
171.10005164761583
170.9460771288019
170.82209656687138
170.75043656332545
170.70837122422523
170.6716851843828
170.6070447331924
170.5018462409544
170.41259396433043
170.39687413968826
170.44351214012806
170.51959024172018
170.63906884063965
170.78586800804595
170.87455137376872
170.8417047846322
170.7304465586722
170.67466263647987
170.77541680042737
171.01285174332475
171.29626680824097
171.53646844202058
171.7025317222873
171.77071384329054
171.69845830928887
171.44970535243027
171.05288498791924
170.6267785737852
170.2783233197032
170.04156407368268
169.909845232015
169.87833729419674
169.99042424723447
170.2955808954136
170.7451417874234
171.22310677593669
171.5991716177946
171.89210586993693
172.2323200419987
172.64823706563124
173.01327014849724
173.19765011763693
173.17738534011175
172.9897441872563
172.69731368518836
172.37730798104974
172.0789136411619
171.86122082773645
171.83703767661223
171.9979026654626
172.2585530692366
172.54136389295192
172.74724615808947
172.78084321681823
172.63199005436067
172.37409444649109
172.0635133237643
171.7477893811913
171.4279951677447
171.0267249533141
170.54226605220498
170.10506416366485
169.82886143044468
169.80686980030745
170.0586671214894
170.49087557795016
170.97501849772524
171.37950105980113
171.60066306261677
171.7726403184377
172.3552491696584
173.80293742063722
175.97188328856222