0.0
436.12184836641853
416.59709437168937
383.87212846120167
352.00532069907115
329.31757775689107
317.0900363146952
312.5742522554654
311.30213120652604
310.841084372145
310.6614085028428
310.4661088901206
309.93440993639865
309.2838209227334
308.94413697866264
309.04562420096613
309.4766008265374
309.9886941334059
310.25850391499887
310.17942175851465
309.9117388220941
309.70933802127547
309.78966991249547
310.3310712475698
311.38044607517224
312.838937609031
314.48834574487125
316.21125656764264
318.0326074375839
319.95672953985604
321.90942682509854
323.8017644441768
325.62014308418907
327.4435131149492
329.2870209952156
330.98998080618117
332.28665539648364
333.0498623034002
333.4322615031417
333.7856199966066
334.3190530968396
335.0076307376396
335.7311734247912
336.5779963225889
337.49479516308315
338.41257753479715
339.28421553582723
340.00634081771994
340.58384608140204
341.072935246624
341.642237005139
342.3635990777107
343.0621389933885
343.6094722072067
343.8951754701098
343.869970410346
343.65775955844384
343.5190651540473
343.57318066604716
343.7827695825431
344.0572720943938
344.3524385715476
344.67873758763693
345.038877783832
345.2981560482427
345.3803949223776
345.3017206108908
345.0971739751104
344.82219397778374
344.5726196454848
344.397282588897
344.347368903255
344.5338204083348
344.982132887507
345.56681002610384
346.10008094340685
346.4907744260106
346.80711269649674
347.1238544105861
347.4442844119994
347.5637241291142
347.4340867337236
347.1732750877687
346.7526961282331
346.1421990411626
345.55446465918
345.16722682764896
344.91712914842253
344.5643072856862
344.16883415881205
343.85885181798125
343.64493876154313
343.5292871895166
343.4617144889861
343.3935465549957
343.2601582486004
342.9842123331788
342.5968157677147
342.149599230141
341.74520710344893
341.47101997123286
341.3338833827036
341.2062015280178
341.08192943242676
341.1820847291699
341.5543437614939
341.9904577026854
342.41513251248034
342.9162684118933
343.4724858176075
343.88105998613264
343.9047234852518
343.62427084468084
343.3867819940927
343.31084935848355
343.33141205581876
343.4256525755756
343.48039628316985
343.53313309238723
343.4850441775999
343.3530309507282
343.4465855505888
343.6716137245004
343.75395782016886
343.55734864837837
343.18360279384774
342.80664680958137
342.4354697005408
342.12891383545855
342.1191484552111
342.4950773093467
343.06034742725717
343.604191146322
344.1104830065889
344.5330655749383
344.7141427242065
344.55213859888977
344.0852987125138
343.5596595554076
343.14697120988114
342.9127575098482
342.8513322642341
342.83674214862043
342.66271171541496
342.39275248251306
342.1938985191475
342.0789447163384
342.0909786208401
342.233894756677
342.43173034571674
342.4108124718335
342.0891411538124
341.81171975150676
341.73903070552745
341.85095600157626
341.947700665644
341.93949251012475
341.97374016853166
342.10242962331625
342.33300564102547
342.49528111454896
342.5079144554397
342.6076962052398
342.90032542598277
343.3457359973275
343.8743197566262
344.35143385128566
344.7324739565987
344.97215377051936
344.86766687092444
344.6297724767695
344.573195410158
344.71373066611596
344.85602787459374
345.0289045803271
345.2492758245265
345.1711181082094
344.5078978546859
343.2458993410681
341.5825731746833
339.8335647070613
338.1853037763856
336.60067482436546
334.9411204835723
332.97170233435986
330.54699456103896
327.5866380176167
323.9955262601419
319.5984987005034
314.17999454217227
307.685374657509
300.45390711832124
292.83077252669636
284.86242625888
276.5489800854383
267.93852292387635
259.0080947878167
249.60053756886145
239.61804070417168
229.5776828631192
220.33763170776544
211.85328718426803
203.8521029517958
196.44189595527348
190.1480517644571
185.6254922161849
182.891805013362
180.9623038818564
179.08713241489815
177.0809890205138
174.8294618231998
172.51031894799232
170.4094890812493
168.44526165265927
166.39691195113915
164.254312535457
162.37568089196705
161.13972958516263
160.55175745706418
160.41377583557576
160.527914661396
160.7157304038348
160.8704885801268
160.99344981245142
161.09304954754174
161.1902881935887
161.2481413283977
161.16147693677073
160.88469311564165
160.52689963518003
160.35286755696285
160.623265963371
161.41828492558267
162.6091993484598
163.94218554240595
165.15903083743288
166.24171070376644
167.3189748473681
168.42719937981042
169.49852814207946
170.3778439864542
170.8646339543914
170.88983692089423
170.68153574500653
170.59683429291394
170.85522676084864
171.47753539038823
172.3527868993813
173.353003028906
174.31149317085269
175.16215464139628
175.95136712642253
176.68986158709214
177.39931388350578
178.122437223873
178.83616575279535
179.50377206873418
179.932062906196
179.94966050836524
179.5698062717734
178.99084483490495
178.48654758723663
178.22747442935992
178.19089675234093
178.16965260806444
177.94810285351747
177.39867040671888
176.5718165565155
175.61136708860872
174.6376547830382
173.75394577972742
173.05155336221813
172.58428473037202
172.34786184857919
172.23802826515774
172.05959461696239
171.67973650234399
171.09499068475694
170.387817864222
169.67738790856262
169.04407434329795
168.50926726722196
168.09608638536838
167.85997626799403
167.9392290491229
168.53364238575801
169.72897040647698
171.3331652930132
172.8983189713427
173.99216292338275
174.44079096938154
174.33737666081225
173.89911326287196
173.3016614810851
172.66491292212004
172.08864514574066
171.64505018965005
171.35765289002865
171.25192359316355
171.35736741214532
171.62134212713784
171.95775362382517
172.35757250072766
172.8249213470899
173.29620148284883
173.63147590977957
173.6648945813027
173.31161948731295
172.64703893985137
171.85531081657567
171.1591846617586
170.76834032933826
170.84092965627377
171.4022434626831
172.27728461099204
173.18950396068874
173.93770735540465
174.381389171387
174.48635022510302
174.32696427178684
174.04135920295565
173.7503387539034
173.47001848757193
173.1796375230675
172.89961375685925
172.5918407652813
172.2210667899555
171.85861842812704
171.64670760040232
171.72432322379245
172.08244022468799
172.53648351194732
172.8596925232916
172.9579408995773
172.8635724772115
172.61526815528828
172.2477654786772
171.8149316610823
171.378811928242
171.0366169359267
170.8950539826092
171.02687752163393
171.40287900723092
171.85197367252778
172.2365014505581
172.59083285744353
173.04401121039726
173.6949627965637
174.47886436470566
175.18161567155119
175.62920167304696
175.7410979764186
175.4976502171497
174.9730184181272
174.2909204070757
173.51300846229464
172.6468586888359
171.7130521841478
170.77987469390848
169.98331671054092
169.48513236002634
169.41357327848775
169.69923977291674
170.0299868256987
170.07362082339876
169.75280396604896
169.25633132878406
168.85435171324792
168.7192182238331
168.84530944263105
169.10536031574517
169.34057660450188
169.44138809600935
169.40642320016605
169.36008541690498
169.47869327749186
169.83440839016964
170.33557541092068
170.84775597614157
171.27223244136096
171.52772445506028
171.64908230847817
171.73752018499823
171.819778559948
171.85500566846926
171.81847725609094
171.72662214457182
171.6374900541716
171.62195989194328
171.63276063849685
171.51583091386362
171.17427704379097
170.70964257765186
170.37587558262416
170.4175929667876
170.97814353704243
172.0254344680606
173.4478408005818
175.21261950762732
177.267225803649
179.21711486801064