307.05852361812106
312.56025354163125
315.91411557065624
316.05208431215283
314.5813044995632
313.10140735243124
312.1588286500453
311.7379196837741
311.6286113120662
311.658730716604
311.8332220253239
312.1911462013006
312.7323422593205
313.460343537053
314.21856811290553
314.7371181124154
314.9843265537053
315.2121624935996
315.623756620811
316.3114568262815
317.31892053780797
318.5687479013154
319.91129829506576
321.2346522690873
322.497141128502
323.722247958287
324.94657239671915
326.2279820220297
327.6312612821679
329.22481339662386
330.9680104117673
332.7388592644036
334.3968604974659
335.909741747191
337.40125349465967
338.80461565728643
339.9202176994948
340.66620441821493
341.24199406284305
341.7541557716255
342.0818853109726
342.1930875859015
342.1220569830307
342.160002806659
342.4781129260639
342.88286233023416
343.2981616176597
343.5464815259526
343.4405621622029
343.0658973881572
342.54615028147316
342.0286732089194
341.4665736596093
340.9308853657415
340.45213152380904
340.0941298171428
339.9591297136771
340.18895294528716
340.804007098434
341.5677150537303
342.29412852225084
342.8871839969079
343.28039322298133
343.47210700669893
343.36908613418217
342.9749599660338
342.51562844029513
342.19430753354163
342.1677057838542
342.36758352520445
342.6471204163741
343.0904759278145
343.63703375980015
343.9901693483008
343.95165057360356
343.73556787571914
343.7260118887425
343.9332874404489
344.0607983274703
344.2986851686208
344.55768792742464
344.76614933163177
344.95803104200377
345.05218131275717
344.7956019154842
344.2558336073872
343.80960624012994
343.55376151479805
343.32615655352544
343.23777573418715
343.4698077626162
343.9323124316713
344.09875870273936
343.85756834794404
343.4409988869135
342.94629531907685
342.787806738847
343.1011278355338
343.6714831445952
344.31177892151095
344.7537778397583
344.9428788863387
344.91996737682075
344.90826166254396
344.96830446261254
344.8406725846804
344.6171661899399
344.3937414791559
344.05246068869184
343.5426176250943
343.04378148226346
342.72878359944957
342.6422941949814
342.7738867801124
342.9590952697863
342.96985041330964
342.74001801083716
342.1734202298948
341.2721616456052
340.513847092442
340.2206836324705
340.186891548297
340.0294928073656
339.6835953059811
339.2743453637029
338.9646440721562
338.80523804606827
338.794334442244
338.89871301753817
338.9721176272009
338.7292907300693
338.31125473330195
338.16317568323046
338.4434919547675
339.0109965657039
339.56948674962604
339.81395078469257
339.8227437232142
339.96998445180463
340.35881252298674
340.7324630781057
340.92214553898054
340.9108418821529
340.61320295578287
340.1066665931792
339.7928739283774
339.9713584589224
340.5059301451765
341.046409061895
341.48150676116677
341.86111687210183
342.19888297792465
342.4296919552212
342.51733320811996
342.42591458843305
342.0051258508293
341.3327807907719
340.69211815628483
340.0815081252787
339.41673657990225
338.82204342856915
338.57658162733384
338.66432981077253
339.00476041466
339.59557580867056
340.13387782291676
340.3620247673648
340.3889310597542
340.40812376656874
340.4680812018493
340.3584460486821
339.96818091797707
339.39624873362226
338.8409092904893
338.3993656520185
337.94739409244943
337.3352795340792
336.4702512938172
335.49185318726904
334.6262743316045
333.9461901165837
333.2857121639943
332.3903423579744
331.25529938709303
330.0492094678441
328.843395258974
327.4834630402746
325.73030166506396
323.3412699732886
320.18562672513497
316.16198277319637
311.0226147974711
304.69426974766503
297.33181621960983
288.9161258487514
279.35938539947284
268.69701405679416
256.904291165399
244.27357717515207
231.81539740443378
220.04211656795243
208.68632659792453
197.7017147282687
187.60891024509334
179.13070594427288
172.7400060571666
168.24738285036634
165.32305083709628
164.2145721414461
165.2636755547031
168.07885938951884
171.51954430065996
174.28680414500002
175.51707792611347
175.2867481616001
174.28654926829978
173.22429630379585
172.5873936499089
172.41538723368672
172.39197243186183
171.92501473991484
170.47932971108114
168.03662641883545
165.19229026513176
162.84176289710214
161.75191435909593
161.78566146292974
162.21746019016817
162.46941444929612
162.30639893033808
161.7803607738002
161.12934720920407
160.58439589535138
160.21840168977994
159.91921232177884
159.56404458723517
159.23785159581783
159.08922699661446
159.12751243663044
159.28791175747608
159.54045291894965
159.77054055136668
159.83401108164824
159.69290938552123
159.5048359908588
159.5923631803708
160.14127362570798
161.12405794954162
162.37798979202458
163.68848113828233
164.8612649623021
165.75260122199347
166.48163653588347
167.388586555809
168.69034601136343
170.29798512612913
171.9083339132609
173.21721797186711
174.18627837383286
175.0895222400277
176.22477129613287
177.67427896749845
179.31884099802897
180.92956766503292
182.22773857619663
182.94578236850654
182.97906185708774
182.40762478295636
181.40743976106475
180.25428810775563
179.2457413450644
178.56004874800576
178.1319093361706
177.76681301218724
177.37404628508312
177.06837884836597
176.9033265293606
176.84402944333186
176.86317370196642
176.86880199429382
176.80247507169682
176.7220977913745
176.70215819515914
176.706576217325
176.6012968445036
176.29922918680444
175.9523920162178
175.8007948034994
175.95787594928964
176.3690214031949
176.8020687105905
176.99387048299894
176.83571586968455
176.4591335501754
176.08154277131507
175.96310432941965
176.11033915919072
176.23089010250973
176.10630874794862
175.70197520341372
175.14080911137106
174.60505135284325
174.1870268894645
173.9755226477288
174.01745629536342
174.215474363924
174.41398992872706
174.5491480928039
174.63532169476855
174.61570287297346
174.53200841666524
174.39763880506757
174.16971448478674
173.84660264830006
173.45945600520673
173.1284168959221
172.84200308803057
172.5659274184223
172.31567382743276
172.16194815469763
172.00828209029777
171.66976915854912
171.18411781498213
170.6227903364377
170.0862214073679
169.7053396659358
169.526010620594
169.49466773862133
169.51457324192523
169.53633984675648
169.6374612814173
169.85644148068923
170.16679826228892
170.57332128417534
171.00841067942375
171.24751156694737
171.16319806374227
170.8218026244202
170.29902192748395
169.7277090609304
169.39279619874029
169.43695107265287
169.72767316611456
170.21614464117124
170.72537489034357
171.03592300363482
171.05295962641884
170.80846201834498
170.43480212847984
170.11825890048186
169.97415154906068
169.9862691383823
170.1030255396284
170.247862674745
170.32687258137753
170.36914370375206
170.39969687999772
170.3184564684525
170.21171866196977
170.1822285809064
170.27207181207436
170.4983025321102
170.7557922523063
170.97964944179924
171.06478510173955
170.98859098816172
170.82973986887202
170.67934785114093
170.57371386602463
170.5329166460688
170.54620678086297
170.54255384434305
170.57464298058784
170.67723431497473
170.7978689083137
170.88838380495918
170.88116762632953
170.859159247885
170.85636911126437
170.86280214347474
170.82457433974267
170.7181978392555
170.541436925485
170.20442022000623
169.85391202947255
169.64244356915304
169.5919183920632
169.72442826409988
170.06698685838683
170.52314711904518
170.91454959042602
171.12313178985633
171.07703090273668
170.81307975123906
170.5515323393957
170.50242963258648
170.63079136861126
170.67368237701365
170.36604482303915
169.66575532425017
168.9103667510449