0.0
335.35703787094576
307.87720689821026
280.31610368079737
256.26732938633563
237.9925746488443
226.46872056924673
219.67162710098418
215.29488546969725
212.03242696593938
209.17078475056675
206.63553074153515
204.75789406054832
203.82759971425887
203.82722127561408
204.50776661319233
205.63110003237432
206.9888650288754
208.33407193549317
209.4364022563954
210.2071466924598
210.67494287992906
210.8931583256225
210.99159627771695
211.12282496591413
211.31034442719397
211.4466624726099
211.37728065512133
211.01977074410792
210.3783139874816
209.55258045369592
208.71257104327273
207.98935023518254
207.50844059996678
207.39526760240182
207.62964632422867
208.10793984204858
208.72008603001885
209.39353769849606
210.11087331922423
210.88085248242788
211.64044711746482
212.2600651095
212.7498570622415
213.24691467979954
213.89529317416768
214.74723376967208
215.71894686143594
216.61135251388734
217.26626721620408
217.67609624525787
217.8346445509764
217.78347652607715
217.62863918513656
217.400389849352
217.11753668079103
216.82393224431164
216.54133809393417
216.32762560001993
216.20158442672758
216.11785341686476
216.0166791500337
215.8405822008012
215.6061942505306
215.36356979399795
215.17402792729982
215.04655732851788
214.9176286857645
214.70204143769726
214.32885997518332
213.8434219881238
213.36323887704285
212.9678055481255
212.72645433497985
212.71998027938292
212.93990308309372
213.2714570600264
213.60035337213992
213.867877785598
214.06609801683513
214.2890489712346
214.55678884388385
214.83080054763843
215.10124806184078
215.3083611720019
215.37026032600525
215.28758010766356
215.13327046596848
214.92853592439567
214.6829823312157
214.4066921566302
214.21403236924834
214.24756652160295
214.55238065407434
215.08840648370307
215.7693314798289
216.50770366927156
217.22468622422602
217.8328870572412
218.21187974054462
218.33254521069307
218.2201806924118
217.87322667218007
217.40569045993522
216.92800242370237
216.47778078559088
216.08736395319448
215.80643129910675
215.75243402303548
215.9314439652152
216.2228989150704
216.4659434758147
216.5496901817646
216.43726624643173
216.22804090439814
216.07862343638618
216.04440054122406
216.1037179532851
216.19819401821883
216.27371901396867
216.27767567178705
216.212949612545
216.09394355451968
215.97650614826617
215.90296870882196
215.90647138370957
216.021126916769
216.31363923608382
216.75201292114804
217.24228753462276
217.7307470681595
218.18182435461836
218.55339988893894
218.8189150796686
219.01745159255165
219.20907662549664
219.46445661711775
219.81655767881304
220.19450133356762
220.42737901975354
220.41666443187634
220.25069079597276
220.08154242738834
220.03970109624314
220.0880336318019
220.0427744409766
219.74085569519158
219.151207997348
218.3404938864266
217.46029968120098
216.63384453914858
215.90601258577425
215.2863140402889
214.80214697587428
214.48596983102448
214.3865347745479
214.45722972361852
214.61377399439044
214.81784547070558
215.03603364826395
215.2415025192078
215.3991487983032
215.5348713341013
215.72503360497507
216.07945319191893
216.70085615093464
217.5974839764718
218.72567367021247
220.00422592508295
221.35120929443906
222.72040745317008
224.0860204002811
225.42670353661904
226.63151675919082
227.55178257972798
228.12874977949136
228.41008886705802
228.457719123111
228.3394366783105
228.10724973709299
227.74689166491123
227.1904842280009
226.3978547346311
225.3369903252492
224.02597716763637
222.46621807887735
220.59809514866805
218.34850828311795
215.63023186654675
212.32957942887867
208.41864007693366
203.9350071688055
198.91690216528895
193.61126787487302
188.41504641006532
183.8218209756866
180.09757176744824
177.02868296805238
174.31406483203477
171.8573441892871
169.7076311442384
167.98894633882395
166.65897480621143
165.584897121445
164.6942152160512
163.9718503471862
163.45672027752408
163.19922080243856
163.20357433104434
163.49843874116297
164.05527259847815
164.81430632933439
165.76688689675967
166.8831072885074
167.99128463650658
168.87501665983928
169.42527630860326
169.68616191822645
169.79432092727123
169.90280866918505
170.10253244576901
170.45215602064872
170.8308494164148
171.01797797372734
170.86234138715292
170.36977899542347
169.74416796278743
169.24236904366649
168.90596487223775
168.62154949977204
168.34580692879192
168.14905758494257
168.08189777694133
168.13145837558517
168.28578426674343
168.5254584599491
168.7551127567677
168.88280465756014
168.88593264493568
168.81637710733975
168.781883602178
168.8159212781377
168.93042158623405
169.08721807520885
169.153852722689
169.07010095772006
168.93770847514585
168.83109648845905
168.81124848217564
168.87081020556968
168.9188974954459
168.8594628778569
168.67388824579538
168.50981954460647
168.54969685130223
168.8701081003976
169.32763403180394
169.67013069998333
169.75654779002468
169.6131319845651
169.3689393187725
169.19814116722017
169.1808387691616
169.27901853059592
169.43508011695423
169.60052155136208
169.67926955002676
169.6543858955464
169.60571691678402
169.58948281340878
169.57687332969994
169.4889511082044
169.29293894277555
169.09504516690825
169.07188853261732
169.29624648443513
169.63493905230314
169.8521506922552
169.83753637630917
169.6703883978301
169.5157063536625
169.4755153226023
169.49620707960992
169.50846701348834
169.53557636558804
169.6212071831825
169.75676605625586
169.86510254065294
169.8755731232373
169.78754972581635
169.67950187764865
169.6553678127172
169.7358966544967
169.85015773628302
169.89066502778095
169.79368655233597
169.5486093572047
169.20181436859323
168.8477721080401
168.55836226922764
168.4106996241433
168.47943378836996
168.7557200921036
169.1529522512319
169.57219386596347
169.90428546029983
170.0943461405299
170.19282389093544
170.28187844098323
170.35744911225362
170.3867593749316
170.41967016524634
170.51602119052626
170.73660102500762
171.0860806592915
171.50627577943146
171.9208665962945
172.2479559087917
172.37596634782832
172.2766254850256
172.08193099520497
171.9026282431081
171.76915119056417
171.64574185935828
171.4722860580725
171.2592658261497
171.0943577874403
171.02594202435307
171.02693826665788
171.1243428547622
171.36115188021773
171.66748837080002
171.96142163734254
172.23428984244623
172.51608263762668
172.85053949590593
173.23898497410096
173.68908117196708
174.20882257153005
174.73053896188992
175.12349088583753
175.34978981548096
175.51608683567684
175.71893271658493
176.02643382737034
176.4632287577729
176.9475777981438
177.2501011539771
177.1570716998836
176.7569303780419
176.1840881397103
175.45302276565684
174.68866072988106
174.1151278661462
173.8043560930038
173.6647586938432
173.58584155333295
173.4860353420126
173.28419326304902
172.89731675932174
172.45558344972147
172.15457744622933
171.93190685800494
171.64990556951489
171.31178259142456
170.96254039409462
170.6376165239161
170.34494367862987
170.03745646887614
169.59879823789322
169.01595310089033
168.48278836836357
168.04285191265052
167.62395644363875
167.20571872517337
166.8717496435593
166.7298696340986
166.7668379445345
166.85050803845007
166.8453364600335
166.72973697765389
166.5608321345392
166.38949667948174
166.26641727757465
166.2577440206465
166.45612134291775
166.80949425719206
167.0808180465994
167.16242990095887
167.26732768653915
167.57135959800632
168.06100846013862
168.69067790811673
169.52166654370245
170.6413166045528
172.00309856750783
173.43177547712742
174.64886130262786
175.2344707787664
174.89668280095597
173.92913938878917