342.57165947231005
324.814740189383
299.6375738673636
276.6410258608354
261.32093126245564
253.95012839022013
251.7156921308975
251.6619977099903
251.8696314279947
251.79952673719373
251.40317544482332
250.72173430245772
249.92899145498768
249.27317583819843
248.8888823307382
248.895006652086
249.31626099322605
249.97793173065116
250.599877836452
250.92420910868242
251.0665506239975
251.42058056320818
252.2199075706622
253.39343029145752
254.54482940354757
255.1922004423344
255.25896758973
254.97736003090347
254.60417633663886
254.36059771080187
254.3748912502257
254.63478751614636
254.96740531136814
255.09166878193017
254.82241492590964
254.20064820844885
253.44227351880374
252.81849310658288
252.5048898401202
252.46661729364075
252.56277891241902
252.6493859094113
252.65613132779478
252.55602613976433
252.32559019320536
251.93686687874072
251.38126501028523
250.76227536155636
250.25543209799196
249.9676933845481
249.97442667658765
250.21901956050516
250.62134536294155
251.09346333820488
251.55783781181293
252.0016525718893
252.43583943402774
252.88815965026453
253.34956512563946
253.73385468080932
253.9862279873584
254.15873708188846
254.34896255509798
254.54064203032135
254.65931833741595
254.62663943066534
254.4270752638362
254.13127808969227
253.8763673343418
253.77836357075955
253.82599196327632
253.91399741894725
253.92214829330095
253.77806046796337
253.59175424157854
253.44101592994042
253.22822343660377
252.9628025623395
252.74699735532997
252.62033968233695
252.63465366588878
252.76412219849195
252.983482098004
253.1261786509854
253.12666613440757
252.95636222927976
252.58721999401894
252.15278912412225
251.8438694825047
251.7271196428625
251.7696024129328
251.94050900753368
252.2896051477221
252.74861223334653
253.18864020337276
253.5986686347788
254.0628621077388
254.58604132134343
255.08451403168723
255.4411451054882
255.6739687517749
255.80614596518467
255.70134515476997
255.3181797820699
254.79059945455515
254.28929841592324
253.8569390006706
253.4836242453847
253.2320932405875
253.17945508579987
253.3069173984772
253.55226440108652
253.84169776251298
254.0569060556012
254.17971674078444
254.3751947759249
254.67677612659395
254.86495190134826
254.87342172543902
254.88052599481745
254.99774338625087
255.22568654327222
255.38805954537168
255.4008111356272
255.41641327076434
255.5921022615135
255.82238179278022
255.98852461101038
256.13942607341795
256.39575753274426
256.8252470421953
257.22290177282474
257.4866087236959
257.62460270679117
257.61845098913875
257.48763832546376
257.34705584683684
257.3449628766986
257.46385510066654
257.5126447327267
257.3431692745521
257.05566937231185
256.8084132022495
256.6847665787061
256.6764986923507
256.64201187510884
256.4609579030085
256.1447801691204
255.77351118827121
255.46245144462185
255.28820845028054
255.22543535614477
255.12544720456827
254.9893796089452
254.90352414451712
254.81809945463672
254.579296925567
254.16378710636297
253.71285876701177
253.36717436540846
253.22208378904747
253.21399516741812
253.21970900584597
253.18235249261403
253.27931470284227
253.70111929503892
254.31504480785324
255.01066880165178
255.6052035049915
255.9576701586777
256.17916110198667
256.49431763746634
256.97333277667303
257.520610520682
257.9524217056533
258.1205105629186
258.0898728437834
258.00883183604765
257.90842583083855
257.7160888092566
257.36786512135825
256.88378381345973
256.3742985421507
255.86572489433615
255.3249848191193
254.75125629102865
254.11958374326275
253.26241011797276
251.98571047530066
250.1893283519259
247.85494052101762
244.9383636985506
241.2987644199922
236.938145206647
232.0328940965354
226.75086958664792
221.19975923795377
215.44293878595423
209.75229228815067
204.25806786259625
198.965601291495
193.74586552144225
188.61394037453425
183.8706028903676
179.82696339305778
176.55974939753656
173.8334722009084
171.49502290373806
169.44576276438403
167.62300722370327
166.18080223221398
165.26944194920554
164.7686906895955
164.49517157059432
164.4444361410237
164.55329833254265
164.60182957198805
164.4312522638395
164.1209892075335
163.94207363488772
164.15064040123502
164.7377682417595
165.53422432042828
166.3084427369942
166.83437864140674
167.04084815822463
167.03762663589868
167.0063333705723
167.15451211800334
167.676092343911
168.5924256830965
169.68534352087119
170.68310846451052
171.46109481352008
171.9938349457151
172.2688802697059
172.3275693650666
172.2788727762853
172.18350888984557
172.04171186600908
171.82959928594013
171.5240827966735
171.19548967777735
170.97897438244573
170.8922170058471
170.85443801639428
170.85644911757572
170.8975490595435
170.95414979054482
171.04763107037536
171.18470379199022
171.27603090739626
171.20184955580012
170.8909973359877
170.41734635551697
170.01703330476087
169.9395130051726
170.1706905516982
170.4198814873737
170.54058208512367
170.6054084990303
170.5691704430405
170.3607396387013
170.12385423410595
170.05001054229083
170.117843109494
170.1735159757207
170.09710116465743
169.95841342775054
169.79941766300735
169.60220352694117
169.41782804420748
169.31194469184572
169.32562698778025
169.52414658233596
169.83690169579626
170.04188493932034
169.93918044934898
169.5704561333869
169.24399267868267
169.1916627516938
169.50158881553637
170.10728769753206
170.69225891567692
170.96831327132173
170.94304788496294
170.72216856707422
170.43045303991204
170.10080271587827
169.8753738673203
169.9116250460612
170.18120613594746
170.49930762617393
170.70600933157937
170.80023116305625
170.7333191904272
170.6108217723809
170.58171163108284
170.64307510204668
170.74242373166226
170.7778760470564
170.7524919928237
170.74448297612187
170.75247374167992
170.71361215050794
170.6055929091881
170.48329268856415
170.44302086362566
170.44489359886873
170.51684701262403
170.64781879990926
170.71660453186757
170.75070001754727
170.8074114453333
170.78020061522992
170.71849001307393
170.6013804442536
170.33371753445377
169.94483257922764
169.50324599740708
169.08110291364474
168.78791543788054
168.71330728404112
168.87307852547679
169.19045326146124
169.44954550985443
169.41611360566174
169.09952378606545
168.70727094604715
168.41998577989324
168.32393264696674
168.4178567727364
168.63528349256342
168.81899445540571
168.83578550904352
168.71834699428945
168.5700805286471
168.47772643141985
168.44810727813822
168.37942258117994
168.257203957095
168.14413034341885
168.10027982223923
168.1448476814867
168.2799328324197
168.48750858854686
168.698247937531
168.866110717854
168.97278121647494
169.061755211684
169.16554543538092
169.19610422077534
169.1014230757493
168.94264349864957
168.69881725424153
168.36073070712297
168.07585102396524
167.98050376073255
168.05555396176268
168.25550179726136
168.55375327382717
168.87452567639963
169.15077144106405
169.29468692096523
169.3011936631449
169.25524916416452
169.2117128962771
169.14422707958457
169.09870280478518
169.13900032364768
169.20086646971208
169.1285595020797
168.9123724134087
168.78279189672566
168.83386705915655
168.94313119873226
169.06065857283585
169.16236801722397
169.10758077140773
168.87500345457786
168.5710650734021
168.3050486958512
168.12730240679102
168.01448766072738
167.88365201684232
167.65829151697162
167.35547360470517
167.06776399935316
166.86326223757374
166.7155667940071
166.60720251729714
166.6944850607531
167.19346187923117
168.14622549275074
169.3173034758653
170.34537885485844
171.04320206621165
171.35801583419777
171.12723587025434
170.1496706525828
168.78560043853335