458.6827971237333
493.91912355913433
509.76837674382136
496.75976343175927
464.13523249329035
424.47422433244856
381.1698144813165
336.87346284474563
292.2374245799306
254.5885857253354
230.6009301812443
219.27077414355549
215.0763922879058
213.61058389151236
212.6287892887238
211.49210745601343
210.67176559893412
210.6173476484658
211.21893985967802
212.06325834613045
212.80507397956222
213.3432138243138
213.64230388765634
213.703816157098
213.69641425772662
213.83483803217072
214.1630360155614
214.55941982599467
214.83103658601135
214.84410079208538
214.59070116340348
214.16231064797643
213.61999418784325
212.90055252096744
211.9763174913054
210.96667292578613
209.9866965183787
209.0647832316655
208.1987930116064
207.34566680993188
206.4614038587275
205.5780884116059
204.8662472920391
204.3787959138229
204.04778665274853
203.82388613713076
203.68714750217686
203.71581897720057
203.95940458938742
204.41587554282214
205.12197391141368
206.10076913716188
207.28313343801716
208.6634846539131
210.21588347242118
211.79909782142292
213.15478241492644
214.04060599396433
214.47062730209475
214.66011119313185
214.86406728713132
215.237479989815
215.79624638205328
216.49018348484267
217.1847787576066
217.67369251918942
217.8050691117832
217.5492959234422
217.04941255533245
216.46751775699062
215.84624618750348
215.1630792668482
214.4170871996006
213.62213094816195
212.93091680213416
212.5407843428032
212.42597907113435
212.40158916157748
212.3358678799202
212.1310909020292
211.80228841638018
211.52356473727906
211.4511561379013
211.66812705571027
212.06331678993968
212.4368157648252
212.7582060169866
213.14085258799656
213.7007506946468
214.5538503818589
215.690392103702
216.89679300078103
217.81473148143732
218.21942238743222
218.14599129443144
217.80168654866628
217.368448924918
216.90218685654992
216.34435570295034
215.66847398026962
214.98199032748528
214.37976085792354
213.92224027628
213.64336551557133
213.48104516708037
213.2988545718262
213.0421566715651
212.75303638395388
212.58110256722432
212.6239971495554
212.80070772949273
212.91132687309982
212.83847933150713
212.54992140282465
212.12027294148535
211.7254932837567
211.52010496690178
211.64969903727476
212.11968422334093
212.73112896927617
213.19841818051987
213.35695705872297
213.24971623014386
213.0354630461506
212.8297171908717
212.61499396341344
212.3883218293381
212.2452027819073
212.30659218562448
212.6543936893877
213.31286176067954
214.14767474156884
214.97458178952752
215.63385820777117
216.01995143158177
216.11593450363623
216.0064781798156
215.83994002697352
215.73950759419517
215.70670640786577
215.69512228236607
215.6930879501792
215.71932183094904
215.810480472563
216.02972881309387
216.37933247988983
216.81600807479623
217.20121203217542
217.41241945114237
217.35561764010606
217.0447325430664
216.59659341051508
216.13744798617634
215.7414981327731
215.43876478694855
215.19764737563835
214.965385551539
214.6963101558273
214.438600134896
214.24335795382552
214.09196735341953
213.95092786449743
213.75738663972288
213.50902756825104
213.2437070903689
213.08697970533566
213.21443501150577
213.67459876259676
214.26276146992095
214.82108482981795
215.3001544007839
215.70611229301164
216.17396030345353
216.82332687876954
217.54909065790739
218.133934188053
218.4756094839954
218.65927507663991
218.74995981883526
218.71184763614673
218.53287224982748
218.24603018121292
217.93890438775634
217.66654772766685
217.44675505361852
217.20711976629258
216.75150289733773
215.99772288127488
214.9917771828401
213.83855448351136
212.66955793670806
211.50409579358583
210.1026991909449
208.29120905610193
206.04572467101553
203.54937714170242
201.08632851333698
198.7372894241225
196.43030082036267
194.2981070775493
192.4667451779865
190.7752979354387
188.92118611618915
186.73216976934035
184.31847328597547
181.88009068106388
179.66246063448665
177.8000321652919
176.20237787835921
174.6194022552972
172.91811692183938
171.1763215243641
169.56060032041177
168.24590253975862
167.3496222231413
166.8419446364747
166.6815592552079
166.77574154166618
166.93956751207634
167.03246531197604
167.00008142447297
166.8129352428055
166.43134004786606
165.8755660652726
165.24726868247436
164.69004860876493
164.34987407613542
164.23583918230025
164.3587996198867
164.70711290480864
165.19622201220113
165.70506311156268
166.05473823187373
166.26737521526718
166.45467276950095
166.65991186879066
166.8466497970133
166.94969656340683
167.00555858782798
167.07743193238235
167.21048136091684
167.35589163188945
167.3732387053835
167.1723348045784
166.76043689743807
166.2692244802095
165.93199627196816
165.93955768224617
166.2954414896703
166.80127264576893
167.2145597370752
167.44301783851202
167.57093148382188
167.68616383847998
167.80414174373985
167.9154940949981
167.94621792949053
167.7716135766662
167.3860294243142
166.91834766238767
166.50290565082653
166.24398470118038
166.22346928431148
166.40675744815832
166.71690776323837
167.06880525234078
167.35518520143233
167.5420043978893
167.71653204990184
167.94278902904088
168.18866711859718
168.40695446210574
168.5833543171717
168.68322010520524
168.66080987451338
168.55301056491345
168.52801460801905
168.75716126788325
169.21827997246635
169.7427782551439
170.24038154237883
170.7049371772022
171.13065013957205
171.467696342687
171.63861723589002
171.5897844983935
171.3739260979955
171.16294383010992
171.12475800484611
171.3284070609452
171.68745792268408
172.04182161729483
172.29202592489625
172.39193292459026
172.31718477567978
172.11650918417348
171.89832527276405
171.69224489450536
171.44492544723676
171.11527892841093
170.7431656877962
170.4583856576174
170.3570124869595
170.42462345021838
170.60606413015114
170.82716315908215
171.00260257884406
171.10389436202297
171.19129424732054
171.32888948200454
171.52200294143793
171.67812213199073
171.74577026963826
171.76626639310177
171.73080698112778
171.6271233211255
171.53567743573322
171.5649312518002
171.7166476094714
171.83565335187544
171.74528645299623
171.41277904013043
170.97739178956994
170.64777250133093
170.55382554104594
170.6973945136804
171.0123577754448
171.3699853571024
171.61184180293472
171.65509916074157
171.48773999534126
171.1562103724653
170.7080298967141
170.28392789767994
170.0565201840586
170.00886824398694
169.9888219142393
169.9024495871368
169.77341200504466
169.6839496222509
169.73874232150894
170.00505354426934
170.40150070966538
170.7152739931891
170.76668350887647
170.45059014757942
169.7790781539376
168.95819954354607
168.2993512465093
168.02112244441204
168.15889916559541
168.52214178352688
168.83253644212036
168.88944177342736
168.6533020515982
168.2751687336908
167.9982420919236
167.97171801172888
168.11140871911306
168.24422572693194
168.32790008098638
168.40854290420083
168.50674716782945
168.65742983114663
168.9171005615136
169.33031697094805
169.82581047395632
170.202111551894
170.27978509946664
170.00405244932648
169.464962785851
168.78112887685054
168.10222235186998
167.58699630739412
167.31240516518895
167.302180408201
167.53340276305082
167.95670236854943
168.43735177643015
168.83481544835874
169.17314541192022
169.53546695230963
169.9107303503159
170.25127258137502
170.47963739075925
170.52310586937824
170.4195933318557
170.30842068382293
170.2866227629716
170.29764616783484
170.2677785178501
170.22348680966795
170.2656800232745
170.42360743261526
170.61153679602972
170.75881869946872
170.81445451437335
170.70446647727036
170.19112300927839
169.0501481926102
167.57520737056353