0.0
529.4652111261319
489.5180897799946
440.89683548015256
392.12380664961904
345.4059713294822
305.3615547551213
276.30770161141993
259.22687609274954
251.93704418059968
250.70259883851017
251.99681428349686
253.78896950366646
255.55023742350542
257.2978906267775
258.9789617988993
260.3617448330102
261.2411048650806
261.65031053068725
261.79382073663083
261.91719990312976
262.1445017651117
262.4459559583199
262.64810420949823
262.5420590175762
262.0711215016363
261.2763124873829
260.2213984524047
259.0097511148422
257.7275833202811
256.44013577999675
255.17960198592957
254.00409558127393
252.93441577684547
252.03125607767413
251.29763656381405
250.6994062369722
250.2486563561609
250.05049319480958
250.09845130447763
250.24834946027727
250.37514761398052
250.4200976297216
250.37386749332458
250.32708823694253
250.39524602710074
250.60540851800684
250.84342211655232
250.89868494224316
250.75164277065838
250.60601393629472
250.609921490965
250.8239102356386
251.2032506589964
251.6290338141807
252.0400372310394
252.37480505222402
252.60254171259868
252.6766417653959
252.57522119550407
252.39131530360606
252.24963850273483
252.2783746179252
252.57285213117626
253.12509518016006
253.81412769855987
254.47685175580995
255.0230680313589
255.4421268415664
255.72916945848456
255.89258801691457
256.0276565312392
256.18544889423714
256.31126287519385
256.3397311064815
256.2257447567953
256.0715828404075
255.98373600332104
256.0262981513469
256.17404826382995
256.36097794894397
256.5461617819306
256.72521439873583
256.8281829836335
256.81729448279145
256.74103168297444
256.6165612763157
256.41375966594137
256.1813785573447
256.04799014290944
256.07188862895754
256.2920084446742
256.6719444002008
257.07363315437067
257.3790115603982
257.540032275552
257.5629377232035
257.43118800104776
257.1820141610191
256.92068401793404
256.7191491531565
256.6276368165056
256.6427789205359
256.78357217808275
257.0409751936305
257.4207086466951
257.84580615148843
258.1794114969208
258.36633020714817
258.42714223958836
258.4480127055771
258.44860436854503
258.4839965265951
258.58654496974117
258.72280499256607
258.8088348542891
258.81119515454316
258.69387275737046
258.450084294509
258.07609691460317
257.65406181170795
257.32618282974795
257.1919058444073
257.26638654679294
257.4121181477939
257.56148446716793
257.686178895087
257.72609406241594
257.6523592061543
257.4183683294704
257.07777321236483
256.7349278048192
256.46292151075806
256.30237250040517
256.2681249275103
256.26118989915807
256.2014690057892
256.1326330726839
256.1151088367338
256.2088584036575
256.40501357008856
256.656740460411
256.87568675426417
257.01460870298587
257.10520264133015
257.1592448250841
257.23721544333074
257.34074550757884
257.41834913536286
257.40994911778824
257.289921384682
257.0555267684799
256.7259896036446
256.4233816700424
256.2121833543814
256.06340329444515
255.90087939290441
255.68908548088191
255.47794167076964
255.29889398303234
255.17561128548368
255.10180194082417
255.03758801213002
254.97988548980726
254.97458490835652
255.00696280559865
255.03586589604907
255.06130467148088
255.16295432776676
255.39867709656778
255.7443656770886
256.1298041736461
256.51569902800276
256.81952627011435
256.9301611796811
256.8883359395318
256.8108416846301
256.8110529660646
256.8913196547735
257.0030020621887
257.1462533620912
257.2894609736071
257.3513605237833
257.28438563257737
257.05419078670093
256.72618557034116
256.28200238782733
255.73246869441914
255.15941011587034
254.50923993503494
253.65758639843253
252.5115876910715
251.04855387791
249.35689083893482
247.3874030321129
245.0520981159817
242.16671467441955
238.4170490115158
233.48174065501112
227.333947126933
220.39265140268708
213.2954293747364
206.43393245426893
199.88445610837522
193.63800067863065
187.796723320948
182.621965744048
178.1899736672595
174.41585434721515
171.122389094219
168.27904850493792
165.9975841139858
164.33034642854864
163.3380796427133
162.90857584552944
162.79073078884815
162.79549357629554
162.80087114892976
162.80635529996403
162.98713755565694
163.41273001971652
163.9308257637673
164.34977938721244
164.60752431754577
164.79582987600534
165.00674888810627
165.2519416087619
165.44891317303427
165.50475453240836
165.44068433661155
165.3913472031665
165.47480590948234
165.6277547274546
165.68328967805144
165.55264165184454
165.31576422326805
165.10310479319827
164.96960530293373
164.9521067603053
165.0670375219368
165.23514905706193
165.2851008393773
165.19706739536645
165.09151150964198
165.1269367024912
165.36275508539126
165.68521355544152
165.87710292376667
165.7753312326224
165.38230694816565
164.8516878401673
164.3576263464115
164.04371059563647
164.00318466725736
164.1952612789067
164.4852782702854
164.7673449634364
164.9995401108961
165.25109779098972
165.70781468135144
166.39879680607802
167.1784798095257
167.8741774461435
168.39473518652522
168.74457468425857
169.00754261875585
169.2430857763243
169.47954139207746
169.77073187765922
170.15967218701982
170.63816502502357
171.11675179309273
171.4756522781184
171.7657863543561
172.086562800131
172.45022075097486
172.8499878777425
173.2553780053477
173.5674120604127
173.73325726668293
173.78951446435929
173.7478557481695
173.6229000551719
173.45373410598418
173.27488328038828
173.1726007514224
173.1979191680997
173.2916949123354
173.34675964640502
173.24956321739293
172.95668094813595
172.5344855230119
172.08393723275526
171.69752473045835
171.42958860580939
171.2130160655458
170.96342870089077
170.6981334404891
170.50584028132323
170.45279151256364
170.50978852092035
170.58517194788516
170.66664402667053
170.8012962539302
171.0469352054283
171.44608427922677
171.97558218025648
172.55431724937773
173.0653403863579
173.41977311787537
173.6158866830549
173.74372011724904
173.85828544496297
173.91103087055183
173.87722417077464
173.8050999021537
173.72773986357737
173.62194667692285
173.42069489829038
173.06025565479592
172.59591831116427
172.20736237903145
172.0126883237724
171.9735675525036
171.97404719014267
171.9222815527491
171.82012964687374
171.72237537217038
171.64209781631743
171.55691216423895
171.46155574669436
171.32841219523434
171.11421656578884
170.8696332454045
170.6980120263598
170.6447227555243
170.7409710148409
170.98432843069324
171.3013253207522
171.57724316115275
171.71525228598665
171.68984306578824
171.58187563731104
171.53178870573907
171.61805613202293
171.83624859254962
172.09722972734295
172.25792561059458
172.24074482006353
172.07812975030714
171.84235748267267
171.62180611549798
171.45230331994549
171.2864980328831
171.10225715323458
170.92995335359453
170.80121156153442
170.76269409698315
170.8351970194429
171.03446682451815
171.3673297207378
171.81439315422796
172.3393901439889
172.840307646593
173.15590897808696
173.1997697833458
173.06216646406332
172.89245881839616
172.78789683302753
172.79036398456918
172.8821891499698
172.9507812315553
172.84693287665004
172.49615014991033
171.9667787928097
171.39885254162235
170.90293963331544
170.52969166156475
170.32632130668543
170.34545754064163
170.5177343082038
170.74850250310078
170.98813961337197
171.22283981560912
171.43936495504914
171.57255001534492
171.5676924391219
171.47290966298388
171.3604857087857
171.22653113932628
171.06521297270194
170.94749579298244
170.9365236844457
170.9473468513986
170.79747755097756
170.36264523105535
169.94271899504474
170.7668849965838
175.1524300555633
185.53526727527657
200.9817806543955