312.64751653491663
301.1842216485459
279.32302159389
250.5196758685606
224.3655928372067
207.77750722551002
199.82960486499866
197.4284986421851
197.7109117341136
198.77991087388568
199.7411329813251
200.28068621964542
200.4389729229519
200.44552472138804
200.37924846200278
200.1298876036355
199.7641946785499
199.55527236224827
199.63967175745233
199.96280623652078
200.46758274447166
201.12278997946328
201.7925981990645
202.25080273257404
202.36254409926258
202.05924679431365
201.39305111043913
200.57472591314342
199.89194495818
199.63161988731517
199.9711177297997
200.82880293592294
201.90542722047448
202.92245928137936
203.74877104451826
204.43752372142131
205.08993914016548
205.8126000362758
206.63365003845254
207.49453879885132
208.34264718703662
209.10899026225607
209.77920611973335
210.40004010052365
211.10117563728923
212.01168044826878
213.06171064315822
214.10289541452522
214.96303553749954
215.62953584099552
216.19874359319095
216.64939032693988
216.8407893970131
216.73203710314206
216.34696835529417
215.758170920574
215.05725085842698
214.33420106289606
213.741710541062
213.43102873983247
213.46079255331793
213.84670732263606
214.2826859346575
214.41091200929014
214.1451206224584
213.61810997557933
213.06099396318578
212.71067811543014
212.58310541078785
212.5033251093514
212.32585134645944
212.2663872790948
212.58628837549603
213.35231832631314
214.50744009331385
215.791819493981
216.9730163090642
217.96490998611495
218.59026308288122
218.81713687390769
218.81694606803012
218.7982520617122
218.78663350843618
218.7931779378082
218.93198287839812
219.3050481079586
219.69451916671434
219.9014652016119
219.9625420400455
219.98904100267202
219.92859094824522
219.7035509011753
219.16300271502328
218.17672833336047
216.98226347118057
216.00807486678974
215.45937024745967
215.25811803260027
215.1670457386843
215.00348549165025
214.74288186085045
214.5712678981973
214.5779574263787
214.74728618954947
214.97078942903042
215.24074753569911
215.51839144856893
215.68519429753823
215.63769549829038
215.48522319808086
215.2440477554512
214.90110751588324
214.56014745612742
214.3035389651775
214.1586968723099
214.23347199687376
214.53002173771804
214.8554562435033
215.0231619489476
214.9015389863662
214.56121119026645
214.18661734693796
214.00708346019994
214.01666700077544
214.08055628315287
214.10111209324165
213.96357732609846
213.73856476903427
213.62757647139705
213.84737406012232
214.45540417282447
215.25343739175696
215.96385362213942
216.40647079550826
216.58162615784045
216.68540498527472
216.85124204845604
217.05149596661067
217.2576377587659
217.48202839271713
217.73829039289686
217.95289621138824
217.97156769542087
217.73785942398635
217.3281461418049
216.86190683488581
216.36470720875423
215.86394990056996
215.40731353080596
215.04494863301738
214.84920153096624
214.7320731101515
214.61833914987096
214.49622107280783
214.29250759990666
213.97433649182244
213.6311110141332
213.35962802048317
213.18053267695478
213.17650412414667
213.3207565466489
213.54545154194608
213.7875806540024
214.01296392615654
214.22165200610115
214.40696709873268
214.51410052156615
214.60106757106473
214.70131930713066
214.81012904598356
215.00707226387044
215.30193403471483
215.71149714125485
216.1978920304811
216.62881145763157
216.93901678209045
217.20040219014297
217.51684670409725
217.96431161742933
218.57049116678627
219.2620726697315
219.8677619305304
220.2109000953273
220.17208075988597
219.854164714379
219.37802224003372
218.71065970969173
217.7292253188847
216.49003399139062
215.04227457571574
213.4662589838388
211.51713128654484
208.8680033989642
205.4731534409361
201.2931711850477
196.48947144192763
191.41403534894414
186.54393739846034
182.37682829032744
179.02815517243943
176.22501419541953
173.63134860650044
171.07645876526692
168.59136824759568
166.33257593144612
164.3850481824084
162.7938737255985
161.5837885755186
160.67509492525943
160.15132982346114
160.01025047251707
160.12701165529566
160.43070061086678
160.9085110127901
161.65457248276635
162.64981125179875
163.71633209213178
164.67066216652444
165.39393874990964
165.9136012325202
166.4250432226678
166.99978262980167
167.514054196993
167.9230837587587
168.29815003896258
168.60785907126512
168.72085130711278
168.6658935653836
168.57900918213775
168.5152648499792
168.5009054482387
168.5786723427426
168.7471109199654
168.88690993468896
168.89871215973852
168.76129310773428
168.58864785512787
168.70001265015975
169.2159393715877
170.05728024420318
171.0206697030364
171.80910946787748
172.2323473753318
172.30687917284632
172.1446639407713
171.97972745721495
171.99736420991388
172.14702295753779
172.34414396734635
172.55385425364727
172.58936860089477
172.2993261462305
171.79108225887188
171.36520593783558
171.19922147831613
171.14476902576854
170.96471409816365
170.5787025104461
169.9981681146113
169.43967876767255
169.14527070607465
169.19573614427196
169.44234305189127
169.57668445685124
169.38503458507853
168.88541736183484
168.2678355902556
167.69204047914613
167.18166431497198
166.72969472723105
166.5315342529039
166.81201577752927
167.301420811943
167.64624088474457
167.63813387783557
167.31324937441227
166.97411069816778
166.80606484616777
166.8987914822165
167.15206093246294
167.330625881002
167.35778717520304
167.32183297720758
167.25967986279133
167.28923146784018
167.58560016088944
168.16730324923776
168.73072823263178
168.91174457350849
168.7051623366009
168.2479742577949
167.73369295902154
167.365541889147
167.23626409743383
167.36427807041386
167.7172133615293
168.11295008788605
168.3892848245722
168.51386408133848
168.52613631145857
168.48725023181387
168.43617067158996
168.33575452603867
168.16627081152265
167.9692192451824
167.83566343084843
167.82984148575923
167.9244703993634
168.02136243437593
168.002049343627
167.83758448821678
167.617002846304
167.44525407219894
167.28460964726082
167.01695585595712
166.70920379050187
166.55356397148176
166.600965070011
166.7779543066315
167.01243273239407
167.2201872855932
167.39696804426464
167.58821963428497
167.7746578107284
167.97097621330886
168.22801263366904
168.46882834973272
168.64068815614615
168.61412664189373
168.44461937020438
168.31782959826654
168.2348807093724
168.15196542224368
168.07784524224132
167.98884675280038
167.9443079731905
168.03403915339834
168.25232967885213
168.50935373524865
168.71974623396218
168.85825825913972
168.9462017581116
168.9438725307818
168.8107261376694
168.70677703022307
168.85279872161772
169.14652108241066
169.4427643001994
169.74721892455688
170.0196164269445
170.12332678679257
170.0525915750821
169.99535915749715
170.13800345072025
170.38308457431359
170.58154546091203
170.6537804845676
170.49577114673107
170.18696350346318
169.90567732726782
169.61416667015493
169.436815431323
169.37458778199138
169.24023871737882
169.11998082416642
169.05362864609117
168.87902181901788
168.64954961468862
168.4067893147742
168.16518087399336
168.06885373648362
168.11274173458068
168.17104020977294
168.09769356573753
168.08870372928146
168.2398219767487
168.36182587907746
168.5093084278268
168.76572743252854
168.94253459974266
169.00343781781856
169.02411396920226
168.9717611815969
168.7375460915924
168.2760669973894
167.85786297284818
167.6177687238945
167.61774829149905
167.8962818715001
168.32099618024571
168.8582044785453
169.74431739028117
170.94364191791
172.20095962335952
173.29939387811697
174.07907691370343
174.53744225519046
175.0328342732093
176.05913664408547
177.93680799649036
180.38343844083303