404.1544394176201
398.1333066801141
382.8221048910886
361.03439748792243
334.85126927386625
308.77808240649597
286.93310717338545
270.85899210593493
261.1920082548019
257.0958828912095
256.4651675630238
257.3421662268139
258.6000834395415
259.8104141826921
260.78642960104895
261.48784354082306
261.8350119373315
261.78913869809935
261.52162192685955
261.163470655371
260.7686643686433
260.3083673226628
259.72076312866943
259.0392235598976
258.44298677383694
258.0066915465493
257.62096610307344
257.0916201236564
256.40653175036886
255.6454485896104
254.88844757905372
254.19371160006335
253.64088287926174
253.37639589351238
253.43726261109998
253.73713645772096
254.11071399129162
254.400124681691
254.58461690420899
254.7537933194052
255.01110208611132
255.40378880170022
255.86797757568317
256.24970978550493
256.4491706156616
256.5065468472889
256.5343090735371
256.67032083054454
256.9731261312884
257.4202169899851
257.8940375758451
258.2338808107254
258.2818929293374
257.9614956292201
257.2864518058695
256.38839126474284
255.47835839859965
254.68319289474675
254.0569094160949
253.62011868442693
253.3148735467111
253.0886971057929
252.89176055114228
252.67925427701923
252.5054916399084
252.46126462666686
252.56617937774104
252.7244277704562
252.85102624202312
252.96020509016836
253.18049687983446
253.56779632577474
254.0237516139705
254.3451172770794
254.4191821130903
254.2784650719697
254.03663121053674
253.89393322666922
254.06339434249668
254.66026192377808
255.50522553532562
256.2578760409167
256.70447349807
256.8081440996312
256.6276588860641
256.28498253498896
255.94357319174662
255.7546908865157
255.73621084411766
255.7880250253598
255.83506232571298
255.90517348422713
256.0785739428775
256.32142060661147
256.5064808718854
256.4728460126077
256.095272243777
255.37007525054815
254.459610212089
253.60091273902614
252.97493928121256
252.65172710402834
252.56808896494218
252.65662985225075
252.84213582212215
253.00255045835624
253.02862291052747
252.9402511701912
252.91519658630463
253.10178864882573
253.46559480309028
253.87870639519574
254.2106044984999
254.42647470320216
254.5415639239941
254.5866773565022
254.66826684748156
254.91350456920716
255.31520887895314
255.7436475566795
256.07391557969345
256.2546409852605
256.30710116127113
256.28865453429364
256.28529530369326
256.34754224850997
256.4802289037788
256.65704788496527
256.8610120022213
257.1066407049064
257.3977113679741
257.6322582918297
257.69644989180057
257.5529722958081
257.244588672096
256.82413961679674
256.37093211760816
255.94811139409995
255.63714060134066
255.47863388996026
255.4403111182099
255.413886471004
255.26743094526893
254.9574863906753
254.56669128426827
254.21666370314398
254.04173435089885
254.05970406815692
254.10099236771623
254.03893338194015
253.79187327451334
253.42866570343
253.15399516762534
253.14203783979792
253.32113295315295
253.52416187977997
253.68507753041916
253.85786779332744
254.0684066521261
254.32458861169363
254.63043987178554
254.98621987574487
255.36798665147225
255.66812092522412
255.76657694802913
255.61577341112616
255.23608003235182
254.8026125278045
254.46984547550943
254.28131673735987
254.24824589223863
254.35531867965852
254.56668651270945
254.7987404969986
254.93440211455467
254.92650451335334
254.78954096957094
254.56531752466424
254.2566328853183
253.78158695499843
253.09913827129083
252.1963226988834
251.1263205236379
249.91399641360897
248.50580046064889
246.86292119391902
245.0317739685421
243.0495637908553
240.8608747200941
238.36615879154655
235.48268825674756
232.00253132712467
227.8221792513513
222.9947346119434
217.6319142352802
211.7497087947669
205.30669143501902
198.4117901697458
191.45723257699132
185.1286879237772
180.03950498235025
176.17682258744722
173.0231939515511
170.1562045790415
167.58626689083042
165.46693326801287
163.7789465475143
162.40585447941828
161.2638488186977
160.27790968959258
159.4185347370009
158.69204631778197
158.08163846862138
157.63025302703068
157.42073956686968
157.51489779959613
157.94856334324828
158.68865366265928
159.54006087795818
160.33287999463496
161.02249372848885
161.65855792324788
162.31380058199974
162.99133436418444
163.60740857458381
164.0535095645325
164.2569707957823
164.27980157065736
164.3397653400222
164.64154944724572
165.15392045508747
165.65832276967072
166.00416018540386
166.23627733287609
166.48150285820918
166.80070060292087
167.18945555194537
167.56990776569864
167.81487954899427
167.81347962435717
167.6055641160164
167.41217561311862
167.43886134473368
167.70990669180762
168.04265319823818
168.24995395584472
168.37487803624975
168.58273040858887
168.99422597720528
169.5638051094213
170.1156973511246
170.51579534258045
170.7644707085081
170.9388319561716
171.18427937838692
171.55412557108616
171.98037359647236
172.35009190237656
172.5819908786026
172.6714345343975
172.68038673332515
172.702777622513
172.72766363322097
172.6611091826063
172.4662637633121
172.25121905357213
172.12455734349436
172.11888937064379
172.28312301772405
172.5775357966486
172.8912313065263
173.17023261013688
173.37121765842252
173.43755053862986
173.43513274996548
173.4516517512339
173.53037438804702
173.58012623409397
173.4884145316409
173.339476422485
173.22351143054203
173.14723443247053
173.1731752433027
173.3092578738364
173.5219888655251
173.73657097639975
173.89474466830995
174.03037253204747
174.1837077165158
174.37225596270363
174.61082240583093
174.85726307200133
175.09827377897471
175.29976735121747
175.4542327833079
175.58469914600425
175.66640854679736
175.74533306844
175.7925844508235
175.73047440364562
175.5798191276255
175.4004152378655
175.2996998217354
175.31908934083876
175.348756128154
175.31223122376332
175.24516485082478
175.24769642432835
175.29233320845566
175.38711894241223
175.54869197258327
175.7020485126964
175.78717297646241
175.73312545114538
175.43898664575568
175.05148012300543
174.75715262353515
174.55301989950368
174.35270960945354
174.17109940234903
174.06844852022454
174.04252110803907
174.0623578969395
174.02744510370206
173.86540302033697
173.71476782244605
173.67521070749308
173.70709454275496
173.78188524022156
173.90116500760067
174.10667574834167
174.46967342470353
174.99686678188218
175.59388143157798
176.13415755458922
176.51413663752822
176.6672891282061
176.61874142663888
176.48302956375613
176.32026632207132
176.1226874780087
175.87955832716958
175.61328829773953
175.3581220795339
175.12484564526102
174.90036206953218
174.63350686974525
174.2770447917344
173.84835809004772
173.38269520348933
172.91782111090606
172.470849739734
172.01346396037954
171.56966321205692
171.2268683995366
171.00902751002667
170.90279384377405
170.88805896310208
170.9013002586633
170.8682046597482
170.76406058150275
170.5990251407958
170.48407082365839
170.48450509925001
170.57488260029592
170.70440424707155
170.81824370105448
170.88438473275582
170.913233310564
170.92726192113227
170.89511434496242
170.89333451167278
171.0929323619122
171.55874008577635
172.27904974974663
173.22150605923832
174.4169630516712
175.91708090673916
177.73062742164169
179.83308298798082
182.1269002642096
184.38808611960232
186.29648109887142
187.54658532310123
188.01988529075388
187.76458769431542
186.8264310133858
185.30459347590448
183.3992015487867
181.31376689268342
179.06140329739762
176.5471588827517
173.88233455404017
171.20754321319563
168.92436752536238
167.88618462455514
169.4236568905105
175.07401604395773
183.41487142939997
0.0
0.0