0.0
0.0
411.2582796974474
420.7713309570167
423.47009301052134
412.52258489937225
388.1160486318372
359.95278526061156
338.93134228982365
326.4579993140776
321.6304987231243
321.3886873581621
322.7324633509182
324.20147197569776
325.3848324981306
326.3570515020932
327.406990762191
328.74393961329815
330.22197896032355
331.66088425115515
333.1104400836054
334.60416918224223
336.20694059282744
338.052168648126
340.0084934445428
341.5202472319269
342.12647013370565
342.086160263344
341.7212565184665
341.2164122912583
340.64000324074885
340.0453678090857
339.47975588529096
338.7082420615916
337.5048454714437
335.93857235768115
334.395118773012
332.95734833473864
331.7162518508094
330.76611670610134
330.1293426199928
329.6854668227337
329.2196602601789
328.6734096231927
328.2640286158006
328.17106184236104
328.3484572747943
328.66522673807486
329.1619455076564
329.944896870947
330.9767309925553
331.9845462069942
332.79086843681046
333.44788741610773
333.8745215691411
333.92905888868484
333.7770227683152
333.7662594451689
334.38739284394103
335.7514652826203
337.47127174696476
339.5305900025269
342.08027397010153
344.6818727010148
346.4554246413568
347.3366637109081
347.6492851593487
347.8433976176814
348.035837181335
348.07711809770643
348.1882684938572
348.5192170788928
348.9676278569895
349.47076883711463
350.0535643156638
350.56579720883497
350.7020309264921
350.3846392218137
349.71814633244503
348.9441097012338
348.292048157936
347.8301546085671
347.5033866546354
347.30976907709555
347.19323294086746
347.09992899673796
346.98418804444793
346.73547731874464
346.3971697846059
345.99740898531496
345.40682456729456
344.6417130998144
343.88800888295765
343.41869510170267
343.4304150057882
343.8646384990008
344.42479786461627
344.98481799446915
345.38364085908825
345.36624162341
344.9363123770644
344.2159654757063
343.23545368192026
342.1291198392398
341.0620366451617
340.0170315305339
338.8588617896104
337.7400310518308
337.04349467908946
336.73655172014196
336.5513572242177
336.2397873313437
335.7136478702631
335.0728704904984
334.52759666265104
334.2776947241379
334.38125491729966
334.7193409840549
335.2072868645119
335.8414516192357
336.64462529462156
337.6121753175123
338.61601477187673
339.39236026166753
339.70340617104756
339.4483267076947
338.74327540382114
337.9134417701055
337.2677272035213
336.94122669669747
337.0028085288849
337.4555974566766
338.1728332686308
338.9475235705877
339.6680989390295
340.33363627973
340.92163221109047
341.30946337596066
341.37589656446164
341.13461176464165
340.69413451752354
340.11527087765313
339.4128394127713
338.76253129162285
338.4087510884834
338.4716474231738
338.84814866676857
339.2597223040327
339.4732976455508
339.4699088024014
339.25945763608263
338.9303676240663
338.62659879485966
338.4572144984837
338.49488920093563
338.6680318129284
338.879117883802
339.0804027578855
339.24044476513336
339.30630966077143
339.19989259526005
338.94930356304206
338.65677698222856
338.359289023015
338.0348915013713
337.68157360474476
337.3760409270728
337.24430771612316
337.31017421236777
337.4944624097758
337.63673078987
337.67567637027173
337.62541554015297
337.5887592548996
337.6249442246148
337.6556413037432
337.58592478480415
337.39937378552315
337.17927859448514
336.95539577427576
336.7016320785998
336.4962561387629
336.4161852997935
336.3659627773267
336.1732831782095
335.6856261722549
334.8009864300016
333.4308145581713
331.4758050761981
328.7718087190198
325.1795537252159
320.528498881625
314.79276279156534
307.95753943157683
299.5757312650743
289.13757163213904
276.86746614535946
263.712598912776
250.25327049360013
236.97983785590128
224.5258358836603
212.95179231489837
201.96224384555893
191.75736139232743
183.35477931328526
177.4289604353648
173.54018776283348
170.90406456179682
169.212239401763
168.62954193271042
169.31883318001556
170.93067877082794
172.43830639630957
172.86377705903504
172.2459069008109
171.33775503589567
170.76907590420018
170.7367049106416
170.9664068304782
170.93149018896736
170.28022931005552
169.09678742107172
167.81867570634586
166.9033726083693
166.39888400401048
166.19936021392658
166.3495764801183
166.84323293509007
167.44076100004213
167.9357695247564
168.25047148404036
168.44015910856368
168.54890313874495
168.45450966859104
168.04444543177334
167.47779757027658
167.02454796736933
166.78100154043818
166.71873635287267
166.91631578186445
167.4903170697889
168.32833527735386
169.21567122480005
169.991672554934
170.5512188407685
170.88855503273885
171.11880613890784
171.33638181299403
171.49722755124043
171.55629451726955
171.60768852493268
171.75358520679808
172.00806925628046
172.2898132557651
172.48361485924326
172.61877242750387
172.81162363924037
173.06377423040232
173.32125696848362
173.6434675346407
174.14612064384116
174.8104004409331
175.34219847246223
175.42802203663177
175.08502694276882
174.4958620393757
173.81405077267607
173.13642289735805
172.53223191821525
172.03989200638614
171.63077315973044
171.36892561415922
171.3498178209783
171.56290500365083
171.93438503062515
172.36673944450934
172.7190260982182
172.88155856523218
172.81198989125903
172.49261906291093
171.9813473070888
171.40815059071477
170.86276672367075
170.41251310086082
170.1653945370056
170.11951158117395
170.13717651833673
170.12135645778216
170.14783875943303
170.3999794974006
170.97459851841316
171.77381082738128
172.57439620538898
173.11660444190247
173.283090046145
173.1278383856335
172.79271716026886
172.45501935465882
172.20178214646043
172.03254181053225
171.91605628583795
171.87849514527568
171.92866225759943
172.03261350328967
172.20627633603914
172.47815311430548
172.8092404352314
173.20083196205803
173.66436534218457
174.20303512552707
174.80650434805568
175.39127810331286
175.81960515873394
175.99728237414396
175.8919631221928
175.5902698444606
175.21320477909867
174.8444702092384
174.5654297234923
174.36561366003184
174.22675320918034
174.14779119071454
174.10616707311144
174.01618292850173
173.8133171250036
173.54229061961254
173.35136567136882
173.38559804263545
173.66244100769333
174.00872741369886
174.1094001628839
173.82136963969498
173.23562030756457
172.50512114499784
171.78549665572388
171.22183600587422
170.85022143945002
170.58868068926233
170.4465713451201
170.39741100707468
170.37285148935757
170.38105421589455
170.40448751119982
170.43515463621873
170.46118291909153
170.4990555114949
170.5449098242202
170.58399027357646
170.64656525549213
170.71423722004243
170.72340491866433
170.65291273995393
170.57957916966663
170.55627109087385
170.56639444012
170.64769863001368
170.8533611801846
171.1561093900619
171.47115553794393
171.6622778682053
171.70047563268844
171.6914659609142
171.73487253043055
171.84259049115713
171.93281977321152
171.94390614699688
171.92002399483465
171.91044824199207
171.9039764293139
171.90293241930127
171.8959247627087
171.80061404005764
171.55649407287066
171.17176231375387
170.67301983547236
170.11762360344866
169.6248402779887
169.31733012547747
169.227638910167
169.24668690592375
169.18260887843869
168.83696668106
168.1929325840396
167.45636227380044
166.80079345730087
166.32411989231116
166.07113203055866
165.9781066304586
165.92131085539341
165.80936313260824
165.6058407628589
165.34444273117674
165.10448826311767
164.92829543627857
164.87000304547811
165.0755845322491
165.65364694738133
166.55157293888442
167.4772162685902
168.10362080437807
168.38921355020773