0.0
373.4416929832335
397.936033499403
432.9758437699263
466.02814375411594
477.35805087029485
457.6291820353353
409.74094768140657
354.6840993041476
311.2105293566012
282.04610257334184
264.21446415149126
254.19858130058608
249.37312297469856
247.67240759611278
247.18533288370799
246.7992976134022
246.2226835554809
245.60906892189146
245.22206820020736
245.14595079524457
245.26345274633331
245.4031390215961
245.47648222400878
245.495965609112
245.51964996720767
245.64429189911257
245.89010412598412
246.17453636403835
246.4035391902509
246.489654175966
246.40624014632442
246.25831812022648
246.22039115224072
246.44310928180815
246.92842262587425
247.57409502384976
248.21120952728756
248.7689280383785
249.2698575921242
249.8504447854894
250.61887945513175
251.58399493525175
252.52041169539388
253.2337110067062
253.86170497790303
254.56363524677263
255.3340161636085
256.0999376243607
256.82759368142473
257.4672966947949
257.8284803416358
257.7727669935166
257.3597801897565
256.7312760072661
256.0151820582556
255.36995991791716
254.88166840581596
254.57230587490454
254.4117876136704
254.31539992108466
254.29163483933607
254.4039519404071
254.6893167810048
255.01792475626502
255.240829505996
255.22013571244815
254.9266119757355
254.51656810940406
254.14030038264877
253.90628318163527
253.87743367684345
254.12275791762534
254.6509247755903
255.3100188589895
255.93712022938035
256.4109846746929
256.7344224776779
256.8848707843315
256.87745390492523
256.7450990818988
256.52614573913837
256.27909646001035
256.1952172796329
256.3661720508843
256.75604329030983
257.23531727662106
257.4947435972755
257.42019948889225
257.05891064038946
256.60240715939767
256.2037042572068
255.8421339809928
255.38186665312173
254.76623921898124
254.1017354173626
253.5476349041903
253.19686207734503
253.11024142532898
253.23365575793383
253.48566779733375
253.85043522759574
254.25560127683102
254.6749638131095
255.0889774154693
255.47566313600714
255.83441761135566
256.0676398391695
256.1773891080003
256.23349901626204
256.27773981080566
256.3426949852725
256.44556728599014
256.5341437452236
256.62958442868404
256.8782915017497
257.3064248612872
257.78537309133657
258.1565427555312
258.2492309083095
257.98558826907157
257.4367901739605
256.78491835295193
256.1677171004576
255.68126302528472
255.33185051841895
255.0626270030168
254.8787538859505
254.82602291444175
254.8471680120732
254.80033764931298
254.6211358933682
254.32355127298962
254.04682915481538
253.95176042304794
254.02135598784884
254.19125252858245
254.38738505870558
254.5460217000509
254.66664882250018
254.73600015515458
254.71622275497032
254.62458239767065
254.53121135410055
254.4220097865924
254.30966403918097
254.2279197674174
254.20241653703619
254.22316098146422
254.23178423485535
254.20901400175373
254.1020017533101
253.85739754788307
253.53649363485425
253.24397706139592
252.98687546208916
252.6864575921834
252.39546644260577
252.1479148063486
252.09970933380725
252.3894107123623
252.94574993687806
253.55083901343937
254.02226331499077
254.3284396292052
254.46196335962742
254.38913828701686
254.13631419960316
253.7704739351715
253.45162147412532
253.1950058917967
252.96268481407128
252.78144509731243
252.68839260226537
252.80806678406213
253.20430220012992
253.80965355564513
254.54360014358804
255.1976640653628
255.7192765173615
256.1566310426282
256.391503485528
256.3102214188338
255.9550448565608
255.34247343446697
254.49562971631462
253.50543087143717
252.45351350548623
251.18954937773904
249.46426945335577
247.29286648779498
244.6132772717226
241.33515606497414
237.34376743536612
232.3719114272359
226.33205100604866
219.54537867437983
212.46754804809154
205.49423968169506
198.6644131581201
191.74532944400667
184.88577321051005
178.69885847087653
173.77657174573844
170.02832344002795
167.2974223886247
165.34134884152797
163.73435081315853
162.19669312951146
160.80199883194155
159.64976944935188
158.75919951325034
158.14015364965053
157.82395166255898
157.80820914440886
157.98736620364303
158.2383615441151
158.53329722343977
158.9295305444667
159.41908145768537
159.9362575154811
160.4145825646807
160.81322006116613
161.12320267711928
161.35804600746545
161.6119007706733
161.95039061341964
162.28943780942205
162.54886817427882
162.73064348469913
162.87019245061788
163.01444629262429
163.20575978617026
163.41764364187225
163.56638649208617
163.6099404995747
163.6110643391054
163.65946800050648
163.7778561428416
163.9558189868216
164.1473191438266
164.26199417147097
164.27223265633083
164.3043850649745
164.4961145906214
164.7568286739703
164.87815752237856
164.8162367881867
164.7029324978952
164.69839009204296
164.92397413352793
165.3357682370367
165.76988551038704
166.13878497490657
166.45131790224187
166.7025015148751
166.93695300295064
167.241371878051
167.63969884281468
168.03702525246905
168.31798939317488
168.48058071766627
168.6063327470577
168.73899805349464
168.902803972944
169.18024377391487
169.5942226227593
170.06529625619916
170.5250719263709
170.82452906499407
170.89248581878695
170.77624058787646
170.54925753416296
170.29016106098362
170.0799910271386
169.94888326319622
169.77912679021807
169.38449261887786
168.79166059386898
168.24537636693321
167.95889981745944
167.98741699192738
168.25782528823933
168.61450555731736
168.9582273510038
169.23916080955252
169.40366805082158
169.53462005503144
169.77348828023412
169.9939065045695
170.01395543873042
169.87124636907308
169.66727294805415
169.43202948317477
169.2307769721483
169.13297961274938
169.16860163942516
169.2751640295296
169.34927682017866
169.33760310302026
169.20637024307035
168.9563527338008
168.741290850565
168.6922758621879
168.78776593234562
168.91785225950028
168.94177403530313
168.7927679924238
168.595007498072
168.54340371652535
168.72602558835908
169.12959965047764
169.6535556583875
170.18195737158072
170.7317694496447
171.2391691232775
171.64858431820926
171.9656532271668
172.11951274536614
172.1138610924301
172.0323894756128
171.82823400175488
171.5479936882378
171.24379121827153
171.0210405379884
171.03551009343607
171.30401807414904
171.6951409202904
171.9901996123104
172.04374001221515
171.96805715985107
171.88501968818068
171.7562720045349
171.48965382839907
171.02712622308223
170.45847258913062
169.94759531022677
169.50582546967723
169.090065089083
168.697187711297
168.38625483414714
168.27689016215714
168.38781825095177
168.65622119114565
168.9540707459994
169.18098013062897
169.33267415976792
169.49740698940752
169.75684175640941
169.97302176209928
170.07619113949542
170.1158244436729
170.19819877546763
170.3097507750917
170.20246557792842
169.83712475988256
169.40417561113046
169.13181590632345
169.08535070938964
169.1240820279144
169.08275295493664
168.89954258956936
168.5761870389696
168.2027875955853
167.9253662419853
167.85260155538143
167.98480619700996
168.21138886769035
168.4162092321217
168.58341722602515
168.6936802472706
168.69371326731402
168.588744161214
168.4765139113394
168.49814127254646
168.74846015775148
169.15610048830823
169.5558838481365
169.8887614530547
170.23643059215652
170.6752394442723
171.2015669555959
171.74645801070824
172.19936252693878
172.58060333331818
173.01530000148776
173.47979713731792
173.86816887494285
174.06277141262905
173.893784816957
173.14871847616723
171.48290439609963
168.41856119113805
164.28775630762698
160.2881165729856
157.00410080445272
155.01111423914438
155.72369203039855
161.36527748757447
173.0761956669068
187.20098944617015