626.8006706364403
587.9778678809972
525.3730760098988
449.4617773522458
384.90107322812935
345.8473529897718
328.2857163599581
323.8827711686629
325.0677396153975
327.47062974956356
329.7174470288296
331.96132335445304
334.3483842869899
336.34987075481513
337.07114772676067
336.3714242134993
335.2060256004513
334.68657881184834
335.2636844807142
336.62746658623354
338.06134254445095
339.05633348911476
339.5161280648155
339.7052650844132
340.0555668146644
340.7920965317587
341.740819044633
342.51986188097084
342.85693745398925
342.81709218014686
342.5581577182897
342.00253183367533
340.9539033089527
339.5368824131325
338.2082706900973
337.3235812982775
336.6144980981448
335.6508396187851
334.060938962908
331.980830832788
329.9494768900565
328.4074014516717
327.41905383641154
326.95429339256043
326.97872542932123
327.25321528353203
327.52643175715605
327.7703135340869
328.0196358373472
328.3553195841419
328.8990212052187
329.76734817066347
331.1061914743564
333.05989495998966
335.3810703646101
337.49383822356316
339.1399101437431
340.28911832156496
340.88107815361616
341.0127812522868
341.013253789882
341.2367175640178
341.9039751914656
343.09544598374646
344.5665706175706
345.65719900746416
345.7837915636117
344.7875877975776
343.1209624557629
341.4724327268955
340.41124440604244
339.9906856332291
339.8735507506585
339.77072539296273
339.6755185185667
339.553864272086
339.4674419636828
339.5832418982281
339.9461441414542
340.61319116635815
341.43102793418666
342.0093079947933
342.0646129880219
341.5103271147312
340.60036012798315
339.6868603383941
339.0321005278506
338.8277989534774
339.0333762916697
339.20767094620845
338.8279975498064
337.8388986439004
336.58132351819165
335.71709041419024
335.88908757422166
337.1587654933761
339.0872893363973
341.02537900661946
342.4888784154211
343.28716761116647
343.57635038308865
343.7661277745501
344.16144556500717
344.77094955039706
345.2611034489557
345.2709213518548
344.6937838185054
343.8905304582453
343.37917931718016
343.49900850134213
344.2443523515613
345.50839891117084
346.7482252642855
347.17782238011273
346.573090998908
345.2721465749904
343.71276317400856
342.34167325761
341.4653198931049
341.3053582498911
341.7675359754547
342.36790551654235
342.6887261400179
342.5616369473553
342.23997071854825
341.7982671795702
341.171024233352
340.5766685143498
340.2654893846916
340.0921814612135
339.7951143953112
339.36121421953044
338.99631477447906
339.0420990047438
339.55129145386593
340.2697674430701
340.9317607548028
341.438409636116
341.71755096808045
341.6292549965995
341.01653491952584
339.9088063783985
338.50634767444296
337.1784889238721
336.4348632187992
336.5542194281283
337.32340067830535
338.42918336082516
339.72054313646026
341.01874866944496
341.9009386283113
342.122612000118
341.853552691014
341.22391154574404
340.2520676275045
339.13547361740325
338.18978326928425
337.81637094842523
338.30396688494363
339.5485244818506
341.16221002490624
342.7304496162942
344.0028797481325
344.91198771439434
345.3440184151593
345.2203581422769
344.5779898879332
343.7668820565316
343.2498515838149
343.03282637776744
342.82423632519544
342.65104683150344
342.5914006295101
342.5578760705006
342.2893858725997
341.6566882725422
340.69656508499764
339.41624126842953
338.030101350401
336.7287469351536
335.55681058127436
334.5615607670214
333.722634337512
332.9764235508245
332.2712451820903
331.427616418994
330.1470701844286
328.2397532256708
325.64094820464186
322.4769734663643
318.9882558982223
315.4107374876736
311.8086010074169
307.9294764039943
303.1228619436955
296.5884865194688
287.74952374949095
276.73509371550335
264.5290060593122
252.24197469529327
240.6646121313857
230.24370696622512
220.92276049307074
212.3545724152555
204.3279855258965
197.042970632871
190.87244375025386
186.14819973190788
182.80461008537898
180.10824991655932
177.22427828721007
173.90726560026508
170.50746039647902
167.6285912165768
165.84631891761225
165.41815772886864
166.11777841753747
167.29522423401104
168.1819510728135
168.344210753625
167.87285732876651
167.13233852384525
166.4420477997384
165.9664778683851
165.6676219288788
165.3138040665704
164.69281452099034
163.76453894660972
162.68774362803669
161.7657729380929
161.3301418674848
161.4963709273842
162.06524429589655
162.75276546314004
163.45889169248733
164.2497549801818
165.10271705893206
165.87289897155335
166.41258172125166
166.68323830522365
166.78967930551732
166.87658129774564
166.93319359693874
166.83631685124266
166.52467874206505
166.11050606074406
165.752507595643
165.40941484479075
164.98754808055227
164.4547225327405
164.04990199926274
164.1106264177565
164.61253559579288
165.30713129695317
166.06634751719469
166.82161838207233
167.42456541034545
167.7434956712194
167.77155165545517
167.56152417907614
167.1852162181322
166.63808300384187
165.9922036277722
165.48907005635544
165.40574643514273
165.92941281552578
166.8382114178929
167.72940863709857
168.4426705864728
169.09437868210804
169.84108968142078
170.8210709646837
172.14758625008412
173.7289902431112
175.14614001402083
175.98343839115304
176.21915296826148
176.07142821456193
175.76138195913984
175.38118631473225
174.98259690717555
174.5196807362575
173.92901698221223
173.26966632287144
172.69970975128618
172.3428459902109
172.25043160193727
172.30567592539794
172.2782520969701
172.05849820429165
171.71433321998433
171.41359197356394
171.27050483090977
171.25327853893688
171.23136479378746
171.15413563814772
170.97883450145008
170.65827641299643
170.27669588693277
169.98350877916832
169.89479638625255
170.12021954889434
170.67874941867905
171.46696522154795
172.32806741593444
173.1683624903821
173.9509331129767
174.58783095450684
175.02399562048546
175.2223056800473
175.17709822073377
175.02141041767777
174.87560299847078
174.84088859580055
174.9861080184071
175.15625909412563
175.16113375765858
174.97303080026
174.65130657882094
174.2595537731636
173.84240448885765
173.44104705413622
173.01078034979713
172.56048029899733
172.16909718129898
171.8604653635568
171.63114916121503
171.4639907019173
171.32724420872907
171.21221412371298
171.09398565221568
170.94034903517385
170.65839864152724
170.25523329578664
169.82509876823698
169.4621360858529
169.25519889901375
169.1883955171314
169.2389564621102
169.43808656842674
169.7727441851198
170.25728753648974
170.91813622082176
171.69167411679078
172.5269012098456
173.41212041769623
174.37041380338607
175.35502324484446
176.257953415489
176.96027687759477
177.38067310558415
177.52329625539818
177.42163340988708
177.1030582116095
176.5921908999412
175.9324470486708
175.2195688403025
174.46803110254828
173.67217857270128
172.90451907612245
172.30898576325689
171.91102887749153
171.53462521066012
171.04764935221718
170.49510517153152
169.94081680634574
169.40821347682845
168.91507312660013
168.53051051734772
168.35047444534774
168.34677234284555
168.3404298149449
168.22149951322206
168.04217480412404
167.87517062398183
167.80290508624597
167.92668161567963
168.31264704964687
168.82198794965976
169.19702380708782
169.37289605612844
169.40630819114074
169.38383250726574
169.41357728876105
169.52224245105765
169.60797894411184
169.68490734090244
169.86709375135035
170.23172748853125
170.75866498638732
171.34641752625402
171.9242392608041
172.4428562804864
172.85214699621486
173.1550022330331
173.35559823119095
173.37536599734673
173.07667101285818
172.20963852177135
170.59903284561295
168.71912298634496