0.0
0.0
0.0
0.0
0.0
0.0
426.4363585937273
414.0403381582021
389.876145076912
362.380595794119
343.60503737617967
335.2202550112032
333.43378032701327
335.14688744884273
337.9359266430015
340.064130960255
340.58262689696375
339.39624466027306
337.19318820499814
334.9237301583862
333.22779897832913
332.36257222354243
331.83167243132795
331.15663678550015
330.3676852718943
329.72455181274034
329.4833486820212
329.37108007569435
329.01855717406175
328.2880335797659
327.3076031888297
326.42188138758195
325.95660332682235
326.0465343683807
326.6395563420963
327.44979611674466
328.1773106507235
328.6221376112715
328.7812891163218
328.77083990883835
328.80152769167614
329.1153935144506
329.690681821109
330.2799741155182
330.66183623934353
330.79203945592667
330.83498141608766
331.04827675126086
331.48102649554255
331.9848475553829
332.38829326345274
332.8742021684361
333.8084512817824
335.30184873721424
337.25230742014975
339.3201056417121
341.1718027133901
342.4498965933532
343.0525906747603
343.1998521326557
343.2448008574437
343.6361824749531
344.62916713886733
346.1287933385228
347.64836297749315
348.71982837988566
349.198999403083
349.20592525808115
348.95612883566673
348.6711829100741
348.56026672509404
348.59783130841
348.5746593248321
348.3127027606397
347.74697054575154
346.9257366502199
345.96783516318493
344.9677976834066
344.07012212711527
343.51094717241034
343.52656915734474
343.94927836395925
344.38726794893074
344.7804861185789
345.20902591945264
345.6376162939916
345.99273216840646
346.0312119341721
345.52513075123693
344.64694970485465
343.94344572244165
343.89243992868023
344.4536082505194
345.1709582308889
345.4772281560944
345.0965744961304
344.13559435587507
342.83419683953565
341.4004826336648
339.97752876587174
338.79564145201726
338.1402986557293
338.01595976295044
338.32121980638095
338.9641786330159
339.79216536049455
340.5859460016047
341.3462913760079
341.91582159949775
341.98252312287815
341.60519675032594
340.93820529345896
340.1071169019003
339.35310672381763
338.88650055443713
338.8821227049183
339.2358419925477
339.7171392130857
340.1568068820038
340.4532205821018
340.86400189868016
341.4932305378292
342.2385836712159
342.9178029704789
343.20427783396923
343.12656700607647
342.839438253441
342.473978670522
342.10270917535325
341.7416514988091
341.3521515476838
340.835753974973
340.1992816397522
339.43180584322255
338.78887829884354
338.527857852649
338.51637272389604
338.53885011050954
338.52646206310453
338.5255946184732
338.83981029222855
339.6550705980008
340.854612047742
342.0714728521815
343.03238094779783
343.7173397594811
344.02118208298464
343.9128318794937
343.63998217697326
343.40068302480677
343.2995746261679
343.30394651956647
343.2706221969303
343.1429231506536
342.9550579931803
342.8347775136268
342.9015942286526
343.04541967391737
343.16596678749374
343.2259146992298
343.0949292132656
342.6327042119139
341.96018491121777
341.21030677766726
340.50929731796896
340.05291120652373
339.9144965964718
340.1464640683653
340.6322397670324
341.1737778778904
341.71430623909055
342.2156363695576
342.5378604416921
342.60093580475956
342.47101175683724
342.2760200187911
342.1318058224823
341.9137949020299
341.7232239303054
341.80638149523577
342.1831883679395
342.70605008206803
343.43475407384324
344.2788981346488
344.8078479013671
344.62447232159957
343.65245077404387
342.0918072543953
340.1152191659714
337.8670580228579
335.43347012685297
332.82173286933016
330.08512567961304
327.25785553275796
324.2824972157644
321.0344775362256
317.24023403133475
312.56346527458857
306.6037469229973
299.0579262441883
289.9543877045046
279.693015992767
269.0457726552737
258.693850835713
248.9926432222971
240.23482145172426
232.43801011001497
225.3334916942042
218.61412385358173
212.31217611495902
206.8445565366356
202.32156286840834
198.02407103330415
193.0668247653059
187.6041214767196
183.41580538597896
180.88678618023897
179.54287451795128
178.89327628591542
178.3380855962242
178.4770049278325
179.00311211103727
179.52506317296928
179.52541414626026
178.48536337524797
176.61766876439623
174.5199310823821
172.68315337312424
171.21637339403918
169.98558800791545
168.9310823701853
168.1265551403502
167.64387338239573
167.53390302107684
167.76172399708003
168.16345759473379
168.5735034773555
168.96141836879679
169.40326378944434
169.97583536007903
170.58919931733152
171.01585714717504
171.1247462933558
170.97483669706997
170.63273163199557
170.14939765477624
169.56405702111377
168.90699785537834
168.23563617804263
167.64640132308608
167.19947928770927
166.82725407000942
166.4667689203228
166.1179563574825
165.7166094297264
165.25602704483055
164.89367190333573
164.7433935478206
164.8092040121847
165.11043834806793
165.67009577627704
166.44118689754995
167.33407258836
168.222317841915
168.97126197754255
169.53293336024527
169.96891092498518
170.3472776800391
170.67862874956938
170.96362850281642
171.15802239612077
171.23647520959832
171.2324981472944
171.19535650978736
171.1677425677395
171.1855622721378
171.2648608198878
171.38861034976594
171.5061306447259
171.52295371403955
171.385874267449
171.10462170997033
170.7157755177065
170.32406110862445
170.0129914349106
169.8136960080484
169.78997411777405
169.95795876374828
170.25222051724478
170.6344870118419
171.02128812941822
171.30943797489473
171.51272244064654
171.73332013625338
172.04441114228237
172.45453211631857
172.86254604327183
173.13630247756078
173.22201988281515
173.13124618873408
172.8746628419992
172.57217548217423
172.44212066308586
172.54841921446186
172.76796889605777
172.92102630565634
172.95820157555914
172.8839981268205
172.7263095902353
172.57780981521108
172.47032208260958
172.34772106284538
172.1997537161736
172.00494965362694
171.75011989666683
171.4877902066093
171.2316834999145
170.93509131396758
170.6069731298005
170.26498408551726
169.95021373544256
169.75908778448712
169.7283919172442
169.77940469914296
169.83614104327972
169.86639074101691
169.84513013026134
169.76606273276164
169.676108733172
169.6567344544369
169.7611979210772
169.96628195395726
170.18035307948375
170.33484088319523
170.4214475062503
170.4725611133029
170.55062067951008
170.7265901136709
171.0249393118957
171.38265914202464
171.68935203720835
171.8701467841002
171.94565262040186
171.98016241362643
171.9909447674197
171.97821457778326
171.97947349387522
171.97147970287963
171.86664887379925
171.64624457425828
171.36959383429033
171.1068335289001
170.9577317035395
171.01512504468764
171.26479764909985
171.57591903199202
171.7816673966429
171.7862417623318
171.6076712411391
171.32432268104185
171.05373378352206
170.88988402418565
170.83572859584092
170.81933557849766
170.77773834387835
170.69856873441822
170.5877528361393
170.4704960880228
170.38234648491107
170.37081970014097
170.42193605686919
170.50941929021238
170.65550115437912
170.8152247008272
170.90264484279672
170.8816569933051
170.80447980213486
170.763271503739
170.82148386727442
170.9921754470412
171.22206739293802
171.36532719467007
171.33847253391383
171.17643678386963
171.00502526733376
170.97642552466615
171.1467640942873
171.44456747567872
171.70119229712157
171.72188869860108
171.51134222696749
171.2673106178524
171.18575711834475
171.3727082568976
171.7792715387395
172.191316839277
172.32864354388366
171.89448372964227
170.61200545729386
168.48190461155386
166.22629911609812