0.0
512.1901016138758
504.9879706492181
507.4997624214235
508.19123015482296
504.41890702410285
490.0147594518184
461.8673127277433
430.91145713269674
401.55349828157455
377.11915686846015
361.5943243373638
355.19021190948706
354.7339012008453
356.407783659591
358.05802016603405
359.27528802795604
360.2735271976475
361.2102769481733
362.1326920548774
363.0231742546155
363.7592165749433
364.12058946155014
363.8596808599952
362.7244306692672
360.64809397060424
357.86454392654633
354.88875074480075
352.2296245699275
350.10649580530134
348.4276487639405
347.05843581340224
345.7502573459301
344.25438934068393
342.53203931470085
340.7076463848674
339.0136609226864
337.6187830794848
336.5703545305009
335.79052117891763
335.23158239420763
334.9555101855376
335.0482493297953
335.42474602099855
335.9250554469786
336.30668791192517
336.3689413214373
336.21580037115956
336.0600492736132
336.0576740111636
336.38933432329935
337.28081334155604
338.86877859194965
340.9006471807108
342.96224433283703
344.76139859736304
346.0610740568989
346.70023821702074
346.710161961523
346.26798008030994
345.5935193900731
344.89118795361156
344.3657691677987
344.17752613394407
344.3077207774927
344.5769280295259
344.76857084222127
344.7731614965447
344.5548672113106
343.93787437038895
342.78005993482014
341.3468320965344
340.1988682951619
339.6302373674853
339.6119182203903
339.9850373868635
340.4700045827304
340.92230503491396
341.3421699668987
341.6381029642692
341.7991516139314
341.8732070380439
342.0348758620753
342.39739341844546
342.81177118456645
342.9806644443859
342.7205271505656
342.1273982527076
341.421615637289
340.59613748715935
339.84458908537454
339.5323772310517
339.8001454243559
340.40202726718263
341.0016557015948
341.2369251015838
341.07131257163326
340.57955869926104
339.93562144004886
339.3980819013115
339.1320406076732
338.98747031557804
338.9533027813057
338.97684128150536
338.8927133882576
338.6125076810674
338.08926614350673
337.4133887880118
336.7136038671012
336.28630948922455
336.4428540738405
337.1218491218503
337.9755231325668
338.84373552728715
339.5254570569246
340.0154393601254
340.6333925251921
341.62862236856023
342.87091159075715
344.0570388189952
344.8967369561985
345.2587053950503
345.2791807455016
345.04480585348875
344.4534817716138
343.65528177882493
342.94968503745133
342.50869360284594
342.2578421290168
342.0010358648254
341.6423619983634
341.14088185983695
340.51311250675974
339.8858727214831
339.350482114843
338.9416866476851
338.55372798826795
338.1240258351403
337.7363143393649
337.3118447524799
336.771145426905
336.07372580971526
335.3056698529738
334.6081643905789
334.28702412520454
334.63481187887555
335.7347825154589
337.4098061937381
339.0969174242417
340.2569073610093
340.5951925287652
340.16359665176094
339.32512047033214
338.47304585055656
338.0793431754259
338.363133917823
339.2533191100313
340.4567842740739
341.6581909511736
342.73266278719484
343.68133804661215
344.48320887852014
345.02718134678184
345.166989477808
344.84736105451003
344.066301558862
342.9682530073471
341.8966968461185
341.1327198375124
340.7803747805621
340.8095867740511
341.0718765562202
341.3534800029428
341.4376736766642
341.29696610173664
341.00203329356964
340.638693594128
340.1759609938444
339.82181619562374
339.88445822593184
340.4626620146047
341.0632937231911
341.4026890359225
341.5346444358198
341.41213856855234
341.06136536400936
340.47408406592024
339.64403577456375
338.8699414297738
338.42444147955985
338.1938595683771
337.9146499621994
337.2211241806176
335.9442516244876
334.2648712798552
332.3644973085647
329.921315032858
326.6415927373292
322.608411473228
317.93507475226926
312.5922977788869
306.4724851265038
299.40543810018767
291.0869168986659
281.5269231439464
271.3425390642907
261.3260928724799
252.0172089077259
243.63435663511478
236.00990846445328
228.91112922857135
222.3631859207219
216.28710770459315
210.7192520256493
205.72042114004378
201.38126064617214
197.84790774039485
195.1673916666345
193.04439321907415
190.8166915573528
187.9314861274252
184.48506378555044
181.14708049521408
178.45562712659023
176.4203216502559
174.68559406213132
173.12182770161309
171.90455937965865
171.0942945613941
170.5254090615727
169.97334145103724
169.26569194299887
168.43646259913027
167.54517928730314
166.51205197790597
165.3013239333535
164.0553687794893
162.9912266362581
162.29933526469534
162.00967168800705
161.93018131892293
161.78698638086308
161.4326506371267
160.89644616755731
160.41626608648662
160.25832670180824
160.4828617721096
160.91672614460757
161.3537546695144
161.77877607470143
162.23835399375446
162.74675600204057
163.39092932705066
164.2997644562287
165.49062100471122
166.8964625401016
168.33728286795312
169.5801546372026
170.42520821905566
170.66766694504574
170.36364723684113
169.85001639780074
169.54227351754093
169.77174798798842
170.63985203114072
171.9292619226281
173.2175851812568
174.20178134744538
174.76620939603234
174.95753799909426
174.9500850475098
174.80893058640575
174.53187211412998
174.266997529564
174.055667720594
173.9833444435273
174.02393159072201
174.05831852812156
174.03656908510365
173.91660951325454
173.69613169736326
173.40328139806124
173.07227776197516
172.80024080736916
172.57906074267518
172.29901002234863
171.95357516266563
171.64028196750397
171.47797493773385
171.49420712813986
171.53917359742962
171.44369008093418
171.1330294295868
170.60885309511553
169.9863431653879
169.45894978243467
169.11684840586426
168.83116467977177
168.50417004335316
168.10457655355157
167.67774233397836
167.43415133012073
167.42219449501627
167.55533579434905
167.76372671276852
167.85797093345434
167.709245917209
167.51742816051018
167.4319993535114
167.4620745364831
167.52764732017084
167.5807895283597
167.65733119308953
167.810881084753
168.09123146635136
168.5869591252238
169.1563766373218
169.5175942771626
169.5513704938429
169.39190977628627
169.27909051697054
169.24792188359004
169.32976547169125
169.51124511186788
169.605436225248
169.4889984031104
169.24655866743547
168.9547534659442
168.7028755147965
168.46660964180697
168.24220358814642
168.09630506354273
168.0543877333991
168.11604934837462
168.17635532972412
168.26441383831946
168.36333838286166
168.4435961948136
168.51641700200582
168.47862632656947
168.3754559134822
168.23640070008187
168.04183057565777
167.91012896204768
167.94211533735876
168.03544810345556
168.1564868513439
168.42988955358905
168.97525074814078
169.7279428009583
170.30705829317426
170.5262737991537
170.7712460404418
171.0123487814938
171.0679313058148
171.00086781023455
170.96343514195024
171.06109689503432
171.35817333029178
171.8312928901378
172.31116075449557
172.59953307709958
172.62670853316664
172.37682843946092
171.9029636477734
171.35891508449905
170.84144239503797
170.38479715890338
169.96705036710574
169.5946922892408
169.29450420341564
169.01617320064548
168.6453826142547
168.17063035514886
167.7933323250354
167.59168636525786
167.55850661548047
167.6868026160675
167.8067929390531
167.75571133229892
167.6044238057537
167.4402112484142
167.31435650319136
167.3652848931379
167.61862784939206
167.84758653900283
167.9539664251533
168.00231766688754
168.0879193999815
168.29298201705268
168.63668395205968
169.10475409448654
169.75942035451845
170.65499643170517
171.834290005885
173.19134479350774
174.593838868969
176.02800117601439
177.50190780458826
179.26393816835383
181.49558653556278