0.0
0.0
0.0
0.0
0.0
0.0
400.3716401412446
388.1143754551997
373.29266020529997
359.8386404551799
348.4813332373333
340.38589646981103
336.6660605429797
335.83042449807476
335.97929549577793
335.7527349044931
334.61045348903565
332.9004522587629
331.2729490503817
330.0817788636315
329.3200236775422
328.8904248548095
328.61643086436277
328.37554892881667
328.0733496096291
327.48872194719274
326.5290993212036
325.40250397802384
324.45189770352283
323.8236637958777
323.5589666391198
323.6130982378502
323.9230893360177
324.40420223557476
324.9972955099392
325.7353784577952
326.7025140491726
328.00892025671095
329.7942315818046
332.02635977219325
334.30454018833615
336.11888235840576
337.3200215931568
338.11185045300704
338.899407899768
339.8671875690711
341.13805588018977
342.81401228761723
344.7752361200027
346.7158758382045
348.4551400567699
349.92824970693636
350.98720424315934
351.5333976440729
351.6308221116411
351.39870828542536
351.06344858797684
350.85095222732025
350.7966889618374
350.763447901527
350.2339841435941
348.8000298257687
346.3399158154682
343.157530835153
340.12213502820975
338.1219167359488
337.22887745112007
336.6904583627794
335.94068783299434
334.9879335050796
334.00415956841977
333.1782396556752
332.519457922566
331.9743653945494
331.6035202191059
331.5638318225802
332.0728263085747
333.39502304628087
335.4595805639718
337.87194259576177
340.29830667609866
342.5511493314857
344.44922676136696
345.8943100065996
346.87457795949024
347.52949993531684
347.9117390010197
348.00003504331653
348.01470008084516
348.23652482171514
348.6646058177677
349.0044846950702
349.039394098957
348.7619475224875
348.32125840450766
347.7595895151607
346.9056763292309
345.69730348830547
344.3801300466765
343.3161338299883
342.6538463341402
342.30688560999306
342.2081964980199
342.4093915526199
342.86076428768473
343.458484317935
344.035991593202
344.438582956897
344.68935906815307
344.8769840006684
344.99645264454693
345.0216062367295
344.9743362344399
344.87236837079314
344.651787823673
344.2192129542591
343.5745601252339
342.8049054187675
342.1227217536621
341.6785715443538
341.48160600750674
341.4578378679832
341.4960899181759
341.47545340561214
341.4219955598795
341.4569624672524
341.50708404282767
341.2669959833752
340.4263392068979
338.95825722959825
337.19495148538886
335.63620963166505
334.8001306812598
334.81138389411484
335.4092633004652
336.1931297174578
336.88929194742735
337.4144733737879
337.71716025200715
337.69921941755547
337.43742152194125
337.2636009230444
337.50348142647516
338.1985848964069
339.1428493141683
340.0687968814202
340.8435858653836
341.5164228123624
342.2004339735989
342.84815393858764
343.21512483605017
343.05481410654687
342.43449295986227
341.813143942369
341.57753480891614
341.75449443313113
342.1127124784638
342.3489789545433
342.38892895219726
342.33080367762454
342.17607345307533
341.9269298111933
341.66712666393204
341.45839505463454
341.2285431860735
340.94185852356856
340.6598694116725
340.4002117203958
340.133055516358
339.866298597041
339.77015266432085
340.0213518657
340.4979658981928
340.9965934177955
341.46585947637027
341.7882571704198
341.75873122560677
341.2297955859967
340.31648494918386
339.2583246706605
338.22922781966525
337.61364825123155
337.64125256638977
338.07507870484847
338.24015508093294
337.5025810997
335.6534418902047
333.2501333976784
331.0730115891437
329.3004888651193
327.71462821508203
326.0194656244642
323.9126222238689
321.1250036150197
317.7200111825325
313.94725656869804
309.87588709968543
305.42745645646977
300.29781520054166
294.1695003607381
286.96222027024714
278.8945125954968
270.41348719510063
261.82971816140423
253.18923541233227
244.55798615413795
236.0272967021674
227.66939413592257
219.63680746266672
212.16884814984007
205.49195982448617
199.58927875671193
194.12041643717492
188.81613060209946
183.8539529916799
179.64407884756696
176.32708235935758
173.60980189611064
171.17985240666107
168.8937600558779
166.79430877052434
165.08591743081206
163.80733485813275
162.77793190002765
161.88895006815272
161.23581890086348
160.87865979854143
160.72860883629707
160.67527754127022
160.62180205696012
160.4398630736304
160.08661789732855
159.69997538268245
159.4769140950565
159.48246465076264
159.65770130514557
159.94441967739982
160.2863237798594
160.6209858386136
160.887886107155
161.03269029684685
161.04126669317284
160.9421966428124
160.8122033315711
160.77748029981782
160.9903982901361
161.58257248454206
162.60058657531403
163.89061140386423
165.10494756811738
165.91909709939836
166.2854882118348
166.42745382322423
166.64563165923704
167.0739135135833
167.5764593534708
167.93068258534174
168.0931070969676
168.27721845362478
168.718004573778
169.53911941011108
170.73517559099392
172.05691699952516
173.119118126833
173.76874239064753
174.13653046542998
174.3856376201106
174.5307495016875
174.48783766296316
174.23773507074927
173.83802688396878
173.3758583257644
172.89661741666677
172.35893265432696
171.71871805269524
171.00067925369754
170.31525092529108
169.7523486955812
169.23825690468607
168.78581813968458
168.56056881846635
168.65566241663927
168.9614540884753
169.24530227511542
169.29679587895237
169.05123870681547
168.58438546637987
168.0168015632245
167.50096760648228
167.1808490519346
167.05141519431817
166.99138740884027
166.94815407185268
166.95848457663487
167.02784916763468
167.11402136442618
167.19929179717792
167.27952096995443
167.37356966854384
167.5165477522387
167.7124944061826
167.8649176566268
167.85451842553584
167.7376087731212
167.66290870085794
167.76620926985484
168.07691995022122
168.46961251885182
168.80218339729947
169.04335478671618
169.27192315315065
169.60864435305334
170.04866631352712
170.49252489145348
170.87203420705777
171.12403614347306
171.22907214598223
171.2140305175103
171.142431873976
171.09507391221035
171.1469726092149
171.32390802244757
171.57782199772578
171.87939778721238
172.23606161989878
172.6005760421107
172.83765776458563
172.8521215184711
172.68828677610406
172.46372970187446
172.3228622406313
172.3484398314753
172.52843280239608
172.77531996019735
172.95314498186954
172.93842081593237
172.6802932450988
172.23570430326527
171.7456701050719
171.41170631010976
171.3099381284369
171.3534549879007
171.41832038111363
171.40939246679005
171.3333937799691
171.27362208261866
171.29859665073388
171.40245844435003
171.53519029045083
171.64505017432208
171.69208153071233
171.65523549069005
171.65060465032477
171.79280124703985
172.05223950463161
172.27450263333893
172.30920512458403
172.17586937031018
172.0515741824151
172.1029328817738
172.33003944126932
172.54580298363967
172.59646900961332
172.53506818036644
172.5233338692459
172.68028956453267
172.98285244211252
173.32068586133252
173.60393665634552
173.77381197945255
173.80106805724506
173.7368453115103
173.69058143150707
173.6777958258025
173.637498991774
173.51679895987937
173.31795283046446
173.11950134082755
173.0191946953126
173.0382453270309
173.11337145874228
173.14089453383218
173.03307570896533
172.8202121502789
172.55809239529725
172.26763601157842
172.02058872366817
171.90050102255466
171.9474965158799
172.17733039708568
172.5417054743125
172.90845355042467
173.14094005500016
173.20304957715118
173.15431215051817
173.08679051927882
173.0552396292872
172.89660353313235
172.1146839139514
170.31106414834488
167.94866852545377