0.0
404.33831063747385
398.93414928958623
398.422005652483
402.5795597607252
406.2072593353723
405.40674846364294
395.74551241620514
371.98407650369967
338.72085495608206
301.4137228567175
263.0436641417075
231.25987316862017
212.71791686844549
206.2180244188896
206.980996357977
210.08980511011706
213.10214482718646
215.30716627524237
216.84474005668463
218.07799334437843
219.23076932762194
220.37830787132594
221.52699557293752
222.5544993025079
223.27947431033598
223.63503496425912
223.832746719659
223.9878257243853
223.86947270562337
223.417263339207
222.91446816664228
222.6177354565557
222.4886891879274
222.26406519777746
221.87061376826662
221.49109210892573
221.2651189525381
221.23891673320958
221.30454770559356
221.16856545440845
220.6489520176021
219.83209539994715
218.97276441347714
218.3420814024166
217.98208227733272
217.74007666229875
217.48568446790597
217.18924645927936
216.84888786312624
216.4948445302116
216.1917773252955
216.050947891212
216.19268317890763
216.52437035919942
216.8830816849865
217.16072381153242
217.34081037283363
217.47002166967658
217.6067647991184
217.8042785810642
218.04206065539375
218.27950964330617
218.4696066643163
218.5779693774203
218.70582727799905
218.91868063589968
219.20258096825305
219.3854635982361
219.27815437397862
218.86900643261316
218.30711985159414
217.88375208110895
217.5709284823758
217.27851430596246
217.05047393819146
216.8784971343195
216.84167126237367
217.00989548462283
217.42269042085485
217.99068428345697
218.54042677248424
218.97807652879422
219.18189422210344
219.12029060776982
218.88020965005546
218.46730843454773
217.88733938530143
217.19635691221256
216.55891592007077
216.10065968125605
215.9516927289289
216.1330581288292
216.5484847356057
217.14040923967593
217.66295059253426
217.97011480164528
218.08002248465704
218.02270849944
217.9705066158107
218.05707287678322
218.22124162896773
218.31603021676509
218.28249705306942
218.18278251206638
218.007518799857
217.83560992420303
217.71796947256047
217.71363503181706
217.7266686362258
217.65975788012128
217.49767923561748
217.39885591161672
217.42190213393553
217.50470553347776
217.51329444515346
217.3149035205718
216.99129739611155
216.73943050217156
216.66870291079087
216.8827403264938
217.1026684861849
217.08858462050668
216.90851697335896
216.81967867572592
216.88327385725978
216.97901691492373
217.1147025018486
217.2591504224484
217.42791819583357
217.60536127616373
217.82174814148595
218.11728258721993
218.3641946495462
218.53241044903402
218.62092604755796
218.72122332937965
218.99754097657052
219.44523362840377
219.8145616252938
219.8126946476102
219.3650041136949
218.7239902044529
218.24555358734023
218.10142945573853
218.22944694342033
218.43047438315935
218.64118802348676
218.73108555520218
218.7448316286044
218.6862958172082
218.51378864282833
218.30597512934446
218.24933358201415
218.42044453431828
218.74150700064362
219.0621446610147
219.19303248407329
219.19311376264824
219.14978025228316
219.1779117345543
219.24349843215305
219.2689799282912
219.23486454634508
219.24102196466484
219.3344166808542
219.4903165978775
219.74189601543375
219.97593000036616
220.19394050675822
220.3660213263197
220.4749140480164
220.54413322330194
220.4197686281713
220.12907930120625
219.68980606829558
219.29221629413593
219.08193274447788
219.197440495558
219.52309153581444
219.8978550426849
220.29809017005925
220.67485942330734
221.021650344958
221.4489497019489
221.85331203076575
222.00738671622216
221.8795004262855
221.562249511652
221.24980014338786
221.09775038295993
220.95678499781357
220.64520629496545
220.18663800164643
219.60437297326467
218.94594025403268
218.26826441141247
217.40250928637556
216.33714182436313
215.11027722346037
213.71540802447075
212.11903195056138
210.10815517429782
207.37569576880333
203.70894260219742
199.2538569317482
194.36764740510282
189.57413466885603
185.26002109321053
181.46318019441247
177.84571828422213
174.22249851994977
170.9531785037632
168.34391328380644
166.31330563110436
164.62519807662454
163.42022975560786
162.9446472292107
163.10811701686396
163.636094284765
164.2937106935664
164.9514684825034
165.54615227507162
166.0163403386889
166.38531261286252
166.59034382889254
166.58802467876978
166.46930614879665
166.41456596342698
166.51309966451478
166.72805259312221
166.99133038184604
167.3206184331346
167.73430477260712
168.17182796334856
168.57654465738358
168.9168196596163
169.12067380629833
169.18804052649136
169.2300344413139
169.39621096590537
169.73875610113458
170.15707348194337
170.4584390883088
170.52149052864746
170.4189197855888
170.3268665897565
170.41104135454736
170.69505325644184
170.98771745658925
171.08837697814153
170.93366440694479
170.57863913227717
170.17857547022658
169.9022461535661
169.8449179170075
170.00625168918896
170.26476113555586
170.42456709870953
170.4181054686569
170.39025847947005
170.56349102494846
171.00240708383285
171.50902254849984
171.80762752061983
171.7843761729804
171.54423195559568
171.26756045823893
171.0804267023646
171.04406650651444
171.16891072402106
171.38868217417843
171.6194225744952
171.85274625847
172.17399985221826
172.66065461848572
173.27919248724547
173.89655252419004
174.31390574358596
174.42994216032582
174.28563903659486
173.97524013776595
173.5834716746039
173.23172890878564
173.07896148319992
173.1709737146606
173.42672798278048
173.71174919514092
173.94585699254893
174.13502349762393
174.29365452735698
174.4055964071417
174.42862406250873
174.35781046685034
174.26980727898274
174.14699149651685
173.90517300496387
173.5250768858328
173.05072731291528
172.5400651217205
172.0393570281145
171.64066382977313
171.4050328488956
171.29754595315103
171.2425223026625
171.1694159281822
171.06460577888498
171.00527980065993
170.97882561838685
170.90618979931998
170.70525133088412
170.385341122033
169.998222770676
169.60333029734682
169.33853877620732
169.24035273990415
169.20789493753398
169.14886611597262
169.10071544241242
169.16557612825272
169.36700927756513
169.6333741045517
169.82257480759523
169.84332481503407
169.68234111763516
169.37295347313963
169.02714265760517
168.8155046181957
168.80273940169138
168.98222849794016
169.31974946461725
169.77973799509465
170.36731612187054
171.06627817614364
171.80157145436343
172.4996105245562
173.12299266553924
173.6618495869477
174.1029918843119
174.4562815334228
174.7841680190405
175.10652102882878
175.38975855384723
175.59310037372867
175.73403831417613
175.88313586545675
176.0532397980332
176.18761843366065
176.23808204032883
176.1581628179363
175.98719223042968
175.8191996855692
175.64955191041122
175.47805284578865
175.29240878204956
175.00744451591825
174.65940483996218
174.3535081110071
174.0760969805156
173.79793927824375
173.49600217162072
173.09184258040582
172.5851431230841
172.10423155540462
171.71255013405835
171.35494820396858
171.01168107771736
170.6379546101428
170.18926455478365
169.72194864282227
169.37160717791295
169.26756852699782
169.42831513682333
169.5862176111689
169.54800687102704
169.39017783524517
169.2487259669125
169.14439510307463
169.07966170957542
169.14282312982925
169.35650547896014
169.64994446877847
169.9561704649429
170.26260158242883
170.65233866092387
171.2001714827575
171.76032059392537
172.1525359730441
172.3476962533212
172.42135889587735
172.39173421385044
172.256872697625
172.15561524751178
172.21127025618262
172.47650462018905
172.928939911385
173.57259156395986
174.6893233283471
177.11293470606842
182.02890422123212
189.36614938719856