0.0
465.09050771571503
497.007479050088
513.6838268051972
501.90219660247453
462.5084593179748
407.85680078669185
352.8907837997996
305.1742616670886
266.88853031262306
241.28154671327832
230.23547703382155
229.8669022503068
233.876869701773
238.06990830002198
240.99195933949417
242.79976882814674
244.05432224565624
245.27845210427537
246.73327316418852
248.37784349020149
250.05188118070217
251.5146224768144
252.62976395832231
253.44879373971622
254.00252106929673
254.25685428290143
254.21456937590133
253.9423995000384
253.589226535406
253.34998907186315
253.35019361426626
253.6100102876191
254.06718933454624
254.6742052039059
255.39827527046123
256.12560814420254
256.6357316237274
256.8441721871763
256.8056840103793
256.60235095208503
256.3005929084348
255.91076721050325
255.4543970897011
255.05436785270413
254.865599392199
254.97655056388328
255.3394386563369
255.7331726375513
255.92994576410763
255.8350790351061
255.4447658439467
254.8363768680676
254.22476784938692
253.80971632762197
253.64777411354225
253.6783030738342
253.8367018874088
254.07881036017213
254.35899686174793
254.62684866573125
254.806479420085
254.8112896321604
254.58308043000557
254.1615159440657
253.79733146647706
253.83036252647042
254.4328179034883
255.49861083308747
256.7758643868394
257.9916906799042
258.98114088629336
259.7197197439146
260.3237432044498
260.88791764114114
261.2879440963053
261.44750120362016
261.43258650581936
261.30435369338164
261.1750362131156
261.1068019775814
260.98941038108427
260.7504397790879
260.42281191082003
260.0483855323463
259.62756835770335
259.1482705313659
258.5237233460764
257.71622839888283
256.84882936358815
256.0515528973412
255.46437447545944
255.30632524802826
255.75238269892708
256.75420000745714
258.03931598167026
259.3242501331512
260.431801154506
261.2690011089045
261.8220593794001
262.1194287314903
262.30512242458803
262.57180920226915
262.92537538064505
263.2287685426244
263.3126682815955
263.0819525836818
262.5575616340918
261.78627259681105
260.88182535758256
260.04221590259795
259.4213941715192
259.1097066985511
259.0859678913829
259.25784743563895
259.4111962558435
259.443270260425
259.36440086931276
259.1730235271555
258.90564724057583
258.59075556985454
258.19289418741903
257.66975794877936
257.0991048020263
256.58322365701963
256.2125832307536
255.93298275185828
255.73860089974292
255.7246419305679
255.97592727977582
256.4525154188883
257.0299315557857
257.64101262011565
258.07957413572115
258.2064567404837
258.13500441093964
258.07300056112723
258.1734164855846
258.3808283078172
258.55035866134034
258.66574542968806
258.71699822375155
258.7186461794754
258.77484572578146
258.8817670688985
258.9517958977746
258.94399568290584
258.8433759666526
258.6725262504298
258.479757972077
258.3172903372675
258.156364209751
258.0347354272699
258.0574468322841
258.21388561075764
258.38699541526256
258.4456095231557
258.38118171012223
258.27405388635833
258.23701526744645
258.3524870715949
258.5503298533559
258.6640356042592
258.6934658889942
258.7718800554821
258.9308045186107
259.1223167747139
259.27451004096656
259.35423731564885
259.35156923676857
259.2844894062164
259.16942767814106
259.08184260234805
259.16421812955934
259.48068077596434
259.96371438747394
260.39144239161453
260.66022756734736
260.82368149459217
260.9140864147713
260.89233095926085
260.62396771987596
260.03925099808515
259.22410753954046
258.39171581797484
257.72344932376893
257.23794484516253
256.71850400380123
255.91252537610478
254.65334344138634
252.91653709285822
250.72579591501494
248.12799569714224
245.00476258141964
241.10093204476576
236.34877062202733
230.88180755530004
224.8208128285122
218.26392885920274
211.38435797832537
204.42568555718023
197.59473641458237
191.10493127655175
185.26163990585266
180.2600551048065
176.08307361132483
172.58530586297587
169.75652626992763
167.58539637909251
166.11180814528183
165.3828885664483
165.26845036114995
165.2886182246034
165.07663419635884
164.6335729989115
164.08783438788222
163.5394993844635
163.09148407587762
162.84991685915298
162.79301920196212
162.80381776481858
162.82336148009387
162.87683280671337
162.95083203426037
163.00952924294162
163.10798243341307
163.39546923292255
164.0099456237573
164.97093752093235
166.14442249752977
167.30552896716833
168.23163887924952
168.79084487992324
169.00900215300206
169.03572677348063
169.0128143646005
169.06768126849084
169.30036765589347
169.73852399127247
170.3352359270531
171.00121946940462
171.58953154161543
171.90486598831143
171.89133068618608
171.65584796803242
171.38455393216623
171.23664804073414
171.22914230910916
171.32943637448525
171.43527378211348
171.4118756222431
171.22321311668213
170.9770058000895
170.7810490280424
170.62658193129312
170.48126543276808
170.39636139089268
170.45176115063543
170.55537395699162
170.56877751080424
170.48780651184282
170.37321729403487
170.21144762212015
169.96726311991856
169.68591933437463
169.45555228238663
169.27962608686394
169.11820558784572
169.01129435925554
169.02531542065924
169.0829821270272
169.0753501342466
168.95838985023062
168.74729142029946
168.52147957824974
168.3697288224163
168.3169959280714
168.34195941813147
168.36457583251672
168.321158822633
168.2267483936734
168.11403849637628
168.04921674382365
168.07101927805948
168.1329559048151
168.190550775166
168.25021748662056
168.32438119450973
168.4544705895987
168.6210067183613
168.73837249030615
168.75591683755437
168.7022117467801
168.64810912346172
168.68247489707363
168.87985397517986
169.24074238245223
169.75264508282476
170.40215063818763
171.1222891903291
171.80538371950843
172.36637492488376
172.75798023051914
172.92858927924476
172.85739775706705
172.626158791764
172.38961382096414
172.25597891588436
172.23130280252414
172.2874016089778
172.43266357302628
172.69343653127987
173.08247851364462
173.55564099822942
173.96982468968588
174.16330197157893
174.0493299858252
173.67380093802876
173.14102115315586
172.5787395717409
172.09597576940013
171.6994500732277
171.32363041287633
170.9324166285423
170.5856437996124
170.3262713046301
170.12637675278415
169.97190629332636
169.85467941390536
169.74104332339022
169.63943109334053
169.56499503942086
169.51095245207054
169.4578320188767
169.4022801617747
169.3410507786014
169.26698024888458
169.21887718354458
169.28284946157453
169.53854731599688
169.95498987169822
170.37483230628658
170.6574836384138
170.75798653867773
170.70850552786166
170.616780978188
170.60228276741384
170.6942973428111
170.81848975314134
170.89670236478875
170.89334610673006
170.84760337923632
170.8195849431941
170.85429953276534
170.95382422550898
171.03409745054933
170.98039015614108
170.75660826035687
170.4107204669576
170.01538990385933
169.63141763423164
169.3013799732783
169.03545078031487
168.78598948543134
168.51306293733592
168.24584701975078
168.05826155076466
167.95834381133844
167.8773293785725
167.77184144818713
167.65845175486015
167.58760367987503
167.55969430611378
167.54761391427695
167.56763933660994
167.61912562319358
167.65800254765298
167.6892238243587
167.76170477444032
167.92895242092263
168.19453114574202
168.4854200747992
168.7602025044227
169.03086443237265
169.3616951580115
169.7651951934408
170.19354369103755
170.64271542150715
171.15858817780912
171.82549268869397
172.7213039665281
173.84148115329614
175.05185905342717
176.16998758932542
177.12076044797178
177.94685419600378
178.6930366247876
179.29754137836073
179.47223057255775
178.84731285734563
177.55838184067136