0.0
0.0
0.0
0.0
0.0
0.0
0.0
0.0
0.0
332.06709533915296
333.7656386917563
336.4932524075108
333.26035227378657
324.4844779405896
314.22043878500256
306.01183425298564
301.4278387870435
299.8697026521575
299.7205511406479
299.9267397693838
300.5187219463098
301.69917423833806
303.089202794376
304.479025071927
306.11815502297566
308.24656361492316
310.7791350726907
313.3708854401145
315.60434172606244
317.3066057465753
318.4933890068025
319.1804583005252
319.5475495532073
319.9582020261961
320.71163346429717
321.85183784424146
323.1983058601633
324.54452397902867
325.7354695526231
326.675759451294
327.3311114632035
327.70018258971044
327.9324408203621
328.2760582138973
328.82349222333323
329.4866925306768
330.23900381345356
331.0997760802194
331.9093064443393
332.6411361665778
333.339373749703
333.9759050242288
334.61121053387967
335.3314579706583
336.12881252192904
336.87720485611135
337.52256713902625
338.137931946316
338.6762704738618
339.0145932593167
339.08347062334417
338.8321015343103
338.3768318201086
337.98787301199417
338.02233074771175
338.5999255613654
339.3192447969726
339.8218174356296
340.00421895912655
340.00820447498387
339.90418437036107
339.7680712050719
339.7061733898696
339.80325433964003
340.1131573071757
340.5413298194763
341.0085053017458
341.4848548047384
341.81196083437374
341.9049745897305
341.73281647888405
341.46940704213046
341.4486235604538
341.84405154717786
342.63432622754976
343.61730607887307
344.38399957361105
344.69289184879136
344.5287557069639
344.0184934739409
343.38829238058554
342.77744585455105
342.1580786613777
341.50480027311426
341.00234141863336
340.7782207221202
340.7420653367387
340.7485324236666
340.82545868432584
341.0223795303415
341.26253386985854
341.497626758748
341.6536555412422
341.6174730952083
341.46218626756115
341.266111895149
341.13474062583015
341.17070792910613
341.32626504642064
341.59572081791987
342.00361112902084
342.49318750282885
342.8807460887553
342.99818513952334
342.84774161073926
342.57154407984893
342.2802620594844
342.06486085577177
341.92696115677865
341.86072790396406
341.98240567090755
342.31202587964714
342.64084230764917
342.7470123410241
342.69390392974015
342.74552940596675
342.8868433042993
342.96823677714406
342.82817226791616
342.4528922852968
341.9832153509526
341.5713704378792
341.21532337242934
340.96325225870993
340.8712682851477
340.96073314292335
341.3104352206249
341.8603259820215
342.4528364577423
343.0388420893379
343.49781144768843
343.8038419899884
343.9402265341482
343.90385281039454
343.7980169156041
343.75759210493015
343.8226100682915
343.98066542295794
344.21641580484896
344.45631760751644
344.56994327228
344.50869714104584
344.4232820312288
344.4074348261513
344.5162443145506
344.6778432362112
344.80557610277583
344.82959307756994
344.80729957557554
344.7799223269675
344.7914868116622
344.8056851947791
344.62392442263246
344.11772104264236
343.30935986236045
342.27719210347857
341.25899720441856
340.5663685217708
340.3281994881661
340.39259464771
340.63208698147935
340.9599190462334
341.2083224385022
341.35158447512583
341.30822597976703
341.063201713549
340.78585532932425
340.6281190704074
340.55424727098693
340.61548010442334
340.83226044400374
341.15247765571684
341.4512345506246
341.6828996207267
341.90925258216356
342.1399381773766
342.39405014364104
342.7600943399972
343.236647505101
343.75677735028665
344.2029146663916
344.573554093149
344.82771677102676
344.9879359378704
344.9715236346825
344.74997968647176
344.31812012679563
343.6641951352101
342.8483282230022
342.038204255805
341.1787418544252
340.043775290513
338.38314234260406
336.0524133217486
332.8450014891218
328.3649948693655
322.1211857116107
313.80337691999847
303.5234994556024
291.6922290140266
278.77889275787464
265.40863446114076
252.2952002708978
239.97993044191725
228.91074013589142
219.04988354039017
209.60647150835925
200.0336384624104
190.818953717779
183.55832183169832
179.12359598156553
176.79153626374563
175.39602694666894
174.16716203656046
172.90640114137437
171.66387094863558
170.39201036052884
168.98447810910483
167.51544578114706
166.3579756932963
165.98539439958236
166.53388567300627
167.6594291246081
168.788590071765
169.5489606586737
169.93842159156313
170.13964845919125
170.26572129078903
170.22860675383825
169.88149621788676
169.23694039200328
168.44684459190535
167.74222881744691
167.41773717104974
167.54786042273514
167.9145503980855
168.24700581697144
168.3450765826766
168.11303315860363
167.6542435782501
167.14394706380722
166.74688956913292
166.55279694134668
166.5258850451243
166.6070375281156
166.76683201597479
167.0098382346315
167.34535482674545
167.72420191854786
168.055292841946
168.31278766234885
168.61890627872344
169.13283164494362
169.92848267127698
170.89845416018872
171.75574898174958
172.31074074500236
172.68439789750005
173.05755563082923
173.5566177591653
174.19251123276476
174.86378385565752
175.43411295869765
175.81793493685208
176.00102006725126
175.97080161101758
175.76072845560847
175.48640735405115
175.2051878046076
174.89324753211724
174.53418259010925
174.093703063718
173.5138629240122
172.86562310581007
172.32624070731745
171.99493583366805
171.8880072475743
171.94592345385877
172.01253143883037
171.93817771836285
171.68673717270667
171.34798214023976
171.1408950909808
171.21225068957898
171.40472167601354
171.41578321573525
171.12836194245523
170.64881587477853
170.17935750200584
169.9043732862172
169.9068522090724
170.2241697497554
170.80839285111162
171.43123820772928
171.85291877620506
172.03001088898483
172.10510565436095
172.1550818844167
172.14121820977988
172.0356636823529
171.85758710013232
171.68842664470324
171.6287442850009
171.67604857210694
171.7759642869296
171.89966887225683
172.01133056168345
172.04685247163584
171.9809127550589
171.89951278714344
171.9276150873476
172.11755744216043
172.45936314308713
172.84440840676749
173.1012713441903
173.13576202205718
172.95817161553657
172.66192468653782
172.31418447258983
171.9134517479198
171.4381500049066
170.88508693866274
170.3058292314222
169.81434575412925
169.50861280709768
169.41307599054448
169.43838474630658
169.39957514744657
169.17255535103737
168.82494662505815
168.50194083762466
168.32028822693906
168.3239793557515
168.45146561805274
168.58484636715843
168.6587437426569
168.70470391241543
168.79593043336203
168.977623357887
169.2165393995121
169.44889244498935
169.63023466067216
169.7350992665958
169.83520750792573
170.0417445928776
170.36115294371686
170.7016732378646
170.96320142725818
171.0900731720843
171.07841236835702
170.9890085023349
170.90553444656348
170.88534489221252
170.94825708528774
171.0803557468187
171.2677493671601
171.5346430086111
171.86417705859893
172.1687201659955
172.43574371825537
172.7016234333346
172.97386085495125
173.24971200615263
173.42000872606638
173.39250059787022
173.22914313773484
173.07183968986428
172.9981991963114
172.9636073496939
172.89408375889445
172.78704117677142
172.67041163346545
172.5791964577253
172.499728722515
172.37497954452448
172.13631548915788
171.78692282146986
171.4373717549811
171.13048320086426
170.87103084335263
170.67727436043987
170.54512864459167
170.4182266547463
170.21794383152687
169.94849833781245
169.73200095934553
169.6697434996832
169.70904990121812
169.67133581484336
169.39141904880194
168.9569087316304