0.0
320.1193490120654
302.32526042292545
293.8047040532897
304.5757211144852
335.2921018355812
372.8019327949204
397.00458372315865
398.7105786923237
383.91077948908185
364.72170959897875
356.20233693821024
366.40778439181474
388.71165960044016
406.50501707787527
403.4411394254362
375.05610246354394
331.6658688853011
286.23387056450804
249.83422630984418
228.0871430588939
220.4138345555665
221.13643022340568
224.51416847217232
227.3926000990513
229.02231063689788
229.68497170174135
229.9715557638464
230.2578078685823
230.57460397436384
230.8059523665752
230.86143296205972
230.7593949306652
230.51313790510983
230.12144285507526
229.59079612432498
228.88192722831542
227.96714333369246
226.89137396612495
225.7340475326252
224.63394424299258
223.7189406616607
223.0405347778388
222.409424038319
221.59724135802497
220.54633917103712
219.37890133979636
218.30122948145373
217.44369954660567
216.81700032374175
216.31359864826157
215.80270943670942
215.24105653797042
214.72803570985158
214.4434941545382
214.49928361245162
214.8908809010673
215.49120582300213
216.1130439502748
216.59917049733346
216.97150923527778
217.40116075587827
217.985312792395
218.62183314307256
219.13101623580016
219.3735895507355
219.33384634886497
219.1025383570084
218.84995130358942
218.77251281256105
218.82487011094952
218.86590848692455
218.86112500731616
218.84046583731686
218.87931961228625
219.0057966731494
219.07728964540578
218.86613316236404
218.32285897474827
217.60323366747414
216.96293782528392
216.55525792598334
216.42446823590907
216.4198763774939
216.27284451423242
215.90930174205653
215.45359830494797
215.0727578299873
214.8988312015187
214.91922402285334
214.98011624141503
214.96363904248514
214.89103204708854
214.89683897875932
215.12864822855641
215.61736828099097
216.26441403733799
216.9634427346686
217.6038082670253
218.10868277771928
218.452182654723
218.6488565003233
218.68867641811696
218.59705417497878
218.43600950600188
218.26333029312372
218.11587889891976
218.05046560151743
218.14774455163212
218.4723831197103
219.01445551491582
219.53542798635021
219.7733666435887
219.60875022234143
219.13318580547
218.5594171874672
218.06096485812446
217.71399877444424
217.556227496562
217.54613531456113
217.64531703858313
217.78712482631136
217.87511565995683
217.90097893574833
217.87590798998062
217.77179804037223
217.60094490148282
217.4785249110978
217.5159595652841
217.74319469485815
218.0032922950627
218.17429254464406
218.3237732459828
218.53983225998508
218.87636289167182
219.2718262268445
219.59588576716257
219.74147374459125
219.63545742328492
219.33391288733003
219.00481957253342
218.77615665780306
218.71422738493294
218.79001482658256
218.89800573647733
218.91262607806598
218.81545574556105
218.68329580699816
218.59715418087336
218.7059611051639
219.03487998352003
219.49684674142108
219.9228122787984
220.1463498636135
220.13169549282233
220.0269153016788
220.0236669935648
220.2253690559618
220.5259238268497
220.6975242991791
220.68434732613304
220.61408309944687
220.5719742905323
220.59092825797728
220.65601904046613
220.7311357270465
220.83697182946258
220.9848166106147
221.0973804241471
221.12239553453855
221.04256026253086
220.89185213601377
220.77320732189486
220.6772326017795
220.51866329050546
220.23693832777116
219.81948275514094
219.35272664853593
219.03324794139968
218.97215502529838
219.18827277811877
219.48403362466937
219.6502462438133
219.64121555192446
219.52751720726235
219.4112769861603
219.28702186205646
219.0943499432853
218.72565827095352
218.10443295873193
217.32235228088163
216.5417298773117
215.95361617386936
215.68718570993306
215.77631097037303
216.00692938704114
215.95549322566978
215.3234069835519
214.04589828881566
212.17052218890822
209.7855057805856
206.93015747370077
203.4775023873629
199.2760259286455
194.46544350254854
189.54466198244904
185.18976411035206
181.7008200497243
178.8451387851012
176.16650176565156
173.2784337061787
170.16568419617855
167.02806655271993
164.2117460203405
162.05664417093533
160.54170945359996
159.4304312309814
158.5989885396756
158.05615124299982
157.78344427633596
157.72052048471036
157.83130321062754
158.14191202305767
158.62552870336376
159.1608500664418
159.66120343903037
160.20070424108457
160.9327992624656
161.93289898227727
163.1917196881115
164.70192540772229
166.56464684014654
168.88085918272793
171.34500063664902
173.37377431755317
174.66393146949434
175.2253373440543
175.35549758814284
175.42042002074777
175.56417173686918
175.7226868811112
175.8385468473066
175.859956102867
175.7289543913805
175.55229922056128
175.36367479504887
175.0685734151054
174.66030619445593
174.28917097646035
174.04954526428628
173.9054913616186
173.7840550064164
173.6521842897679
173.5119546342493
173.1982651241609
172.64891448858512
172.04785216781093
171.61626224076753
171.5261531541894
171.79975567208618
172.15604058595497
172.321792061014
172.1739971393734
171.77745123573118
171.3272251736659
170.9945040462411
170.93113321843273
171.1734053179525
171.53649449930995
171.75179208749134
171.82010161337678
171.90085828157575
171.95188706034048
171.8485367881193
171.5648130285845
171.17978445550332
170.67214227234967
170.06292122479604
169.45871454563874
168.8525412571389
168.24367615412854
167.74137947567795
167.58119316377895
167.8366078152253
168.29274613676608
168.7879222571281
169.43839014831042
170.31569880803704
171.20814149602603
171.86929504869258
172.27547916910865
172.54538915150573
172.7495896369603
172.9100501080461
173.0324390805029
173.02684233955557
172.8076870060303
172.408559991816
171.94234537521072
171.53444244704872
171.31183650952408
171.2941664139692
171.36167630830778
171.4162138494838
171.4318645566762
171.34524031552962
171.09872274739325
170.77444242710325
170.52652892864978
170.44442196303925
170.55124771412838
170.6707915477516
170.56864630828434
170.22763096426132
169.83955880773934
169.5689735487058
169.39634478772527
169.2605157196324
169.1613358745276
169.09372301114337
169.00768879513762
168.8981404730891
168.8259567636441
168.82790532146942
168.90998106375525
169.03632308017825
169.14973421462633
169.2552108575651
169.2978570185501
169.1275082364074
168.84873422071317
168.6989843037556
168.68901855414808
168.6898600087922
168.68218509907032
168.68312035872393
168.84199373731607
169.2054981982904
169.66979216869868
170.0751623392967
170.30744480390126
170.45724043080426
170.56963761787836
170.63964520735556
170.7500740666863
171.02296033568845
171.48276672318138
172.0705899853217
172.75959380597655
173.44323242746273
173.8952119636437
174.07084365752857
174.07732380731284
173.94345190115388
173.74088945917816
173.53693518029678
173.286890430735
172.91163567277124
172.40429298599798
171.8632597119207
171.48037169142594
171.3143900269165
171.195222869414
170.98711232571978
170.59681099000375
170.07956029619112
169.54317902910137
168.9831420720427
168.40218533813993
167.8599938441409
167.42765895805087
167.21505391929398
167.23345805589514
167.37892432647783
167.58927474069867
167.85303127774043
168.19383878207174
168.55219755149776
168.79027749976518
168.82012673871736
168.70631875234062
168.5850292077728
168.5420136518367
168.63846688114705
168.932201321164
169.4308768511707
170.05902247029525
170.6851528320581
171.19867084057336
171.61809336698482
172.06842026028735
172.57177922463805
172.9943818520198
173.18297763435461
173.13841234566866
172.9740913973466
172.7595204243341
172.46717176294388
172.13258070536807
171.96607283329485
172.19149176036