479.51511722283715
466.1335749882068
433.5590554467572
388.69210520632305
340.181590546521
294.7799335592932
260.2600639228014
238.2718789627234
226.25357785658494
221.20778052786213
220.1244230993181
220.4257700664666
220.6306549581829
220.31356674093416
219.59953591242856
218.74297781049245
217.9732240355554
217.48080204209631
217.35288466319287
217.51266079668162
217.79862071285623
218.02762673415043
218.06586629664557
217.871476189718
217.43681391169127
216.77602857241698
215.94540177755707
215.02694049457912
214.1136415818583
213.31480145833433
212.72659224436558
212.38731647168368
212.27654142367618
212.33676707802826
212.5113731974938
212.7601784696265
213.02915371385552
213.2655451264993
213.38727280519748
213.33496389765114
213.1461755976112
212.92745314945208
212.79218725993644
212.76988704845115
212.85439570127303
213.06413071622666
213.4532768562538
214.00106426155344
214.54496567179774
214.92678086372743
215.09485848676033
215.08459575705166
214.93811585781322
214.6914177283703
214.40773150516716
214.1686563201233
214.0467190833065
214.11363186129404
214.3277097306961
214.55960505416937
214.71945526393125
214.7708004354099
214.73136976351918
214.6309783719858
214.50491900431774
214.37596618760494
214.24736279070993
214.1121021346887
213.98688981396347
213.88869392411755
213.79781121286226
213.69503465748502
213.60468373689534
213.55603644864877
213.56844620869504
213.676599314096
213.9101437853875
214.27346655121744
214.73181146295957
215.18319220350878
215.54023589811257
215.76864061989286
215.83204964698783
215.73788636053328
215.58454770815388
215.4812147527575
215.47706074820778
215.54625917550277
215.62460119530746
215.70627868204068
215.83288798486905
216.02347755002245
216.23868170036343
216.38723155441943
216.4047681481466
216.27442644036452
216.038173568224
215.77291807122913
215.5028336426397
215.18911841584526
214.8381874558724
214.54002599517403
214.3461396017476
214.21031796319846
214.11318926589985
214.17365374429818
214.39663193910866
214.65614461947007
214.86245112500416
214.9846580888148
215.05780317059174
215.12968010115404
215.2266112014577
215.3490492306646
215.46664154513783
215.55967218363844
215.65371180813318
215.77666435424388
215.95904724516078
216.20589054507988
216.50784558041062
216.86379857942222
217.2432666137072
217.56436687706645
217.7758812969906
217.8592807656198
217.86496019922248
217.89850349047018
217.9842274878427
218.088746470498
218.18101929002896
218.23418169388324
218.22952262382057
218.1554669428459
218.02222304556193
217.8363967441529
217.6474335226551
217.51934595798647
217.4861836382485
217.54719602762577
217.6688725148158
217.78786088175767
217.84934519807788
217.77322176963898
217.4732056506928
216.96590718097687
216.36034563753378
215.77840727206052
215.30581384678445
214.94632424938993
214.73336229661416
214.70886416129085
214.84816130243098
215.10809479336922
215.39029445439544
215.64017708700737
215.89610718035823
216.18644335456898
216.5302793015529
216.94094609571505
217.40720046201378
217.8410980025875
218.12372232405744
218.20994855619097
218.16699374184066
218.09654904846653
218.08244077683418
218.1291868813454
218.2125271939886
218.3334742426607
218.50889316056896
218.76651304957392
219.09062027839013
219.392839591948
219.5877990756947
219.6482407571941
219.62518467754515
219.60358203841426
219.61422513491715
219.64971064643854
219.70576154928963
219.75462806679383
219.76324924402428
219.6972478746425
219.53182020153375
219.2767272201334
218.94313145097138
218.5323870636591
218.041403324859
217.483414284001
216.81528968648215
215.9315164591573
214.74410580583793
213.2093785607941
211.27732860936072
208.86832018562086
205.83673616163236
202.06210595549885
197.60390031480344
192.71249430780205
187.85211468890708
183.55312718349558
179.95723573795226
176.84894120503435
174.04132894541038
171.50928732270114
169.29358830120844
167.43088266279605
165.97412795016572
164.90559190148628
164.1683243214451
163.72219333727833
163.5336726317292
163.58546289801507
163.84108016729053
164.19732286622116
164.54878126127537
164.89550871501413
165.3202416570479
165.82213903812737
166.31954378674564
166.77998935150492
167.25166040983913
167.75740648112327
168.24932615215613
168.69761174067642
169.0300306966395
169.1494081574177
169.00634376586353
168.64223888762666
168.21670879800536
167.89291266920839
167.7315404410865
167.6648603606424
167.58736836468609
167.4693220961026
167.3488444899967
167.230505196156
167.10373492263005
166.9582381959458
166.82456033938956
166.7305574639377
166.65632536128948
166.58397223284734
166.5074509882412
166.4335377866795
166.41304134313143
166.50560913942513
166.70948613899367
166.96009233966743
167.19554994974632
167.4252403501862
167.68791567207646
167.99590231995174
168.36783548094468
168.85322118479172
169.48306927357976
170.2321438884301
171.04455259276983
171.82223739530752
172.42471213345547
172.77207210942336
172.82622508490314
172.61591748652853
172.2713873228185
171.88969796431584
171.53573247795026
171.29666685471597
171.17810485639973
171.12044591179605
171.09326075853903
171.09160376311675
171.0755804875451
170.98249803029782
170.79616734008079
170.5646195998142
170.31934095371827
170.02599291167348
169.67601768614526
169.36431869234028
169.2355077935713
169.37894488403538
169.73550714749302
170.06056176157165
170.18612166756589
170.1394072597529
170.02238030666072
169.89481565472377
169.7825489241453
169.73455236911767
169.7780485358563
169.8608145778437
169.9062133478987
169.86934569555052
169.76137484328592
169.6573499327608
169.62188122545615
169.68649072490854
169.86995778899384
170.13125901497443
170.34079820779667
170.37494004625916
170.2215361618616
169.98415532609846
169.81457981029217
169.84571005987232
170.060405084336
170.28154228531633
170.37332672150106
170.35341916972027
170.29399883525377
170.2209701862584
170.12041199890004
169.96901188409026
169.7556589248427
169.53000820261607
169.3983798288486
169.4128015463384
169.53078700403356
169.66813122922434
169.76956872917094
169.78455566948497
169.6479864848577
169.3959135274073
169.12692605174632
168.90440345381225
168.7284715190723
168.55256476141648
168.3357237922402
168.09784803855604
167.8583469718371
167.63514782475536
167.4704466074841
167.39332180577148
167.38926606511225
167.46334207526976
167.64766093008444
167.95706349973872
168.30262821570895
168.52989791020156
168.58516747353013
168.56713983491795
168.6488205269652
168.83636232900722
169.05535914222713
169.29519633501263
169.51293342163268
169.63430648997021
169.67767680166892
169.6686714491176
169.65852604021958
169.67795481817535
169.6416999635965
169.4220645122741
168.97259059250916
168.37506697886639
167.85192027365258
167.55761776950197
167.48601099016562
167.53182408900477
167.53382793699484
167.38886267707687
167.1002957117344
166.7475243034678
166.4039368818349
166.1034482326849
165.8675739304354
165.70148843837364
165.63085795860434
165.6867121007713
165.82634702184768
165.97393146068015
166.1470713209367
166.42520251122497
166.81635325905341
167.23001621025236
167.56459767654076
167.80457656461863
168.01731881151056
168.24264270101213
168.49655679108548
168.8069798476592
169.20176854059517
169.64392853308703
170.04514866956106
170.37757185154217
170.59817304431593
170.7371336582179
170.8285683119368
170.7651264522925
170.440890624227
169.940923294712
169.43551421281973
169.02619573881955
168.79769438808762
168.76615373805174
168.8216172884063
168.73959421021516
168.24346594299266
167.30830329296677
166.19926858497882