0.0
341.980831974768
305.9705214654698
276.80820502519714
257.95220981808427
246.41321890335263
238.48853903768722
233.3029984617874
230.0489632732104
227.82797639214743
226.0260448093852
224.39694172929552
223.0067414605457
221.95592745820076
221.37140850381508
221.4057834745365
221.93076061173232
222.6192462338104
223.22997116986045
223.66086082018833
223.83129703382593
223.72766530657356
223.3991512849777
222.90024218535862
222.2299268103901
221.3409364243173
220.2007626502761
218.9077986151415
217.6825379557012
216.7289545175966
216.1600783156665
215.98459531723728
216.01377944528687
216.03323644301
215.93778465696167
215.74231202037967
215.51990118646552
215.38378051916553
215.37877447514035
215.43156165887672
215.51705272095137
215.69888908120765
216.01748037163463
216.42877588316298
216.81589821584808
217.03311012609745
216.97173805219632
216.6573321580912
216.21034699585087
215.73544918397118
215.30013689921122
214.96670486899558
214.75569898697165
214.69464546314953
214.78463308197743
214.94293248171033
215.02287474457842
214.9444787248176
214.69799659350213
214.3017504101598
213.785528573388
213.18058796852569
212.55985126415723
212.0139230124947
211.6670080724772
211.60257411687684
211.75363176736258
211.9800157847253
212.23530590852877
212.55318662747666
212.89255836218788
213.17484672648447
213.33485947560442
213.4285991144057
213.58398275662248
213.8596778339063
214.2629115082588
214.80434362608696
215.44425900585549
216.09582290102597
216.64941171972484
217.03816356332266
217.31006896199122
217.48252367951432
217.50722319526542
217.4075676970316
217.35139487525225
217.464216637259
217.74816710287243
218.06526324000373
218.24418485600995
218.19042318659467
217.94261963954355
217.65276673630112
217.44050688033374
217.39425502450985
217.48385444245625
217.5325202547753
217.45957563714614
217.3502179256898
217.286134233302
217.26980978870785
217.26892666001237
217.2322069261262
217.1070869931849
216.8988610834921
216.6477480578019
216.38063558591668
216.1030426152927
215.86069452371834
215.6948127783926
215.63524410055064
215.68903108616234
215.8068887374684
215.9275758373702
216.08676698949506
216.33896635092725
216.65565533633327
216.9774252850529
217.2673096981592
217.50151012502627
217.75222749833296
218.06228666692806
218.39149958802415
218.64014527625278
218.69492806036365
218.48173624680481
218.0156057897654
217.36553026849356
216.71587911773247
216.46850717361707
217.0320001605584
218.36309616588125
219.9421038112975
221.23232735283418
221.98944995862146
222.17267894601707
221.8022116127337
220.93066691252926
219.6958164342173
218.30750713989664
216.9992904131528
216.00089157998565
215.43877687351372
215.26786393552118
215.34546544677136
215.5032566860084
215.65624108145954
215.80593286832348
216.00095880978083
216.24360525400365
216.4379211887053
216.48320282999
216.3576453646643
216.11038122920556
215.83040722730053
215.57459572929835
215.4046659196329
215.39010310597837
215.51122482937657
215.68185132568087
215.8826936950953
216.15953149334018
216.48910040077973
216.83173425480652
217.21870266194233
217.7109452644603
218.2516918970373
218.72909263609682
219.01667128254655
219.01021210824078
218.73246286150416
218.3292293213659
217.8965136430571
217.4586645706578
217.03783066278157
216.70145690814667
216.44550388281118
216.21114778411342
215.99568444380577
215.8027707216669
215.63090940721918
215.4577806063018
215.30334181797923
215.2532363232412
215.33835190391704
215.46648283367682
215.47822190518883
215.25570557186276
214.81314957707153
214.19818224752493
213.45351796210366
212.6581636098231
211.8661181947142
210.9314992853765
209.56828994269662
207.5043304412568
204.83291169009112
202.19837431359994
199.95393902313998
197.88518834968158
195.58223294348576
192.60061820138515
188.6120808326952
183.8386699573012
179.12970750570213
175.175197846871
172.15140356764365
169.98980352044106
168.5941750565643
167.71426371777687
167.04694559748947
166.4325756844233
165.80583111973027
165.1454884691156
164.52399676175162
164.04643363531022
163.79611237574485
163.81591683871585
164.113656034815
164.6364196870777
165.24026460219372
165.78143230226965
166.23194333853002
166.67169527829435
167.19138081335365
167.79795736053617
168.42129900782848
169.0183231139768
169.63222297238596
170.3647260236726
171.25212483683657
172.16997506056057
172.87410408213384
173.1597900048934
173.00884789667793
172.5958680074464
172.10080701216765
171.60851901882512
171.1447945471751
170.70095254847456
170.22576610272898
169.67601248915997
169.06955459464237
168.5519259972551
168.31121937359018
168.3752337336327
168.5605106605299
168.66505724122564
168.63025700068894
168.50963041315686
168.36971201206546
168.2427494480345
168.15123889869224
168.18300589705638
168.45273301880795
168.9382172640931
169.51515286922458
170.08955813629208
170.600863652653
170.99991351898393
171.31062582388375
171.5501724448604
171.70677746440953
171.7605920486614
171.69975118397142
171.53896920481333
171.35809078479446
171.27050203601516
171.31832148261134
171.4223814240641
171.44910616273097
171.3135426998811
171.07151070528906
170.8743948127986
170.7775405439511
170.77177402717672
170.7865897496933
170.74415030063676
170.6061718203103
170.37833160246234
170.1337835960901
169.959873006583
169.89191970095212
169.94687168947604
170.0989856273193
170.22946999679368
170.24096904870808
170.12629379253076
169.9313507676195
169.74046237865358
169.6486237866539
169.7029147092042
169.84816384998317
170.02379375893628
170.24462533647727
170.5879532989792
171.08505129249323
171.62417794235148
172.0251989719048
172.1707821371749
172.03623510960014
171.72480114484955
171.43152530830167
171.2812779853151
171.2897001415413
171.36245610678367
171.32250512255087
171.0677204144561
170.64301734868576
170.22141679775876
169.95974473774208
169.92763550457687
170.0368867554348
170.14080346271544
170.19112165031314
170.18684413268653
170.1204271892876
169.99358162555535
169.7968666173159
169.52302462737697
169.2228004965802
168.99605351661478
168.89745312156975
168.94875969415574
169.03936041772647
169.0265651908184
168.93980198264504
168.88793714231946
168.86585174988502
168.78962446215374
168.58096456876157
168.2820816077941
168.0194265370993
167.8896136353183
167.9238782130982
167.9913964949007
167.92031440408977
167.68905107293958
167.36813981767574
167.0525503316618
166.89838325635998
167.01162122855726
167.34974453781163
167.79017135437795
168.24510250069082
168.67022746192148
169.0354105994952
169.39074156144588
169.82194463864738
170.3340386838906
170.77573177957203
170.95734855443015
170.83558016346836
170.49869390477627
170.0561435820709
169.65114721603578
169.4157565442375
169.40946407408725
169.53746644637005
169.5901990553723
169.5348943999299
169.4552885158717
169.3845512886519
169.28042705631984
169.09972756523456
168.87758209310803
168.74487388610305
168.85582490389672
169.27653300661535
170.0655133010793
171.22155307794048
172.62555874128157
174.1278833170004
175.48349927276362
176.42799846587678
176.74347175240666
176.4213353947776
175.6580148182402
174.63695700475438
173.5644290712176
172.6513223016153
172.0320752498522
171.78548366534866
171.9155565296747
172.25216506902484
172.46558278023355
172.30823161817412
171.66845121837895
170.27849641907062
168.0350075832677
165.57381931113522
163.2238729318153
161.1974226066741
160.9408326977628
164.33841747256153
171.47947226650103
177.94121764074848
178.55008802557415
173.99079753213175
168.01017163974302