325.59644328548654
330.3463202038414
330.9931142614223
329.6931755372163
328.2618713268715
327.4792251321992
327.49675176274206
328.25499576948914
329.6512636981455
331.755125078609
334.2438286152959
336.40619527473035
337.8772896589708
338.6316010014027
338.84506184153037
338.76352123528267
338.4601729706337
337.9090676419561
337.1059005087583
336.1098983818308
335.02344014093933
333.79934981675353
332.57752164405946
331.6298379730399
331.09166220501317
330.95186713902535
330.96608888591265
330.96283206083933
330.90425710571543
330.6964453094264
330.3455554794584
330.03900813263294
330.02928261445936
330.42346723320026
331.1093261250354
331.7848182538579
332.29193220265324
332.6989265211948
333.21677577476316
334.00571781164405
335.07213982255354
336.5016341023694
338.21298273463304
339.94663737363896
341.4747273202886
342.5964245380318
343.31115598420797
343.79363809572567
344.23812300308384
344.79234635915014
345.4953515162773
346.3876478957359
347.3939290784795
348.3552072318996
349.06575159383726
349.27863475768265
348.91213828550053
348.02802655824564
346.7181298882678
345.25014327858054
344.0396104856908
343.2400317293283
342.8227450924042
342.75914809321114
342.9957665959535
343.3099646790904
343.4393144575722
343.3171042315016
342.9382271220278
342.3426636344575
341.7478522437331
341.39421084789353
341.2320912480575
341.1619246257492
341.33228129616697
341.79191058092147
342.2145401294638
342.24462338309706
341.8932942130848
341.4396172751727
341.21858836198504
341.340698832346
341.6445245472743
341.9555040812007
342.19232382605867
342.1962065187031
341.89941997292976
341.3616805949041
340.66195694299273
340.0452068043429
339.7155192153472
339.67131571869453
339.78778151203744
340.00077613944893
340.3232634577293
340.53928962017585
340.50460875403274
340.24806911579844
339.80253896704573
339.34000305178705
339.0775795801512
338.9697022894678
339.0793014041404
339.3996803346101
339.76546210577504
339.9541320243751
339.7208657440965
338.80285620881966
337.2715222025326
335.84811253933583
335.15003871114743
335.4624967584915
336.5035033609508
337.6573176996369
338.6832352274888
339.5611950098346
340.2878712026428
340.8554148140564
341.22388305001834
341.3719366341196
341.1621451038582
340.62536625354556
339.9458735561951
339.590624697313
339.8493224146306
340.4436358947693
341.267077677199
342.23581341882095
343.1479480542813
343.84903626282915
344.50306378949364
345.18994283149
345.5506453557119
345.4746006073799
344.89670687390264
343.8965760588679
342.6796663796292
341.51791036367695
340.7386013385865
340.55097058701847
340.77828936038344
340.9124655905854
340.68257609943186
340.07776912375414
339.3162864854994
338.5951771565012
337.9025576132847
337.13126894865275
336.32441063358965
335.6231612587688
335.1380758342576
334.7812753248735
334.4496017762244
334.2008401854864
334.1737351812903
334.490651609464
334.9206067332496
335.0924740468055
334.92342773257496
334.6128434596293
334.4675855951656
334.60396296870994
335.0912159237655
335.888959699015
336.6730179048683
337.2463272474979
337.69617751264605
338.06270342522225
338.27693952975307
338.3075436649175
338.31344631783577
338.3909849622723
338.5047871492851
338.6707311494395
338.9584452836538
339.24009917439463
339.3511870643417
339.2720816177098
339.083716235585
338.7324637850482
338.17431893878927
337.42999967347635
336.4229747103853
335.0060986887851
333.15273880793956
330.6829428334021
327.571551200394
324.0172748855712
320.22599435848224
316.35625759966854
312.3814655359286
307.94665905154284
302.65163646531374
296.03219824248424
287.7487930072856
277.76301104405013
266.5597979547381
255.13660807827767
244.54976965228997
235.1235697145567
226.42692811151332
218.01852302509207
209.90787711995665
202.27631524716656
195.22336817587143
188.9493748726552
184.0134264865742
180.75337442875326
178.74692661776874
177.28893113901057
175.82160250280288
174.02341305261263
171.73360648602682
168.89415553822099
165.6603021187745
162.4540624548978
159.73852206108566
157.5975688556474
155.86561433630823
154.44290596924327
153.43744104683364
153.01739017244438
153.13642019133664
153.56292193502082
154.04056511685374
154.36915960460718
154.47429278465938
154.49691525345366
154.65011059381223
154.9915767707241
155.44769937280148
155.84460500822868
156.02694946195754
155.9712799220131
155.7306905459701
155.34332046533567
154.80885142575912
154.17375003624457
153.6094543463439
153.32866174671096
153.4079444027255
153.78431204024844
154.3434138506179
154.9570871086689
155.57727901078104
156.2909273821373
157.22677457962158
158.40281869171247
159.69268194359702
160.93993963365
162.06240687391156
163.07920035775004
164.12333440938497
165.32276025247907
166.79771300305046
168.5951646327021
170.59974918609348
172.59657444447276
174.44381853242538
176.0765140206027
177.43354656983368
178.47187081438938
179.15637883672287
179.53829153352163
179.74576700702067
179.83457652994747
179.76259527629347
179.4985526948727
179.07170800580937
178.54877446035744
177.96438339599163
177.24515964408224
176.31312272832713
175.3291521933848
174.57884779868152
174.11147643712349
173.80013759032076
173.53571409383397
173.17598564306155
172.65849463102205
172.00091481324426
171.23761509824064
170.52259687046381
170.0287404466563
169.82453421694458
169.750380442815
169.6542459551063
169.61193956510732
169.74131746364253
169.9776875889453
170.173973572628
170.34647910920177
170.55794164585362
170.85225285909087
171.25317584984214
171.69658202890724
172.06158683834394
172.18791686223244
172.03406638093819
171.72352978812646
171.35316896010602
170.95976984539584
170.59667582273389
170.28699858473206
170.10820678083144
169.98387709390397
169.76908596357575
169.4852845062473
169.17081304098656
168.74691051683277
168.2474137408758
167.81784878551844
167.53569705049551
167.36309675843364
167.26395485876796
167.27741918931386
167.42940209155452
167.69208641792784
168.07109634399072
168.40948938901607
168.5637768728207
168.6666075628341
168.80565769841996
168.90713912467146
168.99650943908983
169.1480354812937
169.4005240820982
169.75121428093098
170.0985722744594
170.33735743631448
170.4801691710371
170.63434706578155
170.8990442728421
171.24755328076327
171.55045089849676
171.76785894044522
172.01629458594147
172.37583274596824
172.72915742804543
172.91039840070954
172.91350013605532
172.81391911606173
172.63362548208417
172.41816966044618
172.19213312598072
171.91595768785052
171.5215670985571
171.10437470376564
170.86472794412066
170.81761297729014
170.87536184533846
171.048803830082
171.26945529285626
171.4461901697252
171.47958333092345
171.2551343056537
170.86950360479082
170.55488031596616
170.3966878649958
170.28707206991893
170.1085106371639
169.93226183494116
169.8423234137416
169.7424946883597
169.6487830781703
169.60283741703014
169.53934881082006
169.35469204307768
169.0978785062883
168.92924779164937
168.86972914586408
168.84237069287568
168.7316240730076
168.50451827086096
168.19646325477072
167.86566304973243
167.57655995285592
167.2953495621751
166.98752591978163
166.58376562607526
166.15948862827727
165.89796738671865
165.86517606443564
166.09395851746706
166.49088406999883
166.88616623922084
167.22439326227118
167.56191510641077
167.91544043614144
168.24255003261896
168.4638314687898
168.5785849840281
168.62760560130556
168.59554579626237
168.46725505188766
168.30373585687337
168.19640126355384
168.25795153241125
168.70534779726995
169.7523138888866
171.15129169688817