382.8905022378872
348.60225961442234
313.42260135313444
291.12868794445905
279.84522321073996
274.19971405329375
271.50188373325676
270.43526200000355
270.15238476606265
270.061493213759
269.8363119940328
269.4494319646095
269.00889678078454
268.42845777081646
267.5839978602278
266.73126581584347
266.38384726861386
266.6695835466711
267.1660088796956
267.39247907543074
267.0862700956629
266.35759309552674
265.4660778393053
264.4874870214684
263.37615561812066
262.07038970659386
260.58494732167605
259.09053351590313
257.80506077772327
256.80529702824833
255.99779354372947
255.26052232036554
254.55694471560096
253.91206043531386
253.33577454332107
252.81364564174265
252.3442506487989
251.94677803603253
251.57735136323222
251.14166728360286
250.60165184092475
250.01173816219438
249.53664335715078
249.390780921618
249.6804719152658
250.2971284050782
250.93283533673753
251.3842655233733
251.82785229069282
252.3859545490253
252.99691240831473
253.56060405848442
254.01450049843487
254.30718502363985
254.4612355059773
254.5760584090071
254.67525860941922
254.71992332711224
254.6854990706671
254.5849936780752
254.49053222786387
254.49954055302098
254.62210024745693
254.7907865775018
254.95149506013894
255.1208547331329
255.35435589446806
255.6434022789668
255.93821775155334
256.2599786199085
256.6714175425886
257.155946132134
257.55262443001953
257.6562129270037
257.38690066416615
256.8873907226675
256.40267513698166
256.1017662141169
256.0439871883468
256.243260024189
256.70950796910506
257.3949750304621
258.1829137478627
258.8823168200471
259.29419520725196
259.3518848824683
259.17161880805065
258.93725558064494
258.717493820137
258.4352393930749
258.0188880155555
257.50703898630604
257.02849256823816
256.71134359724346
256.59309303258397
256.62717387867224
256.7072725660264
256.73013368537374
256.66741037331565
256.57743481348683
256.556438157033
256.6225327443045
256.7515288514774
256.94035533286325
257.16898857814726
257.36716757978525
257.4602839780092
257.4027582805992
257.19895318931094
256.872133428035
256.43025102701137
255.8776397976278
255.2448046699696
254.59880756442124
254.03950877161367
253.6938388590775
253.6838929643413
254.11338436348382
254.9274358426081
255.91884210543407
256.8636163637432
257.5622837209476
257.9001496442068
257.92359593809414
257.7108491362803
257.316370359805
256.8050929665012
256.3035897676465
255.98194973389695
255.96900181492146
256.26702071698196
256.74146482470826
257.2234913663534
257.61471161447076
257.8748302657141
257.9840891895827
258.0038795956614
258.02705367202003
258.0950543732581
258.19840406327677
258.3378587266138
258.5235583578075
258.73962004072933
258.9801078891968
259.2890556794776
259.68155270583566
260.0415912670766
260.17538052257237
259.9901685998184
259.5961821193106
259.20645346491295
258.9997593753187
259.01276373550786
259.07107480018607
258.9997494976119
258.7681910020717
258.4450262677201
258.19957125791586
258.221617584863
258.63454326696944
259.41746546417676
260.38564163915544
261.2701197994102
261.86879041230526
262.10950132098964
261.99955939564677
261.59307122131594
261.0204280578495
260.4690979295291
260.1009957464794
259.93100372400033
259.8516452513878
259.8225376787505
259.9147584211566
260.2669584239348
260.9214230076009
261.6802354560827
262.24425277612943
262.358992179925
261.8796595854825
260.8391606471564
259.38485408109767
257.7123815331859
255.94990997837516
254.1225759859014
252.10245427061108
249.6612268416278
246.60577832306717
242.84359288786578
238.39943063316022
233.39807365007243
227.98781453640285
222.33169262889217
216.3042201756849
209.54822428330164
202.42283941260115
195.65697444680853
189.5718666491664
184.24552035838303
179.47565871039987
174.8006658906153
170.04559484128026
165.91107757040018
163.63025625112323
163.68259940011518
164.9880279841798
165.74369153680487
165.02188518496095
162.69378712668134
159.56456582047042
156.94724219360876
155.5495422258191
156.18294095374523
158.04319867347982
160.33072782837496
162.96302354920044
164.9183147251548
165.92543463229237
166.51499798570916
167.13113460591248
167.86849216542532
168.5104698739512
169.00092109272117
169.2879868779054
169.30670054828363
169.07180832686538
168.69022013602964
168.3517152065137
168.33460169495632
168.8992256137516
169.91112950893825
170.88344059138433
171.45422628886706
171.5992427700894
171.51832533818583
171.51196874488977
171.66098665131761
171.90068759801966
172.1760638175137
172.46452012200663
172.80388576240543
173.23695430061474
173.75808022585818
174.3451430523608
174.98318786795286
175.59239515071354
176.08161326167965
176.40897512952725
176.53041514412223
176.45216867851093
176.27608110320747
176.0773401394367
175.83052315398754
175.5222028592442
175.24798855340768
175.0895307062581
175.06209117914034
175.12656510780226
175.24347070064883
175.3897772490142
175.42056866846366
175.23526189807862
174.87581281639794
174.46231228821523
174.1731533706485
174.02907963853448
173.88159399980444
173.68538796861895
173.5150218492365
173.34612967139546
173.13132965130302
172.91103909931198
172.7784671297408
172.77184882045634
172.77805581483858
172.70205091487645
172.5491509552337
172.41643592771817
172.43790965780894
172.6495630703725
172.96442673142408
173.19594631305165
173.23522741484672
173.13016334733086
173.00734929492904
172.97758342133693
173.12979115379574
173.46298099455595
173.82346910597144
174.06073949646907
174.16414287553712
174.20458946580044
174.29585562541564
174.50108836814752
174.74278038057687
174.91754819401913
174.99059560444687
175.01519601608908
175.04140154504827
175.09689215173896
175.21591785398243
175.38402095262353
175.46652101007874
175.29022240636527
174.85277834434376
174.29996074943264
173.82361813245757
173.50809720424454
173.34333200216832
173.27620128651233
173.20356690168512
173.0558897567615
172.81506635769819
172.51137054771615
172.18813934135108
171.89522767296216
171.68147528057182
171.6073325256638
171.77862413608176
172.26576367159072
172.97877287348095
173.80460306077094
174.69434146565553
175.5937938486415
176.4144335678145
177.02540677230434
177.33625175063406
177.30224738276561
176.91814640962073
176.23634431645002
175.39178121345682
174.54861210913168
173.80957857216626
173.2303829873775
172.8254868444746
172.62937955852107
172.7074079925431
173.06715785605192
173.60381330663023
174.19406156114164
174.810099624558
175.38890094869777
175.81023492530989
175.9538799526829
175.70399876129693
175.13232787430508
174.43121451285742
173.74576458662605
173.20151629323078
172.86716423376495
172.7759916919713
172.91409060891695
173.20323753882303
173.57804952671847
173.95183936306103
174.1773416261036
174.21404099479554
174.1347571215024
173.9998094050303
173.8560106783703
173.7281021513902
173.62594959084205
173.5699898352893
173.5257132604874
173.5231327256808
173.62890819443558
173.81323818339067
174.02119109648092
174.1243049410993
173.9798491676344
173.59380979116773
173.03850735925994
172.37032717833858
171.72915060197877
171.2169249518104
170.92406721578197
170.91567638933424
171.14875590613937
171.574559820001
172.0988784353632
172.59379260243352
172.99910434578965
173.28766640922026
173.46630537376114
173.57310010542773
173.64164963011962
173.75023246231942
173.9792062981179
174.33208340839974
174.73045933357386
174.85939999649625
174.57335874096304
174.28666364045517
174.18111115812258
174.13553333184896
174.08911165677523
173.93034942059614
173.42176399429906
172.35757319604298
170.6381858121303
168.82605469661792