319.8604339801338
307.50030401578664
291.97353907796935
279.5023265993774
272.1871264883142
268.2818710240566
266.6233790645208
266.382975958741
266.7182041425429
267.0431459741689
267.2222521130891
267.3116002665208
267.4167733477052
267.65853191840455
268.08879163553905
268.7607040005075
269.6754064308607
270.73129859789356
271.82906873789784
272.8014312152997
273.4823985101276
273.7817697866326
273.7208931799364
273.2681366666778
272.4834135052085
271.4756930505346
270.3194433812092
269.0335214759116
267.43643883938796
265.4101415418004
263.1262484044556
260.9084462430542
258.93973853125044
257.2741926070235
255.87581971621424
254.64095875969994
253.48650574121731
252.45000308945117
251.57518561125977
250.93284638529184
250.52903488360252
250.31167706189467
250.22277598649578
250.12782127945695
250.05552141507695
250.25061850222232
250.71315113123566
251.35474533726716
252.03712163537526
252.6645909386869
253.20641711165263
253.64734712909302
253.96698069705735
254.17649851698823
254.3554105113738
254.61024852927494
255.03970732883477
255.6480699338943
256.20078360304404
256.4142308234043
256.28766335715443
256.0578544022171
255.90974485548708
255.7826984886222
255.44565614164733
254.79738027582553
254.01520695025448
253.34983873088714
252.9912748014844
252.9669403009778
253.1755475282633
253.43792544521887
253.62357765032726
253.80378814814947
254.16590687941624
254.7894562031348
255.60039618489313
256.39906089324757
256.97643860548027
257.18803518951097
257.09361479219865
256.92348241422417
256.97718602245845
257.3637721245024
257.9454483333118
258.46893776623483
258.7469145239833
258.7988178981691
258.73951652205756
258.49063113023226
257.9477270482282
257.21163614234047
256.43578519650083
255.89878568283908
255.71304094023213
255.77078247652756
255.87156587404831
255.84381830770536
255.7062996140657
255.48766829993096
255.2180755338915
255.04351036693785
255.2130999919701
255.7616360556801
256.50395616934276
257.18322606937056
257.63164423403174
257.8608613279492
257.8949939046797
257.71670851413205
257.3966951781681
257.08474074300347
256.86964111069074
256.7089080680679
256.5813435158716
256.50707522162634
256.41513960487845
256.3358835300451
256.3702925157754
256.5497969111008
256.8629274604439
257.1943452352724
257.26423487316873
256.900092138284
256.2307883816284
255.54791401029058
255.0327252627687
254.75760520201337
254.68480051535437
254.77023613494754
254.9846399822818
255.26069342130194
255.51195542045934
255.68745323628988
255.78082504532458
255.8376004927297
255.8565952752194
255.86034787708778
255.92587784957044
256.0516748664364
256.18430281982984
256.243364555505
256.21510541536384
256.16143871663206
256.0904660387321
255.98630043301594
255.90122022141884
255.9428034240858
256.0922193822845
256.20820317444395
256.2693819831875
256.3927919168394
256.6091462007131
256.80014451962325
256.93273652135565
257.095936021624
257.37642837928473
257.6368380519907
257.7150015596669
257.55821441583856
257.24080598326293
256.8942953781518
256.6573218108913
256.6560541576971
256.91530957065436
257.3491915643094
257.7712469730542
258.0909551034163
258.2540552222215
258.3107058379021
258.3893488148274
258.49625331194443
258.5436335734606
258.54874810986996
258.5729222635166
258.6113873241324
258.60376300636983
258.49682160275836
258.24318263399766
257.8205505763459
257.2663322609635
256.6167031575134
255.84810195493372
254.95831589386944
253.97706786887125
252.79596138517516
251.2684764418225
249.3720201971537
247.15546214977388
244.65342669626992
241.8232756450454
238.57204938917042
234.73061206356144
230.18626696765742
224.9674401121414
219.174049799185
212.96295714280075
206.5868489029542
200.37828811806526
194.53534528697708
189.3381635750053
185.11471086096898
182.24708069098878
180.62564510619586
179.7813037405299
179.34522750087964
179.08300033917016
178.75240462910745
178.2059195733612
177.52513357473546
176.8075342422584
176.18924053540493
175.90049156500814
176.00499687201014
176.34577730383486
176.69010270523046
176.87231693883496
176.8892732340113
176.81965700168257
176.71550529708094
176.59255478606377
176.47495930123898
176.32146694210627
176.0627734655996
175.70606101038214
175.27617636207253
174.7483681101903
174.18734554959883
173.6867151151007
173.3004762621846
173.0284257555927
172.80701246315817
172.50414466978734
171.99402695727088
171.34447344488487
170.7638247149934
170.45383642167866
170.4784863227261
170.75176575911286
171.07476493594964
171.27465264411035
171.35158305423255
171.35084651021245
171.3117649952011
171.31803410958753
171.47479705622482
171.79574272519204
172.24927208479454
172.805679762612
173.3263781620258
173.58020491866236
173.48604309330392
173.15810926671776
172.66152764188834
172.00743335140783
171.28919343718218
170.60075571222183
170.04932539397157
169.65605555708734
169.44165810177125
169.42786670225527
169.52803944830555
169.671308288751
169.83578468526161
169.99273985798933
170.08746864215715
170.12571990935226
170.19988991840358
170.3327767923821
170.47290954888877
170.62835456933863
170.86477201352102
171.1142064221604
171.16495158012904
170.91208518525048
170.49174955665976
170.09787707262808
169.85221101966482
169.73131581096416
169.7509554802958
169.95377592655305
170.21557236902385
170.3509626301988
170.3095352707535
170.24069456122433
170.275560483561
170.36044536123316
170.48989441753923
170.77211342807618
171.1353121672849
171.39990173463914
171.57465969963948
171.6408702693229
171.56011683091572
171.42996647345936
171.3304431890057
171.27061081153548
171.2263648029013
171.13870530049783
170.954573238359
170.6937795197755
170.44304677608943
170.2628637325379
170.1545605960418
170.1788080277109
170.34710167736313
170.57566028174818
170.74318855833508
170.78600151887522
170.7576336465369
170.7602652493283
170.83088940085128
170.9079191715875
170.9029226270133
170.81542844060542
170.7494341872894
170.7568651349166
170.7587776122787
170.72391593571933
170.71565557733715
170.79186098052588
170.95035834832768
171.1663033464725
171.42334496012484
171.71794129071577
172.13728109843044
172.67655766552457
173.2904686464261
173.95330142536122
174.52762931501837
174.8645213429179
174.9650778913806
174.89837128468469
174.76412921948713
174.7474941435998
174.925782848204
175.14713567480706
175.18458273419947
174.91388028957158
174.45134250783454
174.044102720944
173.8643518698608
173.91733726661926
174.10738508799471
174.28696044999577
174.35415344759542
174.32982073343723
174.27666408591878
174.22628095124398
174.14950671275645
174.03354118460285
173.87553188483832
173.61729226192978
173.2622944950566
172.88850056628814
172.5518077817377
172.30452761095302
172.12677642116518
171.98049980963845
171.8950550266714
171.89899817309185
172.02197589754496
172.2407347569437
172.53671459756524
172.8629962411548
173.08438750341662
173.08189186398542
172.83617974472315
172.39812566369864
171.89316447108843
171.5032094391917
171.33881043105146
171.4029100418425
171.66113777737127
172.0492503924415
172.47388688192925
172.93204122448628
173.40237762059317
173.82371039990568
174.14897205277185
174.43722801251724
174.8537210273832
175.46998717654355
176.2160581647808
176.96462932142526
177.55910126093892
177.91239716038297
178.08762536217705
178.25547870285848
178.54422189447425
178.90864226250596
179.10820791403123
178.69752721473822
177.30113605938143
175.0492890858304
172.4831300860135
169.97961681350222
167.3207919684641
163.9930857207562
160.03622062820463
156.33028668216295