226.00330853400786
222.87653056519687
219.32619108812628
216.4914668579231
214.91440004131823
214.4818940953908
214.84236672096392
215.59470735327585
216.48377102574148
217.42291641964562
218.4876639613033
219.63388733073015
220.66604168385706
221.35654072003368
221.42486019780617
220.8051336565834
219.73643583383824
218.50389911380694
217.2216690078642
215.93954351051767
214.7704694002591
213.7351380640153
212.9293262712088
212.40555446783395
212.09552423815697
212.1588076904213
212.72171047748964
213.59532578775543
214.48218843183122
215.1633732664903
215.6000862515321
215.8009622178047
215.82128175740428
215.70641649506317
215.53822865585178
215.51464740015803
215.6441584582556
215.89531147333395
216.3375275802719
217.05472680732527
218.05056677145942
219.11205169588817
220.06460179905866
220.64925422199462
220.62024064789543
219.9485885792955
218.8467001290184
217.6939906500715
216.6930591287728
215.88418685279893
215.16712837599334
214.39983184978405
213.54307632006908
212.67856628869276
212.0076678447586
211.66165722843706
211.5570289058888
211.50255655227753
211.3690600228733
211.20185965955793
211.13428755153717
211.29613604873663
211.727517123823
212.36767516294876
213.11011635284436
213.82469600479436
214.49528010951371
215.0749113410558
215.5801666461804
215.98685822619004
216.32868756756153
216.64861871884136
216.92076338708003
217.09512628141653
217.1622168303066
217.16608266872203
217.11565797967666
217.01490655434526
216.84084665764425
216.67389919427703
216.5130658853007
216.39788494941897
216.32773381164048
216.30735997631788
216.23872828951158
215.9729294961303
215.5432916602457
215.01686529397693
214.4968521783749
214.03460975293243
213.66260525578434
213.43137422531697
213.32190355383244
213.33498075010888
213.4379771379326
213.71540478421483
214.18806234281453
214.67906112782177
214.85733758292633
214.5949737927288
214.04897508336362
213.51409321493225
213.28356401890068
213.32618390538184
213.5173818828568
213.63436509258656
213.8131671462106
214.12914249380034
214.52199790431635
214.94119458573712
215.31527538234184
215.54630329659454
215.62636271703587
215.657392748824
215.59184138958545
215.42821063858935
215.2757797913467
215.19493428453407
215.25851848593126
215.47576282882991
215.81040365044697
216.09576104265108
216.18134272668306
216.1351833180083
216.06334469571192
216.05070189984167
216.07041749433688
216.0106867823632
215.84155092307878
215.65900297374623
215.47790878786964
215.406255512912
215.60779185118398
216.0093855493284
216.55291181946075
217.0707965881611
217.41423169046485
217.54902491329406
217.61309641756026
217.6991529335779
217.74463049006934
217.77243294398312
217.88631343862502
218.0199665307917
217.98623168247252
217.78389658388755
217.57784926317558
217.58377944368362
217.83372738312283
218.0818805902278
218.1177269709109
217.92166523420136
217.55709311295632
217.19417230265424
216.928273912814
216.8357502596688
216.94052586833948
217.2367557155676
217.73904095744734
218.32523739854886
218.73212184836046
218.87141858255677
218.82254379443503
218.71591578132848
218.68370533645773
218.6947396348176
218.5936887116028
218.3305357376013
217.91398806908478
217.46975913801484
217.21384598702605
217.23511095202403
217.46565876022802
217.7190121861321
217.81561764220123
217.67609426375535
217.29532001932142
216.68022802945538
215.8936223455637
214.96238313098021
213.91001031073057
212.82385177243094
211.7766616384481
210.63099694702834
209.19418341524747
207.32326793119344
204.88102857959205
201.8468503098501
198.27190081299213
194.28637597857966
190.0015964684295
185.8258030948159
182.253142107121
179.3170338273638
176.56716101286872
173.85592798698934
171.1942201809809
168.4970274361184
165.95086227363353
163.86615994690834
162.38866273786397
161.46158171074904
160.94524490877922
160.63986005528085
160.3435528929094
160.01386592849565
159.739142560605
159.63024479601881
159.71574436876193
159.9941984156834
160.5707644179559
161.4359555606685
162.33452603698038
163.0341335738066
163.5421951919575
163.92964264977115
164.28989257522892
164.71798810470398
165.25533999358254
165.83862622444428
166.2979872294237
166.44349815427393
166.2621919367089
165.88408858037673
165.50524944611436
165.31749956776426
165.35201413173903
165.5273400945174
165.76754664100503
166.1037756814093
166.59162371573402
167.15422520412034
167.66464844452665
168.033934964148
168.17759740078066
168.04364338309367
167.69608913257764
167.30901844649665
167.08223549921382
167.12180547007972
167.42192647254888
167.8897331411018
168.35841895739534
168.6946453160626
168.94167816409995
169.21265034833303
169.53804170677333
169.87269026969258
170.1574500410725
170.35993169069346
170.49540582294057
170.61236122117847
170.8090253862993
171.1823913906423
171.6973940111552
172.17152003838316
172.41043594897707
172.4112907062713
172.32674707026294
172.21347286515277
172.0680697751222
171.8400045603845
171.6051929316642
171.58964557179775
171.8623017177414
172.28138777382912
172.68094225535035
172.97731190108763
173.18230217143153
173.2585662099878
173.12463229369527
172.79582687366556
172.33287749775369
171.9336391783528
171.70714490435984
171.59184894943212
171.42034023250395
171.03906299672667
170.48361457033465
169.94885150337146
169.52050952519292
169.28104072968378
169.30313598069353
169.5449669587075
169.906705293296
170.32781761011722
170.8310645504997
171.36458308478404
171.77693918798585
172.03241594731597
172.12690400451203
171.99933987305576
171.77041356637974
171.62749303758346
171.72509708145145
171.94282737019705
172.06462508233187
172.0244003112661
171.87998049439858
171.7749361604719
171.75030882736385
171.78236179155797
171.72809676378108
171.4819384371765
171.08789437230104
170.66617422915482
170.3737437529311
170.23137156790614
170.03463794222483
169.52135684598866
168.58954744712995
167.54443974453952
166.7704374091673
166.1958556085385
165.71497114638007
165.2025263991332
164.86416377114156
164.90909917592876
164.95424391175982
164.78258556314188
164.44271720752008
164.22228892201468
164.36375452878622
164.7707658489956
165.1969382291794
165.45944538458482
165.5146198709732
165.4836287290149
165.6211072437719
166.0539038052608
166.65355121853426
167.35118451712506
168.1057510884984
168.8053270587207
169.39768005837328
169.90293543439066
170.27619994111618
170.52248032720436
170.68640756929972
170.80231435888584
170.86857100302075
170.86714762388942
170.7784525875823
170.54604795828075
170.07941162943467
169.40184007009182
168.77805667508886
168.3328121446511
167.91850028647957
167.4775793220936
167.03795614481857
166.69937105942472
166.43900356411845
166.19150256123564
165.95060933488608
165.66673134802278
165.31250650605693
164.96204845698045
164.63691223728756
164.32208773399606
164.1305184683068
164.2050740082156
164.5215788811763
164.93811550968738
165.3355970885694
165.68033117807033
166.00350048642508
166.3330034838068
166.69640750400754
167.1677097264003
167.80722778945912
168.58373974333202
169.40207886807232
170.19536771971494
171.00762279895898
171.91135375890772
172.918053312825
174.07922918715855
175.42190576915365
176.8190166197569
178.1391652336909
179.3348126291204
180.3554908872454
181.17793459597132
181.73027889174458
181.82889039811482
181.45648841314747
180.67615008048045
179.25464152339657
176.83680138597128
173.19313009800408
168.29404646739363
163.59563400198482
160.7609092808565
159.29659814512584
157.57391323804407
154.22864396368067
148.08359507935603
138.95469805797043
0.0
0.0