323.9403523569773
316.16979279708266
309.4740041847316
306.8502975885839
307.0569955432237
308.5185544911036
310.3116165311559
312.12980160239925
314.16151067357004
316.4375197051244
318.7716880689978
321.0291814382921
323.0298969063759
324.76777026247487
326.43076009112247
328.1357781292229
329.9017373586164
331.6243059912433
333.239100362706
334.7938139796329
336.361153537556
337.75281723656974
338.64478507155184
339.01499447659614
339.03001682823475
338.7419685897904
338.21973785781984
337.5973500339501
336.9377795431558
336.33409984753865
335.9045735652463
335.6130076178688
335.4514190243119
335.48005266524734
335.67673408194054
335.9758495964571
336.26172029635455
336.50782600044664
336.6603494362763
336.6695285756301
336.5639246217375
336.45392515445775
336.5198722815401
336.78100410322526
337.1635356618108
337.6722994321937
338.2266746241338
338.77776604909957
339.3408774915506
339.9844762013376
340.745187207558
341.50664091157535
342.1390028613684
342.5696558031124
342.82433373295225
342.9844787871147
343.16759782722914
343.46726783542607
343.9275911276287
344.58396922013094
345.3903456225874
346.1550204648223
346.68920483008924
346.84113936437916
346.6140819909251
346.22326730498196
345.83839627458406
345.53740757640577
345.3525206012106
345.1867996630545
344.9999327497406
344.71606705655677
344.25831820491277
343.7310087991524
343.297100352485
343.0084763756525
342.822842059541
342.63781470274904
342.30661354807944
341.68617350919004
340.82296124647024
340.0016763591891
339.51034152385307
339.34596031036403
339.319505008664
339.2817211640965
339.28090713719433
339.42183334337864
339.67528855569424
340.016848354458
340.4752622197966
341.04953328161065
341.58292768229853
341.77205847219733
341.45033681527156
340.8494805582579
340.3048772826785
339.98697645271164
339.87779844486863
339.84403796242066
339.7024388543581
339.2494452456509
338.58308440978095
337.9222445046181
337.3428883144752
336.87814582372346
336.664035067981
336.71107573908614
336.9907112212907
337.4395610611502
337.9332625015546
338.40701961202194
338.8499238730029
339.10711370510745
339.0794922594848
338.7553650997387
338.25633188256677
337.7959845427918
337.6048211089086
337.70850223916847
337.97672259149914
338.3181494903079
338.75308796224243
339.3046505006903
339.9683207447182
340.68226318372484
341.3358472813036
341.7801215827949
341.9022398315546
341.67365561516544
341.1646721917649
340.5324749459764
339.98341645224787
339.7613870893939
339.9933593030134
340.5021045310791
340.8842989178972
340.86020430650706
340.35559488676176
339.49577645622657
338.50839300328573
337.5705769279558
336.8764706224609
336.52286255389873
336.4433645460804
336.5524036772245
336.7591651995316
337.0353715143765
337.3661795065385
337.66570927078874
337.9445819320687
338.23150460555905
338.4629581911033
338.60025814559907
338.57901176139114
338.3812634771088
338.0687414648463
337.81513740493773
337.857263915322
338.1778801935163
338.57857836211036
338.87161730060194
338.9675839015987
338.8102132942569
338.5068388656134
338.23543467238704
338.19242755301553
338.54291004222557
339.2183647227588
339.9780652644521
340.59570770293044
341.00851531610374
341.3213195994412
341.6258236242664
341.80679944127274
341.7954262991746
341.6040610157869
341.2879155043348
340.94888124543274
340.54163044350605
339.96151976066824
339.17858306718426
338.1943091389634
336.8335727981227
334.8491951322534
332.251879071388
329.1859274816886
325.6591406940904
321.4338619941438
316.10533785766677
309.30180566517083
300.9602010539867
291.26829322781333
280.28875636483707
268.1300038399787
255.0837851318661
241.9500158469221
229.7310903157777
218.6059463780753
208.2378059543082
198.43305827946162
189.37733767650818
181.62267587320105
175.6736861396222
171.17855791017837
167.2988845275614
163.67620703127426
160.2254576977346
156.6540093909927
152.77182294432816
148.8650485785061
145.5264612972881
142.98168578658624
141.14708500447466
139.7760460568114
138.8596917153356
138.62997643628273
139.20987832470607
140.50528275023856
142.2322101249469
143.9257799968711
145.20312088441
146.03728120588588
146.5695877370964
147.01075946481404
147.63547888274692
148.6368114003485
149.99140476387137
151.54707105871503
153.14329354163186
154.62967459836165
155.98277779083926
157.3230172835597
158.78237346408784
160.36461466238916
161.9570857365071
163.48927157961057
165.00795535189113
166.6002222980332
168.28462797348726
169.97493005799785
171.5171393478189
172.7740786319126
173.6653607979602
174.2162074286858
174.56892878140948
174.90876585202915
175.36489344233973
175.97687845046187
176.72510117205786
177.53983591701424
178.30791375127518
178.9137358551426
179.27645489046057
179.34093481896016
179.08665707180987
178.56496876733516
177.86521837496085
177.04031282564472
176.18993478181238
175.4236893928242
174.79636502835336
174.27163138869815
173.801145220237
173.38535618064466
173.01161160972092
172.71956998213534
172.59904503796895
172.70986862357148
172.9764637852735
173.22358122683391
173.2901753280655
173.1134975708793
172.79828407484302
172.4894102903762
172.25369040846874
172.10549326739232
172.05264048807967
172.0811092058921
172.1293234030045
172.12692963116555
172.06267239991683
171.90946099778873
171.68267001271062
171.49813710192342
171.49033372015953
171.6825226921035
171.97242129606195
172.28662333346216
172.6620677927431
173.17103541338253
173.81066834554187
174.42996832723676
174.82052359003092
174.90633450578073
174.77782641704266
174.53431696945165
174.26915603523128
174.06053724193345
173.90648800150106
173.75819432654941
173.5689302640703
173.35501132943574
173.19881702179055
173.1199216967783
173.06079968227402
172.93458661470493
172.679198849399
172.25586836516956
171.66858538570952
171.01174987292904
170.38884000613336
169.8895961686971
169.55273202828712
169.3497572128603
169.21132871404882
169.06121521071782
168.8867235956359
168.8134781940177
168.85652800012724
168.894529800074
168.82464805134538
168.5892827065578
168.2400376294769
167.88203166839315
167.6773439869678
167.7607877270163
168.07715252319315
168.4542252939618
168.82909170007858
169.1720097124911
169.3832804085942
169.3631278932143
169.1471286471932
168.90153388655935
168.7290808038972
168.61112892324613
168.5250467973195
168.48260748741876
168.48422460248932
168.47774189613958
168.41699604561015
168.39303732195802
168.53151221993414
168.82580148717648
169.15977346139192
169.40065045281082
169.45308969448143
169.30031028003967
168.97904484087024
168.55543301345014
168.12737020926923
167.8332076888563
167.77825955396827
167.91058427054674
168.07000185344538
168.0988959527046
167.96557268541065
167.7287410821908
167.47062409734795
167.31822866038308
167.3398248881645
167.4903699528289
167.70977703414593
167.913481499208
167.99158510191023
167.89893483378182
167.66455001504488
167.42099418270448
167.3171786840748
167.42428743511564
167.70987163156815
168.04909121939573
168.32030065518654
168.48462599339663
168.55556153606966
168.58801591171806
168.6896865556053
168.93926947247726
169.2942078432879
169.5997961826165
169.72378038706208
169.6413894159143
169.42024608701465
169.1641251902705
168.97214168067399
168.89023967908028
168.88111586939485
168.87451885681304
168.8446496465387
168.8403128092427
168.91800550182055
169.0802403550167
169.3110686442124
169.50623291889724
169.51190240580542
169.37990117605875
169.72352080726532
171.9332748579495
177.60712880352688
186.31114688275937