281.7548236208472
270.1782387517228
256.28912988370416
241.91379654742394
231.03424523443152
224.30399032113877
220.26616215209543
217.83926799029933
216.673732401314
216.5012035762063
217.05314367793588
218.2046083413996
219.7679151840918
221.48210074357002
223.11696693413919
224.50704623562532
225.54218519272473
226.17377681118404
226.46930710665674
226.55079269076543
226.46055663801909
226.14413996873293
225.51392511102853
224.5318878149559
223.24779330638984
221.84379433694681
220.47765090360593
219.30611067684666
218.49911181866733
218.10217833852664
218.0803596558943
218.2167379811536
218.1790939872526
217.81030109708007
217.29159868562238
216.8217194717229
216.4954286139165
216.4266988985323
216.68330864354422
217.15300730038257
217.56619708398375
217.75393393211368
217.72138723876327
217.63083329866498
217.6636449306202
217.91802490614788
218.2150481563858
218.32680456787486
218.12195759378363
217.6437880800167
217.1270989864008
216.8736166577326
216.87294815291392
216.91314124773857
216.82721822673417
216.60255885608984
216.2721844573186
215.90685937384035
215.66728191602988
215.60333807418706
215.6171982411818
215.64013912912594
215.59026031939283
215.41869451911708
215.26612372476336
215.1214901810372
214.98750787183113
214.910562203609
214.88833010913626
214.89539526022202
214.914823833048
215.01039212707082
215.24472566161504
215.61722900143366
216.03525941474444
216.3938593408573
216.6269111288922
216.70548895387017
216.6686097596676
216.62157621650636
216.57336808412512
216.32853767608404
215.81073127391622
215.16130989757417
214.6667025893017
214.5494572242727
214.79570975615172
215.28052293567356
215.79950820950882
216.21453125251963
216.46048448833994
216.52861974674656
216.42697816408176
216.22576773238734
215.9391866860234
215.56896457378892
215.13329267279988
214.6695161255288
214.27253238262944
214.0041867704453
213.95882020568723
214.18512350210773
214.59483441685305
215.0432260390706
215.3711137276543
215.4644431298243
215.3596908168024
215.0860922126484
214.77810489552553
214.52767250230627
214.37902308764288
214.20129918561457
213.9220806456635
213.5858159682397
213.29883755134975
213.27596768884183
213.61890728323132
214.18025453118625
214.75671811451025
215.14143536798167
215.4360114724216
215.68106080700048
215.9058291652148
216.18027094476514
216.5122123003011
216.83147195765278
216.988560512246
216.87626908779094
216.64311040985615
216.52783143582224
216.6691017350064
216.98260548896639
217.27450590614964
217.4637575698613
217.53607559351158
217.54309905339213
217.5938227113989
217.68993250927304
217.7563586985448
217.71268763138818
217.50689555056013
217.13904501226608
216.6546198655796
216.04438466119268
215.29947185307998
214.52086486031578
213.94517947841507
213.82311250937562
213.98146215924874
214.1995207580385
214.32196675091296
214.31478356180298
214.26375320115912
214.31860839875
214.49480914210181
214.75905720286357
214.957295640657
215.04371241791432
215.00921530900217
214.9124860755197
214.92294626363832
215.23182248570288
215.78021456668966
216.34688999206458
216.82402785196365
217.20697062725117
217.51598778479834
217.81418680898582
218.07957118427754
218.25055977079595
218.29505101561477
218.25392212460784
218.1608413649334
218.04945166839713
217.96485183292242
217.99237321332464
218.16967405027597
218.50698404338397
218.80832244693454
218.83922083930918
218.54858565542025
217.97752344486332
217.3013960064022
216.74058481278945
216.36902176401347
216.11173702716204
215.73583086262283
215.0474360516313
213.98347910069816
212.56417892990152
210.74168046536477
208.59160817583836
206.1888598449161
203.4943602584348
200.54871125284495
197.08118058957342
193.1286721484715
189.04826388510503
185.52427872234705
182.71302215339563
180.58633398871729
178.61573686695718
176.4645441843368
174.19461060809851
171.94061367308623
169.95289952613447
168.4178038162825
167.44457606733314
167.06670322582497
167.0051818310556
166.91036456748722
166.76690870592898
166.75083300089437
166.99562171013218
167.49374470223455
168.09815068625818
168.72356449143322
169.4207002511923
170.13323832400283
170.67278058143935
170.99121621190008
171.18354978501773
171.38845000949988
171.70027579393476
171.96535201397168
171.89646555627064
171.5168220578966
170.96236907950004
170.3637921551822
169.86473864528153
169.54686140394665
169.45242614753727
169.61643708483265
169.88403607107557
170.01548977778498
169.8617552846777
169.46388572902023
168.97652859745787
168.52111451722217
168.1605527634421
167.93218292917007
167.87634011708698
167.9754301430259
168.1439489613279
168.38417945835621
168.84665729124404
169.58218158922375
170.46492987448417
171.276387155006
171.832740523325
172.07363160164084
172.07690961372742
171.9251576434028
171.6777511851499
171.38463065204124
171.16575775914396
171.09145490327055
171.09792128998805
171.14338804659013
171.29472469759213
171.51290564662327
171.7506079303727
171.99035243370065
172.09721471359552
171.98133791540425
171.79653423844184
171.6650276622021
171.5459619300605
171.33139240885453
171.0368945626024
170.7424702013716
170.49981740405843
170.28785814141176
170.03325448064268
169.7904234323322
169.62109702901614
169.55911918752315
169.64547081481695
169.919947526994
170.36949605872428
170.8351275700959
171.09653962945117
171.0355710056557
170.7909636457011
170.57274029310582
170.3941965451455
170.22981486603513
170.14442875784312
170.1390151129108
170.1929094302448
170.32261829093983
170.46764159631027
170.52021518329153
170.5656122696102
170.6896776630204
170.7376336482665
170.65756911785618
170.56860753617752
170.50046498890646
170.37214741062382
170.1756027657068
170.06217532657155
170.13153681584237
170.33793778270774
170.5766521889102
170.7686224921121
170.91398749319768
171.03684007408157
171.13341111881238
171.257473870079
171.37427827908806
171.44810444100995
171.55606616138058
171.75810077935972
172.01779925224096
172.17676196763196
172.14897758554213
172.05011614225901
172.06866710986978
172.23287939316643
172.40780331159175
172.43319329720214
172.23261760419592
171.85672843030054
171.38447091304604
170.93740603128776
170.65279951967233
170.5734939520347
170.6161487145606
170.64559800498125
170.65411155210737
170.6940557577153
170.75851518955315
170.76488903778986
170.69388328863562
170.6236832522443
170.58885369708932
170.49243071485637
170.25060299356437
169.91359858031933
169.56065228001677
169.23674166357407
168.99549715468578
168.882729592459
168.88720460640232
168.9564804153701
169.00609424125673
169.0015964677428
169.0675450166164
169.26497464179397
169.5284678057359
169.86649806856755
170.29984437359752
170.77215952624002
171.2261932985046
171.59069772049884
171.7371767666757
171.63539532563232
171.3443446292781
170.92157428443338
170.40959900278892
169.8657946833208
169.43069995834304
169.19571659432265
169.15304207604296
169.26958113243901
169.44317934871344
169.54580821334076
169.60845092298155
169.70931681790523
169.91487743719864
170.21609105191115
170.53441383046638
170.77327113925918
170.87740458595772
170.90573841845517
170.95035066991673
171.05866852734317
171.25051604366013
171.50228974741367
171.83210078258213
172.33976379211774
172.99465940811436
173.71218923591616
174.44331723206727
175.00119023402556
175.07816263085132
174.64189127297348
173.91026219721763
173.05941054941889
172.21114079215246
171.1947475785209
169.7648647432929
168.08029001319989
166.65413183717067
166.2222531778762
167.0321380834617
169.17425313831345
173.4098330357591
180.02417938844786
186.9891731999456