435.61222553760666
419.2456898797214
394.77825888773714
372.0260398580149
356.79609155786835
348.1776087112811
344.65237273486
343.3028220416733
342.1337352666526
341.2681851928737
340.84667934648974
340.843076031304
341.2114824421478
341.6057113020249
341.8595707655538
341.92385683214195
341.7586928794946
341.4422766549324
340.9629774217611
340.33691321867553
339.72888255328576
339.09529600048285
338.22007143183544
337.0750718436495
335.8938004615468
334.9030636336582
334.0294689813951
333.1695867159514
332.27358430976267
331.30016701300207
330.2178345796798
329.07508520138765
328.0970942008545
327.5126236118608
327.43270518720306
327.91677541942823
328.88386415030476
330.2532047017272
331.9478541563743
333.82227628017137
335.648200756852
337.36113413110064
338.92380584024056
340.1736807522817
341.008170395465
341.45989703062537
341.65238125512434
341.764371389981
341.95017804064673
342.250667056767
342.6931814139434
343.2257891765175
343.7776543354676
344.30614196405793
344.77526023559966
345.15558544618375
345.4312418097198
345.5673818209943
345.5101014714846
345.20929749068944
344.7380983228517
344.23812223598736
343.86130147833853
343.64754203925713
343.5489357085198
343.48377347869473
343.39408349878454
343.2691832984014
343.1642044461813
343.1806909977878
343.42090524322566
343.85863548430643
344.32501253291184
344.77694852684346
345.28246644469357
345.8635965492245
346.44403383013235
346.9243102705187
347.20364938074033
347.2337653209893
347.12582745643795
347.0052648825777
347.01420250921797
347.1268823656686
347.33414729507217
347.5564457692832
347.5903067377922
347.2814367325507
346.6397216344024
345.8474579370319
345.10394525014897
344.5831918758104
344.2797709674287
344.02917771250253
343.6863143557581
343.2160783240659
342.59320386769366
341.83356600436286
341.0874516141923
340.4777519515069
340.0365281624131
339.7593510886054
339.6802362156404
339.84994334553846
340.33958026843356
341.0958783382605
341.8699385831475
342.38406956298917
342.5175617621858
342.3734828646959
342.1468774325016
341.946995459403
341.7659055663786
341.6545707383948
341.6636989766936
341.7321685210084
341.75061925469566
341.76869820755053
341.8816303997367
342.14114482881536
342.48484403464624
342.7525241856269
342.90824622774886
342.9769983578399
342.93032125334486
342.67892635398306
342.3079814349992
341.91788503069586
341.5750245242246
341.3807783331678
341.37351697219606
341.46184001028485
341.4842317155078
341.3596913797028
341.2134962633966
341.09312673849473
340.9253574907952
340.7148628703243
340.51757630029743
340.3247710148328
340.03246149399644
339.6637071149416
339.3282157792677
339.0755704250756
338.94929935661463
338.98777689447667
339.14566585183746
339.354359839055
339.60457888270946
339.88637768391084
340.1836235154739
340.34597008829337
340.32676428515816
340.36675839689207
340.73879628956627
341.3522412129008
341.8529644091269
342.0884334194975
342.14219134552303
342.032900337613
341.8094107971756
341.6104933952169
341.5169478980452
341.50065933058454
341.5206674179866
341.47599145649167
341.3249587434694
341.167963143393
340.9243937265569
340.5381779998943
340.05474480830355
339.6431156246763
339.48194199108076
339.56969074482794
339.74106400908965
339.7823760658031
339.62959311648916
339.36910905708896
339.1237180137945
338.93233025320006
338.81190417964075
338.85128404030576
339.03708052674114
339.27525920487113
339.4420510945803
339.5877281163632
339.7257186864764
339.6291337118072
339.13601942421366
338.20368899372943
336.84346441696016
335.13455554253824
333.21387040525303
331.13832669481627
329.04571526764965
327.01586078789194
324.95552988793094
322.60138473464207
319.6152895450657
315.67833562717846
310.5716930036994
304.2834503302229
297.0281778829469
288.9443334252178
280.01449515998024
270.6511038063933
261.5261609674606
252.9035971800763
244.82223205383252
237.10636354649765
229.4857186305455
221.58618892769232
213.27343009735085
204.88584964671497
197.3000826014237
191.4794973731004
187.860705576407
185.66017263410785
183.23467619466246
179.64256316000024
175.30543122146577
171.0839000234002
167.15220403705132
163.68263556976638
161.32354707616514
160.23692707279068
160.0417965734735
160.4463876167984
161.38389988380177
162.60385949893742
163.4652546269279
163.4716202859843
162.8298947358582
161.99050847226533
160.99464953423438
159.73186461949868
158.46362846696238
157.6374671316848
157.67022834035072
158.64763626925628
160.12391863561322
161.38748156427383
162.0189277275408
162.05830657934544
161.81690438969326
161.6961764314959
162.01889550541472
162.81198796946404
163.73172491552833
164.41126650751454
164.7504471872106
164.93736359739762
165.23229336721397
165.71007553971543
166.32789718794245
166.96604670870937
167.46090125945668
167.78877774053782
168.17104417121598
168.77289668104095
169.5325111647182
170.31614699772715
171.01335083226655
171.59615170465747
172.1313324256484
172.61332784711846
173.0148977378576
173.30713031725662
173.46779596753956
173.5183499570171
173.47398790425714
173.30160314831932
173.00888644585822
172.61827838955892
172.14620776727958
171.55808897913067
170.91099616787983
170.43841369909893
170.3608662453009
170.74863715147222
171.4826545112391
172.34384725266227
173.14350984294214
173.81022984600264
174.40308785687446
175.0089835896035
175.54143211077547
175.7389609330874
175.41747733693828
174.66732102099672
173.68712633531564
172.65120178022997
171.6872611316973
170.91931362790652
170.49738900735304
170.47898417586796
170.81234918617605
171.4206524998074
172.28992234727025
173.38846568985414
174.50828899831717
175.3695104686543
175.84014471619207
176.0280893436353
176.03394764949985
175.99687559085612
176.0307361793098
176.1024541961151
176.06622036976873
175.7826740718006
175.31469566777747
174.8610096008323
174.5392347656042
174.34678102762376
174.26009214595098
174.2306170787695
174.1802790558828
174.068035138095
173.82949046079196
173.56320137268688
173.41352602662923
173.39465602193368
173.41843347851616
173.32664433738918
173.02078572317947
172.62581360401086
172.2353403561471
171.94942626503033
171.82564329509444
171.76739248348582
171.64471239895744
171.465243650121
171.29582255497883
171.0923363497321
170.83517688872564
170.6705866528763
170.68230898092526
170.76574827220963
170.8285758356764
170.90994421144194
170.98547843342126
171.03946561646146
171.10257626372308
171.15242740271404
171.1547593458457
171.20822000857828
171.40220324134856
171.65650161148088
171.90182883806236
172.09833636630157
172.1854991032431
172.15660128495568
172.05341848940952
171.93375386244333
171.87834144915647
171.87353674545022
171.8414203174438
171.72813074184336
171.58734048235794
171.5183635805446
171.54777533358993
171.6620260623049
171.81924002798976
171.86564186070578
171.70627119704915
171.447658472454
171.22179665027562
171.06147348177092
170.97683385041069
170.8743837004677
170.61021353697382
170.12383350788798
169.4226035895844
168.60308709939346
167.85779055906585
167.25812882102457
166.80434890714312
166.43715427510236
166.05466941276669
165.75101771345095
165.79634634820232
166.16645553703367
166.68774255867973
167.26667341948885
167.83333736192745
168.26334889811127
168.4205921922147
168.28337232087154
168.04466246331293
167.99895933601348
168.3289385631818
168.97668668220365
169.7727300334181
170.69659764562158
171.68756070700454
172.5786772926126
173.22336380360218
173.4670337746335
173.15791106281338
172.398498276894
171.5759191788642