0.0
345.1062523189359
357.8846491614338
356.5676047291459
341.6453185578357
319.3630750916339
292.1384144331847
266.8529682236124
249.0350686530358
237.46542709816228
230.07172343443128
225.4794962689284
223.13578256103727
222.63509228728063
223.29149626245828
224.47476098094035
225.65909394661955
226.73127192596965
227.8128323035183
229.0030517833721
230.1860723608106
231.29797053182597
232.29583117483193
233.1533409489394
233.8881591804444
234.46105984694867
234.82146371214202
234.91015007356185
234.61595058739232
233.84736445606194
232.64724592904304
231.2271975513865
229.89364194506152
228.84405960712363
228.02790245538773
227.23943510062088
226.33715867735043
225.39264962554597
224.52807170970854
223.7497671150777
223.0369957591127
222.33409408593116
221.62216924946335
220.8865292376933
220.1333510644671
219.41990082804472
218.82389794363453
218.37443516957669
218.0430974829613
217.8598832906715
217.85949246237138
218.03038370061597
218.30706567015784
218.57623943402993
218.80323099759565
219.0461917325075
219.34699724885186
219.75793094235604
220.31649719834326
220.9900932922446
221.7273092892113
222.44303958909933
223.02417297963575
223.3740515837497
223.4524806205501
223.29296104636245
223.03797519698563
222.8208951699191
222.67281980739767
222.6042710854693
222.58070305842668
222.527432645962
222.39339882884863
222.21021109483496
222.03591548309768
221.91986563207135
221.84642178804043
221.76973717897133
221.62439157261323
221.36297228831916
220.9338845162953
220.3299510988601
219.6403948944051
219.0147490491617
218.56393830472112
218.30543208558072
218.23112187614595
218.31260371934607
218.515412530821
218.76433486582212
218.9763693573234
219.0453977386309
218.9172510512497
218.65517581659932
218.36387202417887
218.10285618447313
217.86390311294926
217.65148485114463
217.57200991920212
217.6714597421971
217.9351237543451
218.2950088068348
218.66143212477033
219.05894893879417
219.5569505221103
220.13109323612449
220.6896514473065
221.16877310064694
221.5590835165197
221.88758096969326
222.12652430702897
222.24718684992587
222.23794356281437
222.11981082536613
221.9600023333925
221.83761119759788
221.83758524446253
221.9683026938592
222.1720162787468
222.35776837333674
222.47150804979543
222.5730657404605
222.78452910792822
223.1924310544545
223.79006031082565
224.50945736095036
225.27974629154022
226.05390902327466
226.72819203094738
227.21747347701287
227.5416985172349
227.80516506300262
228.09059050658084
228.4381880438784
228.82801234953507
229.17929596423994
229.41658401631284
229.53956153445637
229.59077624657147
229.60171099654502
229.56867626561626
229.51215403445764
229.41114900424958
229.30718814990928
229.2953655017075
229.43140528137485
229.70618919787805
229.9845317320715
230.0755014473777
229.91727183301853
229.55864311688123
229.05024619577543
228.4149472025431
227.73119716507702
227.08084602775023
226.49621541712335
225.90694671486776
225.22069442242287
224.40686754072513
223.52677354618348
222.56040311201946
221.48970395336576
220.31766103388196
218.92991557175947
217.13086202234737
214.85228004956554
212.10746783018917
208.92019451300985
205.24631756328205
200.918376296682
195.70177483902376
189.5502212099182
182.66090967834165
175.34289787246303
168.0644426462564
161.05584809001812
154.3318172948395
147.8397575063468
141.84145954720233
136.70077237984964
132.49281869353828
128.9646925953478
125.80554481420354
122.828684744512
120.11772322939329
117.90701317067447
116.4245912544775
115.75029660479646
115.68450410718629
116.01298900813427
116.68036828781199
117.73907808795592
119.27402209213302
121.28962979772105
123.68722954201647
126.24360504386493
128.69732477233524
130.91118069241972
132.90748485233598
134.72994055765392
136.3581864953515
137.75714361117087
138.95655167956633
140.03284508323904
141.05422525932892
142.0408771197697
142.97804517528698
143.87092125055779
144.7649915410169
145.72696230271237
146.82881899775992
148.1321911314499
149.61352483587177
151.12408329289855
152.46702777883186
153.54103885417112
154.39526135473034
155.07219662578035
155.5611652983997
155.8864401024329
156.1505396979553
156.44427684521605
156.77617875233943
157.08963269973623
157.34361085563455
157.57970450678386
157.85822486689693
158.21770229861224
158.6581461770265
159.0809052567229
159.40216771580853
159.63053829019762
159.8288637127935
160.1266566770508
160.68289197791412
161.54334953598197
162.67048890997813
163.95032104503503
165.1692322620546
166.17645862828124
166.8465865580399
167.1137797764764
167.0165288904744
166.66897486393862
166.22653685768125
165.78972598641082
165.4276706183309
165.13785491241606
164.92266713169752
164.8425316855151
164.9576537973692
165.31004673049236
165.84804180011233
166.4641330356557
167.03892500716836
167.4532351757066
167.62614141694684
167.52583221553044
167.1909891137113
166.70904742547938
166.24764158639724
166.03451097165717
166.18622376647681
166.6083107502998
167.14655580530274
167.7380127708628
168.3851972360509
169.0730354317025
169.74410307085043
170.31540600704514
170.71534182625143
170.8702987416988
170.73909977336535
170.40393490314074
169.97475590032298
169.4560914040377
168.88985642006352
168.3014104129441
167.6944985614901
167.07404077640683
166.4809705411692
166.01926988318365
165.72585473348104
165.53955637303062
165.39235469200418
165.24777802893283
165.13395016141587
165.11281823450904
165.17087046347862
165.241282165709
165.27147448651675
165.25855426805182
165.30896286003212
165.51274682426234
165.767618802261
165.9910847438424
166.2684034269045
166.71733819684164
167.37455417323903
168.15058980803326
168.94231122759254
169.58914578661467
169.98480584417803
170.1852286053027
170.33662261942237
170.55915032659377
170.87638513853761
171.35185758642623
172.05954261269906
172.98494370449328
173.9750581625876
174.83848064872493
175.49887646918773
175.92868995624661
176.0984331021013
175.943490401114
175.41246228196204
174.50468650980133
173.23284422281523
171.68504986534205
170.11896081883071
168.83508428465439
168.03404598582318
167.72978883922502
167.7622657274143
167.9345074077366
168.11885632031448
168.22252920185815
168.16064570134228
167.8804293395336
167.29638618358018
166.36377435298004
165.18384765821986
163.94136531461453
162.7521956861847
161.56911121930807
160.29838831890416
159.0762365936477
158.05600573369094
157.16351587018409
156.46659047652238
156.03867947032825
155.87082592902985
155.7793536374752
155.36849922870704
154.47032710476347
153.1234878935867
151.72913072357764
150.81566900101208
150.0923136310385
148.06508605568783
143.1998019724926
136.57617778032136
132.3058609988201
133.28826555642146
137.13127745251012
138.15871547796635
132.02908182639592
119.91547895614303
107.94927534465147
100.97720461439779
98.78833167772783
99.29492761518692
99.64554262604672
0.0
0.0
0.0
0.0
0.0
0.0
0.0
0.0
0.0
0.0
0.0
0.0
0.0
0.0
0.0
0.0
0.0
0.0
0.0
0.0
0.0
0.0
0.0
0.0
0.0
0.0
0.0
0.0
0.0
0.0
0.0
0.0
0.0
0.0
0.0
0.0
0.0