226.05187790139055
226.1372633473907
226.70107013376713
227.48830070209507
228.18176312279027
228.65524453854002
229.1964223615331
230.17908914116225
231.4798971912248
232.71794266095392
233.68711103778574
234.49977180787812
235.26797992271224
235.96564753941934
236.56025731210462
236.98521260440677
237.07115235348834
236.71284191237714
235.94966295029445
234.87954862773194
233.6164576430795
232.36227739815098
231.27551097114048
230.37972132576908
229.5936249623288
228.87018209048927
228.2106888338031
227.64556014741865
227.22143527526765
226.94910938769266
226.76516281035038
226.6039082136979
226.41996227094327
226.26250186568285
226.23357764435616
226.32443538278437
226.43926651486734
226.4659505397505
226.3302671215198
226.0346687799654
225.60366912726792
225.0838273661842
224.59581548739948
224.24928913552498
224.14126924472725
224.33096167812636
224.8261927083706
225.56309829204164
226.3674184424766
227.0491013891686
227.46746288460002
227.58736979344786
227.47383830368287
227.20901908698232
226.8861268449968
226.56669010363836
226.31848964600766
226.14753382448941
226.02369069216988
225.9005518242256
225.77529814525155
225.72477356063223
225.83501887082133
226.0943978420712
226.38545722634493
226.646191605188
226.86734064436985
227.0776449902853
227.30856478937304
227.60268894927543
227.9435232506383
228.21722447023515
228.36738530392668
228.3586877203016
228.11827412776714
227.636740876526
227.04380961359007
226.50104789562297
226.13815961443166
226.05476610351084
226.23981546744028
226.57058297368008
226.95045751551874
227.32092550869052
227.52750608654216
227.41674452300023
226.99198379922444
226.36442843024327
225.68748871396937
225.1241052823487
224.73599456535484
224.4381979267236
224.12113477201234
223.76443982452375
223.458329136737
223.2989972678368
223.2416414970239
223.15394086737072
222.98638459562005
222.76604933421385
222.53086980985063
222.34500857924473
222.22090998615636
222.15494332578228
222.0824092763925
221.91449101838688
221.58486638734124
221.0791218720895
220.4992273058242
219.98532857540062
219.75676118354738
219.9245996928587
220.30144710396542
220.69473686252113
221.01416885868977
221.27647208140095
221.54940072843962
221.88773547810942
222.31532502057965
222.86168351808413
223.54131504795404
224.31206608375913
225.13362026617233
225.94817657574941
226.76424577362968
227.58744464747014
228.34650481408156
229.01038282722374
229.522865212549
229.82640804066892
229.83108574532048
229.52550794929135
228.93946162060337
228.14374862540697
227.22236086579366
226.21842103576012
225.13181282110514
224.09973665826067
223.27224572188084
222.62403700962028
222.04977217879485
221.5071676747527
221.0533800704883
220.76542036347394
220.748960978181
221.0644125963252
221.60982538810615
222.26380291479478
222.95172393011237
223.54800123604684
224.0477384216448
224.61541720122773
225.3884926748984
226.32456061773559
227.25748565399476
228.07447059970966
228.71991077545906
229.13433204380522
229.2091563270611
228.94323120541506
228.3935911381239
227.58993479942967
226.6323890069357
225.6054757792421
224.6121475096596
223.62280316570585
222.47652044320975
221.08295890804453
219.34966756104586
217.22663373358623
214.67556806385073
211.50434850664524
207.46887886867512
202.43735022970935
196.4596757831805
189.92136662575228
183.38498101009304
177.13023454870816
171.09182037168853
165.22253910820334
159.74795252800703
154.86767913858654
150.54944323273048
146.68745728139754
143.25627251994186
140.31732611443408
138.0107591351817
136.4016262130699
135.4587636183985
135.12244392753172
135.21129247799516
135.43654544284567
135.6182682180238
135.7848005302124
136.13008458974198
136.783326970709
137.73854799816192
138.90140846567743
140.16869821667703
141.48729001355517
142.80762165519926
143.985700477928
144.88640041998218
145.6159353290561
146.39037808838827
147.2631139076035
148.23507546160596
149.26553920718806
150.28288227549456
151.27862133416227
152.25762825932946
153.24114283948137
154.24855882049894
155.2149770374221
156.06874658084106
156.74979651576038
157.25424213109233
157.65973429980667
157.93648591641644
157.96602211303718
157.7659583276855
157.51442200431353
157.36217657508251
157.3095194364342
157.31893374216625
157.3975349633359
157.57465628250588
157.8666224310936
158.27808300016054
158.81187834751395
159.47017034743004
160.22106839064145
160.9718722509071
161.73226871888784
162.54585483852452
163.36714251694872
164.1301773253762
164.82415137229646
165.3960222102892
165.7779679687003
165.9913349030756
166.07964348616065
166.03491111953952
165.89508159758392
165.7641180657447
165.76417895100838
165.95300568447783
166.31424264986356
166.8038284712107
167.41220128563216
168.21194131859804
169.22668879014947
170.41816315856082
171.72148365511643
173.02943652127937
174.2706625208969
175.43164557161043
176.51468255307665
177.3656605217965
177.82337808206208
177.8609271492996
177.57218618575598
177.07942281139748
176.4616956358043
175.84821062906212
175.40029622410694
175.21309837744167
175.20058968158634
175.18564428413782
175.04061026127926
174.71172319523245
174.19972971018504
173.6172466569783
173.1347993601989
172.88519017766816
172.84071189418722
172.8776248025596
172.91477456627308
172.88754168828203
172.73138629786055
172.46888585085892
172.16906134050984
171.9557462177542
171.88840835652263
171.84972990989996
171.72766547792304
171.6281503101225
171.76982664473806
172.24137138114918
172.9088805619428
173.5791739421
174.0403921715363
174.07318776788702
173.63572993006298
172.82308176232888
171.6663719578816
170.2656244880639
168.7651751218815
167.33744425358256
166.16874006520914
165.34669512620746
164.8714566018288
164.7241365433268
164.78853187431167
164.91103055437785
164.99754670092517
165.0144253554832
165.06185457520442
165.23266517154377
165.5154804761214
165.86629058525855
166.29609352413976
166.90456335141383
167.74150743981787
168.69663178062245
169.6544227916656
170.58341239800652
171.5092094209262
172.47995703144989
173.44441357167034
174.28940339283977
175.02431373179678
175.69376182114894
176.29636071882635
176.88902604688462
177.54862138425176
178.17971894115615
178.56570632135112
178.67232465197839
178.56841253448607
178.25427647951807
177.89239508468512
177.75992068866174
177.95190970975807
178.36694901302667
178.83503204385525
179.24459864935204
179.52555220356925
179.63023442569073
179.54355113260095
179.22789991617913
178.6721340052161
177.95537339094113
177.27452087518054
176.87138286756593
176.70345015737036
176.60307204313145
176.49880020562625
176.40339762330592
176.3211969995824
176.18972358093382
175.84870850695287
175.22386261613673
174.4243212118218
173.4969851955198
172.5788527280459
171.8148684020405
171.28871573676025
170.97971439357968
170.68500193597782
170.27004019792906
169.65881498490768
168.78403155750934
167.66688056332288
166.63253872544618
166.2916137975028
166.9490607385389
168.02380016881742
168.9101348126363
169.31878257640685
169.1829310490403
168.56944743501057
167.46892553406673
166.04203102293417
164.43981511066391
162.705146294209
160.78532533582717
158.44649562362625
155.5623973940638
152.3335724364658
148.97016931539022
145.4991137433079
142.10876110967064
139.56202149241378
138.42749852775938
138.19476423347948
137.9792162420316
138.24547194627007
140.94821750107246
145.07939921444896
145.72673813231793
143.57417016441582
144.6833380234803
147.90815889601748
147.1736589000123
140.66324944867597
129.04388015080713
114.78114137458353
103.60655902522716
0.0
0.0