334.2946529231766
327.23957990780485
319.00221692981654
313.7466470175031
312.90951552009983
314.85487654998656
317.55180629493407
319.8571991577666
321.50891078873065
322.38400883858696
322.4252594574357
321.87133747132646
321.0025201564366
319.9422922594375
318.86750339388317
317.85633653228695
317.1705902067155
316.960688619508
317.17155509551037
317.7288748006945
318.54585455635146
319.4827168496323
320.39581078851137
321.18401718836526
321.750900627012
322.09798538709344
322.33766601530715
322.53337840492264
322.7866752812382
323.4006220487596
324.47073592547287
325.7395332105539
326.9933657269815
328.1425137496193
329.2485408078121
330.337239307327
331.51922945381386
332.66146811035134
333.51607303222073
334.1480667428504
334.71999327957457
335.2292164821671
335.5583411451041
335.608400413938
335.6146085939601
335.90929889580593
336.43730020976386
337.0609462872061
337.70262550925725
338.21831983996856
338.6067021136155
339.0583968259965
339.669692643421
340.2402433817347
340.5039643173964
340.50818658199944
340.52401827515524
340.74182783405047
341.16843992782844
341.6653934997464
341.9164962089676
341.81653603613825
341.52142583386984
341.19319476439546
340.88863432353565
340.76053049322894
340.94740370563153
341.41182936387816
342.1083284062414
342.9594857356541
343.8158130155555
344.5260174373841
345.01725059873985
345.274723211228
345.5128372427142
345.6606858609721
345.66149747399993
345.4978718582046
345.16033649403283
344.7442457812903
344.3806637660562
344.24376029404016
344.4254959926172
344.85545266904467
345.42549090745064
346.0767265586361
346.70714386386175
347.1779611407313
347.46022614992256
347.67760675609617
347.9556984058911
348.2808494029681
348.7066070680087
349.368158814014
350.4032494629838
351.75021569882153
353.08208952223623
354.06200969960685
354.50836794645926
354.46692423192377
354.09027749708974
353.5835807856116
352.99597222521004
352.30640059726375
351.4408856259471
350.3959806636085
349.23634360999404
348.0739678734659
347.0599850326269
346.2140364110089
345.57006662022195
344.99446200244984
344.39367451387454
343.8755259931617
343.5241888489448
343.3468253155934
343.34428340453627
343.6201389397021
344.19671414203987
344.79215331852436
345.1657342942601
345.350648191209
345.59747635967165
346.0692984937319
346.6790683826289
347.3902131130823
348.20316505706876
349.19898340324823
350.3355178116753
351.4017349564248
352.20323733098013
352.47265703815424
352.0018618153469
350.92053271509343
349.6706699788448
348.56189065404294
347.7533186182132
347.32122067184946
347.28579102730265
347.72811133267567
348.605009346096
349.76021941142363
350.9861165303319
351.96949125121307
352.36320578553057
352.09065928130383
351.30869480697095
350.1932094212041
348.84996483224074
347.1136836463824
344.64328846164466
341.1468636688572
336.4930887155097
330.9931449522112
325.29147153993927
319.6323462418476
313.67325359585647
306.7631939529689
298.4796057805879
288.64818157386117
277.4042110371597
265.0724811548145
251.7872372688706
237.62033711835835
222.58171608062105
206.80401466918744
191.00408647762313
176.13956661489695
163.68476989621647
153.90640275630403
145.67168211826825
138.06769022020242
131.23476266408863
125.27148902069914
120.01634108773754
115.01267715498224
110.05955141452864
105.71995241335487
102.29095841267485
99.69058499795437
98.05342959800139
97.46549537334859
97.54738627891932
98.16322978945414
99.75475582729204
102.42123105913745
105.41791332898444
108.388697187893
111.2390316970265
113.97393933841678
116.87430273119476
120.02312698961195
122.94553725124237
125.38231338347951
127.48402458785554
129.4750548585258
131.51240533634117
133.72979687267124
136.30093931288297
139.2047887538211
142.04525790204954
144.44925170984556
146.4575476978969
148.45911052030502
150.7130397923197
153.13493768505072
155.5565936281914
157.92386634950861
160.1695670305647
162.24906802643716
164.19604134990237
165.9643610346292
167.3665730778416
168.27635533116032
168.7602288410259
168.9208220579133
168.72196135144745
168.18918019808496
167.60003893468487
167.31407595285216
167.4815471425582
167.9226446054905
168.404808110377
168.88802250668073
169.3963538126328
169.89795860331162
170.35819202496768
170.69585907356708
170.84727299288545
170.78417784109448
170.5431764865911
170.18992332982668
169.7678622817949
169.3504957210657
169.04746762139422
168.91047473447577
168.812804381659
168.65141581713522
168.5250617894278
168.57355873436552
168.830091927262
169.22777185467095
169.63700034667153
169.99326714216664
170.30432930921063
170.5943086162688
170.95260744772548
171.4610173011593
172.05039698624668
172.61724609270047
173.15656381881658
173.70278950862917
174.30781620554382
175.02817839704477
175.80700449908522
176.5182901644123
177.15429696468655
177.78290885315516
178.42057267207235
179.05008468448963
179.6846213429639
180.36493297289647
181.05680697934093
181.63856035783812
182.06326731200326
182.25655210806636
182.17707972601846
181.83969663018758
181.30525470304715
180.69204180444044
180.0365895496888
179.32438763176523
178.6148711875009
177.9702319561934
177.43272934596496
177.02063461633418
176.78475666122685
176.74879042003778
176.8051010124705
176.78881725349788
176.6592291082676
176.51431483892617
176.42303776728147
176.40102296313873
176.4057225236333
176.38024106871978
176.3012392926649
176.136223006418
175.819413320875
175.3516634873989
174.83101601984654
174.348749024026
174.00388019148744
173.8924293547733
174.0239223303405
174.31851536918205
174.70201586244886
175.15263981057706
175.61723683000162
175.98738014934082
176.17761773555782
176.23455105369493
176.26659980009234
176.32637317709404
176.37143037833027
176.31999383998598
176.18009734756072
176.04496152144145
176.03198901587905
176.18588738512827
176.46408342996526
176.7672542917765
177.00797959673636
177.20152015697377
177.42898386395467
177.76023744072893
178.23854120637458
178.85758188121298
179.45266391095052
179.8499480702811
180.00736088263295
179.94992094295088
179.71033274288587
179.3103676225384
178.82762764887076
178.35119908630438
177.94562918039117
177.68128249576063
177.60182044317284
177.60620565400276
177.40694904586968
176.80824566170452
175.8583549829885
174.59277019581435
173.04516289330962
171.28331927001955
169.44773265312787
167.73482743246947
166.13965402492227
164.4147889887476
162.66760735691966
161.16917320695396
160.11263603017713
159.24709051886657
158.14095593400813
156.64702062284465
154.8748593870028
152.92260734670572
150.56472354039335
147.67073151180244
144.62733570105138
142.03963043840068
140.22168026213114
138.97933814778995
137.95317433596804
136.86445982477522
135.75694365758093
134.90263210455592
134.44095630595217
134.55586581235053
135.99757930001016
139.25358124211746
143.62544312232424
147.39889257723456
147.8887739695021
144.83870207761984
141.83073919394934
141.31205912929067
141.77387248180014
138.20344360359266
127.87215199449983
113.88008609116127
102.64376567839429
96.2995666278964
94.56155570721236
96.04478857845544
99.07448183407166
103.17033740915463
107.41010689935125
0.0
0.0
0.0
0.0
0.0
0.0
0.0
0.0
0.0
0.0
0.0
0.0
0.0
0.0
0.0
0.0
0.0
0.0
0.0
0.0
0.0
0.0