0.0
266.5238200055817
267.32479480363793
268.5905446853534
270.00373204240697
271.08298765449746
271.4495110424268
271.0151367801994
269.99671417807946
268.7089116690428
267.2933392251912
265.74622202831574
264.0279472325414
262.1512775066498
260.12989316459084
257.9699354884291
255.89299148852382
254.15438967448438
252.85178776992043
251.82322951985026
251.02239740357882
250.51606957330407
250.22449159418485
249.96253123281076
249.5994700683412
249.10033673988576
248.43799936344348
247.67667438406363
246.99080656915544
246.67713511184107
247.07789947919002
248.36040384778823
250.3258945743068
252.56984934114473
254.67009081108975
256.36740031943145
257.56177094198927
258.29740300609956
258.6914848045297
258.75640327845065
258.4763843900777
258.1628967013068
258.2145089363346
258.82093848471993
259.8874519797689
261.0480030106283
261.88516159195103
262.1698182823719
261.8525932830885
261.0248265811649
259.9615076552283
258.92958614883224
258.05632608540174
257.43475376134825
257.21401911412937
257.4634982971378
258.0188382261857
258.5958746399809
259.03033907557807
259.3508361138023
259.69177545505823
260.12991456750984
260.71864041825916
261.4219150400636
262.14261981693676
262.84796260913186
263.52667069725123
264.0960746220657
264.49309460119434
264.79476668420875
265.11337466863927
265.39131979309855
265.5033504179694
265.33675022184906
264.85053142358424
264.15573678381037
263.43847091610166
262.8063379525242
262.31823015251047
262.0150272715861
261.8828000049624
261.85709841296205
261.8461355943924
261.74108994568775
261.53748789661074
261.34109317801443
261.19746429584563
261.1084285129359
261.0428263012344
260.9364119391986
260.7620730317974
260.5446775130322
260.3363148054788
260.1242203317262
259.85552119290156
259.55099708203613
259.18233219736743
258.7050261117301
258.14058903392555
257.55219003237374
256.99655748971645
256.4579410396884
255.91091796740812
255.34285945709195
254.70912978609158
254.01307954634862
253.30480454955634
252.70742479421804
252.45442241628876
252.66746361751342
253.25517302827234
254.09241846544262
255.11834108076226
256.3813152450886
257.83871148403796
259.33391890554384
260.7647141965215
262.17483420813403
263.6949566290735
265.42311010420923
267.3240418773794
269.24633508389485
270.8541435417997
271.81258541795944
271.8600909476573
270.9567976227262
269.37989842651575
267.4705311976833
265.47414413639046
263.5453327668159
261.8180882990297
260.40228591860955
259.38213052304116
258.7658474025248
258.54509175243646
258.6304901370862
258.74678128836615
258.7572120669786
258.76396984818757
258.7134552591042
258.49055467516115
258.2281339729301
258.14283839517145
258.27854722029315
258.51001916432784
258.7258761943093
258.8780271118052
258.9732498804274
259.0676646455761
259.22386011490505
259.47727449163233
259.613060740194
259.2761134360796
258.23407568066176
256.5250392933093
254.25916004470287
251.46214769407112
248.0626947624545
243.9475162239019
238.93701736134673
232.83004297800102
225.49780568440113
216.8326202228318
206.96186798387447
196.4108128356653
185.73941483280765
175.47056727463885
166.10515272730305
157.4768831050903
148.61542227551868
138.818785384199
128.88359025129785
120.53388262436691
114.31199634122072
109.73659821853026
106.34335384995826
104.84667636257629
106.4708411900304
111.63628888161239
118.47358320220559
121.54096815078357
118.58057467519329
113.40170903612743
110.46959321756317
111.33924784790138
114.40000491139624
116.81930561815487
117.75774180463782
117.79560962701154
116.13328451717852
113.8310792168596
112.22739938385442
113.9132390560487
119.10759401902894
123.72197792574276
125.59130847430782
125.61454472801496
125.23352742838844
125.23910773148788
125.84386852576581
127.03013297480805
128.70421392828544
130.68933827761285
132.77218168507636
134.8498327958795
136.9016527586372
138.899701774974
140.86001522540658
142.74835154769994
144.46939186708425
145.97250134767762
147.28074351776246
148.54669151074663
150.01580302732148
151.7351203268096
153.48927727055548
155.0283741492059
156.20539225104898
157.00196062284223
157.53718618294022
158.03557989903658
158.6403998965576
159.33749324201926
160.07152794707042
160.81987613543632
161.55704068133343
162.26145254511482
162.94418190390678
163.5920877672717
164.173715252446
164.6829181639102
165.10720473120935
165.4588168601416
165.77965268918155
166.09738505799643
166.39252546864913
166.60692915405377
166.66379259907742
166.56530090779754
166.44259910226094
166.4551736284557
166.6978773548767
167.1887496275499
167.90448882556416
168.7616692348124
169.62062558397548
170.31235136649013
170.72979442548692
170.8618729105068
170.76996283627045
170.53011726030888
170.23206810211312
169.99083369409507
169.86353907976618
169.8200379793169
169.77751634466298
169.7051389764703
169.6231923125111
169.5708127817597
169.6243700492124
169.87042662204124
170.38428342231506
171.16054328832433
172.11112773424728
173.07082980468667
173.8369979666532
174.30468542285269
174.4682516778028
174.43979572831478
174.33941827999746
174.2424028163335
174.24552221665343
174.40367051106048
174.76798116597638
175.31352523655295
175.96235346704773
176.55499254629436
176.94899383279002
177.09968131505468
177.04163452631786
176.8942961248057
176.74730369913237
176.6697685316816
176.67976258385062
176.7997475629595
177.09776397267171
177.52814199167895
177.89485372285625
178.03713372359383
177.90626913486057
177.47900167505142
176.84772904447752
176.20972508951422
175.700620472484
175.37203432623312
175.25076772184684
175.29535891216523
175.41865968591082
175.62708096451735
175.97473505615628
176.50244055421263
177.2404883331423
178.1562879438785
179.11663382292477
179.98738827293477
180.63042360642092
180.96783955650017
181.1185769824047
181.24944155220027
181.46707871153802
181.87156928992428
182.49139271313126
183.21335619848844
183.8177739874212
184.01558035382138
183.44293808418306
181.77265083029567
178.9919363509908
175.60693477884226
172.21620640046228
168.94947489019833
165.28532141032065
160.79947912340768
155.67480792383532
150.10609785864386
144.05996606651405
138.41353047466396
134.52354123209977
132.76605921928535
132.26063992342586
131.88939081064882
130.98558075503547
129.0269713527478
125.63820095543647
121.43979284559332
117.85859073652823
0.0
0.0
0.0
0.0
0.0
0.0
0.0
0.0
0.0
0.0
0.0
0.0
0.0
0.0
0.0
0.0
0.0
0.0
0.0
0.0
0.0
0.0
0.0
0.0
0.0
0.0
0.0
0.0
0.0
0.0
0.0
0.0
0.0
0.0
0.0
0.0
0.0
0.0
0.0
0.0
0.0
0.0
0.0
0.0
0.0
0.0
0.0
0.0
0.0
0.0
0.0
0.0
0.0
0.0
0.0
0.0
0.0
0.0
0.0
0.0
0.0
0.0
0.0
0.0
0.0