320.44351060160113
318.7379299620545
319.00308477659485
320.5917108888829
322.38059627763977
323.57793069841614
323.88110328163225
323.429301929485
322.4745568851047
321.47538194450624
320.9279396985136
320.8162011887781
320.8959565164794
321.276151849913
321.8125529290091
322.3614022498363
322.58952703619696
322.34350224100035
321.629639096851
320.90338052835403
320.63759907605197
320.9617991548789
321.77465831145105
322.7238770512264
323.4732831464292
323.86741477082217
323.9734633607163
324.1530651840641
324.5680841048977
325.2826752526556
326.260007583286
327.4016706608082
328.7056535933955
330.14579076195474
331.8904150301755
334.0521412378936
336.52818919933867
338.98396979536193
341.081516573998
342.6086009311554
343.7680785969556
344.9545518534644
346.3006799139051
347.4549079610648
348.087841877012
348.10423745899163
347.65869272351665
347.0482785189578
346.50491856637586
346.06040043430113
345.7433867105061
345.525069546328
345.3325003783582
345.20535772122236
345.28801655852305
345.71083327770134
346.45234253492106
347.3552756161396
348.25969784199964
348.9359844246827
349.24007341116345
349.24151848129736
349.16545367584257
349.20268466061043
349.46130211832156
349.84376027484797
350.22275153383674
350.4520345511173
350.523046562176
350.5102459358839
350.34164854899416
349.8912894994313
349.2380980897933
348.5291454749492
347.9388278809722
347.6241700571322
347.6938401046267
348.2557006348077
349.1835372989209
350.15116003387385
350.8712017708865
351.21380014033457
351.25217978039177
351.20599231825395
351.2335448726951
351.35661457388534
351.5347930951764
351.83700194275275
352.3306691418011
352.9531208875764
353.60310519116473
354.10115626136013
354.2969706489615
354.14705425210616
353.7881489381557
353.4520261480026
353.2376096506123
353.1313608702854
353.15007813895136
353.2103759241541
353.09953690935436
352.69842937687173
352.16227848440354
351.5875950514877
350.98776108251997
350.3569176136174
349.727807465305
349.1951609154651
348.8950560545279
348.9719115009398
349.44300643241286
350.1204115806916
350.78991158076974
351.2619146559294
351.37230807690315
351.08162632768995
350.5744767311445
350.1207936053091
349.9286743312314
349.96146690265005
350.03658049081537
350.1483785582997
350.25455820028253
350.29085734198884
350.19137160183885
349.9190943512473
349.6795140501505
349.7224602553013
349.92741704323
350.1018923312933
350.1835751524096
350.1359091593972
350.04464709734845
350.1455525450731
350.63959371904434
351.5533599018071
352.81645859885674
354.21708704216695
355.5093375904279
356.47072384998273
357.03989671916594
357.3009008268134
357.27624031615335
356.91514468826415
356.0833323769806
354.7425557094241
352.97460707237303
350.8060435992668
348.0392210125608
344.3424409423703
339.3415073654563
332.78843602184133
324.8493899272458
316.2076490246036
308.11206481229476
300.7956804584714
292.58748886968056
282.10782991227234
269.1522268690867
253.8991247239361
236.41061512140809
217.6486109157163
199.42517696064778
182.3408201857802
166.24087668150113
151.8958722813386
139.9310194952616
130.24118950770162
123.1475565152979
118.21976648028489
113.48020904827871
107.22721030327837
100.4010489090485
95.79747178820132
94.89504825851935
97.87524958112907
104.08494345517497
111.77048882625186
118.0838399670951
121.85842137998819
123.8803833134113
125.49969296779545
127.1225703042615
128.4930701740649
129.22591803992646
128.60230533334297
126.58340129628293
124.83288467767292
124.56120542576394
124.66575462374257
124.37696884756645
124.6413430595745
125.83318764750966
127.37061899863275
128.7532797026338
129.92327826094254
131.1285985824046
132.6951222570446
134.62015219889187
136.52370887387195
138.32353895162376
140.23962634243347
142.22360845098086
144.0225204206763
145.49822510989003
146.6929343754535
147.64376689569724
148.37206713440042
149.05547338511803
150.01527385184457
151.43529906937374
153.30186291482883
155.41651694667803
157.51685463450863
159.4076120714145
161.05992825844606
162.64944755689135
164.45766985270427
166.76260784559457
169.62541680007172
172.8159605640259
176.09325335300707
179.48828119402305
183.18105225506562
187.05703172313662
190.77432382218825
193.87769768449562
196.02399047844733
197.23001195334518
197.68832236952946
197.552308385556
196.87061566951277
195.6337223936515
193.89031603193231
191.78370761990644
189.60887961322734
187.76604423530475
186.42296311740787
185.47122211126583
184.74224695148868
184.05892169037253
183.3604900645474
182.70166397559035
182.07836359614862
181.53994187275768
181.14948553070715
180.84215979830535
180.53985462637579
180.16799779319106
179.6461903744851
178.96204519570637
178.2282835638901
177.59219444265756
177.13436095580892
176.8801872878862
176.7013204602032
176.43676065248033
176.08020652608747
175.7752570865393
175.49716594565157
175.1775691144538
174.85719445122703
174.5593798686644
174.2975877328495
174.1006468112235
173.95140260352173
173.73259911864176
173.34701502625038
172.78272178952
172.0706884096465
171.32444431473488
170.7143181255476
170.3072775956618
170.01393860140382
169.6866097292745
169.2875996608887
168.88604448665782
168.56534014522205
168.40092504529596
168.43447361092726
168.69947083874672
169.1692298818792
169.78807479007247
170.47795146085969
171.11453655156413
171.61342514602683
172.02376706704868
172.47343974092692
173.00883480369595
173.5812855376832
174.1563104731453
174.72435819286386
175.28715977711096
175.88643436639427
176.59172415589168
177.40063860437863
178.24661556436718
179.03262651391233
179.66422724171883
180.1218176410631
180.42663122373443
180.6034798000971
180.63537354608107
180.53950760750377
180.38610833765622
180.23400067650255
180.03829987007026
179.77185808834054
179.5819862374984
179.62757700464127
180.00857296910033
180.751121096283
181.8599318277071
183.2866509877586
185.0518281449589
187.3052623437388
190.12290508485376
193.27658328992467
196.2921479734488
198.67659225504735
199.9967529218111
200.04404083006835
198.95686802654149
197.1587561118802
194.94269033321882
192.28800558753676
189.22236297679652
185.66642453619025
181.30407807110964
175.36610940878984
167.04896736522514
157.94453512936764
150.76009738620945
146.47100973002722
144.3908759232366
142.87332202202762
142.04202094092003
144.99575912606693
149.35697340956344
148.20453673069252
139.26544334916662
128.67643871897934
127.1212953930135
136.69242402572604
150.90055763461098
162.65705552708368
169.6716845949721
173.62816306768048
176.68378330458967
180.49615099816666
184.69351511692184
187.3519199000645
186.7900637644235
183.40084863494957
178.51717813891156
173.78729136090863
170.7324005846994
171.85863723536187
178.500570068049
190.33761150295442
204.16446472943943
210.63064524543336
203.69787479428518
192.0347288770083
188.40301847061727
191.18179299089562
194.35655893184767
0.0
0.0
0.0
0.0
0.0
0.0
0.0
0.0
0.0
0.0
0.0
0.0
0.0
0.0
0.0
0.0
0.0
0.0
0.0
0.0
0.0
0.0
0.0
0.0
0.0
0.0
0.0
0.0
0.0
0.0
0.0
0.0
0.0
0.0