318.98572207730945
319.26890674016136
320.77323807711736
322.8018999387522
324.3414998124782
324.8497373072713
324.38446756992744
323.60486227719923
323.19497448862563
323.4146543544794
323.87049948662553
324.2299142077316
324.4193749832744
324.49458191698244
324.48239676408076
324.4068296438446
323.97238908671386
323.21336149550905
322.5116542776705
322.04395870383814
321.8044607731924
321.73747885056093
321.7657957415395
321.89381100862704
322.27429491157466
322.9442444501804
323.63625100478976
324.1034431914916
324.44079564024076
325.0060179825332
325.7935383775741
326.8551014147105
328.1026729168461
329.32362097074173
330.5603963593592
331.9158937574304
333.3522843828617
335.03859968012154
336.7816460095464
338.41793233162986
339.91835488977745
341.2143019263619
342.265314731883
342.9078909340082
343.0406637825314
342.88732977548256
342.7475334784905
342.5956998406155
342.3714327704497
342.3391039769506
342.6845627025543
343.3711629299655
344.1698518325445
344.73991403116247
345.0232805958816
345.0756809744273
345.04153524839614
344.92416899405526
344.753220189978
344.63664709633
344.613266068485
344.74704133850713
345.01912724871835
345.0520479380725
344.7441427138765
344.43035964660095
344.1664691033555
344.00157140603966
344.1821584307251
344.73389658966755
345.69271807513684
346.9366875234007
348.22410900857244
349.4051757464042
350.5448407913665
351.6099327891087
352.54480525683493
353.3541305411792
354.1077182471897
354.92472226558556
355.6819955884351
356.40128990075124
357.0391271387294
357.62690412108697
358.26245258704006
358.70131889942553
358.87935557409423
358.70034435274164
358.40870569992495
358.25770362406024
358.08298462580353
357.6387624632352
356.904968046135
355.92071934782757
354.85655096713714
353.8308149357552
352.9870294924249
352.2108022505122
351.4103522290304
350.6746046996159
349.88668409009284
349.03528809928434
348.286522132755
347.75286207673133
347.40057608401173
347.0339229225849
346.5078405963384
345.9032599729102
345.40991121394586
345.1329181890307
345.1089482522191
345.1731307603007
345.1639397441204
344.81599847630184
343.96615764395403
342.90888963890825
341.90059074925733
340.9583189039421
340.34375577750586
340.18247157221725
340.3471774157497
340.6308947205551
340.8406784681454
341.0023023536405
341.09022610651175
341.51233847949624
342.2933916536518
343.2234286897868
344.4360675652141
346.0276704812435
347.9103142049786
350.10844504056246
352.5948486188492
355.2400685713611
357.74725170183603
360.1078353414047
362.51778067245255
364.97121949002326
367.3965937873117
369.68059196341886
371.6976897749553
372.93696633346855
373.17503875814646
372.6972177883671
371.8914830667064
371.2107646291315
370.9820858922262
371.2941243516226
371.8887088647928
372.5291356184652
373.17517140176346
373.80002271079405
374.37339323373556
374.77876926719335
374.50313137509534
373.1056165143445
370.85338100425054
368.44826286455736
366.08497066661477
363.5405095153511
360.1898680862171
355.25166778024004
348.29695496545605
339.80863134227985
330.5225419570681
320.9273871291001
311.4441611100445
301.6990531062834
290.85192781862327
278.4113130124719
264.52028306035606
249.6891750435247
234.2437872017392
218.54768464659907
203.31047950986223
188.8169594040241
174.52571445860534
160.89196925522512
149.1872284646952
139.64833311529893
132.14567784615247
125.9824476280771
120.22224984089337
114.19667883758132
108.67992409931706
104.72105441113709
101.78002706213148
99.15027167599298
96.62325786726427
94.99978228096529
96.78204142016057
104.52725034859627
118.06931737006178
135.50713023210722
150.97618297924006
154.02363585128433
142.7955343669206
127.6486187034692
117.04792274492729
112.91553586765015
113.32115832681237
115.76720897398974
118.89434282710518
122.20235432376285
125.40659562402561
128.37125884083062
131.16622291829975
133.71576146819712
135.83919650868629
137.44560054195185
138.72538135414314
140.0130599794619
141.42208468394688
143.11059225299184
145.2500586073241
147.80588430486628
150.7212971012147
153.60627876420907
155.93818665298238
157.84769991299007
159.7083085755703
161.38760242880335
162.72108815168227
163.82265644992376
164.81570803150754
165.78577469049296
166.8328200939721
168.10547883531996
169.58703678506743
171.06564284035878
172.47483671401898
173.8569365160616
175.03693727374207
175.91404546156144
176.53572241731098
176.91524756423303
177.0018328606846
176.80537129905665
176.40574865535888
175.7988618287481
174.9093187127967
173.7797756860021
172.58441031623244
171.61441912953717
171.0799610880326
170.99255190488043
171.2761698731709
171.60206984839246
171.60160482070967
171.22413597852324
170.78261668403184
170.46526116049182
170.27801858159876
170.2798173370022
170.35991662435856
170.5184604965541
170.78853528276593
171.11176743274476
171.40415394452225
171.65702328107494
171.8795915098354
171.98413552281912
171.8782724688437
171.65273563069144
171.562663507103
171.74887449967378
172.1134503863278
172.55939861612256
173.12535956169512
173.82151366632652
174.61058989754338
175.4166017130328
176.18776068789748
176.98365927040126
177.81595107213155
178.50794494217593
178.9437519124087
179.13542843243175
179.17882738732797
179.3239294861587
179.6461059388305
180.0356634881078
180.44061170155248
180.80564226783636
181.0171161475788
180.98762419966351
180.75263021803755
180.28259545257768
179.573347622536
178.7000631836471
177.91095082185026
177.4614978468237
177.46739352421426
177.92412919724563
178.656670426342
179.4495030218083
180.12188757746105
180.52886953001448
180.65198251544885
180.39033217873535
179.6224454639135
178.4952700988726
177.16785147261322
175.6437379441065
174.09117397111112
172.77830025796203
171.82536069750023
171.03209691981584
170.12549731337378
168.94489678131202
167.25064364199042
164.90056474286848
162.0732344419089
158.87868351248375
155.00820465443417
150.1782634799242
144.61181510437999
139.2677436815125
135.32728960677622
133.171791726972
131.78598882376198
130.09513832772816
128.31693851924777
126.74487917094348
125.11983991622725
123.134155386774
121.03009396621678
119.78171518814182
120.08609377098028
121.34574161932078
122.83766486562169
124.70715276595269
126.90817977920956
128.37709418625752
128.5875564068481
127.41980084144845
124.56772604274792
120.90641077566089
119.78094614546617
124.62178279620498
133.40772019471217
137.49574270310774
129.74607047276572
115.78364709849318
105.41478149032096
102.50228148163976
0.0
0.0
0.0
0.0
0.0
0.0
0.0
0.0
0.0
0.0
0.0
0.0
0.0
0.0
0.0
0.0
0.0
0.0
0.0
0.0
0.0
0.0
0.0
0.0
0.0
0.0
0.0
0.0
0.0
0.0
0.0
0.0
0.0
0.0
0.0
0.0
0.0
0.0
0.0
0.0
0.0
0.0
0.0
0.0
0.0
0.0
0.0
0.0
0.0
0.0
0.0
0.0
0.0
0.0
0.0