0.0
0.0
330.2112164110249
327.96567040009353
323.2028213355131
318.8942341299884
317.2434599256874
317.6507784015008
318.51808528868804
319.0988867463735
319.2198729836785
319.0598660199604
319.07488578029967
319.7856658824042
321.4180357640879
323.6569819472156
325.73185440317644
327.07305860408826
327.5789639604832
327.44449750344467
326.78830896217187
325.66733852824854
324.4352644206233
323.32729362178736
322.3379711349194
321.5344902127074
321.11661216647093
321.0611122870019
321.32336737253365
321.77378032680735
322.40069693290945
323.3736250896594
324.63854965348327
325.8096131464983
326.393561158996
326.1233910218966
325.188867876007
324.0868269962163
323.3611093799167
323.21849041510916
323.66806614761686
324.6668224368541
326.1382039218837
327.8761693927065
329.63811748421676
331.12047078426895
332.10501976817204
332.6921004228176
333.1069431802333
333.55725368836846
334.0039836321297
334.4270540127533
334.7481861782674
334.87147763085454
334.70426929350197
334.3914989511872
334.15423391483273
334.2104638032514
334.56413989435964
335.1253196696217
335.7490198979723
336.32071019962405
336.80705921198376
337.26341644708526
337.7641161948561
338.37492127426384
339.044132763493
339.6507651066252
340.10340498353133
340.31535244457973
340.34059959616025
340.27078790553276
340.2504339692127
340.4286447861965
340.94301191225253
341.94597409244153
343.2903591995106
344.653761946294
345.8709267674382
346.9781561687265
347.93926043223377
348.74489771077185
349.21663709315055
349.10817223579545
348.5961933496434
347.9948276260478
347.55584936868354
347.4364038230066
347.5699070832624
347.88849161910224
348.30098945895634
348.7477300182202
349.2649868610094
349.8692498829501
350.27827159375954
350.3195968987052
350.1626960823139
350.0478929930038
350.0659096663998
350.18167630309796
350.34278451495913
350.4504985129828
350.5227665252987
350.7270282187042
351.11335912191055
351.5659822074552
351.9128681364266
352.0578416262925
351.93130399451354
351.69134076797405
351.547058752806
351.56117854394915
351.55140854768183
351.26918657476153
350.68929057215854
350.02453966974264
349.4600495732642
349.1104381859086
348.9255827807204
348.8025233276511
348.63272995368
348.3057115699852
347.7845267411038
347.1563472603003
346.53315172488226
346.0274835199334
345.7514351281666
345.7220942676959
345.8433873935368
346.0764689107696
346.3773574221153
346.6234099692667
346.74299379816443
346.7111297463956
346.5811910443151
346.48363574156866
346.5485027506699
346.79885533540914
347.14948369239676
347.5110812737869
347.79970393373503
347.95028492855613
347.94218786616307
347.95358786535917
348.19330018379827
348.5227689406427
348.61599389914005
348.34938322055257
347.7459059426913
346.9284488884564
345.91832178323386
344.5433573981927
342.5118492693874
339.4021490809986
335.1219222449518
329.92598293901415
324.04393967588214
317.8363985020244
311.1643157286068
303.3236209386421
293.5361247384644
281.4630331463627
267.3200515679128
251.4345977989688
234.0481124698021
215.8845344920494
198.50118432036572
182.9886113741227
169.8910097543787
159.3527320226346
150.7106464943143
143.34559593194228
137.23358221192538
132.450648830989
128.17901647307883
124.10972314989225
120.7739630293409
118.02588812308542
115.54972114630462
113.68374496441064
112.64420727837796
112.42145945910995
112.86930195276912
113.60484931317659
114.09936211743253
114.26719054259202
114.39538562264798
114.73744041601546
115.45566330350347
116.66548195230064
118.49569140567154
120.97229461718581
123.83388286055971
126.62310657503605
129.14735566956674
131.42799816762943
133.48086452635525
135.28094802380093
136.86202401891552
138.34827297192544
139.8220986104534
141.3128189129298
142.846620916443
144.44431108380695
146.09931417938435
147.80144838702523
149.57163711150287
151.3907266006024
153.12059820784054
154.62829463764805
155.9013067610993
157.01780110392843
158.06105269645508
158.9971628448405
159.75893657200558
160.39666921125036
161.0490806799565
161.77205135640588
162.62102606281647
163.70537815757163
165.03434943056686
166.5488395964617
168.1688066168005
169.81403727450282
171.38654620713294
172.82001379194386
174.07215326624802
175.05838891734396
175.73727900046464
176.10445095776186
176.21745582892902
176.28229619388614
176.47683716555895
176.7490515232226
176.95562081159935
177.01218298305113
176.88844073834673
176.62718531742695
176.3226168996633
176.1574133828396
176.25537344089594
176.63026169302697
177.29740672859623
178.17533152214452
179.08219973857246
179.86158304546205
180.35684630124666
180.42991074140724
180.12489870698516
179.62480342384964
179.1181566972445
178.72769715035534
178.4616514796758
178.27492283677083
178.2148958307983
178.37074721312092
178.73546400550103
179.12409021081248
179.33896897936725
179.35384855869864
179.2926950089796
179.28694971778657
179.32466359856562
179.40476686312877
179.61962374085567
179.934485831254
180.20729098786234
180.25991338549576
179.97918920627487
179.4372901331498
178.73350708487925
177.88077764481523
176.9755858197271
176.1378438550062
175.3724921863718
174.6643766410479
174.02817047072082
173.55866534268398
173.37714679107535
173.5285813179221
173.95799945815014
174.41975189623278
174.72731933204955
174.93082288938095
175.16236178754951
175.44865882895547
175.69310682612198
175.77293116561333
175.68163838610346
175.55543306148326
175.5162749582903
175.60781245994684
175.87427258737307
176.34659986600315
177.00903246020016
177.802627924448
178.65640846668083
179.47073556447694
180.12925788608706
180.58164168836018
180.79926867011642
180.82113223005962
180.80887746516478
180.85953319708625
180.912592651765
180.94288746004048
181.03052408796447
181.24139683248185
181.53891910746086
181.797032818536
181.98642498656727
182.1443075077506
182.25258000199364
182.2065149436561
181.8415264145146
181.13761063685547
180.24140588395534
179.1984073750194
177.86478342369054
175.95505918796624
173.33268094981844
170.03564893599074
166.26750666968547
162.45126802673832
158.9878969626663
155.85239776116566
152.9728374612266
150.35942320624355
148.0411207803047
146.22234487777803
144.82470981671162
143.6610415702542
142.71927171360198
141.8805718696468
141.115651467491
140.51266864335423
139.95395486366084
139.41931096976748
138.83246765035264
137.96187371438856
137.18601293304255
137.402064842276
139.69772457378534
143.76385665090143
147.4996259116993
148.54340567568374
144.61277340730675
135.3485000170648
122.83844875931662
110.32090400110125
103.03567059608845
104.42481735523367
111.0075597229826
116.83772122829285
118.91816637131794
117.19072491568082
0.0
0.0
0.0
0.0
0.0
0.0
0.0
0.0
0.0
0.0
0.0
0.0
0.0
0.0
0.0
0.0
0.0
0.0
0.0
0.0
0.0
0.0
0.0
0.0
0.0
0.0
0.0
0.0
0.0
0.0
0.0
0.0
0.0
0.0
0.0
0.0
0.0
0.0
0.0
0.0
0.0
0.0
0.0
0.0
0.0