0.0
0.0
231.72448272137692
218.92077689906367
209.51381662371307
207.3716220875112
208.79940281335055
208.9380591908273
206.66793577864382
202.32377703342368
197.33531824098637
193.8562111612045
192.8128793036081
193.73070251703433
195.73594747723772
198.19330662306015
200.68466902590876
203.04982037122687
205.54471962742534
208.28131212823462
211.3741634114838
214.85202456897798
218.4514459209407
221.78300279566628
224.4739017490877
226.28499251933638
227.1114711505702
226.9885711045561
226.04489032442038
224.50158772246908
222.62937190890048
220.62968705062448
218.70517462749808
217.07599893557153
215.8968956628107
215.1137309327866
214.58702657318221
214.17118208449585
213.77412121309533
213.37140161249874
213.0786610809884
213.05478439301032
213.25465111887826
213.55916740695343
213.82463703291563
214.02796740063155
214.15886471405008
214.24289170986876
214.3755966258767
214.5504876900776
214.8008750386008
215.24854349258612
215.88814647747492
216.6436526265021
217.4759930895492
218.35214517288273
219.2431886395005
220.17824147248984
221.1926844857373
222.25523463345215
223.28578004084633
224.21959079586895
224.94597053943585
225.39438574037558
225.62524755938153
225.70900072077748
225.64289880606063
225.44653130272528
225.2071056307223
225.06446478674297
225.08083854366276
225.23978522321786
225.43916677614365
225.62971982311444
225.71893248901347
225.73111580716701
225.71517043604172
225.65895324196222
225.5710553480247
225.4562820034061
225.2969221906401
225.15390943108935
225.0634666357024
225.0387015082368
225.05983178052423
225.05911675740484
224.98314685710173
224.85130686632584
224.6966012929711
224.55688520304577
224.45020300875052
224.36934323522257
224.34238153247728
224.40824258781004
224.58394555296778
224.84099286184548
225.17888872970406
225.6545211116101
226.20632693913467
226.63426684775618
226.9716088472142
227.31890614322646
227.57539581117024
227.50588043238258
227.0464440842818
226.37609562969962
225.65905035372288
224.9050896570791
224.17567850561286
223.5494137457573
223.04267351962295
222.6631079652887
222.4584976448424
222.48106716296567
222.64972581635342
222.81468655875716
222.90726489969248
222.9315077425658
222.87988801215386
222.65583975676807
222.2903763576929
221.82832391302514
221.36594210580893
221.0325922585734
220.84977990710706
220.82874173517567
220.9623241352459
221.23251208813537
221.66423782000066
222.20716827558448
222.7834503778414
223.2612036395064
223.54173361274852
223.65120155432197
223.6892149383704
223.69253816644795
223.65768304386808
223.63044362803433
223.58046137547933
223.47225338490733
223.3361460111853
223.24075276714245
223.132794726408
222.9448530301077
222.683437686055
222.37704231931477
222.07663920268604
221.76958124805333
221.40007536249658
220.99782138635294
220.54275647952062
220.09268031395663
219.82762444473093
219.83302242413095
220.07454362858107
220.48129948989344
220.99220586015073
221.60505336969453
222.3326255008003
223.14948324640034
224.00170723258177
224.82215225188426
225.4794562241234
225.83130627394587
225.8333084866524
225.46258128835893
224.66277055695423
223.40232545937613
221.71525519063
219.72012045611407
217.62341821838373
215.6073827390792
213.70452155425767
211.7443613014113
209.48076224135275
206.73357178799068
203.3318297581406
199.08709507843218
194.09695733564726
188.6240962826222
182.9309151553515
177.22401330687143
171.54099107059503
165.8494600303358
160.2571403408546
154.94620734643345
149.97034770852986
145.42588589838232
141.56582268190326
138.69618141433145
136.850928501558
135.73626144738
134.97845069586387
134.34779938275148
133.81530841988052
133.43754533692066
133.28836095157644
133.53104557417646
134.29423236769247
135.42462247222937
136.686943894332
137.9309444852617
139.10567831862008
140.25211675109446
141.40408255827947
142.60577331088263
143.9574515664416
145.499100521331
147.16584248388358
148.852886271596
150.4580008762826
151.9116701939101
153.23167941482646
154.5117724583577
155.8103517864422
157.10338415230072
158.32128866224372
159.41674789840192
160.38318393466295
161.23435061567088
162.03786210953032
162.871856329919
163.75909992731098
164.67930692079702
165.57526605383907
166.33258923610387
166.83402260442753
167.03318774379568
166.94910187548302
166.6295959899652
166.13605954330077
165.58204829566424
165.12924629386697
164.90515971593908
164.96281952904567
165.319686415135
165.93159502242415
166.7166123797137
167.5273486111397
168.1741642826506
168.55182435421852
168.6533477180668
168.56636483796416
168.44151473205469
168.40753407296083
168.50638743432071
168.7080280913086
168.94411347484595
169.15422402539147
169.29152412307144
169.31803969925986
169.2275328718478
169.06219840590637
168.9076147566323
168.83217882747059
168.87927516179622
169.03924181276727
169.26344226901355
169.5081162089494
169.73909556061187
169.94025864404614
170.09895341377006
170.18914801415173
170.1701761902545
170.03119658950314
169.83565267565302
169.6701465402637
169.54424884134772
169.41676310962004
169.22597092334505
168.9366948982501
168.59655883672448
168.285974514303
168.05822951564556
167.9334799614074
167.88099686158162
167.84223858946723
167.77128751870424
167.6977596510145
167.68349745037895
167.78689540847967
168.0080387041442
168.29732213343374
168.6074981149339
168.90051102307294
169.14358406150842
169.2778045071268
169.27114741160833
169.14761173664678
168.96008540530076
168.76521533576036
168.62134671093216
168.55569247907852
168.53614820822477
168.4968269762597
168.36282660760628
168.10200687919635
167.76293536786915
167.40705107108775
167.06043037237268
166.78050934705965
166.64981329298166
166.71215790989388
166.96681452784875
167.36904878895103
167.80553111224262
168.18084798241105
168.46892883761646
168.6805114128912
168.86102831873728
169.10722899741432
169.56193098575037
170.25893951023266
171.1158953126545
172.01714394443707
172.88388108954084
173.71318318409055
174.51835653663403
175.3328546791374
176.22974390727967
177.2485826514131
178.4013311661917
179.65976284948275
180.9090563337646
182.003726026813
182.8841706193174
183.71269513829088
185.08600315857774
187.70238781919033
192.30223425985815
199.23508318816988
207.6519488615506
214.73279562311222
218.22767577586825
0.0
0.0
0.0
0.0
0.0
0.0
0.0
0.0
0.0
0.0
0.0
0.0
0.0
0.0
0.0
0.0
0.0
0.0
0.0
0.0
0.0
0.0
0.0
0.0
0.0
0.0
0.0
0.0
0.0
0.0
0.0
0.0
0.0
0.0
0.0
0.0
0.0
0.0
0.0
0.0
0.0
0.0
0.0
0.0
0.0
0.0
0.0
0.0
0.0
0.0
0.0
0.0
0.0
0.0
0.0
0.0
0.0
0.0
0.0
0.0
0.0
0.0
0.0
0.0
0.0
0.0
0.0