0.0
0.0
220.24590846582535
213.34271319523452
206.71791456963857
201.19453272211993
198.58181889175802
198.75305592290843
199.9908705586664
201.58069322188965
203.22381671498863
205.03780442437088
206.83372094601384
208.34996422640194
209.63667479324675
210.73279121687483
211.71718270284887
212.60036821248548
213.38364823219771
214.121820111896
214.7431460416155
215.05485682174
214.92488165115878
214.37149828030385
213.60908056343698
212.7540811846325
211.78637211533314
210.85007305906493
210.05980735576395
209.4329006973687
209.07492360924067
208.98252091350318
209.05868271298897
209.31667335060627
209.80240820030065
210.5193168244099
211.5527205796747
212.93329024866568
214.46978046175462
215.96352954142057
217.21551990949195
218.1593286058651
218.9376864546717
219.70885673178896
220.48138351788094
221.2170970937347
221.8646324263948
222.40750620005014
222.8530248137572
223.22578904997775
223.59744261443933
224.07010459891205
224.6740427256159
225.30241496156256
225.77829696303507
226.00148527998869
226.06179141743291
226.02921711701256
225.90800654384824
225.7140599850019
225.54657442202335
225.53635793763917
225.61227148264564
225.61620102480896
225.53310668086436
225.39788015012675
225.2323674619669
225.06992994870774
224.98341704542523
225.000779548694
225.1703467096778
225.41276307247375
225.60272707458464
225.80210823917213
226.0354871641448
226.21756007265128
226.3598731043498
226.66332696027328
227.2175598008482
227.78847260318537
228.14507929711212
228.2309963362152
228.19123358580924
228.2355982583072
228.4806017560371
228.97848593912502
229.72531210186855
230.59195746516517
231.38594809765993
232.0051191495803
232.48516322756493
232.82096011813252
232.92193935014853
232.68176777609483
232.00321367142982
230.93687730417838
229.66457847116519
228.3262583231708
227.01837347478357
225.81881282943638
224.79756296554527
224.01859351579947
223.46256891351348
223.07551381611393
222.8344891626746
222.6827647716667
222.5330289845607
222.36877858036004
222.16104327273786
221.87682969106606
221.57982548302687
221.36301656342323
221.265986484056
221.29238751911066
221.40197372529127
221.55288066396594
221.72877020356552
221.9445120723142
222.21520968440842
222.52295611259626
222.80692889134343
223.05067117942232
223.23947057686354
223.3655790988227
223.4232678746448
223.40548246196624
223.3442062600639
223.3228638592341
223.3666487428403
223.49053594923504
223.68133506641374
223.92991633328896
224.2563736105855
224.63846912738106
225.0079775318809
225.3129150740358
225.50303957335146
225.52824607409542
225.35543479300523
224.99922447070873
224.51618509630276
223.96844272341264
223.433869129394
223.01585285689416
222.767261601511
222.65546217955458
222.57178503759832
222.49007077080478
222.47473887761387
222.54937734217663
222.62945817005135
222.63206510457593
222.55775958060107
222.4317416513325
222.29598424667012
222.13496056611328
221.90778603873397
221.6436003700692
221.3619663290497
221.06662525276587
220.77603549150635
220.5243376955439
220.34983611119014
220.3056120753114
220.46481098130832
220.8374974349716
221.42934824727877
222.14757768961425
222.87654411498642
223.52566355103323
223.98402214043108
224.18204042038798
224.1111007176679
223.84102371175135
223.45320029793496
223.0098682902938
222.54679427374583
222.02713958491813
221.41480844924124
220.69468243667046
219.76457600594824
218.60130126064692
217.35262026758886
216.23105383586952
215.33910862725443
214.423104542327
213.08592855044273
211.2111239551851
208.98733287829435
206.42089845537083
203.33729195908776
199.679108337414
195.36979100105486
190.43247336436946
185.15604504157835
179.8652517676415
174.53323785792853
169.16276662283616
163.98644667267348
159.40065227389837
155.48825921554976
152.03745296591967
149.08957151945907
146.85915455058245
145.55649242608882
145.20332108813625
145.38416922926865
145.71030632577478
145.95766078398876
145.92268524339795
145.64458591643347
145.29710639883888
145.02175110133524
144.91758811034873
144.94233676459703
145.14104375093783
145.75653045119685
146.9283240950828
148.55886989889663
150.32685214550165
151.8079876915333
152.7226755265664
153.05104923846596
153.06787802133414
153.10681131893105
153.25511902149236
153.43077000712842
153.55288396251206
153.62017611485388
153.67617104582834
153.81430614338433
154.09854144436497
154.53236139287114
155.06692863438963
155.58515564278522
156.0172736520217
156.29468199473828
156.35781003882593
156.30365875441993
156.2816431389193
156.38390995828294
156.62224550546472
156.93433068249092
157.33348072866772
157.87531695406244
158.46803674218322
158.90797460715498
159.08959339293511
159.0372776993916
158.75979874992387
158.32567253341836
157.93713686853317
157.76064024708074
157.89743654829402
158.40472455719743
159.2113276325727
160.1584907015905
161.2325993929516
162.42578933452893
163.612116114311
164.6783902401971
165.58071758252396
166.3230633775952
166.91044297088564
167.27634200869994
167.39300157247467
167.3627557871193
167.33090372386587
167.31230109984514
167.25462556859694
167.24966552976048
167.47782149702408
167.95666897035773
168.5508407351093
169.20685461221382
169.95573889792624
170.76340121803537
171.5055368858022
171.97373200943468
172.11109607146673
172.11042581487953
172.17856224858247
172.31412360449508
172.45597513792404
172.5799962619992
172.6130480895259
172.48691795898313
172.2808111030247
172.1363739036182
172.1924000317992
172.4074237781947
172.64198054995023
172.75752189560149
172.7523034612442
172.72274023527729
172.69972125524447
172.67824920491228
172.68800501432045
172.78586247939955
172.95362073803545
173.10982063482615
173.23813559836134
173.4166269689026
173.66144787173275
173.93129096253563
174.2327721143737
174.57785419879178
174.9174176442049
175.1302082009522
175.1253122711994
174.93145779876664
174.66126544280849
174.42705419194232
174.19671633455846
173.96064531636313
173.70235047739916
173.40816233572167
173.1917008060646
173.2015451113516
173.51093053235098
173.97401420357113
174.27819542247101
174.20295786819042
173.67523857267076
172.67803651830647
171.20625048339076
169.30733255784023
167.10262118372634
164.58897629973893
161.6737876146936
158.28576119656879
154.3886355374285
150.12501319428904
145.72048071201098
141.2284794829149
136.8010589189003
132.96565630884652
130.1935246182063
128.05860310707394
125.39691103621276
121.39272291288347
116.85814890488855
113.56106484428727
112.938689041457
115.13062291543946
119.15186836158541
123.46403664806948
126.2387871481835
126.12667570044091
122.45768169529983
0.0
0.0
0.0
0.0
0.0
0.0
0.0
0.0
0.0
0.0
0.0
0.0
0.0
0.0
0.0
0.0
0.0
0.0
0.0
0.0
0.0
0.0
0.0
0.0
0.0
0.0
0.0
0.0
0.0
0.0
0.0
0.0
0.0
0.0
0.0
0.0
0.0
0.0
0.0
0.0
0.0
0.0
0.0
0.0
0.0
0.0
0.0
0.0
0.0
0.0
0.0