275.03136834080055
261.4578312837703
242.84222612421172
226.17557222152607
216.80295696205172
213.63245114021396
212.8030240464354
212.57776964856617
212.44032236576578
212.42769440494249
212.4437706083787
212.63768232261958
212.99025012314914
213.27782936622424
213.29702923035705
213.00084118669272
212.42264741689115
211.5900939921351
210.50153688410379
209.25719278646926
208.00022557078177
206.91244875286233
206.10887912403314
205.60220051565489
205.25146928481956
204.93793382775328
204.63409039694847
204.3607641294123
204.19921953416272
204.16705267455077
204.1852227601221
204.14551391254102
203.95215913117272
203.621751683058
203.38050362113307
203.54824518299887
204.31423507156146
205.57148273932842
207.02245549183235
208.4311499166222
209.6937133516439
210.7851604856174
211.7451274343088
212.7149773124595
213.90816440699672
215.35674334469547
216.87215357822816
218.21155177370952
219.1855820136031
219.73241671653975
219.9548753308959
220.04183829174013
220.12082072681824
220.1366553332344
219.99228715591414
219.68075223636194
219.2753111680688
218.84705192658237
218.49293992576895
218.2179221059449
217.96280458097388
217.60749827104124
216.99583050441032
216.15848740694918
215.3302876597648
214.65449635490074
214.11789551462437
213.69455986361692
213.31968317194674
212.93718932503887
212.4981089220361
211.97223044550253
211.45440828895804
211.12200888312356
211.0442097374227
211.17516354061428
211.42429179866167
211.77469865224646
212.19706229325743
212.6417543111668
212.97471942139413
213.20265267134394
213.4249204404316
213.66310024794456
213.99391084283394
214.34634690776454
214.72196363673424
215.26321183164913
216.01415049991323
216.83686614156187
217.59059896796816
218.31038061985362
219.00028639535125
219.6453248380319
220.2330347706368
220.82688263527177
221.41584266770738
221.84256303055827
222.05851305198098
222.16420904220658
222.29248465788805
222.48596745360766
222.77083884331418
223.06781570515943
223.3505003592303
223.70793426899482
224.1307548102681
224.51032564542948
224.76921823361926
224.79627670490433
224.58993183097581
224.26011814085024
223.81192286053752
223.28543604837873
222.74807460777032
222.25384687357106
221.88714540007953
221.72798261765436
221.8314331541746
222.18010798121358
222.61529569882063
222.91938543984975
223.0557098696058
223.0877810998431
223.01172569581854
222.76067933862646
222.36058205677875
221.86798983029655
221.3627744955803
220.95529740459256
220.69408629024738
220.52862105731214
220.43995598340646
220.52301013728373
220.88946339185253
221.55949463243667
222.41242417544683
223.21255820309423
223.87264576025302
224.4225134681255
224.83980657741776
225.02998917722246
224.9454896007747
224.5693791904753
224.01942159736942
223.57779371928962
223.31842475009688
223.1579985359953
223.11703416789715
223.2801503339565
223.62924686684812
224.09175141395912
224.53208080933047
224.71447556928726
224.53816393527902
224.09964705301465
223.47321285255182
222.7786510671034
222.25710095319687
222.0277480583481
221.9988766725451
222.07001862314502
222.15826625974438
222.18378576087488
222.14605230065268
222.0007182896535
221.57143718378364
220.60017056526925
218.92001980624775
216.6088179183842
213.60975577527887
209.74934091397327
204.9120440631553
198.94637085157854
191.99414471230415
184.64205014763158
177.52086665264628
170.78108214194862
164.26658920581485
158.19995388493749
152.92218710911163
148.41963239104854
144.5494547132693
141.07745268132223
137.87695629312827
135.42240995984957
134.16951905177137
133.7577777108017
133.68921997319444
133.43363461776372
132.96972081778247
132.87433450211677
133.4318045233437
134.4259127549467
135.40287710886207
136.09228471589148
136.72761848756159
137.87954806260453
139.8861150616628
142.44795960621087
144.97468006126468
147.1617518703029
148.77379650564123
149.57167164439858
149.5437213739973
149.14458579856296
148.95967626623695
149.34277248940228
150.32057106603617
151.70729878512165
153.33221223024265
155.08747231863907
156.81248433566327
158.3234878674532
159.5839973574703
160.73341515655545
161.80118241962933
162.688758463215
163.32577776724528
163.73861133453843
164.0899936362862
164.58944967289796
165.3323240708272
166.24608984515072
167.1649302584577
167.81589811833166
167.86132455437337
167.19562303688537
166.02471357795523
164.64789406862099
163.36789525855653
162.38138356926356
161.71975332107274
161.31908825631683
161.1064093056175
161.06667486544802
161.1843361804903
161.430686468128
161.72313828369943
161.96874600582086
162.1070734685297
162.09558042696085
161.9052965141379
161.50704959453032
160.9340596054041
160.36785500776756
160.07534402244556
160.22959188373775
160.86476475938423
161.84681961489648
162.82307800760776
163.529894095464
163.81846298500665
163.7647049100254
163.66876542116287
163.78973693025122
164.23432636527502
165.0276068601181
166.148450732795
167.43041280254647
168.52143352851087
169.1610469559154
169.40972293381526
169.4655378974557
169.4674143034062
169.51471482708
169.62233275025477
169.68137375727616
169.6349106689548
169.57856756673291
169.6345693018052
169.80987199779375
170.03118349389177
170.22304794569033
170.33564222080184
170.385928636277
170.44191215436894
170.5450891823494
170.7752700277358
171.19121031134307
171.6241667239441
171.8858177457521
171.91526798648803
171.76221278127645
171.51502411111
171.30088047849122
171.26710500892364
171.40728747900218
171.57648610166598
171.62972734624685
171.54618078619734
171.40781093777034
171.17677915566378
170.81475543566842
170.4456335825134
170.16355853787175
169.98594564533028
169.96501819809754
170.14228242929653
170.50501825012032
171.0486904528902
171.6957973545155
172.45972663344637
173.4407865449768
174.54897345109
175.54250072621466
176.29014122608845
176.75174077276208
176.8858229517527
176.61575901798477
175.91549661763602
174.85214059152486
173.49378334955048
171.73968199742848
169.59320813007355
167.34653613917448
164.78665184044166
161.53105293804725
157.66078952688022
153.44393947401926
149.33978528794438
145.67397110302818
142.5069608214095
139.8814619587316
137.75546866496873
135.86145230389226
134.06424289830434
132.7796561071018
132.36811099438125
132.59426705178728
133.14473818509413
133.35643902587464
131.7176703711796
126.58442177448957
118.25104353724515
109.93269108089191
104.81674960876839
103.14296747429836
0.0
0.0
0.0
0.0
0.0
0.0
0.0
0.0
0.0
0.0
0.0
0.0
0.0
0.0
0.0
0.0
0.0
0.0
0.0
0.0
0.0
0.0
0.0
0.0
0.0
0.0
0.0
0.0
0.0
0.0
0.0
0.0
0.0
0.0
0.0
0.0
0.0
0.0
0.0
0.0
0.0
0.0
0.0
0.0
0.0
0.0
0.0
0.0
0.0
0.0
0.0
0.0
0.0
0.0
0.0
0.0
0.0
0.0
0.0
0.0
0.0
0.0
0.0