283.7275922744152
285.8204524967921
289.86617983581715
294.9082878370701
299.93234874761396
304.3138450977354
307.9388727172649
310.9720839428334
313.66905798070087
315.92856865292305
317.41946221529497
317.98323945766776
317.833779337461
317.5705627509095
317.55839479084455
317.8724034395711
318.4232404607366
318.90954384459786
319.14444856486483
319.2392559051426
319.2765522496261
319.28193098273346
319.32640733537863
319.6502533442873
320.2813154160379
321.01912438178704
321.73798489932665
322.2955834200604
322.75975962338464
323.2899012358136
323.9028739872906
324.54225726539505
325.20325885800736
325.51940778823683
325.33362808477204
324.92122024111825
324.65830770278285
324.79835105837276
325.54630608738455
326.7441363394894
327.96513830052106
329.05284825830984
329.9931454121711
330.8171260814651
331.6843310470268
332.6407441964206
333.71829247451245
334.8121190447142
335.78104343493726
336.6083122064928
337.3072693550374
337.9074439456872
338.42203527758784
338.9103785871729
339.3327895902464
339.60328330291406
339.7380736993257
339.80045712055977
339.8345180003736
340.03188349872505
340.38117622353434
340.77506713674586
341.3153878037112
342.1829433505641
343.4043579123462
344.9162080410705
346.6657058855379
348.43898121149255
350.00699236812034
351.16146089244876
351.75382848299296
351.9246338401196
351.6991709411915
351.13184849765634
350.5626436922364
350.24049598859585
350.1330130275407
350.15450065994474
350.11973050642257
349.87443162056337
349.68344610826034
349.76662222721905
350.05858123555123
350.3214831093926
350.2239540049459
349.66471346143607
348.74113487114766
347.64785170489193
346.7921682204806
346.34523010357464
346.2090203663027
346.3315955209184
346.5424162253222
346.65642081944685
346.6590187999301
346.5298239789023
346.3564823079255
346.2171126390498
346.25686684894504
346.5542768817204
346.9010526090006
347.22831660014134
347.6556457621898
348.2671553789454
349.0111999782215
349.7769098264391
350.53808950121976
351.2385013292217
351.8043376905293
352.08929982033334
352.0614717033286
351.8566786762958
351.6295544856141
351.5527042658139
351.64844917390417
351.7424660729976
351.7487830002256
351.74248545984995
351.7193212251323
351.5897436233402
351.3641920748686
351.09963608656756
350.9468988517915
351.0548000491401
351.4578965630523
352.1054178604105
352.8555084197374
353.52844791639615
353.96956347903284
354.05050060429426
353.74431851904666
353.0706290000241
352.09727377896945
350.982723127487
349.8600645910075
348.6908066420776
347.3727666218018
345.86136246367323
344.1827523638721
342.3300235176102
340.29406987909357
338.19447762690595
336.0967575098479
334.11366227582363
332.35994952932595
330.9233695281391
329.7546324367622
328.45444776343066
326.5795383510507
323.8494978175179
320.38167237052824
316.251352629341
311.14279889954696
304.9940649066136
297.57813106981484
288.8005383298557
278.89578991488844
267.8708316319702
255.3574661033718
240.92756233218049
224.7730991113524
207.93300789528993
191.06809196597675
173.88654558226114
157.26604488567187
142.69826157094744
130.89289038050794
124.10970830405928
124.6014292976704
131.75087181031665
143.32668690063824
155.59253673509292
0.0
0.0
0.0
0.0
0.0
0.0
0.0
0.0
0.0
0.0
0.0
0.0
0.0
0.0
0.0
0.0
0.0
0.0
0.0
126.30349876993151
135.15629275355732
140.22947630346096
139.90623376087137
136.44634209702303
132.73705631014386
129.99652979512354
128.4988039100253
128.09622441161054
128.22943760015642
128.53924720249483
129.14832513526812
130.24981356774424
131.75978964074173
133.30080275452158
134.7763270976826
136.36036965195808
138.19479573480803
140.33542666956419
142.7308383320726
145.20811133712922
147.53063139715027
149.5891366036047
151.42433336544775
153.03638436600585
154.465938092589
155.8331035065894
157.28575771522787
158.9363984588749
160.67885528201185
162.38071516033114
164.0447216487967
165.7828294568336
167.71282502758885
169.7756234347596
171.76246711256664
173.49591837957644
174.85931434665414
175.8210382627195
176.41700603879136
176.70859598900842
176.777025465139
176.7035157203121
176.56072697415226
176.52197328920818
176.746291266198
177.21704023217896
177.8029754811205
178.37116513111624
178.8410296208906
179.1031333089951
179.05421955516303
178.7636801469835
178.34345731604628
177.83307701695793
177.2968017848437
176.83185206549695
176.52494967594347
176.41278163179922
176.44784485595028
176.47687247510564
176.34022910717223
176.004200899781
175.51675450995447
174.7867052740142
173.8023546656318
172.6380586439493
171.35729795819907
170.04552596549797
168.84908944258115
167.89939399121724
167.23567572831152
166.89595879912264
166.9052785476806
167.24868901847822
167.88163708248294
168.72123678339935
169.66091019597206
170.56274715870313
171.3079656025997
171.76471140810648
171.87103417997457
171.7265274625667
171.53059447016082
171.499416885903
171.74788947788838
172.2290610274485
172.7949805239815
173.37232860555298
173.9119721658483
174.38188250831553
174.79775608447
175.08886001863274
175.24127235242315
175.36377393614575
175.53543939380558
175.77827093928394
176.05100402484103
176.19774997375117
176.06733839465483
175.71732026917624
175.28125803781654
174.813471989234
174.37697775077154
174.02562365586198
173.82108795841924
173.850275691112
174.21886200230486
175.0235928794663
176.12193727080805
177.21281569834
177.99685471196122
178.3210693936974
178.26964321722355
178.07392077450015
177.8920300131748
177.75359740513056
177.68852763939958
177.74501067918902
177.845764067147
177.8440340278337
177.70580397185685
177.53201644307006
177.4259100737483
177.44652126137257
177.66623367740908
178.1504011506085
178.86732512289367
179.67888600452432
180.40698244452338
180.94420917992565
181.3085158533218
181.54408240520806
181.67689790919232
181.74477206727414
181.78491552941938
181.7935786407719
181.73436263827037
181.5258841376609
181.14371618308707
180.47451124848948
179.34890635885927
177.7880106104983
175.89963303163574
173.74557687861557
171.25998849348377
168.2866673494565
164.82667498530645
161.08647898351913
157.28269330329306
153.42819000723932
149.61099324936174
146.1901687381289
143.606010604345
141.92501053762373
140.74761805688743
139.57098970576257
138.1059162377495
136.61694444786258
135.7516237767869
136.04949342875065
137.11358989235256
137.89928453174403
138.69714296844467
140.5255034871902
143.16520935080726
145.44767700641108
146.3686573120323
144.5750621687605
139.62729072069675
134.71540873337963
133.45177263598964
134.10007946388134
131.25262782087506
124.33281797838207
118.57137050791239
119.18602402462929
124.71484581143604
0.0
0.0
0.0
0.0
0.0
0.0
0.0
0.0
0.0
0.0
0.0
0.0
0.0
0.0
0.0
0.0
0.0
0.0
0.0
0.0
0.0
0.0
0.0
0.0
0.0
0.0
0.0
0.0
0.0
0.0
0.0
0.0