379.4288771639722
360.0853380381568
332.07903435060916
306.4528045638759
289.537629344846
283.09287946527706
282.74116190477656
282.244820213115
279.8518385259588
277.89145933971724
277.2353272573321
277.6417912712965
278.7149222623415
280.10025963146495
281.584591009341
282.99613524856096
284.34202863900094
285.62764732139976
286.68774920764463
287.35326143387323
287.6186063175336
287.40372202732664
286.67170638952035
285.41017392644244
283.6603567965892
281.57560223162943
279.3616132947248
277.26110427424226
275.5071243679272
273.9181270575817
272.3565789688124
270.831901713134
269.31633452847836
267.7774434211225
266.265979204679
264.94498209708803
263.9547736010703
263.3292321836615
263.0218723101007
262.9066434099771
262.9225607075117
263.04983810464944
263.2901549532873
263.6140660190471
263.97602079966725
264.3577311604039
264.8531877542765
265.499294775276
266.2148227657111
266.8178412374957
267.2239837765738
267.4596816709726
267.63112112041495
267.79160774627405
268.0144694599933
268.4087678985563
268.9044701618659
269.41281684477764
269.8315428450654
270.1414574430921
270.3504427634964
270.4887414658177
270.56623301233395
270.57444878815454
270.553111624832
270.46927522567506
270.3120708976224
270.0968520709154
269.96925532217415
270.02016538211376
270.2291555117441
270.4205766959777
270.48596730613565
270.2073970461518
269.64030918619966
268.93931225586914
268.2604646001195
267.8148706826226
267.67306708410706
267.82812238018
268.21167512082957
268.6447166981065
268.969405416288
269.0085259088375
268.666207778969
268.09565879860355
267.4813821109947
267.0313486486948
266.8223860902896
266.85231646691193
267.0507312942262
267.2860926801136
267.42582016851026
267.3996471796205
267.18830172560774
266.92762197775875
266.65182177768475
266.3558061394033
266.0661005581184
265.76760574245804
265.4241031051654
264.9690323272126
264.4099248005691
263.8425977154279
263.4086886054465
263.15806952958246
262.9751066009231
262.65896154897655
261.9975570245215
261.05431060417277
259.94825207700865
258.7520703463345
257.578436674605
256.6292185448517
255.88582196875947
255.35924921967896
255.00220432508178
254.56813283023916
253.9105455586852
253.38325811647155
253.1953263702248
253.41019320955996
254.00830704028476
254.90771646230186
255.99350049482075
257.08303966864116
258.10775914543456
259.0198129329754
259.7859693905555
260.54042556189927
261.3099930176604
262.03215608270534
262.6665086288874
263.24564611496635
263.97440521605614
264.87854358094825
265.65287952498016
266.37398818269367
266.9396767528174
267.2181893850936
267.3080795124413
267.21194268220154
267.04729807835776
267.0345513095471
267.1307556201074
267.23940068268615
267.3326771048319
267.38051260000464
267.45805987563176
267.52406892717624
267.4867682688294
267.3785102258853
267.20939276405625
266.90429202536535
266.45927903731456
265.81725645868437
264.9506411922523
263.8602166701779
262.5233054855526
260.97655960289524
259.2090431856535
257.1646023064908
254.73793242683087
251.81813857679597
248.40534683368242
244.4678363986619
240.07766023483987
235.39505750872257
230.52872054820932
225.37842468435645
219.60741092105408
212.83493233628025
204.8171345207148
195.5832624802388
185.88350669466297
177.08030987375895
170.02368616019913
163.9919584564523
157.67956845039885
150.7375072145802
143.9978292138371
138.40420691591015
134.07602763964414
130.48992472833382
126.98168844373005
123.21083393323336
119.47959853000089
116.40483782769635
114.29556450097579
113.09201190077133
112.54225890909208
112.38243572700871
112.42907243910291
112.63973799574822
113.07362670636917
113.79161535445945
114.7337659346255
115.77135122346483
116.81476886064368
117.88935813464234
119.16148560165368
120.81381348506429
122.74195590462998
124.6197038728576
126.49253135354229
128.71099729854507
131.5707244076126
134.89483384039602
138.13803751278544
140.92078195312166
143.17066440557983
145.01184508360407
146.61783526739234
148.08527922729897
149.41181738409574
150.50639667468718
151.27101142129112
151.84861867136607
152.44807700594777
153.07571731002096
153.70420838479646
154.40159530528214
155.18242222657207
156.02473518056007
157.01200620293247
158.09383655069928
159.06325732780385
159.75721009242952
160.12605025028805
160.16881439317763
159.9826743463714
159.6596919717808
159.23473891318537
158.78182388765154
158.49990974517635
158.55048410517654
158.946467175619
159.64965588625228
160.63345120628924
161.85954626266638
163.24013568600606
164.61802031600047
165.8141994865623
166.71282422977876
167.29817057470675
167.63203685537454
167.8203732920419
167.94900809147322
168.080995971731
168.28706595229679
168.59774865801683
168.9263148292237
169.14770296441958
169.22959642743513
169.26121551334757
169.43614163544152
169.88345452301758
170.5370731496935
171.3110227950441
172.1324924784038
172.88828190582763
173.46065165004023
173.79699210623176
173.95597589541154
174.0834806348739
174.30315772489843
174.60452899331656
174.82330701522272
174.87782380353067
174.80464333913946
174.62248727320616
174.30773102020203
173.84175661916106
173.31979827390518
172.84159255852956
172.41904043894738
172.12511214460895
172.06599256696842
172.20619279354614
172.42151672539066
172.62753000929172
172.77796284592765
172.86411885177435
172.9476285442682
173.13258908969442
173.45359549532816
173.81512814604508
174.07207517918545
174.13266196394784
174.01099131852078
173.79229144187693
173.60495311748102
173.53631581994597
173.58268435803183
173.6975904734586
173.84198241732878
174.0491232079066
174.358740398972
174.80751321136222
175.36253393472546
175.87362648192368
176.2102021048849
176.32639916235766
176.2313653780622
176.0478469377164
175.84425501843782
175.7163449378761
175.77321482969555
175.9815870240763
176.21756197562428
176.36616304890276
176.33373577502752
176.1694032734443
176.08666140344275
176.30608395183538
176.81560156062244
177.290567885249
177.3774909809278
176.89479430786778
175.88957289936835
174.61597658451205
173.1844805036169
171.53225033685663
169.72337722864305
167.93541275193542
166.3063893558926
164.96298131760582
163.75327559274814
162.42065304444947
160.8265499530686
158.9739044853605
156.83788100880514
154.35028878655203
151.58353268905972
148.743481384116
146.01950667446096
143.41359036049113
140.91259045034838
138.65588112831196
136.7424257466029
134.99854066407286
133.40383081323048
132.00912175284572
130.5642616328723
128.90898332456013
127.29063900602
125.98465974993292
124.85955009448887
123.7569076805849
122.69203066697409
121.60717373591116
121.02224620344539
122.31376839147407
126.57520130540152
132.71780980993054
135.65350002693407
131.75100598963894
122.46409026336441
111.66522920619352
101.92188835423536
94.69615866291065
92.05063436519174
0.0
0.0
0.0
0.0
0.0
0.0
0.0
0.0
0.0
0.0
0.0
0.0
0.0
0.0
0.0
0.0
0.0
0.0
0.0
0.0
0.0
0.0
0.0
0.0
0.0
0.0
0.0
0.0
0.0
0.0
0.0
0.0
0.0
0.0
0.0
0.0
0.0
0.0
0.0