0.0
302.66583124524186
292.4561016979337
288.2013616970166
285.6659409752685
282.7138436553437
280.21424130569636
278.94175982950406
278.8038254859979
279.3128732792243
280.0911056013775
280.84969970237114
281.3340293360754
281.54089576177194
281.6259358923197
281.6576188777087
281.61719334314427
281.431760870954
280.96652113290986
280.1365261034962
278.9261312115948
277.539178683756
276.53171616481177
276.07468888712845
275.72121869532236
275.07103714043353
273.85936840831596
272.1700440317959
270.1219632983255
267.9785296416718
265.8919324220098
264.03991494290744
262.64799694544365
261.693342576598
260.95539426777873
260.37524846969336
259.89576040426016
259.4667981085811
259.1386101873005
258.9373810794983
258.8528018084372
258.9059853845813
259.0157181920807
259.0730706026203
259.22521890176677
259.6424875956551
260.37725084154323
261.3521701687648
262.52226390165316
263.8417126797393
265.19821347628084
266.4963925439551
267.7576176094499
268.9227596313665
269.84853695072763
270.49899037232586
270.7609314296821
270.5632766175271
270.0432506429063
269.48825354628235
269.0994748282556
269.04403395650604
269.3457782600549
269.7721401222516
270.1198599757909
270.171951938116
269.80497352834885
269.0685347189608
268.046389076095
266.9090422173422
265.75384255403264
264.6090327566254
263.53480628294267
262.61995970955013
261.97710808616586
261.6580270859336
261.7394081198973
262.07236762009865
262.44011302492675
262.7084534021569
262.8076545386672
262.8778180328427
263.07179652186664
263.3781968100136
263.6937560548491
263.9844290673945
264.31991813248146
264.740722525008
265.2118659260632
265.6095587679144
265.9385715173553
266.3343750330297
266.83350159889227
267.3389983156104
267.7235253799635
267.9731946900339
268.08814566097874
268.10646622049705
268.08697788402526
267.99954492324997
267.92929012587985
267.9549345313517
268.0843086533371
268.14342294583145
268.03943457351863
267.91584863940824
267.74829157040404
267.41955184821455
266.92488875542415
266.3152006162836
265.6856432139515
265.09258670936117
264.4923669641026
263.9536573055798
263.6892292302561
263.68805961572286
263.7616573286983
263.8835487663356
264.05849979316974
264.0405769040093
263.7458345845366
263.26754160005805
262.73301349261845
262.19240017571707
261.7756391826817
261.6480133675059
261.82769810274965
262.14342499115025
262.37758210327104
262.51688246619904
262.6696069247523
262.8160924216629
262.94311513093504
263.095807031158
263.19200189693873
263.29915160597477
263.42182480039816
263.56977894306067
263.75450846235634
263.9796299483871
264.1910364736028
264.3085740634331
264.39196948638494
264.6097596822369
264.9524821911617
265.3908850508002
265.88112518840813
266.43350210207393
267.048213705068
267.53186586607524
267.6997643401163
267.64632841659636
267.44617311777006
267.10468497706734
266.6891211968506
266.09269360438435
265.1801861981494
263.83267241000624
261.8833100565821
259.2587530173708
255.99667429685115
252.07667641080428
247.46321398453546
242.13662941606458
236.05141792000973
229.2171169256135
221.6276087330329
213.10316967830624
203.38292232252633
192.62098381332132
181.64765129366208
171.683133765479
163.22454158904006
155.75619952738208
148.71233854113598
142.04160157963398
136.59424076933172
132.22386106834713
127.20635855828485
120.51643860923997
112.80133689831354
106.72482682444631
103.79860856052773
103.18668279191625
103.45596699968182
103.99746350012995
104.9234631623832
106.30108243835453
107.9393481700011
109.54623497517557
111.0113324214773
112.51336619391222
114.27503485981381
116.3671238267178
118.6658132169681
120.911035275709
122.8381786048854
124.51137247825898
126.09452904825008
127.67368211893424
129.26446669264774
130.86561163435175
132.57246172950187
134.40606470498022
136.2387863937228
137.91672108484732
139.45000330453047
140.99294395858962
142.5985577857138
144.24441604888503
145.89731113774604
147.4688710386651
148.87749158801398
150.18223404464646
151.5277373548145
152.99570340837263
154.55195111302586
156.12659703169504
157.62480665493518
158.92012167449542
159.94448023576783
160.69808682540665
161.25218206087865
161.784519922848
162.50095869475015
163.5125762093601
164.84420998582385
166.36403338634818
167.8516882822011
169.09168393190478
169.88148281257932
170.1010254140576
169.76289792069414
169.07389315600426
168.32446851374996
167.76268208570542
167.47546511239935
167.4080370212447
167.5459758032653
167.90190692225718
168.49483878042957
169.28226143371384
170.13844756965335
170.97517278353388
171.81957483800852
172.7150336521246
173.59456032705407
174.32914387161262
174.85952056120692
175.25266227194714
175.64148137041195
176.077920599144
176.45470063474443
176.6870001879405
176.72441516307885
176.50723477462208
176.03951334558286
175.359452735033
174.46037058570292
173.32883125852194
172.0448166559047
170.88320947676237
170.1504534384118
169.89009538779828
169.91077510884222
170.04131730270905
170.1994275623453
170.35328293842917
170.53623134140275
170.81856206418456
171.27904056137612
171.92468301183084
172.7211687900791
173.62104284558148
174.48381339494819
175.17688919740687
175.68407544406747
176.04002637724795
176.19231183773832
176.16219942312225
176.16622216609107
176.30636099659768
176.46184588101602
176.59153893497503
176.7705918709828
176.95462284684984
176.95482889686588
176.74699547784687
176.52100194211775
176.38431062396373
176.29917426691665
176.21436593242842
176.0386543260788
175.68541241029317
175.17843325663205
174.65765867063664
174.1980354296404
173.76632282707695
173.45684365061717
173.29678148724716
173.15804217054222
172.8813020178449
172.4403676058353
171.9099081869098
171.32225702835763
170.73679969137032
170.39180908199145
170.56840926856896
171.26502566338726
172.32085740502313
173.57197893611152
174.79246674110186
175.76189602437483
176.41344678934016
176.7771544769632
176.96561364318615
177.17855651677291
177.41954629090873
177.5328831726038
177.53721045031932
177.55589682890587
177.6596108542436
177.9329033921602
178.40888030374117
179.02439068200644
179.74066609431574
180.53964200993056
181.45776496413572
182.48645079986517
183.4562127215088
184.19817521931128
184.630533343206
184.7160856154265
184.42874761734387
183.8372242830398
183.0555304094217
182.18267279382422
181.26417959732692
180.35058541286844
179.53134435782505
178.78184827875614
177.96385736737034
176.86233856457474
175.1569614597057
172.66253241274563
169.52137786345304
166.06056066826923
162.5938996423547
159.19240896632186
155.74299682538424
152.3748932306351
149.20953953304394
146.2320366698759
143.5689055704745
141.3371393354713
139.61749269505017
138.5457426638645
138.03959161589887
137.6967840730286
137.27410486096088
137.00734734244122
136.88335450818602
136.57549496367474
136.29606245687253
137.00171230305546
139.31380543542235
142.49677038011208
144.9501591548915
145.35754664442442
143.59727448955283
140.58510260419865
136.7264929833812
132.24845457978756
129.0214245863608
130.28752643983626
136.75978270450466
140.16193683562912
131.41001107181717
115.7614994601112
103.78155249174759
0.0
0.0
0.0
0.0
0.0
0.0
0.0
0.0
0.0
0.0
0.0
0.0
0.0
0.0
0.0
0.0
0.0
0.0
0.0
0.0
0.0