0.0
0.0
0.0
0.0
0.0
0.0
159.3647983680288
183.13985417817116
212.15504712933765
236.32952403569666
244.34137187858695
237.49939196650956
226.06335133688987
217.3740367947529
212.58351460001376
210.35799765808008
209.5247229974513
209.4822357303993
210.01008163742185
211.0774520821367
212.54677978872422
214.16428862767987
215.75586845253028
217.17580996397277
218.29234658868484
219.17402578301642
219.99533751356512
220.8997154725165
221.87240744005214
222.80047353876887
223.5639828891361
224.09197986892883
224.35858824291932
224.36503669998916
224.10471470996765
223.60166337217723
222.95645531416247
222.3538082352875
221.901857708854
221.5909700809259
221.35218036892502
221.1554746209689
220.93511630716483
220.59120342726652
220.09741648237525
219.5425061306474
218.99064216047327
218.48963617384484
218.02855480934133
217.6503338608086
217.35646844692562
217.07567308966995
216.74167798175745
216.38460321127715
216.1448446047948
216.1333229458448
216.41829027452354
216.92780061332775
217.50746553093146
218.04109043180333
218.48860364022167
218.85969962753606
219.18182539540157
219.47931881301253
219.75653592434583
219.9542911294797
220.06261356435115
220.0490485908146
219.89260717738566
219.73125076319792
219.6436982024335
219.74369705467203
219.99868064773767
220.36282534236994
220.78735923869243
221.08858063910046
221.18932382501131
221.1355224757623
221.0383691097511
220.921831659017
220.74452172670863
220.49836892808852
220.23091032721183
219.96143064847786
219.7153782095249
219.55850050051964
219.5347873818956
219.62812130386874
219.7601210885358
219.843813779944
219.86529597803985
219.8437111312046
219.70626071214397
219.4340540706756
219.0246027088147
218.61807137293627
218.42340525860027
218.45984761008077
218.60864543936137
218.77386050901674
218.8491772715042
218.85492101127562
218.86217224180314
218.90476699261222
219.00086889217926
219.25406193622575
219.68883635606892
220.1999213928216
220.66290949849554
220.93424405012172
221.01478195698832
220.99528428909525
220.92600110115342
220.88272384589442
220.9097791783609
220.9871951013725
221.02807654758047
220.99956540202533
220.8268639138541
220.47606455399608
220.01607265965086
219.52807452971075
219.09749014450463
218.8466528233422
218.67653579425894
218.5186256604435
218.39186188718176
218.38551749799984
218.45931711583015
218.53830249591465
218.65988649977706
218.8219710949067
218.97472174265323
219.03381441428164
219.02609873385893
218.96310648270727
218.92694432835899
218.92197955545478
218.9224417499029
218.91730805236287
218.9867617038449
219.18472312913474
219.5079992956505
219.90849523782362
220.26922659155827
220.5087258827595
220.6190111409564
220.74978477262238
220.96551174365882
221.2632286432069
221.636309099178
222.1199707161941
222.7435536680029
223.46676584507549
224.2062476661846
224.80783443344242
225.19736370399522
225.3124407972052
225.1753657337411
224.97053459931672
224.95717480767212
225.3321345218579
226.17524229821078
227.2842736236055
228.37052178723505
229.21596678189172
229.5840375180611
229.35640222414776
228.5315672119736
227.1264912105868
225.02649051236128
222.17309177260472
218.61648169021882
214.28136092638357
208.551242127668
200.13293809021818
188.44345435876699
177.2603679069864
171.58403858242565
167.11777910022488
158.67646825710716
148.52531626415814
143.8142492098057
144.90208965150563
146.6026867161804
146.13778888818837
144.39582174968592
142.6646409728915
140.17231210254408
138.08264762582957
137.56043250861933
137.9885491671481
137.76234689835846
135.86543843375324
132.96481300780442
130.1314445092169
128.3478751580592
128.1844694264752
129.53425380120515
131.63334965824563
133.6852085248339
135.50183206807705
137.3450276948372
139.41043397162392
141.57523882267142
143.74115931954753
145.93268883087154
148.11845106169076
150.25262715425734
152.30578355408448
154.2177187935677
155.89050978645193
157.26244615296747
158.3409128457012
159.19554594650842
159.96533422445492
160.83352735224332
161.91903195674536
163.18755948247735
164.56696623178925
166.03945948358776
167.47515122305032
168.6384122004168
169.44318774981807
170.0075833674168
170.4424880305097
170.75835971618187
170.9807880831258
171.13283793059978
171.20014721703404
171.2040856062817
171.21660485480362
171.2711159069298
171.338157892027
171.42269938534298
171.50833768152788
171.6199614922477
171.7704877819367
171.9490711675233
172.15158101394343
172.3293589473507
172.42707153629885
172.5022480122359
172.64070611752646
172.8823910743306
173.2627003440125
173.79259920753924
174.44696688049262
175.1643071206046
175.90100091221305
176.62211645127587
177.26054425372416
177.64259175936326
177.53477814476906
176.98136570581403
176.38738011298548
176.08909556538794
176.11592892845812
176.325943353506
176.54072117929013
176.60616509449162
176.5039443225269
176.29816609853285
175.96652691577418
175.52456678901206
175.1016284011966
174.71389570666196
174.31705620841
173.92628736317135
173.47063820797388
172.8143121468008
172.05945686893833
171.46229339980778
171.10330989795256
170.94898035107215
170.82967924333298
170.5460044996284
170.11802214693006
169.69294673005197
169.26242739188854
168.84435587489173
168.43018125777752
168.02359573257684
167.70032887907072
167.4912537760906
167.35267315995821
167.34955199226192
167.5592713749912
167.89331521159767
168.26491599735496
168.66026303776653
169.07352682229595
169.45989370727818
169.76334922109226
169.8936114731535
169.86371102518007
169.77124877104336
169.58924234688521
169.39884272667436
169.2667487208967
169.1869014821072
169.1207809638248
168.98350496444118
168.72953941578504
168.42573167020421
168.25985207128437
168.4092857688978
168.86667499288993
169.41402420157337
169.83866296139664
170.0335846815054
169.8979638694833
169.50219043313683
169.05907973706798
168.6870828674952
168.40681118450243
168.23833001735403
168.19478481379517
168.21423682816646
168.2220349473087
168.13112331540975
167.976758686258
167.88271778565138
167.91830923124095
168.09204231799126
168.33575282113375
168.54680769756976
168.7204050748218
168.96193094304596
169.40150208134773
170.00844423568319
170.7158366669077
171.5651088470435
172.5923792215181
173.73671175574466
174.87816694492435
175.90128706626987
176.6726246812311
177.01383929585606
176.80035223603625
175.92421687664714
174.37393487157365
172.36003459919272
170.58035532576486
169.63295109257422
169.35792202293825
169.40715811415868
169.28785642945917
168.51680663404267
167.07047337114773
165.34063240998256
163.7923749824273
162.6910725882032
161.99824515207894
161.2991188926917
160.23914178910934
158.67592028793177
156.62656090389783
154.48805467192648
152.68928417440324
151.3327239133222
150.3483498162525
149.43735213213526
148.3881872320322
147.22605585034904
146.34639205781076
146.92126068812183
150.56318817488577
158.65977690553166
171.62240757711947
187.74778488655636
202.6409154193991
0.0
0.0
0.0
0.0
0.0
0.0
0.0
0.0
0.0
0.0
0.0
0.0
0.0
0.0
0.0
0.0
0.0
0.0
0.0
0.0
0.0
0.0
0.0
0.0
0.0
0.0
0.0
0.0
0.0