0.0
0.0
0.0
0.0
0.0
0.0
0.0
0.0
0.0
279.32044085452696
277.41517682021214
275.3957581841701
276.20320589046634
287.6003535889262
309.1106569282729
326.6617079870529
331.1592277879161
326.09285103902346
320.50750965199194
318.9522892422829
318.2996693298371
316.1325480442391
314.1450087443965
313.91751776604053
314.92643245862115
316.2544944458523
317.7030465001005
319.44245382102207
321.43337131397857
323.53173677727494
325.67438009162447
327.873803545839
330.11362675713735
332.4543997893405
334.844566784257
337.1715133185737
339.2892245560099
341.0341464767921
342.3470235142739
343.26616357426093
343.85403108183937
344.1958168682921
344.3823712424641
344.4641390582633
344.52006947230484
344.61298164790435
344.6637069711999
344.4547744833659
343.7889936019326
342.84631090059406
341.89628084915137
341.1252396943195
340.5726484821235
340.1852890589231
339.9647238435782
339.93542971470754
340.09658067717794
340.44934604952476
340.8174777769748
340.95947467563565
340.9043652028951
340.7744876694476
340.7170268509353
340.9496189418837
341.5861486101713
342.5190532570387
343.6265030295134
344.9123957952161
346.3520898050924
347.8373426480032
349.3468021122431
350.8605042663596
352.37659157021307
353.8738688034618
355.1788307834369
356.25926681982963
357.04956354396916
357.5231645677393
357.82210961014914
358.0137796667242
358.1883955558252
358.491153380226
358.9845077181238
359.631817152412
360.30576167686775
360.77426946371656
360.70055404082774
360.12105439669267
359.31654728497716
358.39922681973593
357.45291538478017
356.5473686758286
355.74766118013076
355.1086350899315
354.65000919896096
354.53036664060016
354.88013030197925
355.4491859307812
355.9788541903018
356.2845457807455
356.1932454637898
355.65961602445395
354.8791125192879
354.1082149535377
353.5452998155216
353.2930336134659
353.34824491087784
353.7047232640069
354.2022528332069
354.5142187651228
354.5187315371267
354.28105475689244
353.89064653788586
353.424214616777
352.85871200100996
352.1147125775247
351.18162691531643
350.2322812723087
349.49137671331147
349.0754384930354
349.08426875780447
349.4853679994685
350.11009712539885
350.7614278769796
351.2663767663212
351.64207397458046
352.01902907557235
352.61012579260387
353.41219971151213
354.3076223178647
355.1428835478811
355.8332863422494
356.4210300281628
356.9757423625298
357.46887002069775
357.80671167338033
357.9979536307194
358.2215490894852
358.6108255624499
359.2188654969095
359.98268593222804
360.6899879909257
361.14675559610464
361.414560547933
361.6114835130218
361.8324998718252
362.10790574234176
362.4657674597374
362.8969157655772
363.33263400991814
363.6782632395142
363.96136898265325
364.2446450736438
364.4903729085767
364.6190152679583
364.4665365084828
363.9682220720039
363.1842231627776
362.0939491889485
360.5301268127754
358.32979172961325
355.25553760657044
351.0927213238534
345.6727478146146
338.9480999565169
331.21371172543616
322.90599907017355
314.14475597887656
304.87116577555605
295.1480985763583
284.90266145748467
274.2266807126218
262.97923583981077
250.808836356609
237.35302754109682
222.80058827683547
207.52385437809392
191.79072232593316
176.6831499644046
164.40068169399535
155.37191690731612
147.9795066119458
140.99432152098484
133.88521707715452
127.45061945112123
122.61683975198657
117.94764037147212
111.6419525060758
104.35585087042318
98.21944198573135
95.20892141473655
95.67431884917639
98.43782470866176
101.75006443230215
104.36339100471267
105.99645883130927
106.95439705991204
107.63112283544413
108.29609911177249
109.23341715057416
110.58567433491615
112.29206860770907
114.24112581598963
116.32210367451901
118.59450873193143
121.16418015878506
123.96047172576289
126.7596915428617
129.40994692052055
131.86819750130311
134.12915974618033
136.2722036200206
138.44850246199871
140.7500287324373
143.0849532372251
145.29207057074882
147.15520529771246
148.52337888672744
149.4896593854654
150.3142171541263
151.24896598492435
152.37820915094335
153.73626062406362
155.25843989295015
156.84520902824016
158.50376507643188
160.09079426708874
161.47020183775282
162.61866471934053
163.56948574719127
164.4247484595272
165.3483011231518
166.39810355501766
167.406735969238
168.07842615205703
168.18314737124118
167.7034070278395
166.85620608182347
165.94051272948866
165.14889764634742
164.61871262567257
164.3892066316269
164.324688686692
164.33360584520852
164.41285170396543
164.59866446274228
164.97092989315465
165.5680117818692
166.24080448479017
166.75300914322744
166.96533723806334
166.91337896368702
166.70952453546556
166.44112562161757
166.20032726172903
166.05388646818724
166.15389079471177
166.63041815854788
167.41130652150005
168.25305548735358
168.9355581547964
169.45931968275391
169.99342525657073
170.65396279449715
171.45273308222883
172.4077763392341
173.57406079861892
174.90057088467802
176.23818629738417
177.48665628180999
178.56655803407028
179.38157267478192
179.89441104736875
180.1690130247304
180.30992030610568
180.3987694637553
180.51158885387895
180.70914997197397
180.9856196071809
181.2087362288497
181.22163191468277
180.99693116414267
180.59363594457284
180.0839474343535
179.54156331751605
178.99911853617147
178.44984861570364
177.86379600258638
177.25619532843535
176.70215117914648
176.29281441021766
176.07444538075237
176.03215117777123
176.12978229699957
176.35108801816253
176.69338579621373
177.11611303669156
177.5645337582553
178.0122049152172
178.4364036359133
178.7927224587802
179.0392805947247
179.18418390469128
179.27164594200391
179.32953882314897
179.33718365393986
179.29454015983617
179.21740007246137
179.11532178743914
178.96329711183924
178.7641779989271
178.5904228306216
178.48028482186405
178.3890060307619
178.22775169245105
177.9575816291288
177.63086424953514
177.31450210591967
176.95792826750295
176.4893878467131
175.8671186256505
175.04247673895532
174.0938983774805
173.18757615133177
172.50512269487947
172.0605390386836
171.7283534942854
171.45777151659433
171.22793620337805
170.9620680866796
170.70210309724717
170.5309707891603
170.46295854819326
170.45953044333095
170.5444122437848
170.77730809170936
171.05275780805232
171.23701251381522
171.3334424496615
171.4638550446394
171.6323062966179
171.8039931444565
172.0743631992985
172.44594913097364
172.83115625481634
173.1884711253261
173.35039245086762
173.19829702653888
172.87588912399616
172.55327319440835
172.0975327002585
171.1356666829814
169.35051234194236
166.7790906295831
163.7668426393896
160.81895362071975
159.03467009490885
160.27793193666741
165.78110612262975
172.56020356966803
174.62573609056588
172.64443960248056
170.89569866728317
170.41396872824976
169.6621742209215
166.43942211186598
159.81189616562858
154.26545732616646
158.24251731114205
178.72614208583158
211.7766071684079
247.3336711658925
274.8999416000001
283.2730405914678
269.52707001470486
244.7359335621865
0.0
0.0
0.0
0.0
0.0
0.0
0.0
0.0
0.0
0.0
0.0
0.0
0.0
0.0
0.0
0.0
0.0
0.0
0.0
0.0
0.0
0.0
0.0
0.0
0.0