0.0
0.0
226.67826156865635
237.37125947955997
252.29931617426365
267.8949259981303
277.73287666784825
279.57558433000236
277.4651394559494
273.6961058839702
267.710492029353
261.76763264257124
258.97812339714665
258.8219583407399
259.5943920080522
260.3808450568335
260.9141853377522
261.3199616952567
261.89729373177
262.82469815081333
263.9434850902285
264.83814315985745
265.185692952677
264.86334374386905
263.87395525685025
262.4791254938248
261.0715627422419
259.8435342462727
258.8799600455299
258.1605141088236
257.608819931466
257.1526056566334
256.74748790010034
256.40072939274216
256.2146039995021
256.26326256111497
256.4321972616871
256.66227478977197
256.89671724055245
257.0457867623916
257.04510836592596
256.869460815993
256.4683493195919
255.861075166189
255.1928388570721
254.60981326044606
254.24247754044717
254.1434824981922
254.30621265444762
254.69068545414444
255.21524433153178
255.78533904079794
256.456019898224
257.31296245026135
258.3056620704569
259.3089880779836
260.27631029343763
261.16150125656674
261.892704946247
262.3669933794094
262.5754608775711
262.5865585591974
262.5055776007978
262.52435922401656
262.68548219911264
262.9113473299902
263.0495330009578
263.00069852576905
262.82926372774114
262.68230922390217
262.7457158620439
263.0584300728827
263.57521310887444
264.08072729913306
264.3593292968815
264.3921371150233
264.3229920141185
264.23896442363446
264.0560112582029
263.7365561786681
263.3265380345959
262.9196533281887
262.60982140063305
262.5058618917468
262.6826133709602
263.1632000870226
263.858546627118
264.49879093373784
264.8600550538621
264.9231920202778
264.70564202055175
264.2893574403864
263.778862009355
263.21025802779235
262.55917556454193
261.8213066968017
260.9998453846961
260.1613839267225
259.4670412816833
259.12516189541316
259.25599970104395
259.75333775650256
260.38543413172897
260.92172686257226
261.2121533028396
261.10537928489094
260.62435377571654
259.9886734713789
259.32508892530507
258.7292060472657
258.3015970766756
258.06014335432616
257.950157222536
257.9053312957199
257.92602561082475
258.0492457163989
258.3009315058022
258.6756176118078
259.07695608965776
259.3898072452297
259.5983185550366
259.7583713113012
259.9170766455209
260.0510277728813
260.1227172344188
260.2238714126312
260.5116640750883
261.09864517846404
262.05662789664814
263.2368916951959
264.4244200059309
265.457086242624
266.2692238000145
266.84984444231236
267.240345323184
267.48897317165296
267.579402527766
267.4877657881069
267.21678604002767
266.81258779363833
266.3264733686778
265.8146288324886
265.28207403794676
264.7363691962721
264.2488778514221
263.8479573512052
263.5723221830047
263.423042197411
263.24873855185
262.7971795415157
261.89032449625677
260.5168344446382
258.6231884087076
256.0493056675912
252.60470013408437
248.2442277957134
243.0245032752519
237.1702028350471
230.94528120666487
224.39101781406308
217.21457930965317
208.987488556184
199.50486371994404
189.06424894888244
178.38538717475268
168.25162535902996
158.70635893965442
149.31520521970123
140.4207068564054
133.10528928658007
128.20298130178983
125.41787295062653
123.10440175716226
119.15439762689019
113.48270292507928
108.47420583479463
106.95529051021408
110.10964540154187
115.85899519313648
121.0680523725695
123.54431521397177
123.11118542486594
120.43478094196826
116.60424398327478
112.95871789637417
111.47566846883753
114.42464707554274
120.89310616838787
125.94892228967257
127.10684852824876
125.80109974143335
124.44365325114858
124.89337749736868
127.17534767467139
128.49857150366242
127.50201922179741
125.39775884431994
123.64307260435035
122.94341228883302
123.24324915077669
124.12381411530697
125.2485637179674
126.47305558200024
127.84474375877059
129.43773554468453
131.22382726699135
133.04338947377272
134.656813641057
135.98863891425935
137.13892336108762
138.21670987054264
139.3211312392997
140.59215009203342
142.0994938526175
143.70496710848715
145.15760096929034
146.31496265920083
147.17676906521064
147.86425246753768
148.52300738575735
149.19650876571168
149.8302349521384
150.3904627115422
150.907202843774
151.4141843442373
151.91600437594104
152.4053134236318
152.86993818653852
153.2805515011665
153.64937319520087
154.04520852601814
154.52122652897452
155.07432398044216
155.70289765710123
156.43939370378894
157.27504260536404
158.0881160301293
158.718360066277
159.08081951588173
159.21995648350935
159.24851730836662
159.2587226423204
159.3705568723285
159.67571522817317
160.18350530543512
160.84624252640853
161.56939576045633
162.33324434382072
163.16726468411943
164.10541128622538
165.15296084803887
166.19906768054952
167.14833654206078
167.94671485427008
168.63151828211687
169.24600542544658
169.7014131704184
169.8711927406971
169.5902372718432
168.78938801029852
167.6956444526766
166.61014654405452
165.76579910219374
165.27434791580248
165.09064655429512
165.11356042987612
165.28747575528294
165.61630551833684
166.09092486998964
166.57539442987292
166.91033261104224
167.1100589977723
167.33648840150025
167.61986848868062
167.8144014339081
167.88727611658118
167.80131796183355
167.5581603395871
167.30663201799763
167.23793593555683
167.50659013314583
168.10955602123573
168.91634302497482
169.75098410158512
170.49205323276254
171.11207015306104
171.6051182068153
171.92589255743485
172.0984934665009
172.21125562279116
172.3195586596757
172.4498836057232
172.6309074402782
172.90163986761235
173.28088242540167
173.77312871746082
174.30175686518285
174.71222605968757
174.87605422189492
174.72538405346032
174.37206636809125
173.98876038632642
173.6935828299005
173.45351994256254
173.174590689083
172.86058540058303
172.54166662567707
172.21418164254047
171.8421944587067
171.44325546911972
171.1417431394209
171.13483325723888
171.48743051840717
172.06995080445458
172.7059968870555
173.28967298572277
173.77444352676156
174.17971680474085
174.46801971359884
174.59919519626993
174.60243053103017
174.48085276880343
174.2526576896338
173.88850585486568
173.25488613646533
172.30631579403965
171.22731142322147
170.42105098456912
170.25806634162655
170.6771091129524
171.26424452075156
171.6321628467909
171.69014277303955
171.62935249685574
171.38249483503182
170.7751559273056
169.85053310579335
168.66346006130124
167.32239594824335
165.9868319836039
164.67690205160017
163.16005099789658
161.30408191549955
159.23403538834813
157.0478599258922
155.04497709346873
153.18130963113492
150.7455572377602
147.84471372578844
145.23499433747781
143.26075003843886
141.04087762651898
137.89471546337518
135.06760228444904
135.36193951220415
139.5726777876046
145.1796062698364
148.1178523576136
146.85677642733052
143.41931490613726
141.02741913341242
141.21985834251984
143.93054023027358
147.73298863680898
152.11729949790637
156.37663457021043
0.0
0.0
0.0
0.0
0.0
0.0
0.0
0.0
0.0
0.0
0.0
0.0
0.0
0.0
0.0
0.0
0.0
0.0
0.0
0.0
0.0
0.0
0.0
0.0
0.0
0.0
0.0
0.0
0.0
0.0
0.0
0.0
0.0
0.0
0.0