0.0
263.7133077760046
260.4439816724
259.4254464228519
261.29232852332973
265.605607357939
269.2924470895746
268.838379847825
265.29809915162764
262.24587975693066
261.1616707750286
261.4138713869708
262.12484706717976
262.84433791415955
263.3228101212797
263.4826631553076
263.46103126989976
263.3338290057935
263.01253081692266
262.4518887713166
261.7040208197841
260.78141336353406
259.54827784069585
257.9210907069361
255.99466091320102
254.00209213296984
252.15001579674296
250.4540138304225
248.88293676128757
247.51325441864304
246.57883931093136
246.09652339295798
245.88877277128037
245.8234844811725
245.84622036825422
246.09339116375455
246.67081816566886
247.4714731899585
248.34855279356304
249.2988640848164
250.3544127515765
251.44285387367734
252.47372364030852
253.38492042692383
254.17138945332536
254.91029083188124
255.63157714220486
256.31641259527635
257.02030996875067
257.8641009690534
258.8656370224593
259.9226362518585
260.9394112082051
261.8100346619036
262.5194980994593
263.07779749176376
263.4121420599063
263.5429919709615
263.61716838514405
263.68517200477936
263.6431510927206
263.41433789639774
263.0451455831981
262.5576541728605
262.05844315128553
261.596599663099
261.07907778735546
260.52426340088584
260.17249434657913
260.11812517408674
260.28826199060853
260.52170001371104
260.7053929599902
260.796783657755
260.8186310312322
260.805672114828
260.75608325353875
260.76066028877517
260.9093446415144
261.1819410512736
261.4648518826206
261.7174261720326
261.8778234575817
261.9552275862572
261.96770879994347
261.8855658259089
261.62005491478084
261.15170274516106
260.6652316879135
260.2726860715435
259.96677370663167
259.69446725437746
259.49936864278345
259.4755289995968
259.62463021863016
259.8840239117866
260.25478526528514
260.64379893554735
260.86209038364797
260.83198227745714
260.61082111473297
260.3255993356196
260.15187827864133
260.27791037707954
260.7745492884079
261.4191517545424
261.91193383115575
262.10290575346323
261.944152393362
261.51878011852193
261.0706254769768
260.7372574491232
260.55790730562995
260.567819294641
260.6333628378742
260.6514918822139
260.6282607936183
260.56937323196735
260.48633763566426
260.3130895799127
260.06836573368247
259.7207814555703
259.31877306183105
258.93276801952095
258.597460470493
258.4673585024969
258.6950774471504
259.1910155409578
259.7713533842638
260.42231321052157
261.2078267621809
262.1898715563625
263.32250614740946
264.42288767458393
265.3916632409272
266.2707737427411
267.09614534253774
267.8752217075124
268.6281523576215
269.43283817196476
270.24817461409606
270.86101097472977
271.162127577824
271.11064856693525
270.6008429912422
269.71884043705427
268.5882282308052
267.20306910137384
265.74507172898706
264.3053479246218
262.8726309809514
261.3335899415923
259.62246334306275
257.6620395626075
255.30908731445558
252.56976485322988
249.31576687765659
245.40074630704322
240.7595037950028
235.322152040557
229.02601695402495
221.67936787278092
212.9603979909448
202.50449943936752
190.28665353086916
176.89261008070332
163.66069319871568
151.04500769233445
139.5283671451107
130.64404568483633
126.17945244774222
127.50173837393302
133.1872203353181
138.72832930064934
141.4875598838112
139.23602194168112
132.4106915985196
125.08648736663098
118.84147983408903
113.67909843054458
110.13127752963516
108.6037340625935
108.16727987895256
108.00827339318177
108.32805491970923
109.35698050929781
111.03695512626918
113.33228445846542
115.48280650217305
116.71917924608763
117.1641059037529
117.30590928590433
117.67348722896838
118.59785975800963
120.10255412141024
122.02753512276405
124.07160479244695
126.038836193739
127.97678600307907
129.96781273942864
131.9843615593557
133.90431726374715
135.63247498435072
137.1686554370105
138.53692515041865
139.81046945812136
141.11695060791195
142.5103763889859
143.9928470345482
145.55980401405728
147.22218436135458
149.02837213130724
151.01284972678354
153.0910977489374
155.08598617158506
156.7941632101443
158.1133799472903
159.0828291281362
159.73865760645057
160.05139953555974
160.01796797326494
159.70610877699426
159.25162044103755
158.82875019080961
158.60540997687838
158.68101105444495
159.07583224592221
159.7012028307479
160.39757931477064
161.03153145335304
161.5396925015562
161.91210486561155
162.20249697286266
162.4938665738217
162.81179825943707
163.13831609057794
163.44685829084148
163.69880292389644
163.88651498897718
164.0397573533033
164.1824289758062
164.38293113141145
164.7230054068465
165.21342358704
165.8052463686085
166.49837109615459
167.26271925283314
167.9755543772339
168.57368354970635
169.13300897431645
169.75437366470518
170.50820138695866
171.43310172357627
172.4298109011007
173.2786256623482
173.80185642268947
173.96312773138303
173.8296357469617
173.50368742602456
173.07841207900265
172.58713564777935
172.0315857636609
171.44861496235856
170.8870328767743
170.46752372208002
170.35402204572344
170.54959510978662
170.89095785726903
171.2777643060818
171.69795208492266
172.08894140947302
172.38882856874562
172.618665388335
172.81081096657311
172.99622539532962
173.25253711439575
173.5332901614195
173.78146784233212
174.01555132619683
174.2034220816002
174.26503616204144
174.16989316858172
173.93744638319941
173.6321163091195
173.4459064080322
173.47222983913792
173.5920540020727
173.76845634775452
174.0397611131299
174.3741020089211
174.68202327349076
174.83887492877597
174.78091955989163
174.63157749653413
174.5646729168548
174.59767921827245
174.66905833535566
174.69189082533086
174.61655206354405
174.47664683132072
174.3178331606273
174.1680422658801
174.04820465541547
174.00353387150182
174.07325285078522
174.26627077651858
174.60199889077128
174.99481004625244
175.29971796722685
175.44855597387732
175.3806848057743
175.0979418074484
174.6979167384958
174.34731944491568
174.19855814520847
174.34153475796836
174.7246591369996
175.19121942289982
175.5897010390427
175.87442650158218
176.05503786144163
176.08948033637284
175.88455019937905
175.54065528795093
175.17257284938435
174.78227263619027
174.35915901214497
173.86595976202057
173.22571161765086
172.33679022415492
171.05220832040817
169.40317076493469
167.58657121134667
165.78349987112892
164.14066122867152
162.5470349180323
160.6260157248418
158.392094713496
156.13977894782658
154.09092262433896
152.50362792064863
151.29812297363605
150.21144628896602
149.2269741428449
148.41069782427377
147.58036334883408
146.30596548188072
144.10421271674375
140.74498870601627
137.23687300688636
135.9414177354692
137.86857309525016
140.64887947898677
142.94733122940218
146.3909837545767
150.62443663763895
0.0
0.0
0.0
0.0
0.0
0.0
0.0
0.0
0.0
0.0
0.0
0.0
0.0
0.0
0.0
0.0
0.0
0.0
0.0
0.0
0.0
0.0
0.0
0.0
0.0
0.0
0.0
0.0
0.0
0.0
0.0
0.0
0.0
0.0
0.0
0.0
0.0
0.0
0.0
0.0
0.0
0.0
0.0
0.0
0.0