189.80698434911704
200.57074059482542
208.09392068003652
211.40813412884611
212.34220274722395
212.55965564205388
212.89519285274164
213.58866209178814
214.6040501364976
215.80911529363672
217.06640109208502
218.32862269425726
219.63341687489236
221.0383171471175
222.59559759295962
224.2181204530472
225.69658994291262
226.85135149548472
227.5890255307378
227.8649031478221
227.67811112608723
227.06389248511064
226.10095494583868
224.90932653514474
223.60867222012666
222.2991050132972
221.1235251249022
220.25766838991416
219.8127299306076
219.7456573468633
219.91586175739573
220.24919636556004
220.69123811659827
221.14704508496624
221.52265403703439
221.81586071068125
222.1287120666164
222.5108116328287
222.87299049838288
223.11537052431385
223.16697329454993
222.96573446508842
222.49983830310867
221.7238681211144
220.65688772350236
219.48669744221317
218.39366583363508
217.47841174487064
216.85605256806025
216.68611606830297
217.01691218272074
217.72461796992002
218.58502888553355
219.37738952476872
219.9346289474875
220.1777110520626
220.09021405282252
219.73155799183476
219.24676690077033
218.74965530289725
218.33018771514446
218.1074613439098
218.1678884628388
218.48427458626395
218.9770670911576
219.60207141396862
220.25400196012015
220.8731986707177
221.4448750381657
221.86517104970352
222.02982602074002
221.96411562712404
221.76811362068582
221.52728081383455
221.27870478595617
221.01665474705015
220.73646360714028
220.47447400211001
220.3105547339773
220.3175097238148
220.4924419782135
220.77354402494723
221.0863089350367
221.34236574539534
221.5248759661555
221.60565149136903
221.5281716984029
221.32686970229508
221.05547249499335
220.84525498565168
220.88510814410324
221.1942478689923
221.61156020111167
221.95851694969895
222.18367883211192
222.3199480933181
222.34758147499448
222.21321677672643
221.91389389657851
221.53968606266812
221.1794304578824
220.9050587751323
220.74880704411856
220.7123884247281
220.77082091850204
220.88561459088908
221.0676802336582
221.2920227908005
221.46901372347511
221.55577714963306
221.5659170025594
221.5045771595353
221.35419667303248
221.07645964280297
220.71749367574782
220.3082009316085
219.81497417990258
219.28165294482278
218.85393576133401
218.7069084841659
218.91983414101108
219.41318543971562
220.02197450881576
220.54845527580483
220.85918142239544
220.8778296485259
220.63885789755403
220.3594960552595
220.13427091445186
219.98054733970378
219.9343862782171
220.02329328676038
220.2349143554482
220.49406811827777
220.7060853200908
220.83100677706443
220.9376451356181
221.08001445623933
221.26446681740345
221.54633086881722
221.93857501331323
222.3332770155928
222.61213510524007
222.7571560863704
222.79316488256438
222.8058124585101
222.87295883997575
222.9706872053154
223.0398379129402
223.0837319776631
223.05387539337013
222.90924155721189
222.676360436373
222.34923352065107
221.91264136122004
221.38943531377288
220.86294389496004
220.45178084779675
220.27918400057513
220.412814936478
220.78339477156294
221.15372896865716
221.2387244103048
220.8758611605067
219.9303249367464
218.38977942941193
216.42663592911515
214.30625077832195
212.16099071256212
209.91569070170823
207.49413552953905
204.88185495112378
202.0959153324374
199.1149126146156
195.8477751759658
192.2521160566262
188.43434066738246
184.6369666533905
181.05002212012477
177.69371856107833
174.48633175101372
171.3301412153949
168.14564466014934
164.91524452354037
161.73077547723537
158.72563581336445
156.0701865614172
153.94281482077344
152.40332665592018
151.38745346191604
150.70731777325602
150.14997198620478
149.59320656451234
149.04025093627587
148.59835279698495
148.37974503548085
148.4322662861698
148.800999443921
149.48419604214325
150.39078236326708
151.35333853896137
152.29864326184654
153.26749029564476
154.27048922138363
155.2714352437198
156.27620167229432
157.326822872456
158.4732631842944
159.73267192965915
161.0660602109648
162.42149631320612
163.66522761838104
164.6034881220786
165.17292417957262
165.45704146213598
165.68737444510845
166.10279929398345
166.80026523405303
167.71231896964818
168.69347720699577
169.63862311798366
170.43874399615228
171.01815059134563
171.3513242625753
171.44498365362375
171.36307645363644
171.1785429016798
170.97066925100006
170.76525285058923
170.55437007739104
170.3659647332002
170.1971824433037
170.0195912690082
169.8457189053097
169.74193723999505
169.7383163800684
169.76711324296775
169.73149994218477
169.5609044722376
169.25121348041384
168.8767731153749
168.49505194527745
168.14387371268813
167.89472249585845
167.8363306947614
167.98852439596533
168.30203138836129
168.67724730412485
168.96182915480375
169.05674211332334
168.96597083080042
168.72644303578662
168.4153191174965
168.1051703082975
167.8166180472495
167.57647913385074
167.4650657802524
167.55220469390366
167.84211736522857
168.2804760223273
168.76895909477253
169.24205113688015
169.682806466881
170.0580736488789
170.32190534076494
170.46244589816868
170.47738597115057
170.37296650535552
170.14619389830173
169.80392556555967
169.37449960218015
168.86083796956152
168.32739687614813
167.9483949999088
167.87673727048247
168.1550262565249
168.7177660640871
169.38397217449258
169.97848621630254
170.39393961128428
170.56832555618362
170.5075646403597
170.26139503066437
169.87587675543313
169.43544649331986
169.04566695832233
168.77597224429473
168.62488846872594
168.59451635703255
168.7304313348593
169.06276842006363
169.58392825070027
170.23677192834182
170.9828362175108
171.83426426135117
172.8734176941261
174.2623774699715
176.0994390267394
178.26542699126594
180.41545730923048
182.08857375140025
183.07198540088444
183.45160489108287
183.49672103067067
183.51335886715685
183.69825497464828
184.18156104126896
184.95505823878523
185.75348884703425
186.28895911231936
186.55156737457946
186.7844941137528
187.19007071063095
187.82137943236265
188.59667373990885
189.21058978320363
189.32646786998012
188.93692980303518
187.68783029697812
184.4624273217176
178.52283961172222
170.8466151663568
162.86329768777824
154.10660825220637
142.80438334428496
129.7106217133344
119.96627974728976
0.0
0.0
0.0
0.0
0.0
0.0
0.0
0.0
0.0
0.0
0.0
0.0
0.0
0.0
0.0
0.0
0.0
0.0
0.0
0.0
0.0
0.0
0.0
0.0
0.0
0.0
0.0
0.0
0.0
0.0
0.0
0.0
0.0
0.0
0.0
0.0
0.0
0.0
0.0
0.0
0.0
0.0
0.0
0.0
0.0
0.0
0.0
0.0
0.0
0.0
0.0
0.0
0.0
0.0
0.0
0.0
0.0
0.0
0.0
0.0
0.0
0.0
0.0
0.0
0.0
0.0
0.0
0.0
0.0
0.0
0.0
0.0
0.0
0.0