204.38122085656187
202.78154327150258
199.9715401946465
196.77340272982582
194.5996869855531
194.22621025324784
195.3857843595445
197.60155815691837
200.21524013685607
202.66895991694076
204.8398775598879
206.80592241095158
208.64094935178804
210.37411386665497
211.97517040380703
213.52957758931427
215.15621178922925
216.8853500644688
218.6943507106524
220.5336946110497
222.3137999544246
223.90446922321496
225.16580919050378
226.0196085081666
226.45108702894493
226.50027059048207
226.2346114113014
225.70435034654741
224.96926949378866
224.11628251612274
223.26012915349665
222.5177298546713
221.96541385734722
221.61812642797116
221.42558520607045
221.30821209647218
221.23106006710722
221.1643930348775
221.05256788666455
220.87684368232902
220.66186374652358
220.42809802841367
220.2168478866469
220.05348098758097
219.89748117195126
219.66519427890466
219.35629266187868
219.0204376913084
218.6951671001992
218.43926057648935
218.3064086718787
218.29946278312588
218.38465768397657
218.4919882332934
218.55496214600873
218.54634622924686
218.5181092146555
218.4507763517384
218.35450320547406
218.3459812793975
218.4479782483147
218.61980990579883
218.85014109093714
219.14245584796757
219.4653165341707
219.76131439138595
219.97607339331418
220.0924024013224
220.14638331904058
220.16650558888782
220.1732217319931
220.1815962753149
220.20603970840546
220.27197356297276
220.38728996163815
220.54567042503817
220.70566714803334
220.82294851488896
220.87957872548435
220.894809352049
220.9269313205874
221.0280166510255
221.20060749971486
221.37108524593492
221.43874288578522
221.3691446283466
221.20557062876725
221.0173363085599
220.85969581993862
220.77390104513597
220.7632605839903
220.79446647371506
220.84169896434122
220.89811644834265
220.95020060689365
220.99099837584131
220.98815725910913
220.8859432307099
220.65891518374
220.28348904826325
219.7603387125746
219.11846174862384
218.43061629732114
217.83341263084486
217.43759617803582
217.24969681473846
217.20702060156376
217.2362248589667
217.2730492629257
217.28241717978585
217.29644559890153
217.36387201728692
217.5020297960337
217.71230406114
218.00538224845744
218.3660353281902
218.74309684557392
219.05740579488378
219.23223670802625
219.23190887743968
219.118201822383
219.03985320291258
219.10028376971027
219.3340199241182
219.69906445093267
220.1413687138247
220.5750089743049
220.93524132763383
221.24631711561176
221.58110329028418
221.96186950457775
222.3951133556304
222.7901442717254
223.0381458609512
223.10023167954097
223.0228598385069
222.9223604442338
222.87028987414456
222.89023138774172
222.98337665584847
223.14487903032614
223.35907364469486
223.58959421386547
223.83079271828728
224.09376309917937
224.39361694410636
224.71620688910045
225.0590143920666
225.40925435434048
225.7365796507892
226.03035656382332
226.29161852498123
226.51797103987738
226.7622744510463
227.08885399795145
227.49191940812213
227.86178509091658
228.04574901367067
227.89458616966863
227.33126745424306
226.33960352426948
224.92365533116026
223.0924929123761
220.8911126575927
218.3476459673514
215.49576926387164
212.45923687457235
209.44368836522779
206.55723932123752
203.6484737428842
200.5453629556324
197.26220842588873
193.70966151106703
189.9989189482303
186.27157010700597
182.38727059911523
178.23162666569922
173.88711140207303
169.337416454133
164.4270048112163
159.4144515559624
154.68150320834368
150.65121618716387
147.44786371277183
144.65643346836393
141.82130239481194
138.87999780870553
136.14843437520358
134.0505932853872
132.76882028780182
132.2835182213111
132.49597961430845
133.2658232073735
134.40077344040148
135.67465749833087
136.98523299550632
138.27320014613605
139.41819276818245
140.34071067677132
141.16535150594
142.0724035870576
143.09235066673887
144.08105616867257
145.0003835955842
145.97799514097636
147.1289063058305
148.47440413554165
149.93115811060284
151.3721836822744
152.69555483254646
153.83347182845492
154.71524558905853
155.33712208648456
155.8130148105862
156.10317256446223
156.10182791250162
155.86388288046777
155.54671403954762
155.3163069129807
155.3356355964471
155.72012757946723
156.46255257563803
157.38095983972931
158.29104053941884
159.16303078314027
159.94108380275443
160.3305419831195
160.24131215802672
159.8661984832771
159.4321738070748
159.04976348232103
158.80810362485235
158.79861878741735
158.91703338041836
158.99283204695683
158.99626333925073
159.052804692434
159.28975387911916
159.60712357259652
159.89994417089588
160.27329391753102
160.82593739209588
161.5348570730573
162.31913665981213
163.08424360548676
163.84496024934992
164.71258633782122
165.75912147016157
166.97728897437068
168.22715124995557
169.2644929470295
169.9184832456316
170.27242490086414
170.45107814226486
170.5128540355827
170.5122985539592
170.49884849071748
170.44842829631142
170.35634877561117
170.2516917969362
170.09168839606525
169.79255164038574
169.41034427229573
169.0730786045968
168.87713576456665
168.89946116850933
169.05748985616725
169.17031711282186
169.26921109405242
169.3904782697111
169.38530388857347
169.15968586379861
168.74923010247517
168.32980581346538
168.03786761131823
167.85199872019194
167.57344121052844
167.10771231668227
166.60275160203753
166.24137422604593
166.24635305686186
166.7511332567544
167.6138560365573
168.64238056148054
169.88856893123943
171.38182354488657
172.8705962050527
173.97139223982148
174.54256995568872
174.75200028878422
174.8228510295923
174.84326652178544
174.77900479298998
174.57020800858027
174.19076582781858
173.82957963991785
173.77853982367233
174.15080270404667
174.86457906340533
175.78917428953824
176.6848524448152
177.32231987449768
177.66165724795837
177.78187527318357
177.6996316973519
177.38164567457562
176.91222177487347
176.47966606375184
176.2192619279859
176.1754700500358
176.30827368404627
176.50517850931504
176.692136734565
176.8496599217872
176.9259358486466
176.8942834275082
176.74128903306553
176.5783342518728
176.5327564078516
176.57169442329987
176.6321720607215
176.78542780655584
177.1517401325629
177.78832605377434
178.58478200957418
179.33255630812573
179.87678265880376
180.14679402555197
180.10079746373071
179.7258533047864
178.97206105204302
177.83910674423203
176.45851122893208
175.02496987012097
173.7027294048142
172.45620602454008
170.82888554193238
168.5025979058218
165.69623545069192
162.48832341944367
158.58953754921174
154.14983315125764
149.57146098018626
144.54689342858882
139.19896012281384
134.8591288286347
132.82546180269503
132.91575113213204
133.48088492164192
132.73990928295242
129.68566467852335
124.81183975884464
119.12605258933246
113.7457704009883
111.12011704191968
113.22932626145369
119.15750012113611
126.03149860594851
131.4515437849955
134.35081179063795
0.0
0.0
0.0
0.0
0.0
0.0
0.0
0.0
0.0
0.0
0.0
0.0
0.0
0.0
0.0
0.0
0.0
0.0
0.0
0.0
0.0
0.0
0.0
0.0
0.0
0.0
0.0
0.0
0.0
0.0
0.0
0.0
0.0
0.0
0.0
0.0
0.0
0.0
0.0
0.0
0.0