316.2122932622219
315.0601032510465
312.8875376562065
311.4356076755982
311.71234854312723
313.27999211456387
315.39912940031013
317.5952833676929
319.8663016895031
322.33199256633173
324.86346942856204
327.07490657822314
328.681962897989
329.7850228886511
330.6781935127285
331.5403269042023
332.46104882547604
333.4188915567172
334.24043048872875
334.69999951490064
334.72068502092037
334.44406526904226
334.1910156976548
334.3515372435317
335.0955141652161
336.22170201833825
337.45122160373904
338.4896675908145
339.13668207875
339.4349486999399
339.5822492333033
339.62774593785235
339.55908967859637
339.4195984708026
339.3074417549468
339.28602349018905
339.2992257332439
339.2378545165568
339.0985899385621
339.15613745815403
339.64849013584336
340.62215619546055
341.9558884115735
343.37877630051196
344.6275585179766
345.6081897665091
346.33746397586896
346.77411702023085
346.92073226265205
346.80923192685486
346.56721381980816
346.35193741813583
346.2612952603756
346.3869190300271
346.7398852025391
347.12972362537585
347.3705531018302
347.3877746049956
347.2284843114152
347.0505437555037
346.97108564607714
347.01920029030225
347.2081663952131
347.5851711412034
348.13494500992226
348.77755320101903
349.46932961096684
350.25399060942027
351.21581253405947
352.3328156876688
353.3675907176202
353.9716965166236
353.9192852535198
353.1651249365126
351.95894928673346
350.7230288645645
349.8104545322799
349.3675752939382
349.2899216975867
349.3884353294055
349.4754342104126
349.4528596956961
349.30659938390704
349.1160562808018
349.0092559872468
349.0341734478143
349.0778059493447
349.0173462929452
348.82762583807187
348.5667446909291
348.3030243590762
348.1048936126411
348.05434427038017
348.20590742717536
348.48733361865015
348.8232076535853
349.1850290018757
349.5150115675074
349.7028732501094
349.67143259628637
349.2947255015555
348.56906806265806
347.88435105090167
347.62261089209136
347.75686416758623
348.0221353184577
348.1570350260912
347.9065274620791
347.1245578622152
346.02767137315834
345.06972643677193
344.64191780015517
344.77162699623995
345.2045893521885
345.60619240207245
345.69256117126633
345.45712929789903
345.2800174125663
345.50893501180644
346.16851376047543
347.0454579630496
347.91381758271575
348.6874368748633
349.2881682895544
349.587385887448
349.49493746232145
349.14689995358844
348.7898313540446
348.5905746647726
348.5069863777766
348.4273735253171
348.2947499793659
348.1406785252516
348.02561714543754
347.98469376679486
348.10988676355885
348.3926268236298
348.7190797517641
349.02849128082113
349.22751169973844
349.18943210275677
348.8424228593138
348.24061718831445
347.4618982927813
346.5821314209649
345.6865850675505
344.8912225724513
344.3212067428182
344.0967584202519
344.2600996841457
344.7120752295638
345.0988216756007
344.96347769724457
343.9580042985488
341.8509104873589
338.57282783099424
334.17188276589616
328.7632560085826
322.6638178866525
315.94269781362806
308.20308840663483
298.9206419333461
287.5096561720361
273.6691360094294
258.17032014138107
242.46819888479067
227.04721864940402
211.90362786981544
197.081834906011
182.95105717214565
170.62501294747224
160.84099428445845
153.0005300159039
145.8844530866797
138.76922235581526
131.61690453407724
125.132923418678
120.13779354861862
116.3808863693963
113.1739455366395
109.92830964172705
106.07655040318556
101.71335551020704
98.8176198433292
99.07106058259869
102.42489095018288
107.20969509686401
110.70111977095121
112.31638459722075
112.92449694879541
113.52767475942065
114.65768010550093
116.39014255710697
118.5680176801316
120.91486750605135
123.22574282666733
125.43708280433813
127.66229846982662
130.00425080468116
132.33393842907975
134.6415718145141
136.99372449616453
139.38906171077684
141.87078800215937
144.45443464377556
147.03352806977387
149.47408749662898
151.72229658795646
153.79696885334255
155.82795434740592
158.0018657766818
160.30501942491637
162.48208285095814
164.2758691877441
165.63509811522707
166.67990639574478
167.54787776695466
168.31446497146732
168.9594878745994
169.46414169544846
169.91609382858547
170.3968246206798
170.99988380067472
171.77114446310514
172.63480545544172
173.4921886344652
174.29213250185953
175.03503845525657
175.79211501376517
176.60939462131313
177.47156141837127
178.34006523323393
179.13727714207405
179.74646279510665
180.04862850471847
179.98529112852677
179.65294355514652
179.3012190549959
179.03733767282776
178.8523886805627
178.7085076493434
178.56915474218232
178.48120021885208
178.48695881575563
178.52923642197837
178.46045096289825
178.25278102723678
177.95418773649413
177.58124135810817
177.1116028228227
176.61154781174838
176.2162872544016
175.9488126453657
175.746861109112
175.57033534749792
175.39405781520003
175.17743956001237
174.907673335792
174.60294212151953
174.32072616145874
174.1683850277313
174.15984181892654
174.19467320771483
174.19920339627862
174.12531394755905
173.9936878074193
173.875408589192
173.87004882109784
174.04155619935227
174.3726731252571
174.76471962215612
175.178751106625
175.62001474195003
176.09518158236858
176.56299149400593
176.9369473894418
177.1911138445224
177.34911390538014
177.42056777489634
177.43971017892054
177.40314290614793
177.3226769704142
177.23343995008653
177.1671501451315
177.19915074665866
177.37836583623314
177.66479033299206
177.9485282644744
178.1455954372612
178.21640593275686
178.0698371936868
177.61958622047763
176.931568866488
176.1393747900023
175.38144110483768
174.79014475225438
174.32363109948398
173.78074232704702
172.96164121546838
171.80268214841388
170.4907277683254
169.29682987153603
168.27251312807576
167.19973836127377
165.7141847483701
163.5082260567935
160.51466317097055
156.97101446026787
153.4160898673103
150.33821377304085
148.0896059131
146.84249681999714
146.50978379601756
146.7943086722433
147.432593986728
148.51446702652873
150.22460868653775
151.6495490447855
151.47199472861027
149.3511884269975
145.69894792412822
141.62073534530072
138.70963440155214
138.4180988982173
140.1581754613801
141.0693700203089
137.98554098648987
129.4694350880604
117.1000003660429
103.05652856963528
90.03818465147478
81.71699466438486
0.0
0.0
0.0
0.0
0.0
0.0
0.0
0.0
0.0
0.0
0.0
0.0
0.0
0.0
0.0
0.0
0.0
0.0
0.0
0.0
0.0
0.0
0.0
0.0
0.0
0.0
0.0
0.0
0.0
0.0
0.0
0.0
0.0
0.0
0.0
0.0
0.0
0.0
0.0
0.0
0.0
0.0
0.0
0.0
0.0
0.0
0.0
0.0
0.0
0.0
0.0
0.0
0.0
0.0
0.0
0.0
0.0
0.0
0.0
0.0
0.0
0.0
0.0
0.0
0.0
0.0
0.0
0.0
0.0