234.6005668792016
235.27818058562667
237.03563868346527
239.4646627201099
241.77370169167068
243.46309402508422
244.49341590376935
245.04004258691185
245.3814249828926
245.88672150434823
246.72224450123466
247.68388314904186
248.5071627260485
248.9934002429016
249.03180801784865
248.6235035894993
247.83678468503663
246.76744080266934
245.5225951211688
244.3214919744126
243.34543376228066
242.60800925296502
242.04807352552166
241.69701313070107
241.6052119560717
241.8151539962729
242.33240651401766
243.14189587616534
244.15258824672912
245.16712086036614
246.07237580225103
246.8747824501839
247.65593543129523
248.44634345333037
249.2460475732957
250.09330584780076
250.94183918396786
251.72448094754537
252.39641908564545
252.96406186294735
253.58229054971702
254.4307922535815
255.59136900282903
257.00693148735223
258.48026215402683
259.792228988726
260.7774292654087
261.332789581152
261.3839434138026
260.96300758719013
260.10587716046297
258.9437292599048
257.7418102323222
256.74614916043663
256.0165396982346
255.48949483989307
255.1552996555037
255.10647452572965
255.39480329240715
255.89442183202303
256.4060628678044
256.7555883526407
256.86356975178217
256.8394256266309
256.8039998353742
256.76577839989886
256.7307946511035
256.7210401667358
256.6875807971377
256.6488477801553
256.6501857801749
256.6672753689211
256.6046884353818
256.4670471665833
256.3536154735893
256.4397906082189
256.770252347721
257.274310746286
257.77160626140085
258.0988552678881
258.1935930162831
258.1429250883197
258.1848429988201
258.47972631527307
258.969092685806
259.49915699460496
259.96681599520224
260.2466498804787
260.33139477567545
260.3397540183014
260.3214255210204
260.3958475020138
260.5707023970716
260.6815551783797
260.61342390206136
260.34086257562956
259.891942162874
259.3632274917284
258.8224030559543
258.3175457037812
257.9527112220827
257.888534273523
258.1126071376897
258.4380871656854
258.6679786535476
258.7218478511607
258.574099243953
258.3113577726526
258.0999033607679
258.0198012732151
258.07434261359293
258.15987267256946
258.27077597486107
258.4344040036973
258.7269134941902
259.12087692706876
259.45893048040097
259.7176575502799
259.86020715133736
259.92468449828505
260.0164729392145
260.2091308283296
260.5049172354072
260.8597024378631
261.14699216138985
261.2051311062335
261.09415182203395
260.99344970581024
261.08216670234685
261.313070898772
261.49790068899165
261.5955744384224
261.63533126594587
261.6376090959968
261.6860255734448
261.9332024958536
262.38186544676927
262.8936926861269
263.28191984232876
263.5061536730514
263.62359261894267
263.63282250398646
263.52953772641933
263.4160110648133
263.22564808698667
262.8525222540359
262.23687241852457
261.3200900550868
260.0938111980874
258.6040808509561
256.8590672469836
254.72492630711247
251.9105708602744
248.0494350680585
242.9261012959893
236.5136267977715
228.9289833634025
220.40532781222785
210.87282323701376
199.87261993833326
187.39920525658974
174.34117885758346
162.250025139641
152.02575368408233
143.5380698553755
136.52568574074687
130.72493675775024
126.10808387600049
122.94273826135904
121.67857889481856
121.80704063888896
121.9685902162224
121.2594923108106
120.53616616371215
120.64841059804581
121.24928451262743
120.15296912609902
115.54025833901814
107.39360199804979
98.9633593605515
95.6751317259149
99.37518526591683
107.91669848484841
116.87510305546078
125.32867850896187
134.59432233805896
142.73159479481382
145.62559959551928
142.9247493489075
137.71353707757063
132.9773157001341
129.52014498395513
127.30933696802555
125.70111487722443
124.38508732339524
123.69076772358521
123.61142279270187
123.95665449374617
124.60717175556286
125.45898213554466
126.44018507391299
127.57404310773353
128.94197347608645
130.59730234441201
132.46595745444571
134.3289467828743
135.99796125945772
137.47899068207926
138.77934693486534
139.81423484916215
140.58001344319638
141.1429224436612
141.56721467617535
141.8644679425072
142.03546512785087
142.1099187539508
142.12401781791135
142.15142782654726
142.22821446076728
142.30042254042587
142.37161877793673
142.5540600632733
142.91703680152273
143.44273420562504
144.09656157896288
144.78760289101047
145.41186853209905
145.96081005708612
146.55476054225053
147.31792387128908
148.21412171880456
149.11186051848838
149.89151029924983
150.50210369841753
150.96908953843592
151.33254324707784
151.69336622450396
152.1724650491638
152.8335652071189
153.71498878663175
154.8619675142029
156.32557334117257
158.04326662522746
159.75948050097435
161.23396056473487
162.40731826939336
163.3425845274678
164.12265402505327
164.73780945958998
165.25908465276382
165.62660815466091
165.69075960711825
165.4924283713095
165.13965524548175
164.77137045651827
164.62356700966484
164.5981467051143
164.59903025862704
164.91604144076646
165.5212255499444
166.14902195846673
166.56949928958147
166.76324982393433
166.85358955093812
166.88089979848567
166.92771600667197
166.89536744314188
166.67650382991837
166.29256199452664
165.91293462174423
165.70545889614834
165.40461355447513
165.0475502357374
164.87329356256393
164.85903868988407
164.993351408666
165.3466016754224
165.60064535543702
165.69907910339185
165.81614695006186
165.84818623318984
165.76540703916712
165.85902688265014
166.06116379626175
166.31711127046816
166.50859142750306
166.4942949579072
166.47982792237042
166.47872939320365
166.5143313513691
166.5291355372157
166.41589033320955
166.3278299976914
166.55998154391045
167.11812897611242
167.81926351703322
168.62175079415758
169.45107452949753
170.1760559205764
170.79516577943332
171.2524500354295
171.54361566442134
171.6435715327218
171.61578068418464
171.5682079333344
171.52282291631843
171.5029312587191
171.5798283578363
171.71177993406275
171.84884407703893
171.96402269163903
172.0215949655955
172.06650002425323
172.15925190687253
172.1948060237537
172.06224835388764
171.77923735262652
171.45882460074375
171.09699739339888
170.5076849767135
169.53344164251683
168.3281292874166
167.20995842480977
166.33799739837218
165.4703674809927
164.26763218395317
162.83897523155449
161.39913205949705
159.64822191851783
157.138611860727
153.7090345185308
149.49364586730428
144.78975745843485
139.92166248450758
135.39364490354
131.69196895307934
128.59023763464492
125.619354242304
122.72614809817014
119.99124768863898
117.59293781266757
115.60861107005563
114.40506950009716
114.39245134927897
115.5023725444015
117.41894392544557
119.22709094005867
120.16593657433857
119.76955125697773
117.38714977806751
112.88823136842862
108.60073478080272
106.86483717781829
107.8921432631962
110.82801383468889
114.61812295748308
119.01583039636557
0.0
0.0
0.0
0.0
0.0
0.0
0.0
0.0
0.0
0.0
0.0
0.0
0.0
0.0
0.0
0.0
0.0
0.0
0.0
0.0
0.0
0.0
0.0
0.0
0.0
0.0
0.0
0.0
0.0
0.0
0.0
0.0
0.0
0.0
0.0
0.0
0.0
0.0
0.0
0.0
0.0
0.0
0.0
0.0