349.1121401884851
355.9691798072706
338.51710105001166
303.0166401480182
271.3571006225086
255.4269339020041
251.8329857574587
252.16997603805004
252.20937353449477
252.79800844332377
254.29957588060597
256.10805691068515
257.840762152608
259.4348651675137
260.7442622908942
261.632555947663
262.08057023333174
262.14504126748056
261.9143918928979
261.47949847049335
260.7777336377693
259.66808025156894
258.12014107042245
256.33860542081766
254.67493966628578
253.36683921696252
252.4136052376085
251.7116331218145
251.2230352627322
250.9154842415558
250.72906398108773
250.63158507242892
250.6210656699877
250.74866973646886
251.07694631844177
251.56468957082325
252.21592398789977
253.02687864286935
254.00839422725906
255.12130468035411
256.272694964514
257.4007132024128
258.4807238423743
259.3569258278206
259.8163203678056
259.7801635431726
259.33931599407623
258.66433194293455
257.9640893841917
257.44784114185035
257.3948524714483
257.87808102111455
258.76089799307636
259.8885996685685
261.0091670251195
261.9820920359732
262.77625246098745
263.39752380838763
263.8116011737441
264.0081595698641
264.02247418285503
263.94766355182253
263.85743029104907
263.6924640407626
263.4406792591104
263.33170238559444
263.49485264119994
263.9126138386485
264.50208392944137
265.057023374653
265.4834053632239
265.78318438935446
265.9524661403046
265.96755412117903
265.79953920490846
265.44049167132073
264.97506438711287
264.5178615833112
264.16858179253137
264.0462323239739
264.1782214493048
264.4462748239627
264.68708941275906
264.79262192612873
264.7661072835834
264.69558699109007
264.6231900996029
264.55588153192616
264.4651783430931
264.2742756650316
263.91374564643763
263.4608999879337
263.0111415313935
262.6112600427808
262.31381457650775
262.137745177669
262.12699330709427
262.29731461886206
262.57190560025765
262.8935085834977
263.21543360502875
263.4759419571814
263.73108167865087
263.96230641726754
264.05454692625494
263.9556496741677
263.72425542953107
263.4438973856646
263.20111800834013
263.0676051028482
263.12662566383744
263.35954552371913
263.62634614280665
263.8267709888771
263.94353965324024
263.97990482073556
263.8872238522736
263.64120484805414
263.23243227053337
262.7881773495716
262.42588650482315
262.1881572520644
262.03942970447554
261.98145476054566
262.015527124934
262.09435653090264
262.12343942049756
261.9995357665348
261.7825661760735
261.50347273261576
261.21042563348
260.99330769244636
260.8394959641845
260.7669243359949
260.79888368720856
260.9131294882454
261.15024306854104
261.51948807989197
261.9691165924142
262.41044220903825
262.7584851195085
262.9626471361361
263.03530742846215
262.9620762777279
262.81544221240165
262.65629014740966
262.562646798679
262.5831200653212
262.6407056371057
262.6353570340942
262.46964436784765
262.1811951672911
261.813642733752
261.3962933886206
261.00109477842057
260.5762005041719
260.0514692899743
259.3682472445287
258.53740773826684
257.5948551650026
256.5835275995335
255.39021315283637
253.89292479336984
252.06122110599406
249.9488755615062
247.58073386458605
244.9229748261062
241.91847212059
238.3849879123146
234.22997421249048
229.57473233940448
224.56273884434793
219.36722821048957
214.0744310426346
208.49783809096948
202.23897022537238
194.963018750326
186.89844866665254
178.54471382784007
170.31373587396808
162.38219227690337
154.4163573517792
146.6025760178296
139.33310549518455
132.8335219611837
127.42884398245644
123.41345312339138
120.75871626245196
118.46467010117567
116.26410087302293
114.63129628804221
114.07148230996366
114.51496005233042
115.25364330191337
115.85061710522889
116.30057185942186
116.77652515477187
117.42080855105844
118.25840188532442
119.19250932275514
120.04080633715101
120.77038210027388
121.49577963608407
122.30158856561766
123.24329495846725
124.39514654136639
125.83176039147027
127.56397840079792
129.40249899285124
131.1022306661043
132.5997343540795
133.96943894066595
135.25917164670713
136.51437836313534
137.80530196314425
139.13432892819344
140.42412909519442
141.59844668677982
142.5994379397959
143.41995964132946
144.10009719969563
144.69880456519255
145.25062510927003
145.7688009301949
146.2997781221984
146.89729875572976
147.58858660992814
148.37215823753021
149.1962777777942
149.96825855385163
150.67349939655566
151.33295987430444
151.92605139539126
152.50538716599684
153.19977615686392
154.0518242207001
154.9846803646189
155.91185206909418
156.7818712544821
157.59188554855857
158.32310370565546
158.91288378529163
159.3475305739076
159.638835480213
159.79782079245092
159.87279957912816
159.99214899364586
160.2857854452057
160.77824786601508
161.4452153034813
162.30237563987833
163.3243071819115
164.47098061836013
165.72987932631645
167.06427021005618
168.3227764864423
169.3111570340065
169.9665579564822
170.34071776773607
170.53303396454666
170.62253627274907
170.6054071854604
170.45819958010202
170.15845388265697
169.75221903376394
169.36490226293705
169.12291522083672
169.09863473941317
169.32112144671726
169.77780479088716
170.3787352148378
171.0586565056278
171.8243439866357
172.68769762124649
173.59708740859907
174.51727485288154
175.47858377323578
176.5379384252556
177.65085065921238
178.605987558836
179.1697117683482
179.26907080174828
178.999072453657
178.53629176654246
177.9969912180024
177.37099937900692
176.58801422921476
175.59685488368524
174.47781281514762
173.41095568415756
172.53341213013084
171.83199557495578
171.21392134958307
170.63874866561943
170.12622682198304
169.7678214127566
169.6174779285168
169.67117372881796
169.9519541409087
170.442465782807
170.98655198227794
171.48295743981885
171.91675748534473
172.24921119104678
172.47160897464246
172.60951142635128
172.71095054412308
172.87988897467517
173.19424959875101
173.67090641252463
174.3097901390925
175.05683332433873
175.810838350225
176.51788490021605
177.1534540879005
177.69810825920374
178.1258743391695
178.42378176053836
178.62690682729126
178.70043062003487
178.57183967584
178.26034638719705
177.8667379373413
177.50699353067625
177.23695656890192
177.06235436454077
176.95598217876648
176.82774984788816
176.55492617801622
175.9592941399039
174.8649743380916
173.2527887215694
171.2305705288684
168.86294693039662
166.1294069177907
163.05127529546843
159.7706596894502
156.44822540275527
153.1456430427423
149.77262308201765
146.27195927971508
143.08163226584452
140.65332220439564
138.9709937590668
137.68371344944848
136.4525050630731
135.34357637358247
134.61376992628453
134.00131330764532
133.11567234693558
132.2166374991129
131.99078176382474
132.63896225745563
133.725068004493
135.00119558413087
135.96210399264774
136.32595899385706
136.27873201574283
135.89986488626957
135.11492436780986
133.45669955101405
130.59208487921006
0.0
0.0
0.0
0.0
0.0
0.0
0.0
0.0
0.0
0.0
0.0
0.0
0.0
0.0
0.0
0.0
0.0
0.0
0.0
0.0
0.0
0.0
0.0
0.0
0.0
0.0
0.0
0.0
0.0
0.0
0.0
0.0
0.0
0.0
0.0
0.0
0.0
0.0
0.0