0.0
0.0
249.21384511247086
248.85717407672075
244.9669361372534
239.10339671565336
234.13997471841145
231.4720279094243
230.93692275550728
231.95185919552512
233.9018926565953
236.30015417512422
238.94531549373235
241.79089704224833
244.768899988199
247.67953478007072
250.25384686452762
252.25800881689233
253.59461848961942
254.36511905339376
254.78013448774652
255.03091146309606
255.23343017606862
255.5165839423155
256.01643045527294
256.7191947289879
257.61144628257205
258.61644639333065
259.4171791019128
259.8175625731848
259.9138498526441
259.9182915458485
259.92540097086237
259.8747420345632
259.6113475838509
258.9432923847955
257.79281615428533
256.2207231309683
254.55466643368587
253.09463024943256
251.9793295687875
251.39259583664926
251.2778065013746
251.53577245367893
252.10258100889155
252.85720712281977
253.7233971047151
254.52137612714057
255.16839959746324
255.6251828464068
256.0348682379392
256.44846445235805
256.95316995215853
257.6274979196198
258.3928404330137
259.1422295426826
259.8211128951591
260.32708458198675
260.63214515538465
260.73892071770865
260.6008414013867
260.2511136659642
259.9863569197615
259.8107600623514
259.5290159989985
259.2223727073856
259.06385204945684
259.16559402652814
259.4359287845368
259.62660992621153
259.4552521629771
258.71502469962155
257.49500411404154
256.1658009888928
255.2419946653269
254.86258681636187
254.82179624592848
255.01080931255697
255.2391756882904
255.3430519066616
255.48286634591577
255.88555373281025
256.522034567506
257.2080657440626
257.773533494874
258.1250848396541
258.2640785193023
258.30600361126915
258.3993199494945
258.68686947271163
259.02208211755783
259.0449201008768
258.8759886643612
258.8098067474469
258.87443720048935
259.0067591273568
259.32909890880666
260.05026150754054
261.19322269933167
262.4353004691301
263.4818737197382
264.2267437574015
264.55334620430165
264.4355216973067
263.83457602211
262.9284708697545
261.9381287496742
260.93133773775656
260.1999526791796
259.94696434286425
260.1026396748234
260.5752197400346
261.2663257667743
261.85442203788347
262.1286478024634
262.05898015924015
261.71255904759164
261.2451383190261
260.5979037914301
259.71117078441796
258.84067631062754
258.33632936347254
258.34114448616475
258.7685620767568
259.2696657955476
259.6283177320786
259.89283504537974
260.0511207262978
260.01995019486685
259.9176280352126
259.85189968598735
259.8820195324903
260.02692170821865
260.2804067243195
260.5348697484275
260.7115512914287
260.8005275884774
260.8827889749759
261.05588847355034
261.4288849739565
261.94624431020276
262.4700336764258
263.00116232967207
263.600642354305
264.17589841428895
264.58462232346113
264.643815402935
264.29339311607606
263.6607583803319
262.85675749440134
262.0014915945697
261.3131848250139
261.0082174026297
261.2125249585181
261.86514001298815
262.8087903402341
263.948000256621
265.2237833538908
266.48594392004657
267.59003899891627
268.5585325164284
269.3892185332168
270.07261675343807
270.5579368555009
270.8292418145793
270.9242778123805
270.82261416129836
270.53354862760256
270.101937608754
269.59000235477987
269.0633437513768
268.63459209913555
268.45739397723605
268.5519647278798
268.84282534045605
269.2749399901776
269.7191537114954
269.9628292979607
269.8105160285766
269.15441034131464
267.918883213375
265.98754501275204
263.2233833601196
259.52467897154355
254.8103934216959
248.94363866245888
241.80041948088723
233.48221190206394
224.50691071461316
215.71447464417787
207.530186111311
200.1324392142214
193.8362697269161
188.79021533595414
184.86045752847537
181.57806169820043
178.32308755240763
174.6451434117186
170.38026215688092
165.68210443492188
160.96625259824287
156.62000041027252
152.8624302178434
149.84510677141563
147.639179468559
146.15311660755842
145.170914493842
144.45685915876186
143.93726154857532
143.66289041503
143.70133136838348
144.01874217013443
144.46881345965403
144.94200218590709
145.45187061777045
146.04384671392356
146.69228835292597
147.32440883524976
147.8783228780932
148.36349495288326
148.80248387444698
149.17410349726737
149.48086444474677
149.77229181385957
150.16083826743986
150.77497945382265
151.62966315494663
152.65895330024784
153.79626729813248
154.98646814427082
156.14768211052223
157.12820337167636
157.8277157704153
158.20885542311618
158.27268141604878
158.12282006924133
157.8759509538831
157.64829474986388
157.56079064029794
157.65058479310886
157.89509985527926
158.2174586960419
158.54813148517536
158.89949005289037
159.33440156556463
159.7588279903411
160.1002291078213
160.34861920814095
160.50956914936654
160.68999253718962
160.9762045293551
161.23397373881602
161.28755167218023
161.09677856934897
160.7256974423442
160.31206461580882
160.01873594397892
159.8936965246853
159.86415156268313
159.9355133584528
160.220890444051
160.70604846972935
161.24843798493546
161.83757681156888
162.5472057943503
163.150531835297
163.45497964821044
163.6764508960319
164.10771811735077
164.7581173627496
165.49841984419317
166.21965853880423
166.89457579950866
167.4755492408718
167.97882421583535
168.5989144295104
169.43170529291518
170.35495821810395
171.21960408381955
172.00496819204716
172.61739210257372
172.90905847558577
172.9616501070119
172.94098432053522
173.04582449002265
173.32358831467073
173.5877380514765
173.67676550368907
173.56681313894603
173.236030548233
172.71313781380746
172.1470562314067
171.64204123102763
171.205652649164
170.83745945618213
170.6090220180203
170.56304403068444
170.6177160882192
170.69131440784656
170.8475151600441
171.11723181686472
171.4017796709758
171.66133497125574
171.94240219380274
172.19041388065784
172.297786545835
172.26439071726318
172.32550309209645
172.7937631384958
173.60198378250217
174.39866362707417
174.97734448543758
175.19129625242942
174.8880038541837
174.16560664366352
173.2940350664178
172.45027042082816
171.6972754777144
171.09650274200442
170.73888049771534
170.65111440806714
170.6803710661843
170.64569628019024
170.48541075093772
170.3051259270265
170.24365872699107
170.2879559979958
170.37561186222968
170.4091023765762
170.32966955590297
170.08070583832557
169.6350222692954
169.12872808036428
168.70700214798944
168.385310933374
168.1864907281928
168.00879380274256
167.76078244151938
167.44303488962356
166.99537866432607
166.40084218263212
165.75573675317662
165.20488265862397
164.87187762974747
164.87010083441086
165.25183794431445
165.97611292670402
166.90151005959046
167.89407789841087
168.7699251934385
169.34311530450424
169.5233755693772
169.14820940417187
168.30992420420728
167.35475708026607
166.61158752764305
166.15433848307896
165.93178567543436
165.95480479280874
166.17806758855608
166.64191894869742
167.33634687541695
168.09120472566252
168.74373188188238
169.17623640868175
169.2990206254075
169.08358991259402
168.65067917456798
168.14001050761405
167.5849524851969
167.1278931186877
166.95651835656926
166.99877615591993
167.05956568766413
167.07169414975147
167.04435829225105
166.97005036356637
166.94564051752872
167.0221160068394
167.09584319134865
167.13302872486406
167.2959249244497
167.76784426123447
168.5971778733322
169.540451354796
170.26822374286954
170.68502948390605
170.83632263631247
170.7740408665351
170.59294538419232
170.26086196631266
169.8275000951357
169.5789485687215
169.7499058646476
170.24487121016148
170.773780650395
171.13679508872536
171.28418688985974
170.93456416533576
169.72544936045293
168.03385817097006