0.0
0.0
202.8452675586738
214.27412839732267
226.49369982029825
243.26267015053563
264.83078546748635
280.20341321642627
279.1362533454414
263.3692922998243
246.10248383311756
237.99802327068295
237.3835936315073
239.7304586474368
242.3638449172066
244.32173940700966
245.94216342858482
247.76056290148313
249.9036519984735
252.16945740072146
254.2810661304145
256.0588394888751
257.4547553513414
258.47196725714144
259.1905828261478
259.70802226347354
260.0817208212297
260.34279273486857
260.4384749889146
260.2960389626189
259.9219419006156
259.40305850880225
258.89143192568605
258.5336086996551
258.3693544677953
258.40704546825384
258.6636578787552
259.14477720330535
259.7979403219492
260.47001636418145
261.0065287723727
261.2926812538376
261.26808169493927
261.0097110866733
260.6773657857841
260.41865701555474
260.35895531373365
260.5003801782542
260.8206037066156
261.3239168763142
262.00849789104996
262.8061724013368
263.53195311027685
264.0822471810904
264.46080242141545
264.7531960328278
265.082056023553
265.53768990260954
266.15858073465415
266.9061906105443
267.65829358086984
268.3475424826063
268.9652453682615
269.5207388713003
269.9406793829471
270.0937636483052
269.89315534582005
269.3359469131308
268.50968247821623
267.5925155938774
266.7693181883741
266.1364625783624
265.64541580211943
265.19539776715584
264.76222271753016
264.32310634128646
263.797355218967
263.1627321144485
262.5037654881291
261.9267110632637
261.48688351728345
261.1678157418092
260.95224877710126
260.94260250432745
261.22999313438424
261.72855395101135
262.2637595534608
262.65037024034655
262.8067754732797
262.768386774323
262.5752988462241
262.31198328235394
262.0831828953724
261.99708086441365
262.1310583828836
262.5363146648236
263.107769464192
263.64905474441207
264.0173667790553
264.09321329859847
263.808540356635
263.22019152105486
262.4826629122843
261.7110475042591
261.03655212681986
260.5347000101006
260.1690418437082
259.8806920093184
259.69305627483715
259.63966617831505
259.8035351135361
260.2314227108744
260.8790904445085
261.6047421641081
262.29678605975255
262.84084795580185
263.0869844196463
262.98012017371514
262.5408504538582
261.77626568318937
260.74550098053896
259.60811497596296
258.5598793125463
257.72995656502525
257.1640155515625
256.86958307479813
256.8015263733457
256.8692589705575
256.9563348390929
256.9744842827208
256.9057123020469
256.73660261772056
256.51028800538035
256.32322208923745
256.2896103556305
256.51672072211426
257.03458892990113
257.73125300607865
258.3967774397151
258.915703365789
259.2422949933149
259.42392602761436
259.5474737621607
259.6528072616509
259.714849854623
259.6894501238888
259.6673424875245
259.7667104460051
259.9794517373184
260.22168356392393
260.38357077374707
260.4064035410497
260.2829090873576
260.0547586048937
259.8001557681864
259.5620454174667
259.3477669332428
259.14740833421763
258.88159613748013
258.50790631685743
258.0578335716159
257.511054704816
256.8324270299273
256.0242137491283
255.09019896528199
254.03453298630131
252.78140027041843
251.20311040317523
249.02538838568955
245.94268681386754
241.65959301758411
235.9958118737055
229.1879663964483
221.72836144522932
213.5795492120739
204.49188529795694
194.55232432083199
184.35302190240208
174.7964881165159
166.4821447090389
159.48054295208377
153.43754328929646
147.70734803244548
142.14219798904054
137.11683592588562
132.78407303326594
129.05747951875242
125.86240796228772
123.20227814800808
121.1221112640287
119.55736714605823
118.37574963076561
117.51008483327499
117.0064914540909
116.8655297871336
117.03319740599926
117.52874517874459
118.52719441446649
120.30782259031996
122.93410128120823
126.02319209614436
129.00331159647266
131.33111069625855
132.89799447707802
133.94628771518506
134.8232732556395
135.9284257201507
137.53214530394519
139.56219262585992
141.7712979177466
143.9659900184446
146.00654930622727
147.83024995003723
149.4724288262961
150.9823214851813
152.3771236534696
153.69259014613675
154.9514002333237
156.10554036664107
157.04516562674806
157.73054582860848
158.15985985492617
158.3579931588423
158.3991704662945
158.3820493791273
158.45825616624546
158.73467253092173
159.20888815822045
159.8265999664727
160.5428030579801
161.31294275764796
162.06151723112532
162.710006905232
163.22483725520587
163.63983222250064
163.98988106586899
164.321506790568
164.69660398751554
165.12358398873204
165.59787814285886
166.0392550813911
166.37509361213404
166.6263454760819
166.8554858800643
167.0927782242987
167.32944133290198
167.5371664085321
167.71811240493165
167.91935848337994
168.17695043797875
168.4995089319713
168.91126739131647
169.39796308609777
169.8297794060558
170.08725424577784
170.16152691316313
170.14897349971113
170.19681816054373
170.4149581039757
170.839949588616
171.4342297564616
172.07106806285069
172.5673922946229
172.80809780895078
172.80402490466548
172.62547199171433
172.34311380672267
172.07053274176837
171.9632400283244
172.12640017334468
172.54013994258133
173.06611460618473
173.54373787301367
173.83915964818428
173.88920842889277
173.7395975061399
173.50907332465428
173.33943811771232
173.3268633981013
173.46070528635886
173.65495456459973
173.84675812842664
174.00746223688225
174.12860670046396
174.21543062074153
174.2828507756879
174.3410244242887
174.38691229939138
174.432445650303
174.51481593734246
174.673463963358
174.92186781158227
175.24367895750643
175.62761686961673
176.06175126167136
176.5472682704097
177.07619857605073
177.6078260879878
178.0825050805283
178.43379983674964
178.6086970711147
178.61204356173593
178.51564813099046
178.40702127554283
178.3134503348003
178.1722643734645
177.93989849923756
177.67467456204662
177.47676352700097
177.3937831331425
177.41591050157524
177.53313277013467
177.72801278264748
177.96795119553659
178.22056101476696
178.4528991456679
178.62591888347134
178.7239093394473
178.76037508822822
178.73211844925754
178.645670228747
178.5427758217482
178.46566655922618
178.42082324332046
178.41476270721236
178.4734538465387
178.5657386044815
178.60359505754943
178.52511542164856
178.3534787634804
178.1598152671573
178.01274215502752
177.96418488885735
178.04608940005932
178.2420348467918
178.47477660776224
178.67797068816986
178.83578335320394
178.93705979595097
178.9623581894761
178.90188091056194
178.76481800038619
178.6005364335233
178.48434079091925
178.4517275438243
178.50765513147144
178.64851036908664
178.86602007916585
179.1323477701307
179.37558210458505
179.50765320786758
179.47495708457873
179.25521867605886
178.8718929810508
178.39991231900706
177.92056022252967
177.4914790270255
177.14798578150157
176.90215442995043
176.7675361821409
176.7393490957464
176.77176932231228
176.83281810986188
176.91277198888503
176.97367429198692
176.96278941976038
176.8367245051274
176.6081330908763
176.36115558676283
176.1705442438368
176.03923345846823
175.92159145014742
175.78071727798527
175.587118732946
175.32490480392207
175.0273966385478
174.73326936367778
174.46551433017135
174.24788854575883
174.10016114820235
174.02099717468468
173.98071630705948
173.95053068464009
173.92085017699856
173.8928497175241
173.84921936546942
173.7169453926279
173.425765968485
172.9906952211382
172.50408204744275
172.10457460323545
171.9278878238891
171.98645197342896
172.18036894139584
172.3692358837763
172.42094868897505
172.41649414760954
172.79237134628772
174.2172496303941
177.37433658943476
181.98438353316243