0.0
0.0
255.19664950534974
276.95143771249144
305.0039337064293
324.5925729732274
322.6936778768094
303.6980701493919
281.63556657363813
267.14546727981656
261.08333998800714
260.1362781996104
261.3888724782384
263.3198750441154
265.401561974465
267.49315521201413
269.6473286382624
271.93774677322654
274.2358556526581
276.2998376057891
277.94784972336276
279.0964555984021
279.69379792779824
279.69133176314006
279.1287820767439
278.0961153840998
276.7661624804483
275.48097645958586
274.53453883758215
273.8621644700685
273.07248210173026
271.89900558351644
270.2419914545855
268.15669301074854
265.78809465622305
263.4689469974133
261.5417653633742
260.10556955890576
259.0396641436703
258.3049257099067
257.9497157999955
257.9278340237296
258.09232246974057
258.5641381834947
259.37638954890963
260.4162727645472
261.52931000777255
262.41413913275085
262.84765019579646
262.8399917149264
262.67943292498796
262.66063604711644
262.8060919920822
263.08791671970675
263.36063007083976
263.57403009906653
263.93789363122187
264.5853164837177
265.4400857410677
266.34905075254494
267.1534148917748
267.65987251064297
267.71556090171634
267.3432548339465
266.7054536874707
266.0375457281915
265.4628839346649
264.9865027023134
264.5933599387807
264.315465610816
264.2083496106852
264.2149004389457
264.32647294842025
264.5348510709932
264.76098615508886
264.8789816029228
264.75058507502735
264.33130276767594
263.748001101467
263.13226515628685
262.49979503976857
261.8506306590154
261.2837572622032
260.9401716037385
260.89922102280036
261.15474949490886
261.5773658164989
262.0117892205961
262.32036213172063
262.3408910214823
262.0596534875336
261.51953274899665
260.7735110689792
259.9269951604597
259.1508902692874
258.62817353090395
258.3949127462925
258.2560884818602
258.03753155166305
257.66105094164743
257.17312349979903
256.74286359789596
256.4468071882915
256.36843362714166
256.5131692595916
256.8044604882009
257.1403394902404
257.4042864994743
257.6311380902073
257.89464108137486
258.1912585006177
258.5074244646559
258.78139855976076
258.9831007191236
259.1580405153419
259.3626081807988
259.6319715771808
260.0034714393279
260.400878047152
260.65633155307586
260.67651469582836
260.4713848191174
260.1769549999058
259.88872923396764
259.5934367340438
259.2727936798563
258.98239078515024
258.8664876394067
259.05223324541373
259.5588752692987
260.2239691921535
260.7361354558737
260.86463303070275
260.56079229744597
259.95362458061993
259.2131017736399
258.40654754183083
257.56906520126995
256.7601593044129
256.0743642288084
255.58489789247457
255.30842513701015
255.1803065400792
255.19247651760895
255.29908985327964
255.49636888958753
255.8261504820537
256.3036911474394
256.98353157349356
257.9255633901694
259.025376997241
260.1526697932585
261.1907494105941
262.06741332869694
262.80717391506073
263.47967353178717
264.135733086346
264.7582676938164
265.2499037807953
265.4822098801384
265.2684213339286
264.39641472605973
262.7505083935009
260.3565287895078
257.3723955094212
253.99141680580695
250.35176861673057
246.50034038740318
242.3820601592776
237.69530373793077
232.0099941831881
225.00392423567885
216.43208631444327
206.34513060768467
195.6504039139592
185.7236579063226
177.34355120286355
170.48948588847395
164.68918566194068
159.53521406756278
154.8419002140041
150.6530931065704
147.1678810868325
144.47511708130128
142.47489986742585
141.0175517718203
139.91659757102656
138.90853083228183
137.74431474893248
136.4795497361143
135.3869365756429
134.66282992993294
134.35098299709716
134.42171143716658
134.8689270453783
135.77850182154788
137.18717488955286
138.817229579916
140.3191317481042
141.5388458015482
142.49588366131684
143.26767670605548
143.92616010950886
144.54854115550344
145.2442160300441
146.08426132930657
147.0692092456303
148.19107801833326
149.41864340894006
150.657027693546
151.69471763398985
152.24490936151346
152.38731750167457
152.4113433330944
152.51583742498542
152.81662362189695
153.2488542883268
153.6730142793625
154.0435269898388
154.37829170328934
154.59757367879138
154.69529827748846
154.89026689096676
155.4051480385819
156.16857024869978
156.994533993768
157.66541164090995
157.97945733616507
157.9608194764185
157.82746082105507
157.92581956666598
158.42420902950641
159.1652751485055
160.02887840447355
160.9068665941226
161.7205832463222
162.40653397116967
162.8881151185406
163.16681041176255
163.29298884785393
163.2996888214357
163.248267664977
163.23919718542072
163.36949807665474
163.76643950552764
164.3670403186794
165.04832012304826
165.86076867583566
166.87433777389901
168.00375092693528
169.1010610106942
170.03355864823382
170.72609330589125
171.2055685183322
171.60832911230938
172.0194593980367
172.31054769928602
172.4054953629245
172.32460836549274
172.07520404098446
171.65223817726994
171.11846334028186
170.63399294598304
170.422698447232
170.6486577384125
171.26006631919336
172.07236075873297
172.88117984577565
173.55417101975576
174.09279531867298
174.49505139850783
174.7123899094265
174.77923073378565
174.70127090260925
174.43649795387452
174.0275890847326
173.59426063441492
173.22960711657822
172.92847612640705
172.66082822419725
172.37892566257528
172.09149014417773
171.91237061018563
171.95946611338434
172.23067483436063
172.56025731772345
172.7165113395319
172.55097277963353
172.12330664144775
171.55062148533688
170.92256127753274
170.33346547985994
169.77570924338843
169.2183144080307
168.6409851209027
168.05691683905258
167.51179377492002
167.06393314836689
166.77635314325087
166.5913986936905
166.31956126650147
165.87799087091648
165.3795328410065
164.9809195021871
164.6681982508855
164.2714265646614
163.869779942181
163.74291617358435
163.99449186195403
164.52160866568005
165.1241774749122
165.680879633836
166.18319324548193
166.61562420719946
167.12960634550453
168.07604516687744
169.68726341676864
171.91698976712792
174.51475707308188
177.30038234228462
180.19224036393283
183.11419304112673
185.9026006062875
188.29349438293525
190.08409313839448
191.21600505814752
191.74288337384843
191.77187800217547
191.59214872572767
191.43134531769917
191.2694468529987
191.01314322365573
190.55941225583464
189.92917118829646
189.19929001015169
188.432393754369
187.6838005703666
186.8924147552848
185.917474691933
184.6826355453831
183.2604253337966
181.80350225845078
180.39596142792968
179.0050329850296
177.51777598614552
175.8343125238041
173.93485423118364
171.85269505402277
169.6801144487386
167.4545514394839
165.21468410736173
163.02356255819788
160.76772100963655
158.18779098535424
155.14698612182713
151.61032849298329
147.59184500934404
143.56457198277417
140.22342039111143
137.78147901442264
135.9624010735963
134.3310756671238
132.51321279737763
130.2545860348996
127.8671986514066
125.449587427413
121.99179762741608
117.5903442305979
115.79320559272642
119.22837794058962
125.03778456882321
128.4028347589321
129.16762058537898
129.61410734379223
131.2181421357055
134.3113695103114
137.70855429698827
135.80063631164035
125.47169209484342
111.39247828253963
102.19007258411553
101.58172334401077
105.86509172018958
0.0
0.0
0.0
0.0
0.0
0.0
0.0
0.0
0.0
0.0
0.0
0.0
0.0
0.0
0.0
0.0
0.0
0.0