0.0
0.0
0.0
0.0
0.0
0.0
0.0
132.40930605164482
128.07133988223612
126.18897692106943
126.48506948934715
127.90021228294688
0.0
0.0
0.0
0.0
0.0
0.0
0.0
0.0
0.0
0.0
0.0
0.0
0.0
0.0
0.0
0.0
0.0
0.0
0.0
0.0
0.0
0.0
0.0
0.0
0.0
0.0
0.0
0.0
0.0
0.0
0.0
0.0
0.0
0.0
0.0
0.0
0.0
0.0
0.0
0.0
0.0
0.0
0.0
0.0
0.0
0.0
0.0
0.0
0.0
0.0
0.0
0.0
0.0
0.0
0.0
0.0
0.0
0.0
0.0
0.0
0.0
0.0
0.0
0.0
0.0
0.0
0.0
0.0
0.0
0.0
0.0
0.0
0.0
0.0
0.0
0.0
0.0
0.0
0.0
0.0
0.0
0.0
0.0
0.0
0.0
0.0
0.0
0.0
0.0
0.0
0.0
0.0
0.0
0.0
0.0
0.0
0.0
0.0
0.0
0.0
0.0
0.0
0.0
0.0
0.0
0.0
0.0
0.0
0.0
0.0
0.0
0.0
0.0
0.0
0.0
0.0
0.0
0.0
0.0
0.0
0.0
0.0
0.0
0.0
0.0
0.0
0.0
0.0
338.22611183686985
338.4072101777831
338.41947932802617
338.23022313828744
337.90176715291364
337.480526203993
336.9332155506381
336.24316521873453
335.26191051579417
333.6887331063953
331.4235269455678
328.64573201285157
325.5622565619547
322.1646138810694
318.0718278528228
312.5542722459002
304.6727175816205
293.7213442758842
279.8191629495364
263.8102117541593
247.0923785492672
230.75976373816127
215.29881349758867
200.4785916249643
185.9818984595354
172.62701990376144
161.89649311607138
153.4372745967736
146.4076302494695
140.38353191348455
135.47240859385363
131.34308528017377
127.05329838486625
122.45652706533139
118.01092095974712
114.18586123121804
111.32047393830088
109.32717238562014
108.00057572056491
107.36095230264966
107.50447446570487
108.336290548158
109.69393297678158
111.43907073698708
113.32781224951272
115.14793008978842
116.89202450482074
118.61562701848027
120.38879065155932
122.2085217494467
124.0853604033511
126.05679934322592
128.05199823654314
130.07199728537103
132.2333464749285
134.47724245503392
136.60208340210846
138.44066298573034
140.08648299617477
141.69614446060655
143.3125066111316
145.03898366980167
146.95293272929507
148.94533451222378
150.81728094686065
152.46412236002098
153.9283844593133
155.28785154046298
156.5482543233968
157.66905696142027
158.60997217751807
159.424679393135
160.22141373528922
161.08456102147682
162.0413368184587
162.9785945735364
163.68482118100945
164.03051851070813
164.11872449264126
164.2022880868941
164.47929951939489
164.98038202362505
165.6242385246766
166.28124841935607
166.8012662593028
167.07048695797414
167.09628998032136
166.97314406417956
166.79661179398303
166.65255716731178
166.63467516607724
166.75350577968635
166.90248679532118
166.96274729238255
166.91934934260584
166.93567494368835
167.1880877819384
167.74751659844125
168.60383980497883
169.61184983587617
170.48373347293605
171.02628610433862
171.20428507222496
171.10474277006762
170.8123746807779
170.436160865575
170.17818983484702
170.15556381684516
170.31869960592545
170.62302152518993
171.07843710460466
171.63313052436513
172.17793987247666
172.68382909024763
173.1566588232119
173.57800247982138
173.9698595813784
174.34203030153444
174.71764537545724
175.10500985360898
175.40755887665262
175.50596350556165
175.39539685586195
175.1778825280441
174.94310635951976
174.67401295799067
174.32904684038468
173.93588062262955
173.57161065197153
173.33011943005977
173.25972137124273
173.29956810943995
173.34499918723688
173.30594603468148
173.16607992261044
172.94736384344566
172.71308608125466
172.5131176930851
172.33613983972023
172.20642825842154
172.1320947985865
172.0721154459839
172.01871696217944
172.01661873044299
172.12318505547975
172.40405189572965
172.88662218546577
173.486743829983
174.0658826271589
174.48389835533135
174.65966604591108
174.60580543008172
174.3755210828478
174.04773496723257
173.70394111841074
173.42360059940393
173.29770763701023
173.38319861587902
173.63845866867513
173.96407933153327
174.26728635090143
174.46655925067918
174.5870791111846
174.69381261966262
174.84067783680078
175.0423759666447
175.2500146528086
175.39065321034826
175.38864973592723
175.19785035310358
174.853706892636
174.48464686545975
174.21426007468483
174.0731584868558
174.0372556737392
174.07417916696943
174.091252966646
174.04876208459115
173.97153539327599
173.87557556083686
173.78050343840317
173.7293752248576
173.69739473451378
173.62548943431455
173.50353036186925
173.3595255205224
173.20681811525014
173.04219430318582
172.8936934751835
172.81397783757984
172.84287096458178
172.94191827577598
173.01883662471445
173.01122947192866
172.9351162838115
172.87745787280576
172.9223075014349
173.0512666832396
173.16323297492232
173.19796585925877
173.16726470966657
173.08762947265745
172.96772004434902
172.81262829899796
172.6310443085893
172.4858612844046
172.45505674488072
172.56276883478603
172.7375778625423
172.96776663243895
173.2962065272663
173.68192858016732
174.01977190433468
174.22350635071874
174.26527952988152
174.13089785648737
173.87302633299043
173.62709461847086
173.52823146789564
173.618630453675
173.83199793251214
174.08192059616465
174.29510840453847
174.40218360857125
174.37495310746516
174.25137165644927
174.11845967588033
174.061581372461
174.1118762755729
174.23861581002404
174.37086604249788
174.43487439780557
174.37781993937537
174.19447200506565
173.92023819940516
173.5863696313838
173.26455860748962
173.061345219286
173.0240539076996
173.11754361909487
173.26583263478048
173.39523812298864
173.474086022271
173.4772802517912
173.35005962496783
173.06019424202907
172.64136200535572
172.2228190278597
171.96865735584362
171.9331026122861
172.04569018961087
172.20102554032115
172.31430793962238
172.35731154975045
172.37135305227355
172.38742428827598
172.29777349121258
171.81116637433678
170.60654536838783
168.73899173627274
167.08382157598325