0.0
0.0
284.29077772894226
295.96193206308675
300.8730859692936
300.8284198880789
298.4595613202896
296.6982776333625
296.99855743587943
298.96621210076887
301.89598673818256
305.4611249536972
309.41221755404376
313.34217692753066
316.8802362721563
319.70158174977337
321.5005422850819
322.19567550194313
322.05783834983174
321.72902793908673
321.7578806189901
322.09926664659724
322.61221785648866
323.1960235415956
323.8316727953478
324.42796259324297
324.8317047158467
325.0678725322334
325.5058905048691
326.2057627122444
327.02893853952685
327.72865765049875
328.28888046331565
328.97632695136303
329.89155414176344
331.0496233293487
332.4824439083224
334.02292697830893
335.47048329140085
336.8210829280991
338.01462055208975
338.924561235851
339.4672964268534
339.82691950343235
340.1242883777128
340.35257812346885
340.70831650629225
341.3187152573122
342.17911603597577
343.2140587186476
344.17956247584704
344.9632266580161
345.586198684878
346.11110409327875
346.44406168013677
346.2969258117281
345.81964753086834
345.25885044157184
344.800989017217
344.6205354322706
344.6766662490284
344.86394657981907
345.0607224457755
345.06027738711043
344.64149049304194
343.9477021132532
343.3741304399106
343.3933470152661
344.18808116990255
345.79185752912133
348.18059359028956
350.9634817455173
353.46223723723824
355.3779908553918
356.8699099427293
358.1618877989554
359.4260094892629
360.8431254472349
362.3825917754152
363.9652765150107
365.5234602814314
366.87175877050413
367.82606409626896
368.3859933216535
368.72601603193596
369.0951166101954
369.5918284155348
370.19692275503684
370.9493650963714
371.6116067204757
371.8577873425061
371.6639433104375
371.14686539318996
370.6116703826949
370.1975512516415
369.8157859456622
369.2369041835548
368.3139645939343
367.1129644992722
365.83214718225315
364.6032242402772
363.5634086318257
362.66632248397207
361.4634292110096
359.6472760621998
357.3024500991946
354.6352079093408
351.9887534409779
349.5578482873137
347.29408940992744
345.15990429751145
343.2339171115651
341.7434410861315
340.35064379326343
338.5731837462453
336.26387997168115
333.63566252189673
331.1607324758794
329.24277172738005
328.0253731238064
327.44067260534365
327.2821643561317
327.42106032975596
327.8279597295025
328.4254134944018
329.2543928743861
330.3242054913113
331.6208395897511
333.08191187155643
334.41022448482914
335.3755309945105
336.08726214244547
336.77036515714644
337.53213844789224
338.22759811132914
338.65519534612525
338.93326156385683
339.20593170651887
339.5893352497075
340.0970889106282
340.886476264672
341.7583095086652
342.5138813055697
343.1217683471651
343.5985540496169
343.744306878093
343.75475950118806
343.8487170398249
344.21693118630714
344.83344265425086
345.4011172640869
345.7983244059331
346.14351669312094
346.55912169366667
347.09931000973194
347.8004895668848
348.6712489752193
349.71029406528555
350.80619594000945
351.78623974522924
352.6339080657662
353.3436006721195
353.92483000719244
354.41307381837396
354.7231037699652
354.72138858659
354.09255635901405
352.49066974461084
349.87765059440653
346.3852026722929
341.9120216338655
336.5213840100509
330.349858937472
322.91421489309664
313.70591980118695
302.74690946395964
289.757496635003
274.04818102531203
255.57696377362197
235.3723065251761
214.9831075236535
195.84102020585823
177.93209032634357
161.0722125406627
146.87103692384264
135.94269104329783
127.6063820799101
122.1813555134601
118.7596129329369
114.94383908148626
108.98007353270704
101.59512421917657
95.59050647626984
93.33603311361995
94.97722677947958
98.87500057208132
102.61495830925487
105.19089043002701
106.71870858452381
107.50694847974982
107.69126360307973
107.8166262449527
108.11535697016255
108.66364550911716
109.44879301596313
110.4351337573222
111.56240893555915
112.75169319168685
114.04225514599507
115.59796152120715
117.51504330050447
119.6814999283539
121.901445957744
124.0339449255145
126.11762625080561
128.12311848296176
129.9524831602498
131.64405631124652
133.4165392758689
135.49882426515325
137.8458959951052
140.06369346150166
141.82350190191266
143.20076247890594
144.40639695287481
145.64853815211404
147.04042610552972
148.4811053397592
149.83258290960347
151.0377742260403
152.11822984861203
153.1297624038601
154.16023687930365
155.3509931900088
156.7807456615785
158.28754267578012
159.67620707354774
160.88020316555185
161.79922688175205
162.35327957870942
162.58188010939512
162.79422604823725
163.33638159543887
164.2344804246609
165.23576271920751
166.03212233782236
166.38861058341328
166.25978031915542
165.82909509133142
165.36439626249594
165.02199958875184
164.86143479805588
164.8344277005764
164.98331811017877
165.39307733451201
165.99171604809
166.7244161304484
167.4863511176266
168.21536869340252
168.8719905973934
169.40086692332034
169.81387181170217
170.10717491108915
170.19541880353458
170.1357014019893
170.06549697461205
170.05868865270156
170.0956838850569
170.1008999868191
170.11702313299156
170.19512750987008
170.3413139504546
170.63891981105348
171.26423071433533
172.2782554275391
173.51196301513727
174.80346821789064
176.0739418819707
177.23863837794374
178.29001045876996
179.2881540694694
180.25613553328017
181.17288231429134
181.97144939398484
182.5515419394424
182.82970597830786
182.77610173480986
182.4321456572015
181.8743463934527
181.1140723110756
180.21828325111676
179.34882655540486
178.60113215770443
177.99959145961438
177.48437052300272
176.91052335486742
176.20496299559161
175.4092209159671
174.62267664637974
173.99861823634598
173.54615497828996
173.10025399995726
172.51670456738177
171.66443254097058
170.61088812305388
169.38670168287052
168.04828488526425
166.82026999878687
165.96997168633789
165.62834574185567
165.7081587872035
166.1065622305868
166.69775276544928
167.35068615559834
168.02509706242404
168.64140518806443
169.03189721951983
169.25992878799977
169.40385558451624
169.43703525181428
169.33785305828934
169.1355625209983
168.9725453847212
169.00527982335007
169.2840655995134
169.74223165953376
170.29973551049846
170.880371021136
171.363892755049
171.7661777868863
172.32422080500703
173.16208727802996
174.19866638997368
175.38821267081684
176.69264576966717
177.97078882244784
179.08832475052475
179.99195466853814
180.7110884038733
181.42281760807725
182.23946994472826
183.12189254942498
183.95930009446087
184.55821494410577
184.67621550991365
184.03812002104422
182.4970524581048
180.16227956284007
177.34755314078572
174.13970952326858
170.30459948501766
165.6757499343464
160.44515946812066
154.850686028994
149.06142159744024
143.23041957002903
137.3776699190567
132.0179582408752
127.83144057427918
124.93109737832964
122.29755422512255
118.81100414099987
114.96017372250856
112.41376214198178
112.3197166992938
115.50664561853512
122.01614806601859
128.93721496414756
131.52538168510108
127.44019098438
117.81443183460766
106.11476039546784
96.1801164055525
89.82316130617804
87.57144647585322
89.68472339846652
94.28762379600727
98.2390731341562
0.0
0.0
0.0
0.0
0.0
0.0
0.0
0.0
0.0
0.0
0.0
0.0
0.0
0.0
0.0
0.0
0.0
0.0
0.0
0.0
0.0
0.0
0.0