0.0
0.0
0.0
0.0
0.0
154.97335675062288
164.85297918162598
176.51401499856223
187.4319208111429
193.74852073022126
193.09327241930237
189.32530690164887
186.79774415869164
187.05138760237435
189.349170113676
192.48026219776256
195.84557143082617
199.2227854836635
202.44939608379406
205.43956229116213
208.2039840108437
210.8389549294446
213.3260321722359
215.63763513402677
217.650124537367
219.1855587562547
220.1697171414865
220.71531075773413
220.95497681013558
220.9973748993297
221.01666114807088
221.1031862591082
221.31280205306587
221.6814658629857
222.04949641211692
222.3323358096276
222.54826485523077
222.6350150587001
222.5672199941974
222.40090085617035
222.2059207231206
221.97501767944075
221.7285975132656
221.57319782150495
221.57880615808517
221.727274486363
221.94534384182487
222.112112783555
222.2084225273847
222.29259193377803
222.3889060680308
222.50894146889195
222.7779641525413
223.31233755820534
224.0766192844181
224.7740437192266
225.1556200658419
225.28516664529207
225.30635817316883
225.2489166024049
225.12100605917718
224.8971809376831
224.6007699350746
224.2741759723426
223.8594818283068
223.3161898866532
222.65125465036144
221.9179733675321
221.16563227786017
220.38079258656802
219.5771561113413
218.794266980005
218.06384239227734
217.392715456249
216.78060374614734
216.19989973606408
215.64771638215353
215.16810862618726
214.77680565450854
214.51378743243197
214.43219000740126
214.56915426153878
214.90956478385831
215.33302851210448
215.7679882431221
216.13664413860084
216.4219544951888
216.69590361959678
217.01640516117797
217.42250152827867
217.91953969883298
218.42805316718875
218.87490176121347
219.27283471616326
219.61865965262695
219.90471645389843
220.11937050418476
220.34368825948272
220.55530380131214
220.7437405004278
220.94969629947144
221.21079799093985
221.50832424080377
221.80211364280458
222.05525299745463
222.30334212225267
222.5747771351595
222.87060217761854
223.17463643960883
223.45462746578076
223.67082505081123
223.80650441745382
223.8256193294214
223.72470591170307
223.55825931863575
223.34724044278644
223.15514241412703
223.0291510245639
223.0045200440415
223.06940493489716
223.14909346806124
223.1875601776513
223.17312740579578
223.13870898815964
223.10875526420674
223.08708992214105
223.01193810428956
222.86497175087783
222.6852048540857
222.5156893288754
222.37917732298644
222.25184781558798
222.10822211803463
221.94653272392407
221.79343613272644
221.64792725660598
221.50799451511224
221.4152931239317
221.4293037892005
221.5879105335212
221.88512066242703
222.26348499072208
222.64060144475403
222.92972300197715
223.11448746818803
223.22207170462832
223.25715051896162
223.27662017498238
223.34254691329028
223.41402347304623
223.43767999578893
223.46220372600246
223.57459938687583
223.76483285880545
223.98949641101515
224.25351671153354
224.61433164334545
225.02669263073327
225.3469369840884
225.50424582142486
225.47294347423724
225.24223892403603
224.87020039117533
224.4376681526052
223.99018230527304
223.602886472769
223.3021808104468
223.10455282116465
222.97716073516477
222.89484788986454
222.83805958412475
222.72841571590362
222.5176252946603
222.2033155412994
221.7342847912101
221.04771792195277
220.10469202161897
218.89535792084607
217.4796385318274
215.9443115830549
214.34821752515592
212.6584569567898
210.74737883615506
208.53790646607638
205.952045451544
202.87555105775704
199.15630220122108
194.68281453102438
189.63107333975628
184.44685590083418
179.5783272172224
175.1808892823651
171.10913552306383
167.19284141577367
163.42256876553714
159.9129174341683
156.68232990058914
153.54760416195356
150.36714415520171
147.3073310981868
144.73196262456813
142.97940112738917
141.91135626840884
141.09855409169745
140.28810636393314
139.5030533304863
138.846080839123
138.40631950427118
138.20112000895463
138.14976593142057
138.23142367534572
138.39140789647763
138.48354917376386
138.44453220607218
138.33770743525133
138.27641523725924
138.3429746043775
138.46701651618545
138.56354559460067
138.7677684206023
139.25545955961493
140.1477221415937
141.47846811528706
143.0547668602203
144.53876051801254
145.64534860838648
146.26269824887663
146.5117159802167
146.59886744230718
146.66165651905743
146.78187592037906
147.04436140925355
147.55539787340436
148.374919772542
149.42843095612432
150.60141123150981
151.7977894982384
152.9194712572416
153.92546737453932
154.83856996005503
155.68508903596893
156.4523566402341
157.08223378338533
157.5437155496548
157.91490251237076
158.27172832482816
158.60461310242823
158.94339481011312
159.30708630894327
159.68179594337096
160.12365989314657
160.7519302449632
161.52211723499389
162.33496820886378
163.18928868130587
164.16230612419272
165.2966978472377
166.60397692548523
168.0849114635178
169.61826469758554
170.97537241113162
171.9624916639999
172.46980985878852
172.50873064759142
172.19668743612368
171.73335501355564
171.35784056661828
171.249360278451
171.40904700267524
171.67707506430145
171.86563111161576
171.8722447605452
171.67285807818953
171.32306904653132
170.93812356206251
170.6218307625025
170.47281570726577
170.56505233196336
170.843691306067
171.1650843081615
171.3680262387537
171.36577914495527
171.1807543326221
170.88822646951945
170.66694757097434
170.62934212662157
170.75309421891353
170.97291393527908
171.20797720304088
171.35538421037583
171.4056352808953
171.44817509691887
171.61889615127322
171.92754969873238
172.2543346474919
172.45694015234824
172.42857534813177
172.19400044610026
171.85585954546062
171.5427222235588
171.3638055617697
171.35232685154614
171.47217735984628
171.6369994167531
171.76218142336083
171.85909550936248
171.97433956478912
172.1444104573822
172.32561485609025
172.48713597615853
172.70620935528143
173.00583573231188
173.3826338078834
173.80316296870794
174.19016812217077
174.45370306744587
174.55474067048905
174.50188573590322
174.31871010905016
174.05223011217527
173.71319747459157
173.37108264040464
173.14184784554197
173.08863814864904
173.1784588280514
173.31644430313398
173.407007542217
173.36903368720596
173.15399976573377
172.77348184751114
172.30961536222014
171.86993211169604
171.5334516118899
171.33579557878207
171.23694800692664
171.22969024694265
171.38010681277504
171.75786514646973
172.3195238557556
172.92020687152802
173.44661725882366
173.81971921505274
174.08937748493838
174.3641868002624
174.68202905473555
175.02740601512158
175.36259473212348
175.65696504784736
175.90140609367523
176.08898551371414
176.24128926735062
176.38588190225244
176.5555251970224
176.8064346363568
177.123723265385
177.40609390993873
177.57434991888974
177.6376171359061
177.68512774337628
177.80457135704478
178.04661276276198
178.39860966652702
178.77917452260863
179.0772078821508
179.21252345965615
179.2002793482826
179.11837237940526
179.03392824595986
178.98325268560973
178.9921922506089
179.04533543619385
179.08786475306104
179.04206931519747
178.8202145455619
178.34905660435794
177.62700331680435
176.71872764038469
175.6940781957315
174.68564051500115
173.85544820979902
173.25441329245785
172.81302266633546
172.4509142124132
172.05004136910424
171.30381262035496
169.76381975774387
167.08587180476823
163.07921196000038
157.56519628270644
150.71275519027648
143.63236792236097
138.46236870468013
137.61483742859656
140.962141776076
142.48307361818962
137.11580632627295
126.47909568085338
0.0
0.0
0.0
0.0