312.10206372539466
313.2124903240956
314.41561733185074
314.6957832293249
314.493169130812
314.70906173132266
316.1063808113864
318.2945380675782
320.7202151297831
322.9445853175322
324.7164524682932
325.9276226652741
326.5357197941708
326.4472245128408
325.6579666265661
324.42579278818545
323.2934763236018
322.64047468469215
322.4210818205504
322.49787346096826
322.59497807120704
322.57809121543096
322.45515572584645
322.34520887275994
322.4160509173586
322.7611687655477
323.4053871344049
324.16609993417984
324.8785255645885
325.61807831245267
326.5023245200578
327.52842671951896
328.4934859550042
329.34494888597806
330.1244440608583
330.76596323982676
331.3937173150999
332.12807635291296
332.97716675518336
333.8245128996362
334.5851029421461
335.3718210885763
336.00484768585244
336.2949201558482
336.3360900498245
336.3533108413542
336.60052207311446
337.0558239223211
337.5589389629066
337.9621882909072
338.0569267426241
337.7141851074023
337.108944090107
336.4463152857333
336.0115539496032
335.9900772987303
336.2687570267358
336.76442010158456
337.48332818387524
338.30243835493445
339.22350898079026
340.20490572542235
341.26278683269703
342.33542947693024
343.26786755635686
344.0459221370154
344.8576450262564
345.8336055860623
347.0448907841068
348.45487526446226
349.713653926859
350.373460708533
350.26623983061995
349.49969793527345
348.4324348434667
347.5295982151392
347.11342707454867
347.3007082738212
347.96008101638006
348.82429528079604
349.6164436522547
350.0986820482585
350.2723297369766
350.39728337376016
350.50598228703734
350.38864995604763
350.13689493539005
349.889974753822
349.7729962525565
349.8181288124754
349.878186772796
349.7197318218089
349.2550389298225
348.75395784749975
348.5069699085029
348.595374150813
348.93705277828536
349.37496866593716
349.80310140269376
350.2087178466944
350.68121691290384
351.2047446392032
351.67678061606176
351.9313705548777
351.936628097138
351.81497730902873
351.85055164115744
352.2024805658085
352.9055491277811
353.8661197826405
354.9282385712514
355.828050253251
356.34264828219546
356.45967743463723
356.225475039473
355.7239264672709
355.1181085004223
354.6832633775188
354.55497941367884
354.665538925206
354.8709359700789
355.0897916989717
355.2843525243165
355.45742825843655
355.5266732483096
355.3685749460102
354.9639280134694
354.429289735372
354.1456649670346
354.49439562028743
355.4231534108745
356.40895025619517
357.04319372577
357.0685908731284
356.504269027512
355.64498181976154
354.86676576848373
354.4078421788038
354.15247057085446
353.9351581430821
353.89498076092156
353.9786545221742
353.90412406475997
353.492785951828
352.5173759159181
350.5630654480804
347.3536895705669
342.87569022254803
337.5796973351928
331.8926870489646
326.2112361125839
320.68674300128055
315.07017761464294
308.90490230787475
301.37246989371704
291.8531090074828
280.14206082633206
266.3897245026311
251.02544562200507
234.2915203898643
216.83294209877445
199.4557053517464
182.09873323446686
164.5943322308996
148.7583732121585
136.03812515387995
126.3475078142911
120.044031052569
115.91172276749934
111.8364935555054
108.90494467998685
111.21783813273694
117.96712925720831
120.89811354254654
116.98442499943562
110.35047360946942
104.05358417200522
99.95935149468825
100.0232542198526
104.44439257776303
110.97413561888021
116.49979989652108
120.31242642683287
123.38915181922115
126.09937963245753
128.78378423771892
131.19670870810572
132.01087925421717
130.59695292756967
127.98833037538243
125.5466420844655
123.609475073888
122.3168533657622
122.02760534181095
122.56044386497734
123.39049480166916
124.37943461747753
125.69013600815958
127.42624016874629
129.4323816744211
131.44487514349066
133.38829473623215
135.3006892847892
137.1622670537942
138.87357497008833
140.40886313924398
141.84829893173605
143.3292726579424
144.89257307970456
146.5328626291858
148.31557900655096
150.27193430599155
152.3619375391243
154.54975305228007
156.83221516212387
159.2248269256442
161.6160936329849
163.72904082829524
165.3529125594231
166.62468842254833
167.88524296282205
169.27485066066532
170.71549251266802
172.15364308905475
173.58686231737192
174.88207524519333
175.89301057441304
176.5644553539991
176.89318698649186
176.93262859573963
176.82506083150645
176.6792726608789
176.53418501127518
176.40454349116456
176.26400646293794
176.17032737344402
176.15528061614512
176.20503278796178
176.34179221371505
176.48788566007266
176.461591452861
176.1942027540857
175.67788369595118
174.9285303224138
174.07247665249753
173.26395697431838
172.47544775899698
171.60306183441986
170.74664740147276
170.09056828038877
169.66931845798246
169.49106712334975
169.59367152135803
169.82723147528523
170.0063190395865
170.04690174795178
169.8318588269874
169.45227880086844
169.18562422783413
169.12236140608854
169.09893523544446
169.04786698750718
169.1174903458893
169.48179392226507
170.2124647933877
171.27554732368588
172.5430465022496
173.7102891229623
174.58399108080476
175.2547666669794
175.7100229983862
176.07487017068678
176.3412536269471
176.52950116003908
176.6771296775435
176.77293071262758
176.92013581951733
177.17381861857373
177.44354732857832
177.77338143803937
178.05689645480348
178.17531704057464
178.190079685794
178.22012238765785
178.23374321234692
178.06096917945337
177.62774898166492
176.99103837743922
176.24206704083912
175.5529969784901
175.04595730250088
174.76918120202208
174.6888103521443
174.77804425569903
175.03462197670964
175.28749290757136
175.4053798687031
175.41099760602793
175.17253591554297
174.72501679214994
174.24028695476693
173.7957688027705
173.44843722417136
173.213597808785
173.17539617032287
173.29627744145407
173.46192730209447
173.65250177432992
173.85141160176886
173.9225164376405
173.84214509734244
173.74239302179015
173.69380346170024
173.85118462398205
174.34217036921856
175.20425502563307
176.31406112185013
177.4522830692574
178.54270668145574
179.51931871866876
180.3515583413054
180.91156398562913
181.12572794761968
180.9027950503039
180.18354853999423
179.04431208651357
177.58389254075536
175.9659135216518
174.32786353576978
172.71722518795752
170.97531228756552
168.94287680246944
166.49391702415113
163.54938623249004
160.21453415072472
156.6315608017414
152.86823798300398
148.88752133248536
144.6211365326052
140.12928887434924
135.65531659501988
131.43412025350375
127.42798561429272
122.91594403370226
117.40345119538668
111.39311445899604
107.30865041123624
108.21291671283825
114.96427033425302
124.91867024171597
133.0290957788838
135.28304608035594
131.27543793288578
122.65324316580862
111.62259675917825
102.17332976971463
98.0850891419125
0.0
0.0
0.0
0.0
0.0
0.0
0.0
0.0
0.0
0.0
0.0
0.0
0.0
0.0
0.0
0.0
0.0
0.0
0.0
0.0
0.0
0.0
0.0
0.0
0.0
0.0
0.0
0.0
0.0
0.0
0.0
0.0
0.0
0.0
0.0
0.0
0.0
0.0
0.0
0.0
0.0
0.0
0.0
0.0