0.0
0.0
229.05461104412393
229.79052400749129
237.44232123100068
246.08181496411737
248.815311595744
247.24969988814595
245.58477814716287
245.46124666997514
246.75161711880548
248.55095441648476
250.267250006959
251.6929854238673
252.68512021115876
253.17540162569054
253.44860365340028
254.22138288274448
255.48625480350694
256.57348535804954
257.159902219511
257.27584972267107
257.13555534790135
256.9190062520446
256.6600591802674
256.4460807462818
256.3585718599458
256.41367758553616
256.64728659647324
256.99701641006794
257.26380693762434
257.42148654592404
257.56619180441396
257.7341227798796
257.9701906601171
258.2701912299175
258.5940684054409
258.995763793287
259.4499184767532
259.92926947074443
260.21707143213064
260.185207485842
259.95769096030347
259.7111970503756
259.67027487703
259.9567835871419
260.46531454693104
261.0176596279793
261.52684479450716
261.820298079747
261.88130432205355
261.7377280985759
261.3003107721344
260.5152980377077
259.5401498961139
258.69190280202923
258.14168361325835
257.90079996967387
257.92540096308045
258.09257886128876
258.25198995652335
258.367916197837
258.5115474840495
258.7433034806109
258.945364974055
259.0230519469856
258.81191085077756
258.31325527494744
257.78034232259034
257.41318402010546
257.0705549049128
256.6488024490715
256.3258650733293
256.40246597554193
256.88147901855723
257.57555420304925
258.3198971798665
259.0374313795681
259.7582889910922
260.412562039228
260.9284881652115
261.23527393820507
261.37589877277185
261.53135361343294
261.8143649356655
262.2559208118813
262.80171367861846
263.34777961443484
263.76614349749536
263.86142660346866
263.4543353978207
262.5548668559958
261.41193839927104
260.3936037954653
259.73953427126344
259.43437173493146
259.35161947290015
259.2865727291678
259.1243109697062
258.9189803658326
258.776969066864
258.71472809763907
258.5907048464677
258.27023761514783
257.8323963924028
257.4035048456009
256.992306223255
256.5803562829418
256.15287304051105
255.71819109169914
255.21531845111014
254.5224110716676
253.80056281292133
253.37122353678296
253.2771273159728
253.45111563431084
253.8585935450014
254.40097465993117
255.0289443543831
255.6929130066602
256.29002716418023
256.85726782754193
257.38244699565934
257.77029889228515
257.9356544218397
257.8312550251901
257.5677000895787
257.31068482972955
257.09613564042166
256.86642119913694
256.5651282204325
256.1685616032877
255.68674990642967
255.22302345623302
254.87761643511305
254.6063496513965
254.27188183462994
253.89006290688536
253.63841107388288
253.55925657915736
253.71229355372742
254.15682409524516
254.76291458252464
255.25720526339472
255.53884561024753
255.7031519935685
255.89918503697967
256.20473362120765
256.54173799311695
256.76687454590854
256.8161910866036
256.75768655041486
256.7132933525149
256.7376837907399
256.8075681582641
256.80480164942423
256.5661630400991
255.94302501268805
254.86023153067666
253.3794521582868
251.56360812964533
249.35154295905886
246.60443236787438
243.1061104034611
238.40269358796223
232.09303448105683
224.1348409440123
214.8640563414209
204.69803337716485
193.89697790317103
183.08856122678617
173.27660917178687
165.09857421393053
158.39252037974566
152.57168041276174
147.18237112418626
142.20534559489184
137.94465865768476
134.5277579049644
131.64037507774617
128.9002016034416
126.21861278462094
123.82400656789461
121.83026814406554
120.08172547766021
118.34321967332059
116.64274219912029
115.33977174780486
114.68417297747241
114.57634122317415
114.81370389893779
115.28218458464553
115.97250667351717
116.93306880999413
118.17393146910948
119.58546729159248
121.01765918209533
122.42530929317991
123.85811973960747
125.359582498232
126.93642615281647
128.6452816909124
130.44502114289412
132.09551867040017
133.46701705944017
134.61563617114365
135.57213325115657
136.4696861118378
137.53511580485386
138.90183403212458
140.56287624952697
142.47376914217966
144.55214862197215
146.61343728436782
148.48092101898393
150.09015050202805
151.4338745094331
152.53698545789226
153.491496181029
154.3935543689651
155.23531802716144
155.9093599375708
156.30100916469914
156.34982320735264
156.11679242963808
155.7464316290409
155.40512527609863
155.2776636489628
155.5209641885518
156.1904468560894
157.21078419553953
158.4037748564899
159.60465240989845
160.73292203520177
161.75922351940076
162.77723213033647
163.90632788347554
165.1894467211327
166.58462678897516
168.0418354089236
169.58565457778928
171.33574381250472
173.2828118221951
175.07496758539486
176.34556916671124
177.06105870213918
177.34266570500063
177.29834640248532
177.04405215128395
176.6869430913804
176.3205576689393
175.98972039056122
175.58333237459408
174.96726044768866
174.1519413047797
173.25573440880842
172.3972430419583
171.58963776816702
170.81919369386458
170.12759426835862
169.5948461559345
169.2232343465848
168.8240701934069
168.14178705805824
167.08691829836403
165.84042118695294
164.66187879971238
163.68860766329857
163.00200511846208
162.68783853008506
162.74480898201972
163.1599591623317
163.92088909637363
164.9501478537646
166.08656575217316
167.12579369385188
167.94652149164608
168.53368414921314
168.93727810448584
169.15346879427008
169.1553046530362
168.94614046560042
168.63004433022297
168.41534927145398
168.42013851867273
168.62691754757049
168.98840299346335
169.47201762689573
170.05116406356956
170.67353410727725
171.28272153232703
171.78073770904024
172.06325118905832
172.14395141664096
172.15074056178207
172.21434204399495
172.37316490819808
172.61837725704277
172.88306442862512
173.03266008644073
172.95908633816643
172.55659105078135
171.87240245349832
171.12792367063835
170.59349083155934
170.4951209588168
170.90830566703463
171.80184579097116
172.98967426979007
174.298219802179
175.58177546442755
176.62432673355787
177.33652738093616
177.7661114885522
177.92838978197614
177.79626202510912
177.41154265804118
176.87296355181047
176.2137220762122
175.46960016694885
174.72900516574873
174.11744116495785
173.69918384730352
173.4100352560829
173.1920962655484
173.05322903332444
172.97738055667207
172.91538910426235
172.78743937453018
172.53017922998305
172.11768598503346
171.55566722207925
170.9121852279039
170.2890979595017
169.80745500475933
169.5426311463334
169.51517050961198
169.7417242610811
170.11708361826578
170.46917504994892
170.73565209101804
171.0051604402525
171.34953271798804
171.69114533632404
171.90222169089617
171.87129208083218
171.63960071244216
171.36747425911233
171.18282306684938
171.18211689164218
171.4057536958806
171.83432066855403
172.4111501358122
173.06870765524582
173.8315499817762
174.77876361660896
175.9161286694515
177.16724742240552
178.38797343036615
179.4283913497714
180.213834656761
180.74782445093246
181.04993384615128
181.1161778816346
180.95325986965148
180.6302358989788
180.1919985378426
179.6539631572746
179.04479030114496
178.40997460795765
177.80915312055652
177.27781971407657
176.83933747984534
176.52095342204535
176.34985773017206
176.32222061524536
176.37835507334688
176.42315591257636
176.38357984170185
176.27216959080113
176.17652145666597
176.10765198528713
175.99979852816418
175.848968541618
175.7278193588735
175.7078779962166
175.7204737546492
175.55050651135528
175.10708366123592
174.51805505634448
173.9728743410252
173.56950948008654
173.24212110511087
172.8176568662924
172.23426110874942
171.52120340374452
170.5601367104869
169.01185841042962
166.42568491971846
162.68976029147467
158.84447134357399