216.5918552242984
216.224264152587
216.59114592854792
217.723440858127
219.4685637971896
221.62539920643715
223.9273027788946
226.24573651996167
228.55190902644867
230.81863195802202
233.07395983469797
235.29592045631958
237.37258986368892
239.1856097366039
240.58648438595955
241.47173703691723
241.88372106369968
241.88977222402198
241.56812395987814
241.03728922044007
240.46535585459378
239.9485917483228
239.50436797720945
239.1388282790076
238.83314307945838
238.4799431994077
237.95870961198563
237.24137120537597
236.34310979044386
235.29997387429017
234.13604655828007
232.8892394750247
231.61116179686485
230.38130676078836
229.3109323042022
228.42353918712755
227.65695156586213
226.90730811993893
226.10800950338074
225.25538032022848
224.38050307369224
223.5635014616619
222.89321971032254
222.43692000721651
222.2079799572232
222.12964814819242
222.10965408497543
222.07625578966704
221.9552601000191
221.72017174052843
221.4093311924875
221.16280977957797
221.10325658707364
221.27951359390798
221.6603208394924
222.15212688962853
222.6393025175285
223.04863008857797
223.3561509065555
223.55247830048316
223.66696919283237
223.74851744438917
223.8123036866576
223.88045567184076
223.9491424155208
224.018191117599
224.07382911633243
224.08062560999323
224.04119182559126
223.9835022187537
223.9718274957662
224.01178779347555
224.05835652027952
224.06407842998064
224.03856956497975
224.03651484990752
224.02068712526545
223.9358584927016
223.7851873381975
223.60575851713764
223.4403857130091
223.25278714977338
223.012040848579
222.7255820082602
222.47812357335036
222.35123528174245
222.3360070135856
222.40306673433807
222.48112237554912
222.49914022867114
222.45643175336622
222.4136724982276
222.39314599962364
222.3355471503046
222.19423221558125
221.99854966724345
221.8303893792657
221.71963155761762
221.68580140863315
221.77872851728296
221.97461564157587
222.1812443914148
222.29936935147123
222.2906609976556
222.21872222673454
222.2070347563461
222.31841152439904
222.5443761480822
222.85772476556878
223.18404413759976
223.43743857083743
223.55637095489288
223.50288892440003
223.35769100711707
223.27241003975803
223.33101989311731
223.5070556484715
223.68326779209409
223.74099098011408
223.70743320580766
223.70750572039344
223.86369914968748
224.19438845898222
224.6323331427906
225.0881840018405
225.45676559487595
225.66640008152166
225.6527574908252
225.38354565238274
224.9439218924075
224.463901976266
224.01235757724723
223.6131624480318
223.2932618648673
223.0969437484251
223.09231639168638
223.26713295914575
223.56198205282786
223.85607939746396
224.0228230501578
224.0045106057699
223.81310203783988
223.4906345634324
223.06440126707474
222.5921235577943
222.1574519711289
221.84067815847018
221.68989199894435
221.7306623175921
221.91717192417252
222.14715208791216
222.33084388015493
222.4711469443222
222.61392425474142
222.76216407464693
222.8786638169119
222.95260401005413
223.0384618587968
223.13474915162377
223.17068701591776
223.07382754403528
222.78934496605675
222.31078513452928
221.69880527894702
221.05957910305392
220.49836042310545
220.02756862332893
219.58545269257638
219.05052681795394
218.27591085984147
217.19124239634357
215.81443360464635
214.19948806836626
212.41617375771267
210.52359633080064
208.50100419630544
206.20734987098456
203.43488300679024
199.96316527031647
195.67625014350355
190.79360207161739
185.9332781081725
181.75508493631807
178.4715277215996
175.9241496598101
173.87373058341848
171.91056299632478
169.41256426268276
165.94040902916905
161.6580985636578
157.32340792142398
153.84168009891434
151.42557164403365
149.78659417818668
148.55936091118468
147.51069871041236
146.55951318426784
145.67273909668216
144.9949354202452
144.71527163054043
144.87255107957958
145.28191875493349
145.9375642729487
146.76936299872494
147.63016125864044
148.51076696782147
149.45887203878485
150.4724007657965
151.4774675235863
152.42051624196088
153.30712648948426
154.15505596400396
154.97075102292607
155.7458348376478
156.4654172026173
157.12295761847224
157.71853814610367
158.25495141961633
158.7653023784864
159.27145628763964
159.72358540908817
160.01740024529872
160.08712043049394
159.96033390332747
159.7216967581138
159.46501592179877
159.28166466980903
159.2472853732912
159.37062949881818
159.56226709619608
159.7008937473093
159.74073837185674
159.6910947858069
159.58498351634893
159.5107155583686
159.58845854346674
159.8816391286015
160.30953598761508
160.7348185557405
161.06352450246897
161.2328941864077
161.20304068075544
161.06127700458273
160.98022309326296
161.09772913645673
161.45056502237603
161.9467039295394
162.46175135579188
162.8933029351922
163.2047373145357
163.42051561873387
163.58476032427586
163.77028082028647
164.01654860459263
164.3167664790529
164.66903713770185
165.0727405164423
165.54792697323995
166.073034228214
166.48295592558875
166.75827980356928
166.89810188831265
166.8198302933305
166.61766249739384
166.44918783625513
166.38807031526864
166.380107901893
166.4069730640759
166.49542149553196
166.5833584693953
166.56616996517332
166.40737298643418
166.17613095072838
165.9608243002864
165.79359146327215
165.64325438822482
165.46932473830458
165.27881130770618
165.11776772778794
164.99616261558987
164.92243679499143
164.89335723285728
164.8417046320932
164.78956815994675
164.81773103631326
164.97638341384652
165.24729167870453
165.59736780904998
166.0279203173321
166.51516639590932
167.01943093169737
167.52360844796686
168.02786230591096
168.54480499970842
169.0636310603982
169.5687708634976
170.04305929586803
170.51432384710247
170.95653635940076
171.30161307975288
171.6251024437116
172.0343685885889
172.5996817367842
173.17635438766888
173.59898131178048
174.01229050128615
174.54503437856914
175.12963634441815
175.6483705492836
175.98278738014346
176.11298757897495
176.1602591679394
176.1263232597558
175.98085544008595
175.6605410477918
175.09879666752244
174.2624953353712
173.01281024763855
171.1574867354188
168.82921002243256
166.51556649202126
164.5090208093483
162.76163662869925
161.0985540027737
159.41348115649356
157.59923461078608
155.51129448579815
152.9753398564389
149.73190350688333
145.73418061287464
141.40111914241317
137.46401774825938
134.36740016366736
131.8720434398748
129.45209977129258
126.8413734034857
123.74539909595912
120.08670120284724
116.37182401320189
113.56858928036536
112.50052117101104
113.89673646628462
117.79577673394259
123.44621306555105
129.43490344588912
133.72580211453794
132.77375821647718
124.88904484600121
112.92980223679066
103.11349954600486
99.3609612993516
100.1811452503776
103.12334111505746
106.5125010068051
109.16654964731829
112.27659312420423
118.74218510987505
131.06445564568486
148.35428543391097
0.0
0.0
0.0
0.0
0.0
0.0
0.0
0.0
0.0
0.0
0.0
0.0
0.0
0.0
0.0
0.0
0.0
0.0
0.0
0.0
0.0
0.0
0.0
0.0
0.0
0.0
0.0
0.0
0.0
0.0
0.0
0.0
0.0
0.0
0.0
0.0
0.0
0.0
0.0
0.0
0.0
0.0