314.8028008845273
318.34920315712367
321.72780789674374
324.09141880942656
325.6556759279768
326.93080678409774
328.25450313124276
329.6906071278471
331.1196322743404
332.33880801085235
333.2160434108155
333.7788321415752
334.1955770578637
334.59205296163066
334.97462874614763
335.3228447136282
335.6958466658338
336.17262183268775
336.7731631688897
337.46724660516685
338.23483924757187
339.0946423200626
340.0664255773867
341.100944052538
342.1151722551776
343.0477490217049
343.91504328457654
344.8138277624406
345.8240987178742
346.91156145711915
347.9218936280666
348.67485989855913
349.11544590699174
349.36530420458223
349.6347679810144
350.0504187883971
350.5966797067788
351.2072660409109
351.86867212914683
352.5266583242136
353.0511335390099
353.43152095363064
353.7612240369503
354.00090440528635
354.1116655740506
354.16170373625164
354.14799083333594
354.06776999912086
353.96498435290005
353.89386873370796
353.8284703707108
353.71746221021834
353.5054058136975
353.05764047968296
352.36632491874343
351.5555997539466
350.730290607515
349.97330374375156
349.3865963778041
349.0845598129042
349.0816927571756
349.25583661226597
349.43941780419254
349.4691432996956
349.237417619304
348.7863639922103
348.37011855596234
348.2671265461578
348.5932295209001
349.18196450821216
349.7504776177151
350.1178794717114
350.2022729807632
350.01974398504575
349.66580715774967
349.2940886859767
348.98688230930236
348.7363593098498
348.5101521486541
348.30916837739244
348.15965260068884
348.04855704312735
347.9262752568925
347.79472867606785
347.6748972685564
347.51921327799
347.25238766873997
346.9148924965976
346.65778549617625
346.53539414466456
346.5181549483489
346.58924106515474
346.70613292500957
346.8236214830016
346.87873256070765
346.7852174566847
346.6252285917982
346.5941361489649
346.807635907978
347.21642160286376
347.64440513218426
347.9088423129192
347.9491844279287
347.8517655703712
347.6985045173808
347.4623765046171
347.1196370604153
346.80299070680906
346.6657969557509
346.6297138025058
346.5404524974191
346.27964622297475
345.83539832006454
345.37346926603965
345.06525416861905
344.99056552326795
345.1398601460942
345.47562564931025
345.9432158662227
346.4017413340912
346.6961545297124
346.7156944147419
346.38323199145344
345.76293954082473
345.065560539172
344.53386585615806
344.36971295865294
344.6331354984921
345.19547484600037
345.85363468589446
346.4200061733701
346.8131297670992
346.98819873708953
346.9824457676352
346.9475350474632
347.0640929804406
347.3629287143117
347.7702803763111
348.25849233176154
348.82754356136735
349.33002433078525
349.44964940638823
348.8197241707139
347.11846413265533
344.2640567709653
340.4135329324636
335.83281523192386
330.7510572949235
325.2966083658347
319.60261442374645
313.8302627317879
307.9577106629218
301.65822944499706
294.6745992046259
287.0008530070591
278.8617201661923
270.4478120401716
261.635643022814
252.37809868219958
242.49411565107337
231.34934859459688
218.63944460393748
204.52843559688773
189.59496468222108
174.53673691956652
160.49192809717186
148.5496750034166
138.61866915787692
130.71393127557548
125.35727856828434
122.32319101771209
120.9731741252746
120.26240014056452
119.72852450149168
119.70595140812128
120.4675281467145
121.57340006779123
122.82105210273443
124.12921529500002
125.17013921981467
125.32618961683994
124.05979432752665
121.24864044370949
117.31245821916802
113.75949523390116
111.97331734090076
111.99124100471894
113.23042727142104
115.00076165118814
116.7247925980782
118.17808475149063
119.42059134393135
120.54434014799457
121.64447610478325
122.84892888810933
124.25565503713648
125.9153839605458
127.84959767040212
130.01806190901962
132.28899913541753
134.4834331746049
136.4718713241861
138.26852713381788
139.96115228759945
141.60444283818273
143.17385242379217
144.60811191029188
145.94666832709663
147.2752727930626
148.6874742319782
150.3121540927354
152.09913827957746
153.88397096948233
155.53662308562969
156.93121785110398
158.06464418373326
159.06460987624664
160.11689767470529
161.36705553373383
162.75021587853925
163.9862203704098
164.83061778581435
165.22715322393907
165.18073408906918
164.8182706492798
164.34225350493693
164.00730269656256
164.10904226057755
164.71149573500287
165.52193604240318
166.2881373241276
166.9741609870721
167.59944487962053
168.06314583879575
168.31491036202183
168.53917363163012
168.92301374297745
169.47929603125658
170.10395630218113
170.7779739280803
171.50962055658462
172.1330611454603
172.43518422019235
172.37394674086107
171.9782421436601
171.2806712505948
170.39488573533282
169.5050854226673
168.81035477143126
168.42241549461988
168.3113398717972
168.29453191651803
168.18944410579195
167.9112572753346
167.4490047559913
166.83852807817212
166.1644499709988
165.49158671264144
164.841440131735
164.25078017604443
163.7431567342063
163.26122652709387
162.82474236188108
162.58421694709142
162.66101410256599
163.05353677054617
163.6815780077382
164.3438411153116
164.82112590447196
165.10223748912549
165.2836672217506
165.37005683772813
165.4166703305976
165.52314741343136
165.76797552191013
166.16174900065533
166.6610478620035
167.2231487092677
167.8152964652238
168.4572197180184
169.0278364717058
169.3644684836304
169.51590003251277
169.6860757774415
170.00552192196722
170.43926168943926
170.95763903085538
171.48882043209457
171.88257966985583
172.0194296215052
171.85005634148905
171.4696141351751
171.08909484702713
170.8485597686797
170.76662591803796
170.75915858488247
170.80326881982586
170.99395255777202
171.36192087590368
171.90555385467906
172.55497925731126
173.10699403531484
173.39335761161456
173.36794921483798
173.05433874854035
172.52798305709038
171.88962997228407
171.24183168477498
170.576957311716
170.0089269598958
169.69894534216718
169.61353427195056
169.62427124457707
169.58889301233603
169.55061505245845
169.6057457911265
169.78425455239991
170.07245315376807
170.4622761587512
170.92349758860087
171.38349369819784
171.78940041619097
172.07407929735058
172.24257398331767
172.37087125358633
172.47362806827405
172.5207736889598
172.41294003600274
172.1226742572422
171.77715219205254
171.5340544343497
171.3351894191711
170.85001233916657
169.88114892118531
168.342483865475
166.11523904392803
163.21509558588116
159.7391860623005
155.78877363851717
151.46516593015812
146.96513798774356
142.6712008032434
139.1765532281962
136.85820479133346
135.32655351517656
133.6890366451955
131.62201748756112
129.29599325459463
126.82423779556379
124.00870445796588
120.33894815580462
116.02170222163959
113.24299381305913
114.00244998758876
118.96408422313482
128.61127414398595
141.50677815959807
153.95177482645005
164.25430449782567
0.0
0.0
0.0
0.0
0.0
0.0
0.0
0.0
0.0
0.0
0.0
0.0
0.0
0.0
0.0
0.0
0.0
0.0
0.0
0.0
0.0
0.0
0.0
0.0
0.0
0.0
0.0
0.0
0.0
0.0
0.0
0.0
0.0
0.0
0.0
0.0
0.0
0.0
0.0
0.0
0.0
0.0