218.37693463544113
220.5034506280394
222.5389872142088
224.07827944427143
225.21736853906265
226.09459995059586
226.79922445117506
227.44595328115673
228.09515405044627
228.70001162998767
229.19389354828368
229.5759631378501
229.81942468470186
229.78948060938865
229.32398184477728
228.4925213404755
227.6739059983877
227.14433406098624
226.88843479070295
226.8812058776182
226.93304549674752
226.89358239851794
226.7490457077156
226.52386983263546
226.21922747311677
225.82800702604646
225.3633992884256
224.85160141611547
224.34026268261783
223.89277443929035
223.53974717513225
223.27456719412152
223.1239096318629
223.0829558340325
223.06268705326156
222.9973620181857
222.84908190526355
222.6120560240275
222.3447927991451
222.11589838267938
222.00280311870407
222.0212932958798
222.18580822423252
222.47053034542736
222.80601061852943
223.19442529281807
223.66716078192633
224.1855426610617
224.7122792189458
225.20961514868088
225.66600558287104
226.01845386808984
226.2972789337428
226.552485757699
226.7843094607559
227.00248887485662
227.1746680556647
227.29693596038032
227.38436767372417
227.49153522722418
227.6719445068994
227.90513362556518
228.19370487233343
228.49638102250756
228.69421309943397
228.69797580106695
228.54460062845726
228.36567032918083
228.24804522511036
228.1536693357015
228.00942662548837
227.82657901692195
227.6482352176544
227.53409250752162
227.55145341181807
227.66651537971137
227.7973109831164
227.88886659624464
227.90582433511622
227.8211881348551
227.67676854595237
227.5397347050536
227.48800247854174
227.5948565507878
227.82969379933007
228.0577270199499
228.15445491287136
228.08294523917115
227.85423093592487
227.52942842967042
227.22883824712176
227.04401390624975
227.01649618028554
227.05922735225712
227.07076018811512
227.0325732187713
226.93693803911947
226.8458475367156
226.75084013211858
226.65243404024437
226.6238443778914
226.66117844527167
226.67409431586177
226.57344520331517
226.3072341162869
225.87327056942382
225.3027413164851
224.67891547641312
224.124185109731
223.72886345504233
223.48906627232302
223.33841780450473
223.1961616844034
223.01797888298353
222.86803013398344
222.83731395031882
222.97613525094044
223.19741229797563
223.32693309328744
223.22900162528424
222.87136665191642
222.272787678847
221.50815081785527
220.66201173716195
219.8300615111777
219.02787299113328
218.28807501351386
217.71184172140542
217.33489836202313
217.14936400115275
217.15454107264515
217.41135506403623
217.9220167072189
218.61054524640008
219.36581275710785
220.0948952172343
220.70163356520519
221.15435430150177
221.48000104695845
221.76759235430814
222.08289942202285
222.3417036165835
222.46572218136177
222.41185254324836
222.1928735841646
221.8589414484501
221.4496675060423
220.98194695700076
220.34811581236872
219.46315459887984
218.33021948656307
217.00048538337546
215.5383476270769
213.98905599240345
212.40550322889624
210.70242686109003
208.67063143443016
206.11080462314615
202.95270831340736
199.22668157594464
195.14209802696232
190.96966433798423
186.96943823369102
183.15455171642338
179.49511486102912
175.78565941442022
171.84377208793825
167.83860072226088
164.0796101186673
160.6096178502455
157.19212428596995
153.68178399760967
150.21096369736046
146.9726019742148
144.00473345301583
141.21988203225266
138.5316068024706
135.99289976264498
133.84168114378502
132.3241733112355
131.51025713106498
131.25010378823578
131.28423399504672
131.39632577281733
131.43980760783475
131.35858671760533
131.21811414161957
131.3536937800758
131.9925267243625
133.12539243453418
134.45939423077164
135.71426584433078
136.84285202549896
137.85606825769992
138.70179253880568
139.35718980979962
139.93606885305445
140.5886062895786
141.4749900269881
142.7608581777163
144.47715038217052
146.47677166489257
148.4217297155624
149.9266734327283
150.85821383360053
151.34525673837598
151.55066873852118
151.5908152602688
151.63855527461766
151.86429324696002
152.30344643787743
152.8367874896582
153.29507858617816
153.63772843174166
153.9459798339626
154.29321160721526
154.65620540893303
154.92402537816014
155.06050195048786
155.2157761764539
155.57534168981317
156.06253085050935
156.5406508028383
157.02166388692945
157.56637276003184
158.27366246789035
159.1484773233685
160.0071176031912
160.6487889683169
160.99976035768728
161.05427566924263
161.00814928186657
161.18670607715157
161.79265250527223
162.861144981397
164.2565120996427
165.85979890024976
167.60249584636708
169.382989171118
171.09196663107832
172.5623466733727
173.59575931967942
174.11591466602994
174.1720419020047
173.93912687307557
173.64302923095917
173.45634471022242
173.4235129215928
173.4801566503147
173.51279977938086
173.38057975216438
173.04961135258634
172.56700342114794
171.92646163455424
171.16499166243028
170.45093094409017
169.92139369440468
169.52263249326157
169.13951809509194
168.7711606558574
168.47118464992587
168.259372073722
168.14863397217397
168.17410366247762
168.34943783174333
168.61527999448623
168.88026899994324
169.11809024747018
169.3394015552512
169.52499130862986
169.62511285194736
169.70067812197803
169.9269088137602
170.4379066999656
171.22122807657502
172.1769984136622
173.17949597772306
174.1018857221589
174.84603288797754
175.39821959792704
175.78881578811064
176.08184383780196
176.3926743639895
176.76233937821718
177.11033172999035
177.31285732966023
177.2949579397557
177.10188362069513
176.81161716188564
176.42892967092524
175.95247253019994
175.38078239583683
174.70207184280542
173.95001980260167
173.20970785376156
172.63655929798
172.37263579466955
172.5031667100729
173.02135566196029
173.7641449375891
174.5830630943969
175.37280591954666
176.06361103636007
176.64894860969304
177.14750196342595
177.52546688291324
177.6914119092101
177.64351113923735
177.53249761241526
177.49113527893368
177.59092368548488
177.85042271637087
178.2289265567017
178.64469474009329
179.01545129872886
179.2543540528162
179.30773341676195
179.15888815432842
178.79238657182196
178.2317266558238
177.4427671920811
176.29492767291782
174.7316884443218
172.97386544085913
171.49026624365683
170.5159982536587
169.6713171575878
168.57714412448496
167.13786999886287
165.2724347075659
162.93708915686122
160.1887561388587
157.02136750416147
153.5093531012365
149.9092784539734
146.492262904652
143.28711327983663
140.21475929639183
137.33672099815726
134.62283738484746
132.0133233521503
129.62281581314332
127.72951847951579
126.2082444962303
124.62111623419112
122.7094760376996
120.70774810518932
119.47681361690393
119.5616039274344
120.59730316427127
121.80058576989933
122.7329606583878
123.71004613249771
125.12461358240219
127.63957022095107
132.62509682687843
141.86596522413316
155.35423153940803
167.5053183917916
170.70517204993695
168.27918575755464
169.66966895778404
178.08324420410617
0.0
0.0
0.0
0.0
0.0
0.0
0.0
0.0
0.0
0.0
0.0
0.0
0.0
0.0
0.0
0.0
0.0
0.0
0.0
0.0
0.0
0.0
0.0
0.0
0.0
0.0
0.0
0.0
0.0
0.0
0.0
0.0
0.0
0.0
0.0
0.0
0.0
0.0