245.1180152173868
247.89423462233532
250.2064711996343
251.61985688978143
252.4561912042909
253.18187725934933
254.1448810788243
255.47013907398627
257.0215752056007
258.4976533803197
259.7051288183678
260.6112143513517
261.3432261194216
262.06976809075
262.8320129108886
263.57688970723854
264.2233596336267
264.69338949258463
264.89935457723
264.8134810200201
264.5157655682975
264.11529938442425
263.7413543392307
263.5158483679304
263.51496376077955
263.62789462807575
263.59262141139214
263.2395595974625
262.5298082299321
261.5070734660806
260.30445430007455
259.13055494870576
258.1678602403694
257.49959927841564
257.12338811835485
256.9394678184547
256.7992278509905
256.67390681463155
256.58918390565367
256.5371916093652
256.47624842062487
256.403344952415
256.3058386561329
256.2528381910665
256.3319090052087
256.60171226921136
257.06288011742686
257.72388729205795
258.5953737840594
259.5520422144799
260.44769514406346
261.2447691280844
261.89744303699854
262.38352467917576
262.6830083069736
262.8065329120727
262.780495361614
262.6252398705456
262.4213887503047
262.25353681831007
262.19013090459964
262.2166684988561
262.25430110761056
262.23202890695154
262.19663005297207
262.18381980666726
262.1477135879119
261.9971129374862
261.7168547319912
261.3613016075435
260.99397495642484
260.6706232891671
260.3661134888059
260.0683791767086
259.88764502466904
259.9020798410175
260.1461720873137
260.55176997535995
260.96708089548105
261.2656996764339
261.380751439032
261.3660416630677
261.3277674204708
261.35902630755356
261.51677015624807
261.82768337515
262.2428027865072
262.69445658913776
263.0870820928303
263.3200397533798
263.3731288429937
263.3228302181792
263.28171917436293
263.3335569788373
263.4850670981011
263.6902951424891
263.8248497200957
263.7811775787898
263.5639044424753
263.2631702178521
262.9850367903836
262.7935259627647
262.6463535620617
262.49318951458474
262.2982049238155
262.0026632821449
261.6460331791534
261.30370267898843
261.0700944065775
261.02100965476154
261.14347443478965
261.29686648728966
261.34557209561115
261.24026448761776
261.039350360905
260.82322900233834
260.6214212672845
260.46239560856105
260.37705319990835
260.36801249280853
260.4299327205311
260.5656483222625
260.78572965682025
261.11417379602034
261.5163135470884
261.9576122212793
262.39116348042285
262.82735668821135
263.22985666488535
263.53640365588507
263.69510874588906
263.7230380962975
263.7196643142244
263.79182004780137
263.9964032479601
264.2640562754028
264.49412960895046
264.5900178579799
264.48816030097987
264.16114178778344
263.53431773833796
262.52559136419814
261.1346354267013
259.41994297048564
257.4613708143781
255.2854477590189
252.7826252497643
249.8473266608921
246.53221844477008
242.92919118681363
239.08886913813657
234.9604161167448
230.37223507244528
225.1320627759039
218.9623575045477
211.59881360165005
202.98480897838093
193.48416658422673
184.11547951824818
175.8407132086701
168.64062706208702
161.75050907238142
154.77223581035233
148.1261289738631
142.37609711397602
137.53795206341323
133.40535931162032
129.69488302306974
126.08911202704047
122.64420802536061
119.70737288860087
117.54202049931334
116.14098662730792
115.32105527697657
114.88924440424319
114.75125085249155
114.86548175727455
115.15757735585727
115.56956342572454
116.09678325577671
116.79418832498172
117.6815439205809
118.74731535325336
119.99371945708981
121.38070038490858
122.89977135896821
124.5745314462613
126.38194416590429
128.29631867927873
130.2586615686517
132.18594515529358
133.9862929437053
135.61139061931917
137.10692147344548
138.56569501116522
140.0677156543407
141.67881953650146
143.455829807076
145.3638688915072
147.2211786814762
148.87702074038057
150.28870903084328
151.4923250908743
152.61768271932903
153.85495805124117
155.3302388969464
157.02817024024927
158.86889975749722
160.75734595919363
162.57280566346907
164.1971590698982
165.52681012509652
166.47179494415306
167.07388800523745
167.45747551684838
167.68681500491317
167.8122997761646
167.91201186047593
168.06994253868655
168.33091753477976
168.67660479186912
169.0353370362644
169.35595096708033
169.65651066816457
169.9355528427664
170.08736776523943
169.97521910705316
169.56235139585735
168.8762073350776
167.9862564986616
167.05053908125836
166.2659962966376
165.73260761190812
165.45551664679303
165.40458568776654
165.5063637778864
165.64056782892814
165.74787330220772
165.86791186980082
166.12074420153334
166.5814568477581
167.19886819720097
167.84486803014235
168.4591810188208
169.05677433876738
169.63900537566906
170.1464335811494
170.53977626960864
170.87729370455415
171.22379962450339
171.5896070968736
171.9386048554602
172.19148914274336
172.272326973465
172.19294670733876
172.0567368887029
171.9262996686467
171.83563415880462
171.7926171062499
171.73651956448444
171.5847998612243
171.3104523530002
170.9601008128862
170.61085718520638
170.30860003479336
170.11609275729825
170.0991207809555
170.24514094373907
170.51941556167188
170.9334878811657
171.49283147053893
172.13561418572027
172.7240396011818
173.11000085696156
173.25649214802675
173.17954689442684
172.87277580746098
172.39761097749695
171.8887646625775
171.47260940400494
171.23162540695014
171.1768333916346
171.26095783443347
171.41420564815928
171.57789637556954
171.7291209737151
171.885833540993
172.08306678311513
172.35443320416803
172.69219733544367
173.026978701024
173.2771592700554
173.3894026307968
173.4088422378385
173.46794210271258
173.638073047219
173.89839402876683
174.1877418610227
174.4071509064002
174.5148343506447
174.53884872147881
174.5473998473112
174.64861816854506
174.8726106594069
175.18469447351896
175.57074893382764
176.0445225551191
176.579889860118
177.06367323049307
177.41462378140994
177.5538647632764
177.37866190356175
176.8321841265252
175.94633278031472
174.7983337547684
173.53693629443492
172.2700495601196
170.95649897938114
169.59712386297034
168.19118503400844
166.56786376983507
164.65853782566361
162.7641497144278
161.08890064446123
159.5688927126947
157.99571697235103
156.38125710601867
154.73994909368838
152.91648066243454
150.78946937516457
148.6149197977776
146.8732027105011
145.73835640515722
144.91017707937573
144.05216577508753
142.75872249759684
140.90621447707125
139.07863547869215
137.85159454400807
137.31834767475925
137.18842428966968
137.4127261685779
138.16488045444925
139.64992428454718
142.1836149154981
145.5306027825591
148.18370098847782
147.64247339592754
144.3640150927398
142.7698006126503
145.59175324828487
151.28497765773906
157.15184190444492
0.0
0.0
0.0
0.0
0.0
0.0
0.0
0.0
0.0
0.0
0.0
0.0
0.0
0.0
0.0
0.0
0.0
0.0
0.0
0.0
0.0
0.0
0.0
0.0
0.0
0.0
0.0
0.0
0.0
0.0
0.0
0.0
0.0
0.0
0.0
0.0
0.0
0.0
0.0
0.0
0.0
0.0
0.0
0.0
0.0
0.0
0.0
0.0