287.4210910647377
288.09092476903584
289.92067937255854
292.90041326731097
296.2667777334739
299.519551045454
302.3916036874494
304.97821093110184
307.67593919588944
310.542475527122
313.1544183758046
315.16584765015733
316.6129844391861
317.7464583561124
318.8193238221869
320.01452239906905
321.3533076578313
322.7038688834466
323.84143331250243
324.5637982209727
324.8436885344598
324.8359494190877
324.76320758786676
324.7776889464126
324.8913839084355
325.00055095033537
325.02838942725407
325.0053605452801
325.02497931307755
325.1846456099781
325.5346686446017
326.071299467503
326.72318634144955
327.43845546220746
328.1996434039071
328.9232942663626
329.51033217795504
329.9470770804221
330.28604741774006
330.60651242418606
331.0382938624168
331.679851363578
332.495107984808
333.3381884322513
334.07991660572384
334.6898663238338
335.2032368131653
335.6481717539353
336.0308223827905
336.3495783465461
336.6655795240236
337.13669773245834
337.80444367364254
338.4874254839454
338.9785001205827
339.1508191846593
339.0377421800663
338.7906721742156
338.6076049756761
338.6712832294337
339.08454828855486
339.7474180574391
340.4697460620186
341.10486311479144
341.54823539101596
341.7607584707777
341.8251699207027
341.94327585151575
342.26187872223744
342.720406505686
343.16137354741835
343.43441755262774
343.4501317932625
343.24406521337926
342.99698827493455
342.93471669062933
343.18168182699037
343.67483399829945
344.20916129872967
344.56594475445445
344.64127329203205
344.50047002184135
344.3125060653373
344.1703066181802
344.04664994525194
343.8425829632539
343.4887797671793
342.98152626590587
342.3909489724652
341.86509787889275
341.5913800081866
341.7279506816933
342.3085020349552
343.149660899403
343.9174480852214
344.40681264258916
344.6049741889506
344.60748731678234
344.54809577978034
344.49559655767376
344.4587305329901
344.4165735366886
344.37819909060397
344.41465719346945
344.56794773101325
344.81183467110037
345.08563647421886
345.2312697274797
345.0945316859174
344.6488295174773
344.114370006306
343.73745805952694
343.7203323575941
344.1059154641506
344.75427275550425
345.5036728882963
346.20066240846415
346.7311749120533
347.05888348750864
347.2496846729716
347.32424314434684
347.27642867856844
347.22380111801186
347.3527224929608
347.6411011497601
347.9917443690474
348.28267339919375
348.3732541848507
348.19155777082324
347.8029515826805
347.3155367862523
346.85530664473424
346.4305566267266
345.9216339586833
345.2704289695568
344.4261625010678
343.3639346153135
342.0373783244054
340.370682746224
338.2879352620237
335.6631698956155
332.347948844425
328.24432782492863
323.2592660153019
317.1671569047116
309.6341539062844
300.36829383534854
289.27091503327495
276.54281363819035
262.6909646123658
248.20341766298475
233.42677581974579
218.89927310552414
204.80651000469672
190.90216545351575
177.36700661573298
165.4375452683514
155.86404185367363
147.7665306741407
139.87508326983598
132.09419754288245
125.27053474596161
119.41652656346024
113.98165903263306
108.8964205406325
104.75428217895805
102.84242854469193
105.64176705390786
116.94161353579852
138.3788327291415
161.02726840441983
173.14364052307053
173.14757374308715
163.41478677261966
147.99488908547858
135.4281020372969
128.59951042578825
124.80001129561911
121.9610258154971
119.5416076463707
117.78531489350904
116.77472654019117
116.52176875432292
117.33028025431155
119.0748300262018
121.11448984720258
123.03389786730138
124.80039743380603
126.57416063802182
128.4732415830198
130.42228941515828
132.30497075005172
134.10621230239855
135.88155326501212
137.59304626339082
139.1274589318828
140.43415579115904
141.58231974633648
142.74174883812464
144.07377363995647
145.57853072050864
147.16292723703535
148.70897421773353
150.10193050916905
151.34988610842598
152.4878517540424
153.43281937247022
154.12681229316195
154.70491541371857
155.3585012876272
156.13583186197317
157.00334548988567
157.8892785780239
158.6993829515163
159.42144212861194
160.14375743353295
160.8375270368656
161.4015394604608
161.86381173973427
162.38666417814756
163.06027607326283
163.76926406617366
164.49267977363988
165.29331554667522
166.05839300601016
166.56076694681877
166.7778375249782
166.8093113167136
166.82543304912917
166.97095352920547
167.18838782154697
167.25306741169328
167.07633767304768
166.8558987615072
166.79388784392165
167.00421965575035
167.4662369193816
168.06378160506685
168.68493592497475
169.20510677357376
169.5735125844084
169.8302401088067
170.01071068806334
170.04498778664964
169.9075776413357
169.7031721279743
169.56066474328065
169.502705149947
169.45942559474267
169.30794711198303
168.94970893212937
168.48890595189658
168.19874911955202
168.25657022479703
168.61878283678143
169.19177331703025
169.8195765142293
170.4230599662298
171.02907699680978
171.53049750705452
171.75137767396865
171.6181459599948
171.21299815925755
170.74648861842863
170.4488080414891
170.4672270404065
170.81607318087754
171.41576532724235
172.15570015092013
172.95608131999415
173.7671849236336
174.50863342585947
175.1149598509403
175.58703785717103
175.92659116029
176.11634161814862
176.1516833965288
176.0391075512773
175.83253652279166
175.60751947232313
175.36255046720422
175.043626776007
174.58747350192766
173.95953288016358
173.1672784384076
172.30158647619416
171.46621868947588
170.6402712297592
169.73401605546974
168.69030226292026
167.45411043446578
165.8597249964251
163.83631831652173
161.37429085240063
158.50541158303204
155.44215631469
152.35377324251675
149.14654864661168
145.832885597044
142.7905305339003
140.28470603383687
138.1461859912568
136.10030104923658
134.0252856982703
131.70519998634342
129.00158947263037
126.37074608235143
124.11725803167306
122.48543825179584
121.90472110708382
122.2884230655103
122.99381446993378
123.46608011071767
123.414720422291
123.43009119460226
124.3263250137553
126.02193496547642
127.60095838196531
129.61608972891062
135.46570949633897
149.22631482723182
170.65674825513258
193.12729438607965
0.0
0.0
0.0
0.0
0.0
0.0
0.0
0.0
0.0
0.0
0.0
0.0
0.0
0.0
0.0
0.0
0.0
0.0
0.0
0.0
0.0
0.0
0.0
0.0
0.0
0.0
0.0
0.0
0.0
0.0
0.0
0.0
0.0
0.0
0.0
0.0
0.0
0.0
0.0
0.0
0.0
0.0
0.0
0.0
0.0
0.0
0.0
0.0
0.0
0.0
0.0
0.0
0.0
0.0
0.0
0.0
0.0
0.0
0.0
0.0
0.0
0.0
0.0
0.0
0.0
0.0
0.0
0.0
0.0
0.0
0.0
0.0
0.0
0.0
0.0
0.0
0.0
0.0