309.8041499087166
315.91755405569813
321.49755640516787
325.59685470291436
328.64044186563615
331.0499896586372
333.0265661438981
334.7074415663317
336.1689720660393
337.383932429975
338.3784652255465
339.297970833192
340.3079285347005
341.4669750074877
342.61246733354216
343.47947030604786
343.9244374662312
343.95409620723467
343.7524056253727
343.55856086339276
343.5759597013524
343.8289916085747
344.11207312688407
344.0836968528579
343.5410931700229
342.61141797820346
341.66839432000666
341.10799823307144
341.1183502852101
341.60078873251246
342.2154365942733
342.6543852277033
342.8397036156009
342.8812645694544
342.90056442712006
342.9999168518186
343.23270878686685
343.5921917272303
343.9802388455172
344.26764428477
344.4270597914068
344.5398133434968
344.72418142010105
345.10693041615144
345.67932765300543
346.2446969259628
346.6542468556476
346.8628912005458
346.9004360501274
346.87376371420896
346.827296906685
346.7924312811701
346.8722995291975
346.9817267496609
346.9867686271008
347.03835300417893
347.28971299540586
347.6747123707007
348.10593639812157
348.4655639349953
348.61711475595473
348.4827534289816
348.02430038415326
347.33337428885795
346.5685747520882
345.80709644222406
345.17741178764874
344.8813149366835
344.9529367273268
345.26322929774153
345.5707213821064
345.6877780613919
345.58002806017276
345.4090913112258
345.2980675588104
345.3498699423304
345.50483221781667
345.6720026980991
345.7363399397
345.6560583324748
345.3099978552139
344.7796384120143
344.255523998991
343.9155942677437
343.7557923944109
343.6610833161681
343.50824776482966
343.2977057678727
343.16894512679755
343.2549573530686
343.51277354573824
343.7303818150875
343.74239030736675
343.54217710771553
343.2693440981747
343.08412621544903
343.0680466226817
343.1617895565478
343.2148673416785
343.0616398298804
342.65355648527765
342.12860572937325
341.6844855722672
341.46560164909613
341.6120181640081
342.1144493408084
342.7932454294963
343.4105581332881
343.81154940036237
343.92828102688463
343.6904445354904
343.14197306474455
342.4465956777784
341.8506765391917
341.6266426221123
341.9456215593559
342.7877871857573
343.9302740421517
345.0607233403849
345.9673275170348
346.6110655557616
346.9368979892857
346.95023921120105
346.7300262422779
346.3406689586902
345.9075815180087
345.5969466868453
345.4583781392496
345.45503460388215
345.41691873581715
345.2422022914212
344.8094967880947
344.0389907135125
342.91840171306006
341.5735249137194
340.1355802729444
338.5696955030856
336.5827719077377
333.7674717114194
329.8898339628521
324.93629526055986
318.88850900341197
311.5832385660935
302.6436182375947
291.69070117815556
278.8227621884765
264.8691539931586
250.63916098413935
236.37967484425212
222.27538770730803
208.20007291520068
193.49061587862036
177.97953801714786
163.2622535975576
150.5782911504117
139.77270306172815
130.89528839440732
123.88745956167584
118.03913564372748
112.79555357498559
107.87144836014727
103.48646933099108
99.69277780497211
96.49617395732004
94.12925392991582
93.13583139868835
93.95232395810251
96.22169077373866
98.90605130418055
101.10615847368658
103.09111736640101
105.10000901675565
106.7697710505246
107.50473402441219
107.25257050979425
106.24960723822966
105.21577276726626
104.69704489530666
104.7752042683967
105.12787149306443
105.56344235146238
106.20335005595871
107.2784128399936
108.84996922540856
110.73117668557748
112.71404744748979
114.66271300704506
116.48099696433583
118.12507418210114
119.6721314654557
121.26725910718062
123.04603266111316
125.09268670376647
127.44233013018443
130.06920562412364
132.8617992404407
135.64002647741657
138.21015165112544
140.45988952947812
142.35339340934598
143.85964299676021
145.04118091640788
146.08250496391742
147.15960553339613
148.34336354552846
149.6024028122093
150.8486265241404
151.99964885839597
153.00017234415031
153.8190057416257
154.48986859423965
155.1096324825475
155.82008540156363
156.72775759892627
157.82291322734767
159.03116017814983
160.29393419346036
161.54556636182804
162.65526685952875
163.5499944622867
164.29087942703495
164.97684119470256
165.63561773278334
166.2553804117391
166.8141692549192
167.3190143149072
167.82812379678506
168.42766842647097
169.1582534994935
169.97098943670312
170.71982508176583
171.29458084253608
171.61497094729023
171.69113530960914
171.62352659397902
171.50265363874877
171.33859732233512
171.18065535465297
171.13239385210773
171.16580751717245
171.22048690978198
171.37040254409686
171.660766812615
171.9556977026695
172.166761921009
172.12189799824637
171.79867129973158
171.3285930533143
170.78223959462684
170.2746923623514
169.643787741684
169.13352743621198
168.70806906312677
168.39347910223972
168.42531750587594
168.81898529977417
169.43503373992982
170.04704731208201
170.72870759990533
171.2733916305622
171.69221347878482
172.04954857866312
172.25260054930982
172.48552310039403
172.54319095435977
172.48113279430692
172.31550482552387
172.05048641569394
171.80031473879052
171.49688078523423
171.26272180362025
171.03243296876246
170.91262760006066
170.79779763321454
170.64920157482288
170.51723506381572
170.32121585673428
170.19577728270676
170.0906677183524
170.16180282355785
170.3901634903548
170.84495844182018
171.6598308646245
172.7828353032986
174.31928607001836
175.9714457968909
177.2701667381857
177.86513798359715
177.78814537110617
177.2315264483416
176.3545873303138
175.3548207041503
174.41159159057537
173.58712983042557
172.9305047355674
172.52872834425023
172.3345289069325
172.23505450149636
172.15229730837459
172.11164311693807
172.18628714715123
172.39394935545556
172.7544258746788
173.23753103889393
173.7846648777728
174.3141842060814
174.75240431030508
175.04383984803854
175.12436920595388
174.9603391327522
174.63584801720884
174.32296158791732
174.19689290333423
174.34587298751913
174.72666495530623
175.23543610771995
175.81555977589505
176.4622125370767
177.1791673988534
177.9413199495737
178.6664364319445
179.2254004574596
179.4829429754446
179.36588866099913
178.84890657671912
177.94936359225295
176.73208802040185
175.25560354732926
173.5830747303821
171.85087245497516
170.1057847681621
168.3409051820322
166.77762362194332
165.5607180976553
164.38972327362882
162.95552023512667
161.01185949120125
158.31491309477175
154.82614826019645
150.76325054314708
146.6298480305725
143.20294662570535
141.18183276356223
140.40066164079258
139.8244725756669
138.52535808957953
136.87597970773484
135.93345111190888
136.6883045879528
139.28148974823716
142.54961185588337
144.2003479032326
142.9929901880455
140.82336334057425
139.90729710594658
139.2749677180326
135.16362168549696
126.9074643769018
0.0
0.0
0.0
0.0
0.0
0.0
0.0
0.0
0.0
0.0
0.0
0.0
0.0
0.0
0.0
0.0
0.0
0.0
0.0
0.0
0.0
0.0
0.0
0.0
0.0
0.0
0.0
0.0
0.0
0.0
0.0
0.0
0.0
0.0
0.0
0.0
0.0
0.0
0.0
0.0
0.0
0.0
0.0