316.16802539137126
316.7413214453207
315.23423912993366
313.6994755272214
313.7352032368964
314.90053468606453
316.2540286864087
317.3976014958288
318.34504941654745
319.2733343564304
320.294513457098
321.3880460516882
322.53399130423645
323.7252101966233
324.89606927215675
326.0855520747716
327.3167983550017
328.538639283862
329.6841659663688
330.725627048327
331.6707937680558
332.54295948580756
333.35457661322584
334.10868994684387
334.87931126374815
335.77591971096757
336.8197740823696
337.88097440859417
338.764256208751
339.43106626034296
339.9999830965413
340.56163592682884
341.1687086290432
341.82675897944483
342.54692677416296
343.3208335849505
344.0637363208901
344.6848528829386
345.13249280478277
345.40303216769263
345.51817940342073
345.52612719516463
345.5014752769132
345.5314988143005
345.6877786976171
345.96077597594916
346.3013049063482
346.711074377101
347.1703903503076
347.5871661553909
347.9621505156304
348.3396404541028
348.6456990538335
348.7302003813184
348.5294754404299
348.0755450773906
347.4366822063756
346.7135660853432
346.03773194107043
345.5828069871771
345.4552386812095
345.6178442491631
345.9416628443483
346.2830245248403
346.64142042996093
347.0122605370657
347.37713800441765
347.60224872343565
347.49476816839586
347.05045689431074
346.501557053769
346.0861582201194
345.8679930775689
345.80297256022027
345.77874479794104
345.74118432374866
345.6847621404463
345.6775064930931
345.7119521791841
345.6665178036727
345.45101925394005
345.0613625948251
344.63168284305596
344.31287670964883
344.24265555324746
344.5065993669486
345.03958599942365
345.6344695916249
346.02172129978214
346.11077840393125
345.8967932358701
345.4649991962966
344.90063442067316
344.34736651966216
343.94999961363783
343.7914990754525
343.9181869543297
344.3473167761839
345.025819436638
345.76984575204943
346.3486379119658
346.502545644043
346.1727204135336
345.4750216619278
344.59400478114753
343.7207562663376
342.9695538650123
342.4234696233958
342.12841437416785
342.1253801394084
342.37850884954617
342.81017877776884
343.31554417530464
343.72590092510563
343.96783780116954
344.0886401026779
344.1191182965355
344.0663817126468
343.8780652966508
343.46027777378663
342.8455220446988
342.30602654431215
342.1202363523768
342.34483798800727
342.8707102871769
343.51103454272095
344.0638031824551
344.42868224123254
344.6358233972728
344.8172900440843
345.11908285881157
345.60810623151144
346.23520420307733
346.93170044801315
347.56577891617417
348.09461443480734
348.578441429472
349.0124155482709
349.31285267195057
349.42942000185536
349.39613721028934
349.28173472311823
349.2121991755909
349.3449622905009
349.7325112039778
350.29172758318714
350.8717377265449
351.2809057303333
351.3489335008537
350.9915292020307
350.25404006048194
349.242100505764
347.99019107079897
346.45522657324966
344.6728298993152
342.71614323707246
340.6918880179471
338.64648176762444
336.59165879809166
334.49218189786177
332.27145371630183
329.8553190928248
327.1586930585863
324.06586803302224
320.4061319654363
315.91752787399946
310.3654582712065
303.7504116901918
296.2348918033813
287.9039516958601
279.0071085704338
270.05388811441253
261.1540809743433
252.03735336880635
242.77876386654847
233.7185993216249
224.96088373003226
216.15591503597656
206.80939776867817
197.0103954078568
187.61603268892924
179.96517011704185
174.75415473687596
170.56444834852232
165.20229800087967
158.5472521031947
151.86036302329245
146.08936609549625
141.4045636990886
137.92622247779713
135.50599386707518
133.60944626934213
131.81873316609332
129.94446965949615
128.05651279739533
126.43326069898625
125.34096443762988
124.78882065982815
124.59939604746278
124.47048068633093
124.153557553947
123.63124880721304
123.03287958328639
122.55323309304863
122.4248087352654
122.7867492130762
123.57081415467556
124.49480490348793
125.34297202653309
126.1063103281415
126.81301644081225
127.51082312382485
128.36387644660834
129.5185873033262
130.99289864054762
132.67828791356382
134.3279121100922
135.77601989734364
137.1136532626622
138.41103130386583
139.62562078597878
140.77703671706985
141.9494750176017
143.19382900375015
144.51466108545446
145.92639340828563
147.445040747044
149.0963683060964
150.9153273663896
152.88710800689523
154.94876092724854
157.08709069734772
159.36270148891714
161.70180886192395
163.9150169004154
165.81103407081338
167.24865229204357
168.21992345679197
168.8547436966167
169.27043901418705
169.47138554277694
169.43056882552042
169.25332834977533
169.19856279428328
169.48612924271018
170.20762986152502
171.31405180315159
172.65496064981548
174.0312627131472
175.289329884762
176.36524269413047
177.21437812763608
177.88161217709617
178.4351488850104
178.83257935341294
178.95446615604405
178.704555290176
178.10538320822133
177.314835003435
176.57222791274714
176.09461381014515
175.9377628285042
175.98733632675268
176.0506996286814
175.9622043267644
175.68629217361251
175.3162273684892
175.00451579402522
174.86937461546165
174.94917967721594
175.2223327241048
175.60555222783302
175.9894169438915
176.28296778741083
176.44384883643534
176.517533083539
176.57714930516886
176.66066419232592
176.7950188096382
176.9307038737888
176.93911874987927
176.70944873769997
176.17968890628754
175.3546295769649
174.3646419675333
173.4023160738569
172.62411551352943
172.17102496435436
172.12203434371486
172.4167541167555
172.8712879945224
173.30415580380273
173.6440720512062
173.92438698496636
174.19169665565704
174.48227756137118
174.77611406875184
175.00136119471307
175.12764674593976
175.16522182921048
175.1731640387371
175.2583711561737
175.5508353197004
176.062618985805
176.6492716740897
177.14108193954894
177.43376914339882
177.50641150030322
177.42804339320395
177.2674455669081
177.0343493211998
176.7295631121106
176.48780267141393
176.4487662746047
176.64346274158328
177.0712998204117
177.64497653253176
178.16356595513088
178.50131723503182
178.73839748855548
178.91517231062363
178.95346263286854
178.80475832339326
178.48188446216517
177.9977619129035
177.43180182763612
176.97970965372383
176.7249843746146
176.70215005761924
176.90330121697457
177.2393855933411
177.61995432588714
177.9857306865464
178.30139277639285
178.51718457019936
178.54886605417136
178.34265074399028
177.93725404687711
177.50992970201344
177.18303002349663
176.9185219999001
176.66860658004677
176.39031675741927
176.03725894410292
175.64783446789926
175.37614738250505
175.25596063676423
175.16343375742545
174.96725355973754
174.67832192118465
174.43031678554377
174.32307626976154
174.45651609803517
174.77631652903173
175.13681230535053
175.4236547089877
175.5873535679201
175.66472214045723
175.7269301134671
175.7831263060539
175.7662871248806
175.64379392925454
175.41777735540862
175.12548043273736
174.82122965818058
174.50413140845114
174.1743483653156
173.86948456905165
173.5968087521455
173.4230203926551
173.41267895294862
173.61123719901263
173.9570095442932
174.27210912481735
174.43329827773883
174.42565685472368
174.34484760810273
174.26857591330074
174.2121937990562
174.1182146285949
173.9197196507867
173.62135238914576
173.28576510139638
172.9923916270444
172.80554803791367
172.7767172401451
172.92272212783124
173.2244854614095
173.5829717077667
173.85560333553394
173.9690652892307
173.9103793794044
173.68475591595023
173.36232641329468
173.09522469237984
172.981701358936
172.95072524352273
172.70836600339948
171.82145238232758
170.08269292927764
168.02416503753