200.39328055647948
202.93857682976935
203.275591174024
200.89610659161366
197.14834328800833
193.6490755580176
191.88610648860492
192.584193130452
195.35168644215764
198.8780824887262
201.76820618143896
203.66611461407703
204.84570894874287
205.63299244329198
206.47110447016422
207.646544964002
209.10165587726303
210.57627231538063
211.83591357128833
212.7113230758441
213.1634223054245
213.24889183369373
213.0316730212895
212.69348395954847
212.3770977924148
212.1001423148519
211.84175497937292
211.43195791651647
210.81698316804037
210.05592189426545
209.16969880380825
208.23852817539816
207.33033049833068
206.535554291997
205.97692642872119
205.61809304142184
205.38387284782644
205.35681997218853
205.51105609327
205.6561471365904
205.63546488469757
205.35717866884815
204.80892918237527
204.0941473879694
203.3237040976149
202.69123345393865
202.4797777133484
202.66283287449036
202.94555887999906
203.3512313545904
204.08040723941352
205.20512728763697
206.6094622842396
208.15938165094678
209.72515517649265
211.29278118697823
212.87138616676248
214.37881102463064
215.73430180236582
216.92447108224508
217.95372565114104
218.7449142848961
219.37405546506645
219.9943121233564
220.68809321971713
221.4310031122711
222.1977648852078
223.04379220538982
223.8734613141695
224.48443361224182
224.81974740710427
224.9838824294078
225.03750159134339
224.93662431055662
224.6232785846742
224.16902910340588
223.6427097276933
223.0248225400319
222.3543033107028
221.65556057463644
220.97498976931104
220.36500295449042
219.79502018994265
219.2295232088714
218.716619773704
218.25619120537587
217.85095212520693
217.58643453749613
217.4175118235148
217.31378394630036
217.31114235070524
217.32985892750423
217.35116158211355
217.43525076107437
217.57593338648144
217.75124536870436
218.001478676516
218.36922471299866
218.82179527738433
219.34473844146763
219.93043069152122
220.48604166731644
221.0012402644347
221.50509128280063
221.92200616161935
222.1448403074027
222.20334371657512
222.2086369839468
222.20958339280975
222.24000589712688
222.24172202936373
222.23631310318171
222.3839206814239
222.8181111109576
223.56736359170696
224.42468360848915
225.12933003009442
225.6388821931178
225.99557294608468
226.12661578238828
225.9090757542561
225.30790534486334
224.37868734759746
223.21884463727864
222.03378657534728
221.04206208373114
220.34468501341792
219.93938883470315
219.70598034581826
219.68124614590698
219.87572030499143
220.0936883802828
220.28548478949185
220.50353994806454
220.99592519617516
221.80322860907523
222.61007087648395
223.2119918399099
223.6045358157033
223.7722974176239
223.75478722716457
223.7034170006354
223.67843325564425
223.80280939829058
224.14570172585266
224.78906933404392
225.72576116166175
226.90301644243186
228.2127497380881
229.5210481302622
230.67597973362902
231.6135063935171
232.44777124204205
233.17172515176424
233.68561992637925
233.94209789175648
234.0229123769492
233.9556792593006
233.66374535834277
233.15678768463542
232.49064765914704
231.62859393299897
230.37792622017946
228.56055568184405
226.18753577349423
223.2398758097234
219.67085263089206
215.47303321906958
210.57455888379235
204.917546877606
198.54894566376686
191.72805019925272
185.17137761761225
179.47701189995107
174.33764973545883
168.68775991188872
162.04694166394376
155.05822163617316
148.2642910099471
141.67345028276077
135.51558446759245
130.63762792143888
127.01342575039732
123.97628236626312
121.17607311618357
118.85397649507615
117.42461056606584
117.02014729973062
117.3925764431925
118.24427055965972
119.29460235194702
120.34418344750453
121.39138418722428
122.61312004061486
124.1732194612405
125.95651628136127
127.71854047094533
129.4226154324722
131.11260543539055
132.77257663782459
134.44240164474766
136.14247483035976
137.8085721707353
139.35372002733058
140.8270208089997
142.3405918703458
143.83538551552238
145.2677867485098
146.62002069455815
147.92369854551822
149.2339810451338
150.5089287500032
151.65850434665478
152.65235232117303
153.5273467456615
154.3121571802282
155.0777866723226
155.95558424848605
156.9509626969209
157.96349762516465
158.9440354185691
159.85626719126864
160.6406479028945
161.27754788121246
161.72821521571743
161.99940241523876
162.19479686807358
162.4221002032212
162.7232494245786
163.10004685409032
163.50925337581577
163.89424681495575
164.2092215258897
164.32597268279804
164.16164703436806
163.74636653623233
163.20214133045133
162.7043124063629
162.38979347473293
162.32261585211563
162.3846785764166
162.47419049638154
162.66249050583988
163.04376851209315
163.62018094680863
164.43638731990447
165.3674284142923
166.19264091986523
166.82130556663725
167.31519930329716
167.80921039070543
168.25001105467481
168.5432137184319
168.7953646209512
169.18051063994872
169.8394093621678
170.86064128394798
172.07295503657795
173.23700582472173
174.39443376654947
175.6314331611983
176.89996304681287
178.0836644082765
179.05688466903183
179.83955698451268
180.4951209853349
180.99175140316635
181.23802464243326
181.18906607166227
180.75623588774107
179.80586486580128
178.4673687240516
177.07877586577575
175.86351816831643
174.76536231838975
173.8193957724028
173.2113623882916
172.83580918909394
172.43574675685522
172.0231570203208
171.63866802006612
171.18064337010279
170.72430042256644
170.38279546678035
170.056407355217
169.7504616430207
169.61068523047652
169.57989101030148
169.5569607656501
169.36352554329
169.06640418380454
168.72311739335146
168.27657411643128
167.83418145741393
167.52905516339246
167.40511368623416
167.44410867707717
167.63566228584423
167.98189343754973
168.42805295230144
168.92493188751652
169.57932260994133
170.4456389473532
171.51376828435346
172.61701007737202
173.54642703768133
174.37765140811624
175.2826103309153
176.36309315521544
177.53332864453358
178.609810100206
179.3957317169927
179.80633820350468
179.8856005324863
179.6686271338208
179.25749420597492
178.8206123603664
178.42515485326135
178.03025343562652
177.55209349703492
176.94261543504206
176.25431754483506
175.6103981985038
175.1475274393151
174.9473389543866
174.8215241504547
174.27237647392863
172.7747239891126
169.97967911117183
165.91371703197203
161.25312813745526
157.54947234647565
157.55436906068078
163.18194287754937
171.66437898233283
175.061837306363
172.41023594248617
171.32693040082097
173.90108282536954
176.658001779611
178.08069001556663
180.94324612071043
0.0
0.0
0.0
0.0
0.0
0.0
0.0
0.0
0.0
0.0
0.0
0.0
0.0
0.0
0.0
0.0
0.0
0.0
0.0
0.0
0.0
0.0
0.0
0.0
0.0
0.0
0.0
0.0
0.0
0.0
0.0
0.0
0.0
0.0
0.0
0.0
0.0
0.0
0.0
0.0
0.0
0.0
0.0
0.0
0.0
0.0
0.0
0.0
0.0
0.0
0.0
0.0
0.0
0.0
0.0
0.0
0.0
0.0
0.0