0.0
326.5310008388475
308.2595373991421
300.9916474979358
302.05665557107955
299.750347228742
291.46987790112127
283.3973122051904
280.2281170330607
283.9064022086538
293.65256042615977
304.5642566384345
311.554950816061
311.7508288747423
306.5861218702024
301.56486996254864
299.40874728102096
300.2294824403195
303.52274516751913
308.267984725936
313.2390079488244
317.59254893497297
321.17501536056795
324.03329242637693
326.113103471263
327.51950882677477
328.46460125887216
329.26637852570263
330.1056070554754
330.95439065925234
331.7980434300389
332.7577323135625
333.8586821439162
334.938349847199
335.88049806791287
336.60400980054567
337.14726901861707
337.59048100589
337.99992021763956
338.53592027196754
339.30483478353665
340.23334509205245
341.10059874465696
341.621752949189
341.59250319050125
341.0953119326497
340.43770517835685
339.90566665321626
339.64612516934125
339.6075966878685
339.67232174205606
339.7423648625671
339.7747092281504
339.74284283695624
339.68434957220427
339.7447986954058
340.0587775447065
340.5813210335893
341.03326641608794
341.16356619398334
341.0192909105093
340.7875082740819
340.5871131555973
340.5073799743337
340.5409189171591
340.63986908995014
340.79486905076834
340.9103850797635
340.9130347602822
340.86122758547015
340.8709040631662
340.93408282502077
340.999939372372
341.04182813738737
341.0199625622197
340.8831577115248
340.70439346862884
340.63863916146295
340.8083062227443
341.2113543127673
341.7986216343707
342.45810113516166
343.02461327858316
343.35277949863087
343.3702572658491
343.165468402878
342.94430952783944
342.82265775587854
342.7644380630865
342.68461698066835
342.5618350799536
342.44188038902746
342.36327519806423
342.37972242419494
342.4319515044025
342.4662657109682
342.47001507044195
342.3951820512023
342.2186382060065
342.0159249077724
341.87322999380905
341.69825878367
341.4671688401796
341.2514070017124
341.1484379668186
341.1634112481193
341.18839784324405
341.0670748552268
340.7495951543001
340.3130849118625
339.8333060264385
339.3475709981009
338.9366852648122
338.6917266637316
338.57061246280045
338.5480175339415
338.5162422669582
338.50451505302146
338.6018871994055
339.0117098000954
339.6824380330304
340.3868322228453
340.93020430850896
341.17972235864056
341.1181933727033
340.8792536569602
340.6535309240263
340.50641458192274
340.4333112050132
340.45727967204175
340.617668706137
340.8417042220598
341.0293793783677
341.1877737858168
341.38377914550335
341.6511978661212
341.9451289262199
342.21033841465874
342.4785672912192
342.68516860619
342.58249700376007
342.10478690997127
341.4103850551236
340.8092196383957
340.55224455000337
340.69457409522823
341.19881081781665
341.87875886485176
342.45756307113214
342.82284249701416
342.93495809428805
342.86389603871964
342.75653419354063
342.6737319627665
342.6108737186246
342.4660179684597
342.06617860688357
341.31373539547565
340.22726298513516
338.88114558944585
337.3196257826008
335.5465150772616
333.48338715206864
331.0038953657498
328.01112425355205
324.2937994843313
319.60223771696315
313.7974260595514
306.9860299731374
299.2285410681318
290.1878886396212
279.5661878988355
267.8350251694125
255.80845613166576
243.28050356742423
229.96588982014975
216.07964787692507
201.90873520637976
188.05000722347668
175.90171762375797
167.01266753572776
161.09014140271307
155.85623853591315
149.3660618628446
141.79148477794266
134.3446859073691
128.1191887834565
122.85123007886907
118.02707335617795
113.51223337229567
109.45581700748048
106.33177723853348
104.1927784105344
102.31636865647639
100.27714498322449
98.40501717913322
97.27295531894134
97.114488112859
97.76418024685258
99.07945935338134
101.23831506679346
104.36609730582748
107.70872414075738
110.33640897068219
112.25222518875862
113.74621315077965
115.0289521223031
116.26299690616119
117.55746900898416
118.9909100317122
120.59855419291861
122.3396389892106
124.10372900192995
125.7534097849246
127.29367410839899
128.86219485713644
130.54054069440843
132.28815598304772
134.0062439038845
135.6653350995349
137.2863211178603
138.88314301844878
140.52432848580065
142.22370947136568
143.91773853930593
145.48231924287992
146.75221392665898
147.6436961797637
148.34023896926422
149.10657301689386
150.0369678403261
151.03584758554632
151.95854642732033
152.66695917306862
153.0645169119697
153.20476241121642
153.35447715540968
153.76145169244188
154.46288700880987
155.2942997184746
156.06194031916883
156.68957252052
157.21896878769246
157.66929052863696
158.00068002907295
158.2866266364663
158.6243418986629
159.0281145797292
159.49733867745243
160.07753222364272
160.74800752927638
161.41681505111268
162.071563405412
162.74698671687096
163.4501731371186
164.18255466055453
164.96498221418224
165.78619297806495
166.57701107159332
167.26537565112878
167.77408612775486
168.16979674576265
168.69876596323684
169.53436019135899
170.6351441563073
171.80275720541295
172.73702872493004
173.3112956509883
173.59164861290537
173.61771566966314
173.41127743384882
173.09418294872893
172.7680987881377
172.46153960734458
172.27640098597297
172.2306228353573
172.30055875851065
172.44073306682574
172.5750770466396
172.63620084032652
172.5203625421451
172.13721255864345
171.52114010824187
170.75337631777643
169.85297783628286
168.8339097406023
167.85094956213933
167.09998914369484
166.55558447180033
166.21056484710152
166.0758678337869
166.02045945748335
165.97466736616647
166.11877305640297
166.5734356738246
167.29679343376125
168.11994770896516
168.75155287437846
168.99026785356213
168.93516985324638
168.66604057139
168.20269958567238
167.6282947393728
167.20534251240744
167.1458738882072
167.32892287024873
167.581356689081
167.90850926904895
168.39873414898457
168.95705486441858
169.44411194194163
169.8574397923543
170.24493551899474
170.75187687500105
171.4542855241716
172.23178055377107
172.96014145512834
173.63418391013113
174.32418947994316
175.14878790930976
176.13585119744857
177.2263302240724
178.248517696382
178.95341245175453
179.26272125116816
179.20440901613256
178.76920631872864
177.9195383805253
176.5999069398664
174.87535828996934
172.80443452304297
170.27303348539792
167.18526397577457
163.6225866199136
159.71597357287533
155.52855000764387
151.18409243438256
146.7830423660328
142.55841770296615
138.8498215555959
135.66732231051267
132.59178865977145
129.29512623588943
125.49729285009384
121.11272730887099
116.39168563180483
111.71325047219153
107.4386544466468
104.05614338753955
101.13925180748001
97.90612282226158
94.76352482647836
93.37252276636667
94.17038490702886
96.11935370407392
97.55990949941769
98.32950852693695
99.78267144636071
102.68765645547887
106.93340528613467
111.2650940797983
114.06377705743668
113.95595786249626
110.41677401283083
104.97257654980775
100.80083685070244
0.0
0.0
0.0
0.0
0.0
0.0
0.0
0.0
0.0
0.0
0.0
0.0
0.0
0.0
0.0
0.0
0.0
0.0
0.0
0.0
0.0
0.0
0.0
0.0
0.0
0.0
0.0
0.0
0.0
0.0
0.0
0.0
0.0
0.0
0.0