190.85145713031463
200.2377649392243
207.51648791794523
211.193335075334
212.14833777457284
211.59690499676122
210.48102324591082
209.4652141957364
208.86062381971664
208.69529130149374
208.8720012568612
209.32773725769837
210.0316449534356
210.91758358823404
211.8846221569773
212.88722102094607
213.96241562691762
215.12855916486836
216.29752125435283
217.33513389997395
218.15180262808437
218.6794288035948
218.88009984608078
218.7859230791114
218.42983205112603
217.8226372118272
216.9983400452964
216.0615433692677
215.16772791773832
214.4923890604643
214.11967332582662
214.07234158977806
214.35756328968054
214.94184183188136
215.71770040570394
216.55770619962064
217.33061551531387
217.94608771703372
218.3608796700641
218.62445010699844
218.839255013677
219.0307279373728
219.1525138889788
219.16304259957718
219.05470032226773
218.85119078279587
218.59096964027637
218.33141732150932
218.13074017490575
218.016193473595
217.9598619526396
217.93756395194023
217.96429700684558
218.06821742867822
218.24022628379936
218.44896396485768
218.60771452373098
218.65177595612505
218.58064142966055
218.506871737705
218.5391631543121
218.73406198351546
219.05817279718485
219.45188722456106
219.87409014314676
220.31581605800378
220.7514382460286
221.13325086733266
221.43036150060908
221.61697391106418
221.6474328027771
221.52558753291106
221.32503363788481
221.11481436890034
220.93461775843156
220.81677000785635
220.74257326910427
220.64801328182097
220.50906885599437
220.30537936303236
220.01902341541825
219.6759300523363
219.32399519517526
219.00736118324443
218.7592112833069
218.61461381595802
218.519151928293
218.38115298861223
218.15697941485251
217.87558116648583
217.60069157943505
217.44312578122668
217.4542772735839
217.57861908550817
217.72330010310037
217.80903609122157
217.83539810590813
217.85141798862946
217.91685509010796
218.06280543316424
218.2686496768807
218.4923554043651
218.68583760885807
218.82762847243433
218.92903738475817
218.9905536631788
219.03610447083412
219.07464056621922
219.0987058340907
219.10251138951202
219.02986786711136
218.81669545152693
218.50085778028665
218.17151344995733
217.9057000216202
217.77963018063974
217.81413428674074
217.92521166333324
218.01284552805606
218.04794573932486
218.05926950594747
218.07901545358246
218.1031749076177
218.0939600373716
218.02521274672887
217.90260542789702
217.74915102015578
217.58473861040034
217.45500216169995
217.40122463278414
217.42643883163322
217.47634041035946
217.4785530196933
217.3901902590244
217.21863505410244
217.0182724898395
216.8158294533069
216.62071145540114
216.42714377437488
216.27560140896995
216.22714576658572
216.311121446324
216.50091439525667
216.75807152278256
217.10808552702366
217.5511617437698
218.07154099618504
218.5830233766543
218.9527858544437
219.10550646056126
219.0829920938158
218.96269002973256
218.79335501275085
218.57327173231988
218.27848984508807
217.8937905286301
217.41558935352253
216.86717693678952
216.25331614432392
215.56723445812267
214.8049895619848
213.97177834498393
213.091726065413
212.15583392261067
211.10593246175011
209.8478357892359
208.36897107300194
206.7589613487362
205.11632266046416
203.41718823466874
201.35364627287157
198.37283296372613
194.01758917617386
188.6079300163975
182.99851132445815
177.6621189843375
172.26964624477785
166.62862614228604
160.7984376941634
154.99808896907845
149.35630899174305
143.73873987136164
138.28632128313313
133.50115964430557
129.45623962137927
125.64526373856661
121.68389924155373
117.73852788825982
114.45233083345514
112.31665459934848
111.68527880373081
112.6212372687602
114.96964197851034
118.47030907183787
122.64059831665963
126.76429466559621
130.1370916385959
132.35262883772083
133.67006894190888
134.45917839834402
134.907089007528
135.18279163769566
135.48784947391704
135.93614561039482
136.51993778093708
137.2035797515282
138.00399131275162
139.01859489699922
140.31829654449726
141.8390964281398
143.4579633663926
145.0464335554293
146.5252641308572
147.86754618433827
149.12609445907316
150.4795249611853
152.12330775789485
154.12787599246047
156.32175240670645
158.40658985916548
160.13622639839855
161.35029116152103
162.0329913427733
162.35949436242734
162.47664368737634
162.49809458927757
162.58364744097975
162.86312754103412
163.4021259090747
164.18967291323423
165.00723955296576
165.56280906877424
165.71455691147472
165.51783523953313
165.20192569591194
165.04678983935327
165.16191819523158
165.51469065672563
165.99868647473306
166.41779322980912
166.60466840580432
166.66905950464093
166.77245211248587
166.9450726903589
167.20107925863726
167.54776216379213
167.89679266405733
168.15958626160648
168.3232810159195
168.37504782799806
168.33636371554024
168.24766235020473
168.00668475852572
167.62423068790486
167.2471193622651
167.04649705935265
167.2211913983764
167.89167194651054
168.91610025093533
169.9286702800086
170.6757836354069
171.18079507914103
171.55871806297426
171.80722935409335
171.8264504549311
171.59624582067875
171.27032418239816
171.03130906831308
171.04633869055237
171.3904297628642
172.0550014744573
172.93739322135752
173.76255297974495
174.31485200531438
174.63767993427513
174.85971108552383
175.1594162107185
175.7397670556751
176.5652266306456
177.44315072126895
178.28317534392679
179.12993339689342
179.92498801783708
180.52047568411083
180.83670643000818
180.87818733580139
180.7166071354721
180.46116842139034
180.17416544149944
179.70367536181362
179.04072263486003
178.40597487230474
177.95864210051522
177.81789140627643
177.8980026873467
177.99622309103864
178.10021523433912
178.18757663651937
178.13325115029957
177.87098202314093
177.3647431916188
176.6398414119361
175.80542193347836
175.01432178162455
174.39822241050442
173.97228913151417
173.74471359374687
173.77116268834948
174.0554700045749
174.42059035319582
174.6573348927445
174.70828190573923
174.58539485959736
174.32970169351054
174.0879033777118
173.9465487978872
173.91089952121143
173.9781492433866
174.10316489143284
174.3552457626973
174.8055601017269
175.32509476444102
175.84252715220072
176.15808814487386
176.00456386236218
175.48968408224383
175.01182156556655
174.8028494822829
174.93900702361802
175.42286159613033
176.06492238979803
176.6479065311233
177.03059478058222
177.1509761741985
176.97955437530837
176.66886254898026
176.46635088410505
176.40681711756673
176.41971521931416
176.5509918985164
176.83754352289628
177.30404444506348
177.89388201373893
178.40943530072502
178.71527601177078
178.8654874220278
178.86374454571904
178.63781111484798
178.38133512859352
178.41110702683835
178.76222544182482
179.2128045530437
179.53566879021972
179.7034002795804
179.87095986317107
180.16518956353235
180.5385073667076
180.78389791035013
180.79578152258557
180.57315681939326
180.11933521620298
179.479087940348
178.7296648769038
177.95588073305356
177.30659110438376
176.83575605238724
176.451407615685
176.08609700308983
175.69490661416853
175.27358864104838
174.8740788323176
174.60188037255068
174.58682015608431
174.89498258411942
175.423973128262
175.93346758118372
176.29144254012934
176.55005416223693
176.838986949351
177.27113890650028
177.87221384563304
178.54539697910897
179.14622064534984
179.5551489601943
179.75920854520984
179.9067916349032
180.16977211401712
180.5415299492439
180.95263685074613
181.32389557558864
181.54036338113403
181.48855431587646
181.03988968776844
180.14178617570863
178.9099272559146
177.3643526764791
175.28840235568723
172.4349476459106
168.64549682037304
164.12806962268343
159.92936147224717