222.04777327864508
233.26807233940548
241.32531477457013
245.49626279389068
247.22051517999864
247.8656696453658
248.32835615466854
249.0785746790656
250.2046035065016
251.65921450937026
253.46707010719942
255.63402476204354
258.0445114049498
260.51849269636125
262.8424609644363
264.8270146558969
266.4298593768425
267.79773676522467
269.11061997195003
270.48422657447765
271.95829550640195
273.4453018871816
274.7820984912704
275.80752313075106
276.3851477755969
276.3973555298958
275.82310850594024
274.690527312962
273.1143921458978
271.2646897139844
269.40579995195145
267.7444507289533
266.3419886474613
265.2111231446716
264.2659455035598
263.38846479105524
262.5779992305814
261.79508933547345
260.9189600497763
259.88227070917054
258.65811961618067
257.23531527358193
255.68521134965468
254.0973033641149
252.6025953266114
251.38388357885768
250.6545906716442
250.50666808299124
250.87642758897874
251.6708135088259
252.73575864625076
253.87060129570335
254.934712869997
255.81077810774605
256.44908214571444
256.83160486601463
256.9785079224531
256.9770732694601
256.9660211822365
257.0825796201576
257.4067293861636
258.00427711256657
258.9285618606533
260.11861414730026
261.37869717858473
262.41176594594333
262.9716209196639
263.0101340519465
262.5772912160727
261.8509232304697
261.0691637951256
260.4718922393546
260.2380660416693
260.3081158299094
260.48572682561814
260.58525406745787
260.504859260691
260.17906697039956
259.5722245848465
258.7334521110935
257.84063842947523
257.18146854067754
256.93280348137023
257.0807857363126
257.5597488312867
258.24627837819526
258.941679595607
259.43226432741625
259.5717627861885
259.3565955992517
258.9504737857922
258.5252973470611
258.1893124301424
257.9494468525406
257.74570679429644
257.60054029177843
257.5744465346665
257.69168342333705
257.90645423304863
258.1292272524055
258.2872864615103
258.35484915686476
258.3671659834122
258.3861246475619
258.35401655103533
258.1795628677463
257.8329717397967
257.37778723293115
256.89370451528555
256.4535114651355
256.1627772602859
256.1115502434769
256.3107460259138
256.77525848311006
257.5547526599282
258.59858061829726
259.7376383919634
260.67299333424285
261.1610237260803
261.21278347272727
260.95407748966716
260.5440782153226
260.14225360837486
259.8420093005145
259.71851518903867
259.7575637377904
259.8962671759036
260.03492667980277
260.1039806848546
260.0869952255075
259.9440688733637
259.7169197665119
259.4234402334304
259.09204106647223
258.7004005536676
258.25850190837014
257.8368374371346
257.53738558361306
257.40661878786045
257.42934929318653
257.5560524105704
257.6869823305236
257.84852449009804
257.9895351071959
258.0087609205976
257.8983059928883
257.7355203261237
257.6120306667432
257.5422103502955
257.50570759700906
257.4721502987282
257.3677007374648
257.0836521313216
256.56808683490175
255.89328270526426
255.08524193684235
254.14400691196985
252.98348937855212
251.49318704428129
249.6301891396629
247.35540290533027
244.65962754636016
241.71635542778557
238.77476268480777
235.87715109460748
232.92645265413586
229.87530107631372
226.72425789634306
223.471999871335
219.97727422068118
216.16645697347053
212.18117921794342
207.95614145320695
203.24916058518164
197.79663180804673
191.50143840077038
184.91927248948613
178.8561858406337
173.4699475484111
168.38493220871348
163.39010242153824
158.5506067726765
153.76942282748885
148.85835069086232
143.9940628567244
139.60233505660943
135.89917986116595
132.79393433099443
129.9727720663702
127.242874561142
124.65442257583398
122.35475090429526
120.40512894026233
118.7487978949234
117.33312446609261
116.2514368079533
115.54392556273795
115.11219203816253
115.0641298227915
115.74448375763815
117.25166066359971
119.13077689590526
120.96636959902982
122.56678198426346
123.69741226040782
124.1337547568216
124.28727175916195
124.78673436689927
125.80313027473908
127.2320086322712
128.93621955337548
130.79324004983943
132.68680925980243
134.55662742578065
136.48119411809193
138.52166152757042
140.6322113763957
142.75284548745003
144.79054408047347
146.58833676959986
148.06084527398372
149.36975626777138
150.68820027305426
151.9976763545612
153.16755215048954
154.0955711993523
154.76499752845
155.22155204449518
155.53811890306082
155.82107819747557
156.174206476871
156.64482490223114
157.22316157467336
157.86687258210446
158.5769335837557
159.37513062604953
160.2557896018163
161.21795111792173
162.27499225755503
163.39519151678198
164.451916137857
165.27832881718336
165.7420353817228
165.78245857566543
165.4019638633142
164.7127526815578
163.92126921547327
163.1540585304266
162.39879575939744
161.64699831345197
160.96888266288215
160.4993471145017
160.28361160843087
160.25770832419465
160.4155282090494
160.76648874968603
161.24456962814708
161.72381721077858
162.1328257369114
162.4967011687637
162.87645262918664
163.31839950051977
163.81199981289217
164.21748476657737
164.32868750327998
164.1220632092154
163.7864262787097
163.48979433602895
163.32868652888726
163.4032831868106
163.68533114147579
164.00812398382092
164.2071214253303
164.24669369590947
164.2304433582668
164.25083917167262
164.45443365252657
164.97757397753355
165.80679098199363
166.81733012741753
167.9196520801414
169.13607994406928
170.55127408024993
172.24387429226874
174.2212317039159
176.3128920902306
178.19665955483975
179.6256541876754
180.45350120296638
180.6615503825632
180.34296608657553
179.703919692812
179.0014870520311
178.44803698604437
178.09661198748262
177.80287701295669
177.37837838865346
176.72140577654721
175.87792326913367
175.06802495664869
174.55731250032275
174.42220293329922
174.42351243107908
174.11491692553147
173.30453676464631
172.08501879865918
170.63577981579434
169.19868674364088
167.9862239693501
166.94517018965533
165.88786293802252
164.73829991699904
163.56436694330068
162.54516345280862
161.76511346150224
161.40367470979405
161.69418240127408
162.52294822137577
163.54792305953237
164.569080325233
165.43589668651805
165.8515323717652
165.8003409695269
165.66175087244778
165.44625083781884
164.88627273084646
163.46573874047945
160.94557272344224
158.43011463179226
158.02404353727306
160.9015698497425
167.3891710188271
175.48766346100535
180.9900976196984
183.18533415195608
186.09683877893357
192.33424590672763
199.74515860384264
207.5352459433304
212.9960308123896
208.93910756462367
194.54607478082295
176.85666744786556
163.96738379716206
157.1033779665138
0.0
0.0
0.0
0.0
0.0
0.0
0.0
0.0
0.0
0.0
0.0
0.0
0.0
0.0
0.0
0.0
0.0
0.0
0.0
0.0
0.0
0.0
0.0
0.0
0.0
0.0
0.0
0.0
0.0
0.0
0.0
0.0
0.0
0.0
0.0
0.0
0.0
0.0
0.0
0.0
0.0
0.0
0.0
0.0
0.0
0.0
0.0
0.0
0.0
0.0
0.0
0.0
0.0
0.0
0.0
0.0