236.11074657896359
245.06430066709407
252.25846874791785
256.37416542970493
258.7580697793687
260.8863074271843
263.40755517538213
266.250185847859
269.0441799719444
271.4450656744928
273.3412208210558
274.72430557651455
275.65638823101904
276.304937684205
276.8411616109382
277.3264612308153
277.72461812587915
277.93365111764507
277.895024171538
277.65377400505133
277.30113408724
276.84544805175506
276.13806518624483
275.0594204330924
273.5816793912157
271.7798686809657
269.8831325896924
268.2011628998248
267.0425596199516
266.57183983008326
266.6885644500384
267.09173226924895
267.5612711426632
267.9986312475172
268.2888266209934
268.3620356888827
268.25539301436226
268.0397723871436
267.72029756934927
267.3141316656128
266.91086320304584
266.562108361056
266.2086573403767
265.7476152925616
265.1581000545932
264.50219195806153
264.05845986186404
264.0681980814497
264.5286617253641
265.1053666277988
265.3992545628405
265.26441004065043
264.7618953206661
264.16276417805426
263.826379763765
263.95990706216594
264.40743252904036
264.8535155222342
265.06206594340443
264.93698291664197
264.4821368927066
263.82644439351907
263.21952065009833
262.88975083617487
262.8909989643439
263.11678363320766
263.4017288575339
263.5522791186534
263.3599243991789
262.7441750426964
261.8687024415186
261.0321664410223
260.39523062878305
259.93295307766607
259.51855632104923
259.0991293721654
258.76080410223335
258.59734727444084
258.6428206301473
258.88294120784093
259.2381644541975
259.6443976780987
260.071619651029
260.5329433467265
260.99230090019825
261.3267269242135
261.4147631484632
261.2445382463167
260.9884546025263
260.78018465602736
260.64382105102106
260.642499536093
260.8439232953921
261.1633078869712
261.4485101825668
261.57124996222007
261.4755230368652
261.15614902400614
260.5788098386895
259.81460775459004
259.05632609257657
258.4738788249739
258.13135631378367
257.92642535228424
257.7257222178315
257.45157693575527
257.1099641619151
256.8051264723341
256.6602454791888
256.72259791740174
256.97155626588676
257.3786960567576
257.9007962256958
258.44919491600166
258.893861882635
259.0661644542653
258.87659135091565
258.4148545166354
257.89050526096844
257.51103521409175
257.42221912239717
257.6976949712035
258.33969717416886
259.29717863570045
260.4853637523132
261.8070989067559
263.24441248380754
264.81925832942477
266.4632346803121
267.9251087324286
268.87167598079117
269.0854611083629
268.56254543047464
267.61742368492224
266.69610552166614
266.17920559871396
266.18386710034736
266.5661000872423
267.0353254155995
267.33367958644976
267.3216691322872
266.9617086709412
266.280002563046
265.30871093966294
264.11041460377055
262.7693524595801
261.3219915247349
259.7149019878979
257.7676728514561
255.3513102532966
252.49101724055848
249.1800329750243
245.3322637721022
240.88146528458526
235.82988298360155
230.13531454252586
223.54477148479705
215.90629553501893
207.4691689427599
198.4527415227165
188.89332404342903
179.50836301499803
171.21762698670005
164.0105392750286
157.3562570051907
150.81169128591068
143.92214400576194
136.64463782982162
129.4224410243001
122.8488677277845
117.06619136788476
111.32884382993406
105.6013557566389
101.91742145839393
103.95071298254092
115.77398482601774
136.47561613972707
152.7029989041215
154.22502537761636
145.7100377668053
136.0486938507517
129.58985848999927
126.87680418826076
126.57472256210451
126.23373438170077
123.77475658791734
119.10905317830552
114.26951166019556
111.51670176257224
112.70842320471675
115.03624309357048
115.51366142387849
114.79483330647675
114.96934154981095
116.54989494950055
118.72536427179242
120.99605523872579
123.14570085808077
125.05044987999202
126.74297138379863
128.36396374164434
130.05512417858512
131.86565106914372
133.66387154181217
135.25874269036248
136.63841201242235
137.88422985263674
139.08018301596746
140.26752870511683
141.44235621534148
142.5724484695493
143.63181129916222
144.73754510452488
146.01850520333545
147.49976383444059
149.11171061637066
150.70576072578925
152.14691817379793
153.37063244163505
154.4685754314385
155.61882364887276
156.8671707727887
158.1179115465588
159.26792613699513
160.2795039693215
161.16954285336385
161.9029300363472
162.4056707937106
162.65119780720244
162.7037027558981
162.71468770245056
162.84368968690018
163.20657655425651
163.81495371050423
164.53063520801544
165.2181920767914
165.77279851798306
166.17110103375083
166.39447813147402
166.36089883290478
166.07145030494425
165.65347181991368
165.26387294187975
165.07999678598225
165.21274620223159
165.6577213452722
166.38576843267168
167.3248446592341
168.43353744421233
169.70180673332385
171.0860221078588
172.51313502150748
173.9976831144757
175.79667259466623
178.14448919542303
180.74941627454416
182.78801200852956
183.64750821808656
183.47961727867624
182.75593201509943
181.6803340792845
180.1513202737151
178.18124004162954
176.05761141203567
174.05743509409888
172.28599231246886
170.8170097971598
169.7091907385417
168.95117343211666
168.48284261221886
168.19760230569128
168.03751245061298
167.99779160870185
168.08930464834467
168.24267139509945
168.41039898054447
168.69673264520856
169.19390000809233
169.90248898595416
170.68105520014117
171.25320934241483
171.3961999093437
171.1182274199924
170.6521500461861
170.2590435037534
170.17476159960043
170.64010969763046
171.77761551895856
173.3052763831306
174.65682123834938
175.63196546725615
176.3199437100659
176.72447271714663
176.74697593537735
176.26700675659814
175.2994317288156
174.01255848317012
172.63391032726372
171.45772249888157
170.70084107997394
170.35691605735917
170.34609534294674
170.57539592641984
170.90791058957026
171.30112044844387
171.75264184234146
172.30704162034823
172.91515932330373
173.4354578238354
173.7824057488229
173.98720830831445
174.17396167685672
174.41959921935126
174.77029469231957
175.14429757760976
175.44514736959715
175.6682782537815
175.7751788519476
175.8061511056487
175.8620073511866
175.90963214675037
175.7759816498167
175.33740362240215
174.46707305115672
172.89388203003315
170.5366323606591
167.76408467204547
164.9533349242738
162.14671195510115
159.2059852613416
156.17665678782285
153.18646106179077
150.29088162331252
147.646604760042
145.31864006960768
143.22288259929942
141.47959198118
140.2693965653814
139.26672040928497
138.2501607238133
137.36739515996607
136.6954356201761
136.5735391664998
137.4071188185856
138.37810134005537
138.43847376979755
138.55351899445384
141.39623992585132
148.95667291508
160.21555262771628
0.0
0.0
0.0
0.0
0.0
0.0
0.0
0.0
0.0
0.0
0.0
0.0
0.0
0.0
0.0
0.0
0.0
0.0
0.0
0.0
0.0
0.0
0.0
0.0
0.0
0.0
0.0
0.0
0.0
0.0
0.0
0.0
0.0
0.0
0.0
0.0
0.0
0.0
0.0
0.0
0.0
0.0
0.0
0.0
0.0
0.0
0.0
0.0
0.0
0.0
0.0