0.0
294.4543057042024
297.29994068211033
291.8474985398153
284.187412805056
279.11798809902496
276.4232045972768
275.282796283723
275.04795224686507
275.20808096385656
275.1868825108379
274.63159166352125
273.3438121158065
271.3908487878948
269.1101725204654
266.89696300912294
264.87033223171045
262.95803974068144
261.1725299752623
259.65618716042974
258.5544682684132
257.8838708446957
257.4914752782423
257.22089248951477
257.04660304680124
256.95555854293343
256.9705590824373
257.0390924181988
257.06672011481606
256.97805821055374
256.67242399927073
256.1144598602768
255.51058303550718
255.1416316626641
255.0741292283032
255.27354638207322
255.63366762557118
256.0650667885984
256.4867615595953
256.859942499161
257.2089892031032
257.498218452252
257.62727655210483
257.62238595902704
257.4352138591852
257.0819915986742
256.6157780058991
256.1481908860138
255.85972666962982
255.8143420372421
256.0390123732634
256.5285852260727
257.22140520529706
258.06732245982766
258.90452062399993
259.6311322831029
260.2659691417199
260.8079261278177
261.26262921661896
261.53125377042306
261.5429389765808
261.28014346916984
260.74338474174135
260.04590693040575
259.2545180246793
258.43928740617287
257.74810593096015
257.2846367590811
256.970355157939
256.6859677026812
256.4832941555301
256.40448864943505
256.40050914794193
256.4309559077991
256.4799091489011
256.56560617231526
256.66439172611615
256.7225156913091
256.7637390962647
256.92958560054467
257.32152402794
257.89064850040387
258.54923222033904
259.2293442043258
259.90778208727363
260.6229126662271
261.38843925285676
262.1481529558563
262.82594180447165
263.40419122401926
263.84256255941915
264.0478427831925
264.0174302304946
263.7457544296845
263.27935065869525
262.85233452326867
262.54300744205045
262.19267103531706
261.69140202368226
261.09765085482957
260.5109789186184
259.9931603444541
259.5484865641152
259.1641440105264
258.75432918292
258.21060887981974
257.55655859335377
256.9238753499682
256.5688986022103
256.77328925657304
257.64518951592214
259.057312601378
260.59170393188333
261.8568815414695
262.6666419346045
262.9632448089551
262.91530906179344
262.6662525403847
262.25251841550636
261.8028332529989
261.3780355126668
260.959098825069
260.53807571775434
260.1945558768561
260.0458437368987
260.0799189702225
260.18328639300887
260.26539464137414
260.30481852144305
260.33458592755125
260.34253876837346
260.29397043002734
260.19160170097786
260.0462632038683
259.86230394327754
259.6838690425017
259.5533940101309
259.52282443247503
259.5844698999413
259.74119777954127
259.9881802452158
260.3056708240671
260.6097885957122
260.8282658542601
261.0011029682418
261.1674342806951
261.34833617815093
261.52828907867524
261.6527393216416
261.6722168810147
261.58106339157655
261.44010288613873
261.3132699342882
261.34325965868413
261.67951533462997
262.33023576748906
263.24728642587223
264.3254990471336
265.4226654496809
266.538100200662
267.6922086644443
268.7911254919903
269.8691860717406
270.8961077416618
271.71962656398154
272.2302027454876
272.4064232026579
272.2553536703891
271.7283303518115
270.7748043997958
269.38568398401094
267.6331519301947
265.55465560852883
263.14460335625984
260.3037361677391
256.9281404198656
253.11316873517274
249.0077329242371
244.61884072753986
239.89753494420737
234.822721357199
229.3284816008889
223.44922894123653
217.26735854749154
210.4443921023559
202.55519438042478
193.7771573031218
185.19316622774284
177.9466346717413
172.10500355061117
166.81802938212647
161.43223210334284
156.19324379251978
151.47829362032476
147.42618886661052
144.16621827299525
141.87499173674826
140.44419546945156
139.38387539900782
138.2370900593675
136.80229259981616
135.08729922239883
133.13742535909122
131.0940308038815
129.34381173190164
128.36401065067065
128.34545645136865
129.03728495202301
129.9659069972824
130.7933985684152
131.52693718722378
132.27034401861243
133.08759601557134
134.09133041572858
135.31946299498443
136.6543738762324
138.00478915270315
139.45115423035062
141.16365138442578
143.1433405814558
145.25145594412987
147.251876154127
148.88109793762916
150.10181357510382
151.1160314048285
152.09254516319334
153.00063924113567
153.77282312641972
154.40504038450774
154.9569403420371
155.51360623597267
156.0944374860552
156.64210340960068
157.10128426988646
157.48921651928947
157.8682409607046
158.28896932668601
158.76710561204996
159.290066516405
159.81297293410648
160.29064735880593
160.7192203832211
161.09037202732975
161.32055655273413
161.29502429361764
161.06199119357424
160.8816698226479
160.95874265735767
161.3024703184229
161.8391248565414
162.53083360660767
163.3984230209567
164.40924789627138
165.48527687445278
166.59987891311243
167.72708073669781
168.66462424418017
169.16942167121832
169.34841452969582
169.41344729262275
169.44994319435352
169.44569757330834
169.38459869543854
169.30040354182256
169.25611678663483
169.24773045436956
169.22627682717012
169.15314370023654
169.00477118713462
168.76630468483992
168.4428066901586
168.0815047016469
167.71755952178611
167.37269205319777
167.09471224794459
166.92971859663749
166.88714200900247
166.9243553167579
166.9592567647364
166.95595571355628
166.92791037407397
166.88356179568444
166.84333436931314
166.82987480712393
166.88359448624263
167.0467052756491
167.31946501299296
167.64179256519878
167.94464540694202
168.18554151282927
168.32385915725257
168.31503334927203
168.15732633039207
167.91017302271888
167.66026432733494
167.43648695367452
167.22116559197912
167.0358827847009
166.9426416355547
166.96403618970783
167.0714016956256
167.23580438601235
167.4692629595226
167.80336513145045
168.20518589637015
168.62892623236286
169.05821081503697
169.4406996690354
169.78642762398775
170.12176267806947
170.40774431096008
170.69081078761556
171.1324006369082
171.7819044409863
172.58239355482345
173.40016759281048
174.14998470960865
174.83217128346809
175.41420685849306
175.8661767670617
176.08522936587016
175.9450115063102
175.43215906838907
174.6803358108486
173.86836888202208
173.13979228640574
172.55502750779604
172.10328552612611
171.75679633557607
171.45386686249478
171.14484463913766
170.79666327261688
170.42779200268842
170.11635759463834
169.8739451141819
169.65952169121852
169.45161003583053
169.3029971461278
169.23864583296753
169.2342194634977
169.26788470664712
169.26413107109488
169.25228431828344
169.30051782590687
169.40463763430802
169.5209062800302
169.59710162812337
169.59820620766948
169.5424542920416
169.51295992838996
169.5829378401782
169.73845515492553
170.01131930869485
170.4793074986924
171.06675094111114
171.67977091613125
172.28864631117392
172.88514709172975
173.43430945830238
173.88233111967492
174.22867285966066
174.4939067242176
174.70950164461743
174.85667342585012
174.87996031286116
174.7402309771404
174.50925089679453
174.31691715599106
174.16470800441914
173.95179836803507
173.63691005567563
173.29493045441126
173.06617166432406
172.99656325572894
173.03111374918487
173.14047710872586
173.3335074115907
173.5964231736205
173.8994847653322
174.19352510594018
174.38119941602153
174.41204423018357
174.3707676855924
174.39566915771366
174.539247157946
174.76653584109883
175.02628757948986
175.23552929636273
175.3145759812822
175.25939423216712
175.10017285607267
174.85894978594675
174.6149529516266
174.50340123552206
174.5848746145293
174.78081652598308
174.91131253685558
174.69533017723313
173.7107178344686
171.74810016954146
169.57135474711782